    Step    Atoms         KinEng            CPU         Volume 
  150001     1005  2.3338009e-06              0          0.011 
    Step    Atoms         KinEng            rke         Volume       heattran 
  150001     1005  2.3338009e-06    5.06343e-06          0.011      840.47342 
    Step    Atoms         KinEng            rke         Volume       heattran 
  150001     1005  2.3338009e-06    5.06343e-06          0.011      840.47342 
  150501     1005  2.4508543e-06  5.7530481e-06          0.011      840.47342 
    Step    Atoms         KinEng            rke         Volume       heattran 
  150501     1005  2.4508543e-06  5.7530481e-06          0.011      840.47342 
  151000     1005  1.5464602e-06  5.4802738e-06          0.011      834.45063 
  151001     1005  1.5449898e-06  5.4805876e-06          0.011      834.43856 
    Step    Atoms         KinEng            rke         Volume       heattran 
  151001     1005  1.5449898e-06  5.4805876e-06          0.011      840.47342 
  151501     1005  0.00013942823  1.9062327e-05          0.011      832.59952 
    Step    Atoms         KinEng            rke         Volume       heattran 
  151501     1005  0.00013942823  1.9062327e-05          0.011      840.47342 
  152000     1005  4.4141514e-05   1.833407e-05          0.011      832.64429 
  152001     1005  4.3996821e-05   1.831257e-05          0.011       832.6286 
    Step    Atoms         KinEng            rke         Volume       heattran 
  152001     1005  4.3996821e-05   1.831257e-05          0.011      840.47342 
  152501     1005  3.8010108e-05  1.4347144e-05          0.011      832.65836 
    Step    Atoms         KinEng            rke         Volume       heattran 
  152501     1005  3.8010108e-05  1.4347144e-05          0.011      840.47342 
  153000     1005  2.5129267e-05  1.5380763e-05          0.011      832.70399 
  153001     1005  2.5112351e-05  1.5380528e-05          0.011      832.68842 
    Step    Atoms         KinEng            rke         Volume       heattran 
  153001     1005  2.5112351e-05  1.5380528e-05          0.011      840.47342 
  153501     1005  2.5297427e-05  1.4859921e-05          0.011      832.71905 
    Step    Atoms         KinEng            rke         Volume       heattran 
  153501     1005  2.5297427e-05  1.4859921e-05          0.011      840.47342 
  154000     1005  1.0959747e-05  1.2343188e-05          0.011      832.76536 
  154001     1005  1.0944146e-05  1.2340182e-05          0.011      832.74991 
    Step    Atoms         KinEng            rke         Volume       heattran 
  154001     1005  1.0944146e-05  1.2340182e-05          0.011      840.47342 
  154501     1005  1.3878425e-05  1.2958315e-05          0.011      832.78007 
    Step    Atoms         KinEng            rke         Volume       heattran 
  154501     1005  1.3878425e-05  1.2958315e-05          0.011      840.47342 
  155000     1005  8.8578392e-06  1.2402913e-05          0.011      832.82468 
  155001     1005    8.84201e-06  1.2397861e-05          0.011      832.80936 
    Step    Atoms         KinEng            rke         Volume       heattran 
  155001     1005    8.84201e-06  1.2397861e-05          0.011      840.47342 
  155501     1005  6.6995883e-06  1.0732947e-05          0.011      832.83821 
    Step    Atoms         KinEng            rke         Volume       heattran 
  155501     1005  6.6995883e-06  1.0732947e-05          0.011      840.47342 
  156000     1005  6.4041236e-06    1.13848e-05          0.011      832.88214 
  156001     1005  6.3982896e-06  1.1384702e-05          0.011      832.86693 
    Step    Atoms         KinEng            rke         Volume       heattran 
  156001     1005  6.3982896e-06  1.1384702e-05          0.011      840.47342 
  156501     1005  4.2381666e-06   1.055672e-05          0.011      832.89492 
    Step    Atoms         KinEng            rke         Volume       heattran 
  156501     1005  4.2381666e-06   1.055672e-05          0.011      840.47342 
  157000     1005   4.643761e-06  1.0680278e-05          0.011      832.93766 
  157001     1005  4.6437862e-06  1.0680735e-05          0.011      832.92256 
    Step    Atoms         KinEng            rke         Volume       heattran 
  157001     1005  4.6437862e-06  1.0680735e-05          0.011      840.47342 
  157501     1005  3.5752961e-06  1.0224073e-05          0.011      832.95006 
    Step    Atoms         KinEng            rke         Volume       heattran 
  157501     1005  3.5752961e-06  1.0224073e-05          0.011      840.47342 
  158000     1005  2.6585999e-06  9.6682011e-06          0.011      832.99215 
  158001     1005  2.6583358e-06  9.6680275e-06          0.011      832.97715 
    Step    Atoms         KinEng            rke         Volume       heattran 
  158001     1005  2.6583358e-06  9.6680275e-06          0.011      840.47342 
  158501     1005  2.8535513e-06  9.6824873e-06          0.011       833.0036 
    Step    Atoms         KinEng            rke         Volume       heattran 
  158501     1005  2.8535513e-06  9.6824873e-06          0.011      840.47342 
  159000     1005  2.7417524e-06   9.509081e-06          0.011      833.04455 
  159001     1005  2.7409019e-06  9.5086216e-06          0.011      833.02966 
    Step    Atoms         KinEng            rke         Volume       heattran 
  159001     1005  2.7409019e-06  9.5086216e-06          0.011      840.47342 
  159501     1005  2.2694626e-06  9.1585713e-06          0.011      833.05538 
    Step    Atoms         KinEng            rke         Volume       heattran 
  159501     1005  2.2694626e-06  9.1585713e-06          0.011      840.47342 
  160000     1005  2.0269752e-06  8.6622535e-06          0.011      833.09547 
  160001     1005  2.0266618e-06   8.661436e-06          0.011      833.08068 
    Step    Atoms         KinEng            rke         Volume       heattran 
  160001     1005  2.0266618e-06   8.661436e-06          0.011      840.47342 
  160501     1005  1.8524487e-06  8.3462848e-06          0.011       833.1055 
    Step    Atoms         KinEng            rke         Volume       heattran 
  160501     1005  1.8524487e-06  8.3462848e-06          0.011      840.47342 
  161000     1005  1.8875808e-06  8.1223198e-06          0.011      833.14454 
  161001     1005  1.8880624e-06  8.1217128e-06          0.011      833.12985 
    Step    Atoms         KinEng            rke         Volume       heattran 
  161001     1005  1.8880624e-06  8.1217128e-06          0.011      840.47342 
  161501     1005  1.9761045e-06  7.6691923e-06          0.011      833.15381 
    Step    Atoms         KinEng            rke         Volume       heattran 
  161501     1005  1.9761045e-06  7.6691923e-06          0.011      840.47342 
  162000     1005  1.5598923e-06  7.0827952e-06          0.011      833.19197 
  162001     1005  1.5590749e-06   7.081802e-06          0.011      833.17737 
    Step    Atoms         KinEng            rke         Volume       heattran 
  162001     1005  1.5590749e-06   7.081802e-06          0.011      840.47342 
  162501     1005  1.3931903e-06  6.7141773e-06          0.011      833.20051 
    Step    Atoms         KinEng            rke         Volume       heattran 
  162501     1005  1.3931903e-06  6.7141773e-06          0.011      840.47342 
  163000     1005  1.4490091e-06  6.3426069e-06          0.011       833.2377 
  163001     1005  1.4489889e-06   6.341695e-06          0.011       833.2232 
    Step    Atoms         KinEng            rke         Volume       heattran 
  163001     1005  1.4489889e-06   6.341695e-06          0.011      840.47342 
  163501     1005   1.338345e-06  5.8337049e-06          0.011      833.24546 
    Step    Atoms         KinEng            rke         Volume       heattran 
  163501     1005   1.338345e-06  5.8337049e-06          0.011      840.47342 
  164000     1005   1.159283e-06  5.3227781e-06          0.011      833.28172 
  164001     1005   1.158966e-06  5.3217947e-06          0.011      833.26731 
    Step    Atoms         KinEng            rke         Volume       heattran 
  164001     1005   1.158966e-06  5.3217947e-06          0.011      840.47342 
  164501     1005  1.0261095e-06  4.8348777e-06          0.011      833.28876 
    Step    Atoms         KinEng            rke         Volume       heattran 
  164501     1005  1.0261095e-06  4.8348777e-06          0.011      840.47342 
  165000     1005  9.2206929e-07  4.3369142e-06          0.011      833.32411 
  165001     1005  9.2189185e-07  4.3359319e-06          0.011      833.30979 
    Step    Atoms         KinEng            rke         Volume       heattran 
  165001     1005  9.2189185e-07  4.3359319e-06          0.011      840.47342 
  165501     1005  8.5228201e-07   3.871348e-06          0.011       833.3304 
    Step    Atoms         KinEng            rke         Volume       heattran 
  165501     1005  8.5228201e-07   3.871348e-06          0.011      840.47342 
  166000     1005  7.7305534e-07  3.4166396e-06          0.011      833.36485 
  166001     1005  7.7283383e-07  3.4156831e-06          0.011       833.3506 
    Step    Atoms         KinEng            rke         Volume       heattran 
  166001     1005  7.7283383e-07  3.4156831e-06          0.011      840.47342 
  166501     1005  6.3402822e-07  2.9214302e-06          0.011      833.37041 
    Step    Atoms         KinEng            rke         Volume       heattran 
  166501     1005  6.3402822e-07  2.9214302e-06          0.011      840.47342 
  167000     1005  5.0472595e-07  2.4584999e-06          0.011      833.40397 
  167001     1005  5.0453705e-07  2.4576473e-06          0.011      833.38981 
    Step    Atoms         KinEng            rke         Volume       heattran 
  167001     1005  5.0453705e-07  2.4576473e-06          0.011      840.47342 
  167501     1005  4.4713646e-07  2.0635318e-06          0.011       833.4088 
    Step    Atoms         KinEng            rke         Volume       heattran 
  167501     1005  4.4713646e-07  2.0635318e-06          0.011      840.47342 
  168000     1005  4.0489285e-07   1.692939e-06          0.011      833.44148 
  168001     1005   4.047588e-07   1.692191e-06          0.011      833.42739 
    Step    Atoms         KinEng            rke         Volume       heattran 
  168001     1005   4.047588e-07   1.692191e-06          0.011      840.47342 
  168501     1005  3.0819353e-07  1.3204087e-06          0.011       833.4455 
    Step    Atoms         KinEng            rke         Volume       heattran 
  168501     1005  3.0819353e-07  1.3204087e-06          0.011      840.47342 
  169000     1005     2.0409e-07  9.8216914e-07          0.011      833.47732 
  169001     1005  2.0392976e-07  9.8155173e-07          0.011       833.4633 
    Step    Atoms         KinEng            rke         Volume       heattran 
  169001     1005  2.0392976e-07  9.8155173e-07          0.011      840.47342 
  169501     1005  1.5514779e-07  7.0750381e-07          0.011      833.48071 
    Step    Atoms         KinEng            rke         Volume       heattran 
  169501     1005  1.5514779e-07  7.0750381e-07          0.011      840.47342 
  170000     1005  1.3622531e-07   4.884391e-07          0.011      833.51168 
  170001     1005  1.3617559e-07  4.8803493e-07          0.011      833.49773 
    Step    Atoms         KinEng            rke         Volume       heattran 
  170001     1005  1.3617559e-07  4.8803493e-07          0.011      840.47342 
  170501     1005  8.9496536e-08  2.5238969e-07          0.011      833.51437 
    Step    Atoms         KinEng            rke         Volume       heattran 
  170501     1005  8.9496536e-08  2.5238969e-07          0.011      840.47342 
  171000     1005  1.3740814e-08  1.1314103e-08          0.011      833.54451 
  171001     1005  1.3689983e-08  1.1212073e-08          0.011      833.53063 
    Step    Atoms         KinEng            rke         Volume       heattran 
  171001     1005  1.3689983e-08  1.1212073e-08          0.011      840.47342 
  171501     1005  8.2038368e-09  1.9889435e-08          0.011      833.54649 
    Step    Atoms         KinEng            rke         Volume       heattran 
  171501     1005  8.2038368e-09  1.9889435e-08          0.011      840.47342 
  172000     1005  2.8892211e-08  8.0577054e-08          0.011      833.57581 
  172001     1005   2.894774e-08  8.0703475e-08          0.011      833.56198 
    Step    Atoms         KinEng            rke         Volume       heattran 
  172001     1005   2.894774e-08  8.0703475e-08          0.011      840.47342 
  172501     1005  5.9420464e-08    1.69154e-07          0.011       833.5771 
    Step    Atoms         KinEng            rke         Volume       heattran 
  172501     1005  5.9420464e-08    1.69154e-07          0.011      840.47342 
  173000     1005    6.98953e-08  3.1113018e-07          0.011      833.60561 
  173001     1005  6.9910893e-08  3.1146155e-07          0.011      833.59184 
    Step    Atoms         KinEng            rke         Volume       heattran 
  173001     1005  6.9910893e-08  3.1146155e-07          0.011      840.47342 
  173501     1005   9.107982e-08  4.9894924e-07          0.011      833.60623 
    Step    Atoms         KinEng            rke         Volume       heattran 
  173501     1005   9.107982e-08  4.9894924e-07          0.011      840.47342 
  174000     1005  1.4210044e-07   7.331756e-07          0.011      833.63388 
  174001     1005  1.4221799e-07  7.3370038e-07          0.011      833.62017 
    Step    Atoms         KinEng            rke         Volume       heattran 
  174001     1005  1.4221799e-07  7.3370038e-07          0.011      840.47342 
  174501     1005  1.9947314e-07  1.0200802e-06          0.011      833.63382 
    Step    Atoms         KinEng            rke         Volume       heattran 
  174501     1005  1.9947314e-07  1.0200802e-06          0.011      840.47342 
  175000     1005  2.5437262e-07  1.3374112e-06          0.011      833.66075 
  175001     1005  2.5448541e-07  1.3380707e-06          0.011       833.6471 
    Step    Atoms         KinEng            rke         Volume       heattran 
  175001     1005  2.5448541e-07  1.3380707e-06          0.011      840.47342 
  175501     1005  3.1290171e-07  1.6824558e-06          0.011      833.66003 
    Step    Atoms         KinEng            rke         Volume       heattran 
  175501     1005  3.1290171e-07  1.6824558e-06          0.011      840.47342 
  176000     1005  3.7873157e-07  2.0612696e-06          0.011      833.68621 
  176001     1005  3.7887576e-07  2.0620647e-06          0.011      833.67261 
    Step    Atoms         KinEng            rke         Volume       heattran 
  176001     1005  3.7887576e-07  2.0620647e-06          0.011      840.47342 
  176501     1005  4.5687592e-07  2.4740062e-06          0.011      833.68483 
    Step    Atoms         KinEng            rke         Volume       heattran 
  176501     1005  4.5687592e-07  2.4740062e-06          0.011      840.47342 
  177000     1005  5.3973228e-07  2.9052753e-06          0.011      833.71026 
  177001     1005  5.3989564e-07  2.9061527e-06          0.011      833.69671 
    Step    Atoms         KinEng            rke         Volume       heattran 
  177001     1005  5.3989564e-07  2.9061527e-06          0.011      840.47342 
  177501     1005  6.1863187e-07   3.349623e-06          0.011      833.70824 
    Step    Atoms         KinEng            rke         Volume       heattran 
  177501     1005  6.1863187e-07   3.349623e-06          0.011      840.47342 
  178000     1005  6.9616887e-07  3.8022983e-06          0.011      833.73294 
  178001     1005   6.963302e-07  3.8032167e-06          0.011      833.71944 
    Step    Atoms         KinEng            rke         Volume       heattran 
  178001     1005   6.963302e-07  3.8032167e-06          0.011      840.47342 
  178501     1005  7.8139828e-07  4.2669137e-06          0.011      833.73029 
    Step    Atoms         KinEng            rke         Volume       heattran 
  178501     1005  7.8139828e-07  4.2669137e-06          0.011      840.47342 
  179000     1005   8.705664e-07  4.7324638e-06          0.011      833.75428 
  179001     1005  8.7074212e-07  4.7333922e-06          0.011      833.74082 
    Step    Atoms         KinEng            rke         Volume       heattran 
  179001     1005  8.7074212e-07  4.7333922e-06          0.011      840.47342 
  179501     1005  9.5454302e-07  5.1922676e-06          0.011      833.75101 
    Step    Atoms         KinEng            rke         Volume       heattran 
  179501     1005  9.5454302e-07  5.1922676e-06          0.011      840.47342 
  180000     1005  1.0320116e-06  5.6373582e-06          0.011      833.77429 
  180001     1005  1.0321652e-06  5.6382367e-06          0.011      833.76087 
    Step    Atoms         KinEng            rke         Volume       heattran 
  180001     1005  1.0321652e-06  5.6382367e-06          0.011      840.47342 
  180501     1005   1.109662e-06  6.0702284e-06          0.011       833.7704 
    Step    Atoms         KinEng            rke         Volume       heattran 
  180501     1005   1.109662e-06  6.0702284e-06          0.011      840.47342 
  181000     1005  1.1870169e-06  6.4836223e-06          0.011      833.79294 
  181001     1005  1.1871684e-06  6.4844279e-06          0.011      833.77956 
    Step    Atoms         KinEng            rke         Volume       heattran 
  181001     1005  1.1871684e-06  6.4844279e-06          0.011      840.47342 
  181501     1005  1.2590749e-06  6.8727425e-06          0.011      833.78845 
    Step    Atoms         KinEng            rke         Volume       heattran 
  181501     1005  1.2590749e-06  6.8727425e-06          0.011      840.47342 
  182000     1005  1.3220747e-06  7.2281006e-06          0.011      833.81039 
  182001     1005  1.3221932e-06  7.2287787e-06          0.011      833.79704 
    Step    Atoms         KinEng            rke         Volume       heattran 
  182001     1005  1.3221932e-06  7.2287787e-06          0.011      840.47342 
  182501     1005  1.3786454e-06  7.5504052e-06          0.011      833.80531 
    Step    Atoms         KinEng            rke         Volume       heattran 
  182501     1005  1.3786454e-06  7.5504052e-06          0.011      840.47342 
  183000     1005  1.4305274e-06  7.8352759e-06          0.011       833.8266 
  183001     1005  1.4306262e-06   7.835808e-06          0.011      833.81328 
    Step    Atoms         KinEng            rke         Volume       heattran 
  183001     1005  1.4306262e-06   7.835808e-06          0.011      840.47342 
  183501     1005  1.4762363e-06  8.0805355e-06          0.011      833.82096 
    Step    Atoms         KinEng            rke         Volume       heattran 
  183501     1005  1.4762363e-06  8.0805355e-06          0.011      840.47342 
  184000     1005  1.5117976e-06  8.2796581e-06          0.011      833.84162 
  184001     1005  1.5118579e-06  8.2800102e-06          0.011      833.82833 
    Step    Atoms         KinEng            rke         Volume       heattran 
  184001     1005  1.5118579e-06  8.2800102e-06          0.011      840.47342 
  184501     1005  1.5374717e-06  8.4319783e-06          0.011      833.83541 
    Step    Atoms         KinEng            rke         Volume       heattran 
  184501     1005  1.5374717e-06  8.4319783e-06          0.011      840.47342 
  185000     1005  1.5552579e-06  8.5358603e-06          0.011      833.85547 
  185001     1005  1.5552861e-06  8.5360206e-06          0.011      833.84221 
    Step    Atoms         KinEng            rke         Volume       heattran 
  185001     1005  1.5552861e-06  8.5360206e-06          0.011      840.47342 
  185501     1005  1.5653368e-06  8.5915629e-06          0.011      833.84873 
    Step    Atoms         KinEng            rke         Volume       heattran 
  185501     1005  1.5653368e-06  8.5915629e-06          0.011      840.47342 
  186000     1005  1.5660394e-06  8.5967156e-06          0.011       833.8682 
  186001     1005  1.5660303e-06  8.5966747e-06          0.011      833.85497 
    Step    Atoms         KinEng            rke         Volume       heattran 
  186001     1005  1.5660303e-06  8.5966747e-06          0.011      840.47342 
  186501     1005  1.5562822e-06  8.5506317e-06          0.011      833.86093 
    Step    Atoms         KinEng            rke         Volume       heattran 
  186501     1005  1.5562822e-06  8.5506317e-06          0.011      840.47342 
  187000     1005  1.5372625e-06  8.4549633e-06          0.011      833.87984 
  187001     1005  1.5372163e-06   8.454723e-06          0.011      833.86662 
    Step    Atoms         KinEng            rke         Volume       heattran 
  187001     1005  1.5372163e-06   8.454723e-06          0.011      840.47342 
  187501     1005  1.5103347e-06  8.3109155e-06          0.011      833.87206 
    Step    Atoms         KinEng            rke         Volume       heattran 
  187501     1005  1.5103347e-06  8.3109155e-06          0.011      840.47342 
  188000     1005  1.5888124e-06  8.0412076e-06          0.011      833.89042 
  188001     1005  1.5889549e-06  8.0406373e-06          0.011      833.87723 
    Step    Atoms         KinEng            rke         Volume       heattran 
  188001     1005  1.5889549e-06  8.0406373e-06          0.011      840.47342 
  188501     1005  1.5546572e-06  7.7988448e-06          0.011      833.88214 
    Step    Atoms         KinEng            rke         Volume       heattran 
  188501     1005  1.5546572e-06  7.7988448e-06          0.011      840.47342 
  189000     1005   1.423429e-06  7.5725523e-06          0.011      833.89997 
  189001     1005  1.4232292e-06  7.5720154e-06          0.011      833.88679 
    Step    Atoms         KinEng            rke         Volume       heattran 
  189001     1005  1.4232292e-06  7.5720154e-06          0.011      840.47342 
  189501     1005  1.3761955e-06  7.2454498e-06          0.011      833.89121 
    Step    Atoms         KinEng            rke         Volume       heattran 
  189501     1005  1.3761955e-06  7.2454498e-06          0.011      840.47342 
  190000     1005  1.3471673e-06   6.869692e-06          0.011      833.90854 
  190001     1005  1.3470407e-06  6.8689497e-06          0.011      833.89538 
    Step    Atoms         KinEng            rke         Volume       heattran 
  190001     1005  1.3470407e-06  6.8689497e-06          0.011      840.47342 
  190501     1005  1.2526845e-06  6.5012663e-06          0.011      833.89932 
    Step    Atoms         KinEng            rke         Volume       heattran 
  190501     1005  1.2526845e-06  6.5012663e-06          0.011      840.47342 
  191000     1005  1.1568962e-06  6.1056029e-06          0.011      833.91617 
  191001     1005  1.1567409e-06  6.1047583e-06          0.011      833.90303 
    Step    Atoms         KinEng            rke         Volume       heattran 
  191001     1005  1.1567409e-06  6.1047583e-06          0.011      840.47342 
  191501     1005  1.0883446e-06  5.6654112e-06          0.011      833.90652 
    Step    Atoms         KinEng            rke         Volume       heattran 
  191501     1005  1.0883446e-06  5.6654112e-06          0.011      840.47342 
  192000     1005  1.0069489e-06  5.2186615e-06          0.011      833.92293 
  192001     1005  1.0067602e-06  5.2177695e-06          0.011       833.9098 
    Step    Atoms         KinEng            rke         Volume       heattran 
  192001     1005  1.0067602e-06  5.2177695e-06          0.011      840.47342 
  192501     1005  9.0884723e-07  4.7692508e-06          0.011      833.91286 
    Step    Atoms         KinEng            rke         Volume       heattran 
  192501     1005  9.0884723e-07  4.7692508e-06          0.011      840.47342 
  193000     1005  8.1977709e-07  4.3094676e-06          0.011      833.92884 
  193001     1005  8.1960917e-07  4.3085364e-06          0.011      833.91573 
    Step    Atoms         KinEng            rke         Volume       heattran 
  193001     1005  8.1960917e-07  4.3085364e-06          0.011      840.47342 
  193501     1005  7.3539116e-07  3.8443384e-06          0.011      833.91839 
    Step    Atoms         KinEng            rke         Volume       heattran 
  193501     1005  7.3539116e-07  3.8443384e-06          0.011      840.47342 
  194000     1005  6.4588285e-07  3.3913492e-06          0.011      833.93397 
  194001     1005  6.4570123e-07  3.3904536e-06          0.011      833.92087 
    Step    Atoms         KinEng            rke         Volume       heattran 
  194001     1005  6.4570123e-07  3.3904536e-06          0.011      840.47342 
  194501     1005  5.5770326e-07  2.9482366e-06          0.011      833.92316 
    Step    Atoms         KinEng            rke         Volume       heattran 
  194501     1005  5.5770326e-07  2.9482366e-06          0.011      840.47342 
  195000     1005  4.7684821e-07  2.5204005e-06          0.011      833.93837 
  195001     1005  4.7669056e-07  2.5195618e-06          0.011      833.92527 
    Step    Atoms         KinEng            rke         Volume       heattran 
  195001     1005  4.7669056e-07  2.5195618e-06          0.011      840.47342 
  195501     1005  3.9880301e-07  2.1124968e-06          0.011      833.92722 
    Step    Atoms         KinEng            rke         Volume       heattran 
  195501     1005  3.9880301e-07  2.1124968e-06          0.011      840.47342 
  196000     1005   3.243109e-07  1.7332928e-06          0.011       833.9421 
  196001     1005  3.2416773e-07  1.7325615e-06          0.011      833.92901 
    Step    Atoms         KinEng            rke         Volume       heattran 
  196001     1005  3.2416773e-07  1.7325615e-06          0.011      840.47342 
  196501     1005  2.5656036e-07  1.3824756e-06          0.011      833.93064 
    Step    Atoms         KinEng            rke         Volume       heattran 
  196501     1005  2.5656036e-07  1.3824756e-06          0.011      840.47342 
  197000     1005  1.9635127e-07  1.0671337e-06          0.011      833.94521 
  197001     1005  1.9623698e-07   1.066539e-06          0.011      833.93213 
    Step    Atoms         KinEng            rke         Volume       heattran 
  197001     1005  1.9623698e-07   1.066539e-06          0.011      840.47342 
  197501     1005   1.424637e-07  7.8911176e-07          0.011      833.93347 
    Step    Atoms         KinEng            rke         Volume       heattran 
  197501     1005   1.424637e-07  7.8911176e-07          0.011      840.47342 
  198000     1005  9.6556011e-08  5.5340528e-07          0.011      833.94776 
  198001     1005  9.6472687e-08   5.529758e-07          0.011      833.93468 
    Step    Atoms         KinEng            rke         Volume       heattran 
  198001     1005  9.6472687e-08   5.529758e-07          0.011      840.47342 
  198501     1005  6.1460221e-08  3.3661852e-07          0.011      833.93577 
    Step    Atoms         KinEng            rke         Volume       heattran 
  198501     1005  6.1460221e-08  3.3661852e-07          0.011      840.47342 
  199000     1005  1.8416107e-08  1.3897102e-07          0.011      833.94982 
  199001     1005  1.8349701e-08   1.386408e-07          0.011      833.93674 
    Step    Atoms         KinEng            rke         Volume       heattran 
  199001     1005  1.8349701e-08   1.386408e-07          0.011      840.47342 
  199501     1005  6.4455163e-10  6.0003506e-08          0.011      833.93761 
    Step    Atoms         KinEng            rke         Volume       heattran 
  199501     1005  6.4455163e-10  6.0003506e-08          0.011      840.47342 
  200000     1005  1.4292841e-08  9.4399808e-08          0.011      833.95151 
  200001     1005  1.4305096e-08  9.4425275e-08          0.011      833.93844 
    Step    Atoms         KinEng            rke         Volume       heattran 
  200001     1005  1.4305096e-08  9.4425275e-08          0.011      840.47342 
  200501     1005  1.4448829e-08  1.6900051e-07          0.011      833.93911 
    Step    Atoms         KinEng            rke         Volume       heattran 
  200501     1005  1.4448829e-08  1.6900051e-07          0.011      840.47342 
  201000     1005  3.7045348e-08  2.8096008e-07          0.011      833.95275 
  201001     1005  3.7110552e-08  2.8123734e-07          0.011      833.93969 
    Step    Atoms         KinEng            rke         Volume       heattran 
  201001     1005  3.7110552e-08  2.8123734e-07          0.011      840.47342 
  201501     1005  7.3650731e-08  4.4394374e-07          0.011      833.94018 
    Step    Atoms         KinEng            rke         Volume       heattran 
  201501     1005  7.3650731e-08  4.4394374e-07          0.011      840.47342 
  202000     1005  1.0619384e-07   6.600386e-07          0.011      833.95367 
  202001     1005   1.062671e-07   6.605141e-07          0.011      833.94061 
    Step    Atoms         KinEng            rke         Volume       heattran 
  202001     1005   1.062671e-07   6.605141e-07          0.011      840.47342 
  202501     1005  1.5166611e-07  9.1444089e-07          0.011      833.94096 
    Step    Atoms         KinEng            rke         Volume       heattran 
  202501     1005  1.5166611e-07  9.1444089e-07          0.011      840.47342 
  203000     1005  2.0633721e-07  1.2054649e-06          0.011      833.95431 
  203001     1005  2.0644805e-07  1.2060895e-06          0.011      833.94125 
    Step    Atoms         KinEng            rke         Volume       heattran 
  203001     1005  2.0644805e-07  1.2060895e-06          0.011      840.47342 
  203501     1005  2.6410818e-07  1.5364069e-06          0.011      833.94149 
    Step    Atoms         KinEng            rke         Volume       heattran 
  203501     1005  2.6410818e-07  1.5364069e-06          0.011      840.47342 
  204000     1005  3.3028763e-07  1.8957036e-06          0.011      833.95474 
  204001     1005  3.3042682e-07  1.8964514e-06          0.011      833.94168 
    Step    Atoms         KinEng            rke         Volume       heattran 
  204001     1005  3.3042682e-07  1.8964514e-06          0.011      840.47342 
  204501     1005  4.0060717e-07  2.2846849e-06          0.011      833.94183 
    Step    Atoms         KinEng            rke         Volume       heattran 
  204501     1005  4.0060717e-07  2.2846849e-06          0.011      840.47342 
  205000     1005  4.7314496e-07  2.6967442e-06          0.011        833.955 
  205001     1005  4.7329652e-07  2.6975885e-06          0.011      833.94194 
    Step    Atoms         KinEng            rke         Volume       heattran 
  205001     1005  4.7329652e-07  2.6975885e-06          0.011      840.47342 
  205501     1005  5.5215097e-07  3.1270251e-06          0.011      833.94202 
    Step    Atoms         KinEng            rke         Volume       heattran 
  205501     1005  5.5215097e-07  3.1270251e-06          0.011      840.47342 
  206000     1005  6.3319704e-07  3.5690706e-06          0.011      833.95514 
  206001     1005  6.3335888e-07  3.5699683e-06          0.011      833.94208 
    Step    Atoms         KinEng            rke         Volume       heattran 
  206001     1005  6.3335888e-07  3.5699683e-06          0.011      840.47342 
  206501     1005  7.1417034e-07  4.0224609e-06          0.011      833.94211 
    Step    Atoms         KinEng            rke         Volume       heattran 
  206501     1005  7.1417034e-07  4.0224609e-06          0.011      840.47342 
  207000     1005  7.9611201e-07  4.4765987e-06          0.011      833.95519 
  207001     1005  7.9627787e-07  4.4775074e-06          0.011      833.94212 
    Step    Atoms         KinEng            rke         Volume       heattran 
  207001     1005  7.9627787e-07  4.4775074e-06          0.011      840.47342 
  207501     1005  8.7916943e-07   4.929542e-06          0.011      833.94212 
    Step    Atoms         KinEng            rke         Volume       heattran 
  207501     1005  8.7916943e-07   4.929542e-06          0.011      840.47342 
  208000     1005  9.6010487e-07  5.3734647e-06          0.011      833.95527 
  208001     1005  9.6026419e-07   5.374344e-06          0.011      833.94221 
    Step    Atoms         KinEng            rke         Volume       heattran 
  208001     1005  9.6026419e-07   5.374344e-06          0.011      840.47342 
  208501     1005  1.0383895e-06  5.8068129e-06          0.011      833.94218 
    Step    Atoms         KinEng            rke         Volume       heattran 
  208501     1005  1.0383895e-06  5.8068129e-06          0.011      840.47342 
  209000     