/*--------------------------------*- C++ -*----------------------------------*\
| =========                 |                                                 |
| \\      /  F ield         | OpenFOAM: The Open Source CFD Toolbox           |
|  \\    /   O peration     | Version:  5.x                                   |
|   \\  /    A nd           | Web:      www.OpenFOAM.org                      |
|    \\/     M anipulation  |                                                 |
\*---------------------------------------------------------------------------*/
FoamFile
{
    version     2.0;
    format      ascii;
    class       surfaceScalarField;
    location    "0.95";
    object      alphaPhi10;
}
// * * * * * * * * * * * * * * * * * * * * * * * * * * * * * * * * * * * * * //

dimensions      [0 3 -1 0 0 0 0];

internalField   nonuniform List<scalar> 
4432
(
3.21429e-06
-3.21429e-06
3.51651e-06
-3.02222e-07
4.15036e-07
3.10148e-06
-3.83824e-06
4.25327e-06
-5.41798e-06
1.57974e-06
-3.48661e-06
-1.93136e-06
-1.29969e-06
-2.18693e-06
-1.21324e-06
-8.6447e-08
-2.92237e-06
1.70913e-06
-5.65417e-06
2.7318e-06
-8.85219e-06
3.19802e-06
-1.18605e-05
3.00829e-06
-1.35018e-05
1.64136e-06
-1.3063e-05
-4.38791e-07
-1.34629e-05
5.42964e-07
-1.91263e-05
5.65016e-06
-2.82002e-05
8.58514e-06
-3.06594e-05
2.45927e-06
-2.60694e-05
-4.44822e-06
-1.93004e-05
-6.65515e-06
-1.25952e-05
-6.80183e-06
-5.2412e-06
-7.3815e-06
-5.24119e-06
-1.33965e-06
-1.87463e-06
-3.74481e-06
2.10294e-06
-6.61737e-06
5.97404e-06
-8.36545e-06
6.00135e-06
-7.34421e-06
5.58503e-07
-4.38179e-06
-4.89378e-06
-1.81607e-06
-4.75266e-06
-1.38113e-06
-5.21382e-07
-3.02789e-06
3.35588e-06
-5.78692e-06
5.49084e-06
-8.88456e-06
6.29565e-06
-1.18121e-05
5.93581e-06
-1.45915e-05
4.42083e-06
-1.75048e-05
3.00855e-06
-2.15005e-05
5.19244e-06
-2.64875e-05
1.02229e-05
-2.80644e-05
9.44488e-06
-2.36714e-05
-1.92954e-06
-1.77072e-05
-1.01982e-05
-1.31059e-05
-1.14074e-05
-8.76937e-06
-1.13233e-05
-3.546e-06
-1.26049e-05
-8.78719e-06
-2.79104e-06
9.16406e-07
-5.85428e-06
5.16618e-06
-8.08684e-06
8.20659e-06
-8.96589e-06
6.8804e-06
-7.89663e-06
-5.10756e-07
-4.96626e-06
-7.82414e-06
-2.29529e-06
-7.42365e-06
-1.81809e-06
-9.98575e-07
-3.29944e-06
4.83722e-06
-5.72672e-06
7.91814e-06
-8.20192e-06
8.77085e-06
-1.03616e-05
8.09544e-06
-1.26117e-05
6.67099e-06
-1.57347e-05
6.34311e-06
-1.84934e-05
9.18552e-06
-2.01582e-05
1.14705e-05
-1.7302e-05
6.50666e-06
-1.37322e-05
-6.13657e-06
-1.07009e-05
-1.3624e-05
-8.41476e-06
-1.39094e-05
-5.84151e-06
-1.42154e-05
-2.296e-06
-1.61582e-05
-1.10832e-05
-1.95189e-06
2.86829e-06
-4.29606e-06
7.51036e-06
-6.20815e-06
1.01187e-05
-7.2357e-06
7.90796e-06
-6.48984e-06
-1.25662e-06
-3.83457e-06
-1.04794e-05
-1.95863e-06
-9.29958e-06
-2.14437e-06
-8.12832e-07
-3.95708e-06
6.64993e-06
-6.55484e-06
1.05159e-05
-9.0813e-06
1.12973e-05
-1.10107e-05
1.00248e-05
-1.22475e-05
7.90789e-06
-1.30162e-05
7.11769e-06
-1.28759e-05
9.23479e-06
-1.10837e-05
1.04143e-05
-8.48288e-06
3.97191e-06
-7.64551e-06
-7.05567e-06
-8.35173e-06
-1.29178e-05
-7.70423e-06
-1.45569e-05
-5.54836e-06
-1.63713e-05
-2.09933e-06
-1.96072e-05
-1.31826e-05
-3.22079e-08
2.9005e-06
-1.02056e-06
8.4987e-06
-2.55736e-06
1.16555e-05
-3.40896e-06
8.75956e-06
-2.57913e-06
-2.08646e-06
-7.35561e-07
-1.2323e-05
-5.59306e-07
-9.47583e-06
-1.99315e-06
6.21017e-07
-4.63729e-06
9.29407e-06
-7.67586e-06
1.35545e-05
-1.04983e-05
1.41197e-05
-1.25519e-05
1.20784e-05
-1.33347e-05
8.6907e-06
-1.24693e-05
6.25231e-06
-9.84904e-06
6.61455e-06
-6.42718e-06
6.99256e-06
-4.9654e-06
2.51013e-06
-6.88706e-06
-5.13401e-06
-9.24662e-06
-1.05582e-05
-8.59944e-06
-1.52041e-05
-5.39158e-06
-1.95792e-05
-1.55954e-06
-2.34392e-05
-1.47422e-05
2.74374e-06
1.56759e-07
3.30688e-06
7.93556e-06
2.33528e-06
1.26271e-05
1.72757e-06
9.36728e-06
3.10131e-06
-3.4602e-06
3.88603e-06
-1.31071e-05
1.9212e-06
-7.5085e-06
-1.16814e-06
3.71035e-06
-5.05434e-06
1.31803e-05
-8.71713e-06
1.72173e-05
-1.17944e-05
1.7197e-05
-1.39188e-05
1.42028e-05
-1.45191e-05
9.29098e-06
-1.31851e-05
4.91836e-06
-1.0225e-05
3.65448e-06
-7.1399e-06
3.90741e-06
-6.49154e-06
1.86177e-06
-8.49761e-06
-3.12794e-06
-9.815e-06
-9.24084e-06
-7.93036e-06
-1.70887e-05
-3.42108e-06
-2.40884e-05
-6.95115e-08
-2.67907e-05
-1.48117e-05
5.99146e-06
-5.8347e-06
8.18292e-06
5.7441e-06
7.85164e-06
1.29584e-05
7.70273e-06
9.51619e-06
9.52108e-06
-5.27855e-06
9.24737e-06
-1.28351e-05
5.43621e-06
-3.68847e-06
1.05567e-06
8.0972e-06
-3.96772e-06
1.82037e-05
-8.28504e-06
2.15346e-05
-1.16284e-05
2.05403e-05
-1.3852e-05
1.64263e-05
-1.4315e-05
9.75402e-06
-1.26952e-05
3.29859e-06
-9.97998e-06
9.39214e-07
-7.52277e-06
1.45021e-06
-6.96998e-06
1.30898e-06
-8.05166e-06
-2.04626e-06
-8.48894e-06
-8.80357e-06
-6.05677e-06
-1.95207e-05
-1.25989e-06
-2.88837e-05
1.95802e-06
-2.99867e-05
-1.28533e-05
1.00721e-05
-1.59068e-05
1.32766e-05
2.54313e-06
1.34883e-05
1.27467e-05
1.42376e-05
8.76682e-06
1.52434e-05
-6.28429e-06
1.29434e-05
-1.05562e-05
8.87842e-06
3.55539e-07
4.73258e-06
1.22606e-05
-1.12283e-06
2.40591e-05
-6.59772e-06
2.70095e-05
-1.05126e-05
2.44552e-05
-1.30052e-05
1.89189e-05
-1.33587e-05
1.01075e-05
-1.10957e-05
1.03558e-06
-7.7914e-06
-2.36505e-06
-5.54946e-06
-7.91737e-07
-5.14926e-06
9.08778e-07
-6.45009e-06
-7.45456e-07
-7.82236e-06
-7.4312e-06
-7.62261e-06
-1.97155e-05
-3.39707e-06
-3.14238e-05
1.83778e-06
-3.41131e-05
-1.07182e-05
-4.23157e-06
4.1949e-06
-1.30748e-05
9.26567e-06
5.49365e-06
-1.61893e-05
2.8712e-05
-1.653e-05
3.96163e-05
-7.18816e-06
4.44023e-05
-1.52301e-06
4.46632e-05
-6.13338e-08
3.72627e-05
7.40042e-06
1.89681e-05
1.08575e-05
4.06974e-06
6.77402e-06
2.16486e-07
2.98013e-06
-6.72252e-06
4.30931e-06
-1.22569e-05
4.35692e-06
-1.74889e-05
1.79728e-06
-2.33517e-05
4.13581e-06
-2.55756e-05
8.22508e-06
-2.02932e-05
3.75845e-07
-9.0081e-06
-1.73712e-05
-1.16708e-05
-9.88104e-06
1.41169e-05
-5.75372e-06
5.74308e-06
1.19994e-05
-3.67007e-05
3.15808e-05
-3.86162e-05
3.88718e-05
-1.6461e-05
4.67989e-05
-3.02443e-06
5.13815e-05
-3.07642e-06
4.96796e-05
9.1162e-06
4.02757e-05
1.92981e-05
5.04329e-06
1.05001e-05
3.04994e-06
1.13781e-06
-4.02964e-07
9.40325e-07
-1.03735e-05
6.48172e-06
-2.07239e-05
5.46172e-06
-2.9257e-05
1.12437e-05
-3.03346e-05
1.0459e-05
-1.99314e-05
-7.29961e-06
-2.51391e-06
-3.93934e-05
-1.41847e-05
-8.67254e-06
2.32677e-05
8.38322e-07
-3.07664e-06
1.82003e-05
-6.39062e-05
3.04283e-05
-5.57878e-05
3.44819e-05
-2.1305e-05
3.6109e-05
-4.82707e-06
3.33092e-05
-1.85989e-07
3.50967e-05
7.35788e-06
3.11159e-05
1.17401e-05
4.67427e-06
9.12864e-06
1.54788e-06
2.61081e-06
7.60283e-08
6.69094e-07
-3.89375e-06
4.31816e-06
-1.13175e-05
9.1188e-06
-1.80568e-05
1.87904e-05
-1.8932e-05
1.00494e-05
-8.14417e-06
-1.9422e-05
3.13661e-06
-5.07618e-05
-1.10481e-05
-6.50817e-06
3.01986e-05
3.87257e-06
-1.24067e-05
1.55427e-05
-7.73103e-05
1.39472e-05
-5.4194e-05
1.23922e-05
-1.97436e-05
7.88156e-06
-2.87642e-07
1.16013e-05
-3.3876e-06
2.2429e-05
-9.15885e-06
1.09473e-05
3.04527e-07
3.47332e-06
1.59896e-06
2.85015e-06
1.67192e-06
3.00246e-06
1.36772e-06
2.85638e-06
3.61935e-06
-2.85269e-06
1.31294e-05
-1.1317e-05
2.69301e-05
-1.35776e-05
1.10252e-05
-5.02752e-06
-3.64315e-05
3.42917e-06
-6.08098e-05
-4.85818e-06
-3.23804e-06
3.3784e-05
4.70037e-06
-2.04579e-05
4.10989e-06
-7.59698e-05
-8.04712e-06
-4.21178e-05
-1.70451e-05
-1.07473e-05
-8.57568e-06
-2.37444e-06
1.64494e-06
-3.72601e-06
3.64114e-06
-1.07814e-05
2.48529e-06
-2.06743e-07
1.24109e-06
2.5507e-06
7.01534e-07
2.92264e-06
4.0536e-07
2.6558e-06
2.64755e-07
4.6554e-06
-3.11692e-06
1.36072e-05
-6.72162e-06
3.25683e-05
-8.91821e-06
1.31827e-05
-7.60955e-06
-3.66301e-05
-1.59576e-06
-5.67289e-05
-2.48415e-06
-5.06281e-07
2.88718e-05
5.10647e-06
-2.61834e-05
-4.92555e-06
-6.5132e-05
-2.1107e-05
-2.46178e-05
-1.35062e-05
-1.49801e-06
-2.39448e-06
-1.72932e-06
-3.83103e-07
-6.87049e-06
1.04679e-08
-1.25306e-05
5.05564e-07
5.5248e-07
-5.59999e-07
3.35533e-06
-8.31995e-07
2.99228e-06
-3.60217e-07
2.04426e-06
3.86691e-07
3.8116e-06
-3.93714e-06
1.93205e-05
-5.50953e-06
3.47477e-05
-5.10779e-06
1.31219e-05
-1.04562e-05
-3.01717e-05
-6.85931e-06
-3.28953e-05
-1.25284e-05
1.72803e-06
2.84553e-05
5.09427e-06
-3.35054e-05
-7.71658e-06
-5.23315e-05
-1.50895e-05
-5.99071e-06
-5.167e-06
5.10625e-07
-6.43429e-06
-2.18132e-06
-4.51787e-06
-1.04234e-05
-2.24366e-06
-7.7778e-06
-2.47211e-06
2.0025e-06
-2.71111e-06
3.31586e-06
-2.11681e-06
2.15554e-06
-4.09102e-06
3.81613e-06
-8.88164e-06
2.0985e-05
-1.18901e-05
2.58772e-05
-4.87093e-06
2.78353e-05
-3.93071e-06
1.22833e-05
-5.08682e-06
-1.34048e-05
-1.16185e-05
-1.3417e-05
-3.56155e-05
3.7873e-06
2.8756e-05
4.49075e-06
-3.42003e-05
-9.65272e-06
-3.80859e-05
-9.5588e-06
4.78163e-06
-7.94242e-06
2.82586e-06
-9.27888e-06
-1.48143e-06
-1.32106e-05
-7.89284e-06
-4.25024e-06
-5.06455e-06
-5.71619e-06
3.29169e-06
-1.4257e-05
1.15782e-05
-4.07776e-05
8.17855e-06
-4.39898e-05
8.5522e-06
-3.43863e-05
1.58079e-05
-2.27211e-05
1.43304e-05
-1.31009e-05
1.83447e-05
-5.39268e-06
6.27745e-06
-1.48356e-06
-3.39013e-06
-1.08712e-05
-7.90768e-07
-3.13843e-05
3.34831e-05
-3.80061e-05
5.04357e-05
-9.63126e-06
4.95987e-05
1.35839e-05
4.36196e-05
1.4746e-05
3.16083e-05
5.72698e-06
1.95565e-05
1.49565e-06
1.71776e-05
2.73451e-06
1.06843e-05
1.87542e-05
-5.56518e-06
4.03083e-05
-2.19712e-05
4.34155e-05
-3.23041e-05
3.47882e-05
-3.86819e-05
2.03348e-05
-3.73664e-05
7.11325e-06
-2.94357e-05
-6.34191e-06
-1.89934e-05
-1.09739e-05
-1.41234e-05
-4.65465e-06
-1.60989e-05
2.13284e-06
-2.63079e-05
7.58811e-06
-4.34894e-05
8.49561e-06
-4.78343e-05
-7.6996e-06
-3.04414e-05
-4.53896e-05
-5.45348e-06
-6.28823e-05
-3.24617e-05
1.60861e-05
3.0257e-05
-5.73669e-05
5.47339e-05
-2.58319e-05
6.22621e-05
6.10435e-06
5.01532e-05
2.64429e-05
2.29996e-05
3.28807e-05
7.52252e-06
1.69728e-05
3.94902e-06
3.78315e-06
-3.80113e-06
2.76008e-06
-2.28233e-05
4.73574e-06
-5.42771e-05
1.83221e-05
-6.47728e-05
1.50969e-05
-6.39652e-05
5.37551e-06
-5.16688e-05
-9.74621e-06
-3.76309e-05
-6.50771e-06
-2.51407e-05
-4.79622e-06
-2.63389e-05
-1.83594e-07
-4.94686e-05
4.08773e-06
-6.67458e-05
8.1745e-06
-5.60748e-05
5.17289e-06
-6.04436e-05
-1.48616e-05
-6.45435e-05
-8.48771e-05
-3.22302e-05
-9.5179e-05
-5.27932e-05
-1.1865e-05
1.67487e-06
-8.86718e-05
-4.01422e-06
-2.12836e-05
-9.64867e-06
1.18034e-05
-6.8728e-06
2.3732e-05
-2.6895e-05
3.5464e-05
-4.47636e-05
3.24139e-05
-2.40881e-05
5.65785e-06
-2.19511e-05
1.74222e-06
-3.58535e-05
-4.22734e-07
-9.53366e-05
-1.00926e-06
-0.000161617
2.72899e-06
-0.000149688
-2.16692e-05
-5.12607e-05
-5.19165e-05
-2.32251e-05
-3.04862e-05
-1.2579e-05
-1.52565e-05
-1.39928e-05
1.62874e-07
-1.71938e-05
5.20965e-06
-1.58713e-05
2.96515e-06
-1.37628e-05
-1.77082e-06
-4.89964e-05
-3.16096e-05
-6.69199e-05
-0.000105463
-5.86754e-05
-0.000103411
-6.07535e-05
-5.06856e-05
-6.54206e-05
-2.32512e-05
-7.00092e-05
5.49205e-06
-2.78957e-05
-2.47989e-07
-1.25878e-05
-3.22527e-08
-2.01421e-05
-3.29987e-07
-8.48547e-06
3.90967e-06
-4.40685e-06
2.15445e-06
-3.1652e-06
5.41561e-07
-3.71429e-06
3.28014e-08
-4.98217e-06
3.05168e-08
-3.11322e-05
-4.87909e-07
-7.51366e-05
-9.50007e-06
-8.92927e-05
-3.19907e-05
-7.48096e-05
-3.51858e-05
-6.07325e-05
-2.51236e-05
-1.39288e-05
-4.42447e-06
-1.4558e-05
3.75984e-06
-1.74402e-05
3.52676e-06
-2.76011e-05
-2.8046e-05
-5.71238e-05
-0.000110493
-8.74156e-05
-0.000119168
-9.73156e-05
-9.36154e-05
-5.38716e-05
-0.000104082
-5.84451e-05
4.93118e-05
-7.26961e-07
6.624e-07
-4.14789e-07
-4.53464e-07
-5.4508e-07
6.50555e-09
-3.2136e-06
1.54115e-06
-1.87598e-06
3.14837e-06
-9.44553e-07
1.26938e-06
-6.25617e-07
2.33488e-07
-6.03182e-07
8.87642e-09
-5.19704e-07
-5.5511e-08
-8.57421e-07
-1.6754e-07
-1.01875e-05
-4.39363e-07
-6.92452e-05
-7.50503e-06
-7.63816e-05
-2.68408e-05
-7.59651e-05
-2.26106e-05
-6.89956e-05
-6.04409e-06
-1.4504e-05
2.57551e-06
-2.9686e-05
2.14071e-06
-0.0001147
-5.05413e-05
-0.000126638
-9.98064e-05
-0.000128541
-0.000118199
-0.000140435
-8.27243e-05
-3.2772e-05
-0.000156041
-2.36106e-05
9.04993e-05
-2.94893e-07
-7.28293e-07
2.33497e-07
-1.15514e-06
-1.58289e-07
2.25007e-07
-5.51362e-07
2.03835e-06
-3.79916e-07
3.17631e-06
-1.37091e-07
1.03624e-06
-1.00852e-07
1.95719e-07
-8.90672e-08
-4.82768e-09
-6.27151e-08
-8.41576e-08
-1.80836e-07
-5.19681e-08
-7.32565e-07
9.55209e-08
-1.39459e-05
-6.47561e-10
-4.71396e-05
-7.36017e-08
-4.35105e-05
-3.90131e-07
-2.60244e-05
-1.67117e-06
-5.06373e-05
1.64489e-06
-7.96646e-05
-2.43512e-06
-8.43092e-05
-9.2597e-06
-0.000129131
-3.0732e-05
-0.000151411
-0.000108694
-0.000153022
-8.20472e-05
-2.48722e-05
-5.27333e-05
-1.76255e-06
9.75815e-05
-4.60126e-06
6.1526e-07
-1.08273e-05
2.54148e-06
-4.25762e-06
3.90361e-06
-7.71708e-07
4.00702e-06
1.4899e-07
2.28079e-06
3.99722e-07
7.86446e-07
4.0321e-07
1.90285e-07
3.40593e-07
5.55082e-08
2.16353e-07
3.75913e-08
6.11106e-08
9.18427e-08
-8.43717e-08
7.86709e-07
-1.51853e-08
2.49626e-07
-1.17027e-07
2.18828e-08
-5.13292e-07
4.10647e-10
-2.17726e-06
-1.26266e-08
-1.25533e-06
-3.51437e-08
-1.06635e-06
-1.44256e-07
-8.45904e-06
-1.16116e-06
-3.43583e-05
-5.55943e-06
-0.000148994
-4.32979e-05
-0.000149943
-7.65864e-05
-2.95454e-05
-7.39792e-05
-1.35554e-05
7.08426e-05
-1.91349e-05
4.67404e-06
-1.85698e-05
5.00261e-06
-2.39554e-05
5.12154e-06
-2.21824e-05
4.8279e-06
-5.19733e-06
3.81935e-06
-1.24571e-06
1.92836e-06
-7.85949e-07
8.59724e-07
-1.65086e-06
1.07099e-06
-4.4074e-06
2.90598e-06
-4.80238e-06
2.76557e-06
-3.88395e-06
2.14703e-06
-3.7293e-08
6.52464e-07
-4.94804e-08
2.81431e-08
-6.17278e-08
6.3e-09
-6.76469e-08
-1.24307e-08
-7.95771e-08
-2.86368e-08
-1.54226e-07
-7.91166e-08
-1.04989e-06
-3.06698e-07
-5.43034e-06
-1.41512e-06
-7.15662e-05
-7.47644e-06
-0.000146121
-5.30671e-05
-3.94057e-05
-0.000108198
-5.28736e-06
0.000108478
-1.16518e-05
7.7781e-06
-1.39878e-05
2.64486e-06
-2.70584e-05
4.33023e-06
-2.53178e-05
5.23574e-06
-2.38051e-05
4.30603e-06
-2.22408e-05
3.3942e-06
-2.03955e-05
2.78291e-06
-1.81043e-05
2.07241e-06
-6.30448e-06
1.41039e-06
-1.96154e-06
-1.48397e-08
-8.07308e-07
7.19868e-08
-7.99812e-08
-2.84268e-08
-8.33284e-08
2.54067e-08
-8.59055e-08
2.93709e-09
-7.07754e-08
-3.22879e-08
-4.51781e-08
-5.28219e-08
-1.21038e-08
-1.00002e-07
-1.24491e-07
-1.83824e-07
-1.20757e-06
-2.92965e-07
-7.6713e-06
-1.134e-06
-8.87438e-05
-7.28931e-06
-2.98715e-05
-0.000123378
-6.56447e-07
0.000185128
-2.32923e-06
6.50706e-06
-2.15326e-06
5.59279e-07
-4.49752e-06
1.59106e-07
-6.68676e-06
4.54236e-08
-7.11528e-06
2.46514e-08
-5.82625e-06
4.76217e-08
-3.76277e-06
6.09668e-08
-1.82541e-06
1.90708e-08
-4.7602e-07
-2.58863e-08
-4.65085e-07
-6.8696e-09
-3.71341e-07
-8.00486e-09
-3.31503e-07
4.59984e-10
-2.55973e-07
4.43e-08
-2.18802e-07
-1.84532e-08
-2.02085e-07
-3.34679e-08
-1.89361e-07
-4.89213e-08
-1.59562e-07
-1.02911e-07
-8.36753e-08
-8.38142e-08
-1.9642e-07
-1.31445e-07
-1.00604e-06
-2.8935e-07
-8.17646e-06
-1.23156e-07
-5.24033e-07
-6.04277e-05
1.55203e-06
0.000234485
-5.65283e-07
7.03001e-06
-3.34149e-07
2.70319e-07
-2.70929e-07
4.86092e-08
-2.59347e-07
1.381e-08
-2.49974e-07
3.9123e-09
-2.12639e-07
2.88034e-09
-1.56096e-07
2.39582e-09
-1.38646e-07
7.95569e-11
-1.67062e-07
-4.46272e-09
-1.96446e-07
9.7156e-09
-2.48598e-07
1.91453e-08
-2.91967e-07
1.88938e-08
-2.46277e-07
-9.11353e-09
-1.74071e-07
-2.32488e-08
-1.00801e-07
-1.57313e-11
-5.32135e-08
-1.88873e-10
-2.40178e-08
-2.06574e-09
-1.87897e-08
-9.08174e-09
-4.3748e-08
-6.50186e-08
-9.41351e-08
-2.07749e-07
-1.09893e-07
-1.06674e-07
-7.28365e-08
-5.54112e-07
3.44728e-06
0.000188509
-1.25614e-07
9.05126e-06
-4.89619e-08
2.1494e-07
-2.19939e-08
1.25369e-08
-1.30098e-08
2.18832e-09
-1.09856e-08
5.70785e-10
-9.23793e-09
3.13972e-10
-7.38985e-09
2.44178e-10
-7.5275e-09
1.9493e-11
-1.20785e-08
-4.04237e-10
-5.70843e-08
7.47783e-11
-1.24438e-07
9.82903e-10
-1.43445e-07
-1.69406e-13
-2.68154e-08
-2.839e-13
-3.22387e-12
-7.51679e-13
-1.82758e-11
-7.27869e-13
-2.0341e-10
-3.89626e-12
-2.20129e-09
-6.66725e-11
-1.035e-08
-7.72961e-10
-3.28722e-08
-1.07423e-08
-9.2459e-08
-1.34671e-07
-9.42907e-08
-1.13256e-07
-1.23086e-07
-3.84146e-08
2.26265e-06
4.47581e-05
-2.04458e-08
9.27068e-06
-9.38328e-09
1.97528e-07
-2.49082e-09
3.87619e-09
-1.04364e-09
3.36609e-10
-7.70495e-10
1.06576e-10
-6.28463e-10
6.1493e-11
-4.71692e-10
4.51292e-11
-4.94222e-10
2.00926e-11
-9.37403e-10
1.80025e-11
-8.89247e-10
1.90761e-11
-5.80961e-13
-1.63689e-13
-4.35798e-13
-3.43326e-13
-3.34002e-13
-4.14063e-13
-2.83855e-13
-8.29314e-13
-3.79735e-13
-6.58805e-13
-3.60965e-12
-7.14851e-13
-6.84983e-11
-1.91369e-12
-8.17609e-10
-2.12261e-11
-1.11396e-08
-2.23563e-10
-8.34631e-08
-1.42048e-08
-1.05321e-07
-6.57129e-08
-1.22901e-07
-7.57179e-08
-1.01276e-07
5.05079e-07
-1.2683e-07
7.85667e-06
-3.32366e-09
1.29665e-07
-2.71506e-10
1.35126e-09
-1.00934e-10
9.23248e-11
-6.9494e-11
3.88498e-11
-5.75142e-11
2.74893e-11
-4.03772e-11
1.94143e-11
-3.14223e-11
9.1978e-12
-1.85669e-11
4.59486e-12
-6.895e-13
1.13952e-12
-4.78094e-13
-4.92359e-13
-3.31171e-13
-5.18615e-13
-2.63293e-13
-5.09779e-13
-2.45303e-13
-8.7299e-13
-1.93677e-13
-1.0474e-12
-1.80717e-13
-9.79736e-13
-6.2555e-13
-1.71107e-12
-8.40626e-12
-1.33014e-11
-2.31708e-10
-2.00154e-13
-1.44141e-08
-1.78526e-11
-3.16036e-08
-1.30621e-09
-5.16219e-08
-6.23757e-08
-1.63902e-07
6.61922e-07
-1.37182e-07
4.65882e-06
-1.71372e-09
9.07133e-08
-4.63417e-11
9.34482e-10
-1.65662e-11
4.46429e-11
-1.21151e-11
2.41731e-11
-1.13485e-11
1.88591e-11
-8.7396e-12
1.33308e-11
-6.2758e-12
6.4693e-12
-4.44819e-12
3.38295e-12
-3.01516e-12
2.3867e-13
-2.64456e-12
-9.44472e-13
-7.30988e-13
-2.49097e-12
-8.35379e-13
-4.93327e-13
-5.26288e-13
-8.75641e-13
-3.41458e-13
-9.4093e-13
-1.00539e-13
-1.1464e-12
-1.49097e-12
-9.12335e-13
-7.79579e-15
-2.88443e-13
-1.36556e-13
-5.47396e-14
-1.79225e-11
-6.07089e-14
-1.32408e-09
-5.21911e-14
-1.18265e-14
-4.03766e-09
-4.75901e-08
6.89016e-07
-5.6671e-08
9.04779e-07
-9.07726e-10
6.86621e-08
-1.60406e-11
7.96387e-10
-4.83516e-12
2.56881e-11
-4.933e-12
1.78018e-11
-6.48691e-12
1.58942e-11
-7.95876e-12
1.29162e-11
-1.10978e-11
8.42022e-12
-3.03982e-11
2.24548e-11
-7.82099e-11
3.69192e-11
-4.79538e-11
-3.01256e-11
-6.07594e-12
-4.61992e-11
-1.15856e-12
-5.78576e-12
-5.22625e-13
-8.33654e-13
-3.08042e-13
-3.70748e-13
-1.70576e-13
-3.58349e-13
-6.55822e-14
-1.41844e-13
-5.49078e-15
-3.69796e-14
-2.99281e-16
-5.43599e-14
1.9966e-16
-5.71622e-14
2.17173e-16
-5.11404e-14
-1.11036e-14
9.5016e-17
-2.03053e-08
7.08818e-07
-1.94578e-08
8.97234e-07
-4.20088e-10
2.31585e-08
-4.45236e-12
2.58232e-10
-2.40464e-12
1.72374e-11
-5.03562e-12
1.40282e-11
-1.58134e-11
2.02655e-11
-6.80367e-11
6.07268e-11
-5.3704e-10
4.75694e-10
-2.88392e-09
2.37139e-09
-1.23678e-09
-1.08853e-09
-6.26986e-10
-6.13043e-10
-7.02121e-11
-6.19772e-10
-4.34866e-12
-7.15513e-11
-2.74652e-13
-4.5708e-12
-5.64575e-14
-2.642e-13
-1.15381e-14
-6.12808e-14
-2.2904e-15
-2.96229e-14
-2.04671e-15
-2.75111e-14
8.34711e-16
-2.92187e-14
3.85685e-15
-3.24004e-14
3.5518e-15
-2.73435e-14
-5.13611e-15
1.17626e-15
-3.59048e-07
7.5098e-05
-1.15648e-08
5.72818e-07
-1.55457e-10
1.19563e-08
-1.44313e-12
1.02099e-10
-9.95211e-12
1.95557e-11
-7.77948e-11
7.37808e-11
-6.82017e-10
6.18224e-10
-9.82863e-09
9.20093e-09
-3.86235e-08
4.05833e-08
-5.46334e-08
2.02637e-08
-4.01978e-08
-1.06646e-08
-6.97048e-09
-3.03524e-08
-4.29531e-10
-8.70978e-09
-2.49137e-11
-4.78694e-10
-1.1135e-12
-2.85106e-11
-2.94163e-14
-1.09232e-12
-1.7724e-15
-9.55315e-14
5.1063e-18
-3.58826e-14
1.05528e-15
-1.87193e-14
1.76814e-15
-1.12371e-14
3.18619e-15
-7.49043e-15
2.1447e-15
-3.60589e-15
-1.44341e-15
7.98106e-16
-1.00358e-06
0.00023431
4.97134e-09
3.46702e-07
-9.71297e-12
1.69103e-08
-2.86091e-12
9.18746e-11
-1.86594e-11
2.93581e-11
-1.4918e-10
1.99703e-10
7.7092e-11
2.89851e-09
-2.64946e-08
5.94809e-08
-3.9429e-08
5.45909e-08
-4.2295e-08
2.41383e-08
-3.88108e-08
-1.30756e-08
-2.64003e-08
-4.17291e-08
-5.46652e-09
-5.4535e-08
-1.26699e-10
-5.69088e-09
-3.51369e-12
-1.61542e-10
-3.46823e-14
-5.8629e-12
2.87757e-16
-2.81702e-13
1.94617e-15
-4.53075e-14
1.68169e-15
-1.73417e-14
1.0274e-15
-7.36378e-15
6.77926e-16
-4.24488e-15
4.0201e-16
-2.62437e-15
-1.50784e-15
4.48841e-16
2.37539e-06
0.000147809
1.41133e-07
4.5962e-06
5.11856e-09
1.56036e-07
-1.57705e-12
5.15275e-09
-9.32055e-12
3.27961e-11
2.63301e-11
1.58783e-10
-3.1936e-09
6.96076e-09
-8.39428e-09
6.57315e-08
-1.01512e-08
5.73563e-08
-1.03933e-08
2.51336e-08
-1.09422e-08
-1.07293e-08
-7.29533e-09
-4.40386e-08
-9.5969e-10
-5.96843e-08
-3.39699e-11
-1.1295e-08
-8.1726e-12
-3.6715e-10
-7.37294e-13
-2.04366e-11
-3.84233e-14
-1.31342e-12
3.59481e-15
-1.29858e-13
2.04348e-15
-2.09505e-14
1.04001e-15
-6.03302e-15
6.21645e-16
-2.23139e-15
4.27428e-16
-1.75079e-15
-1.42577e-15
3.23717e-16
1.32803e-06
2.10175e-06
5.90978e-07
1.5206e-05
7.76338e-08
9.1927e-07
2.87255e-09
8.40159e-08
4.36093e-11
2.84201e-09
3.09153e-11
1.88201e-10
5.82332e-09
1.34341e-09
2.16159e-08
3.16635e-08
2.65677e-08
5.34544e-08
1.81087e-08
8.84722e-09
1.13784e-08
-5.23103e-09
1.70364e-08
-4.86639e-08
8.04844e-09
-5.99894e-08
-5.12398e-10
-7.26437e-09
-5.01586e-11
-8.50439e-10
-4.37771e-12
-6.92096e-11
-3.23717e-13
-5.76711e-12
-1.00979e-14
-5.24696e-13
2.58984e-15
-4.85857e-14
9.08422e-16
-7.16344e-15
4.79221e-16
-1.50472e-15
4.05876e-16
-8.70269e-16
-1.08771e-15
3.51472e-16
1.57926e-06
5.23341e-07
1.24765e-06
8.65069e-06
9.60225e-07
6.02042e-06
1.28237e-07
9.9687e-07
1.18374e-08
1.2346e-07
1.24781e-09
1.09507e-08
1.23917e-09
1.95392e-09
1.74434e-08
1.33064e-08
3.85839e-08
1.56258e-08
2.51738e-08
6.00152e-09
2.56155e-08
-2.33362e-09
2.39503e-08
-4.32928e-08
3.21974e-09
-3.19479e-08
-4.1754e-10
-4.17822e-09
-8.4994e-11
-1.30004e-09
-1.11233e-11
-1.6171e-10
-1.10807e-12
-1.84248e-11
-7.51035e-14
-1.79944e-12
2.09982e-15
-1.50881e-13
1.05302e-15
-1.16643e-14
3.41073e-16
-1.51695e-15
2.75266e-16
-6.44626e-16
-9.7093e-16
3.98831e-16
4.55542e-07
6.78776e-08
1.5131e-06
8.17208e-07
8.58225e-07
2.85041e-06
1.37782e-07
2.83427e-06
3.28995e-07
1.28365e-06
7.47216e-08
2.77216e-07
2.33801e-08
5.566e-08
2.08262e-08
1.72713e-08
3.00408e-08
1.43467e-08
3.88629e-08
8.94758e-09
4.27967e-08
-5.33639e-10
1.279e-08
-1.48749e-08
5.36971e-09
-2.03095e-08
3.63174e-09
-1.66382e-08
-2.87879e-10
-4.05638e-09
-2.26024e-11
-4.82945e-10
-1.89617e-12
-4.50278e-11
-1.36405e-13
-4.08543e-12
-7.05164e-15
-3.30208e-13
1.16476e-15
-2.3351e-14
4.01047e-16
-1.84513e-15
2.60124e-16
-5.136e-16
-8.54163e-16
4.59338e-16
5.96478e-08
8.28523e-09
5.08666e-07
1.55575e-07
1.38371e-06
2.23542e-07
8.97114e-07
5.0317e-07
8.34219e-08
5.9047e-07
2.72439e-08
4.4222e-07
1.24532e-07
2.41877e-07
5.2658e-08
9.69667e-08
4.70838e-08
3.16625e-08
4.55792e-08
1.61993e-08
4.59147e-08
2.63896e-09
5.07601e-08
-4.00502e-09
3.64664e-08
-1.13873e-08
1.34576e-08
-1.50926e-08
2.89299e-10
-1.74586e-09
2.76227e-11
-3.24733e-10
2.33677e-12
-3.04614e-11
1.80124e-13
-2.84772e-12
1.44496e-14
-2.25788e-13
1.29726e-15
-1.67133e-14
3.23749e-16
-1.31449e-15
2.38753e-16
-3.33954e-16
-5.39755e-16
4.63242e-16
7.14863e-09
1.15049e-09
9.24714e-08
2.39041e-08
1.85967e-07
3.79781e-08
2.39574e-07
1.71368e-08
4.81729e-07
5.39672e-09
3.83022e-07
6.08956e-09
2.60906e-07
9.48086e-08
1.02959e-07
8.80651e-08
6.88987e-08
4.53794e-08
6.13448e-08
2.87254e-08
5.47021e-08
1.27997e-08
3.12277e-08
4.47735e-09
1.909e-08
-4.42958e-09
2.41461e-09
-2.7667e-09
3.11598e-10
-3.89989e-10
2.84227e-11
-8.10427e-11
2.57933e-12
-9.07276e-12
2.10294e-13
-8.93636e-13
1.68801e-14
-7.0691e-14
1.48494e-15
-5.42197e-15
2.11946e-16
-4.06834e-16
1.54439e-16
-1.07443e-16
-1.67337e-16
2.56455e-16
1.02217e-09
1.27935e-10
1.44874e-08
2.55924e-09
3.53182e-08
3.2441e-09
4.22884e-08
8.90013e-10
4.04723e-08
7.11022e-10
4.16917e-08
9.76452e-10
8.18639e-08
1.89283e-09
1.00106e-07
1.14776e-08
1.04238e-07
1.28698e-08
6.44515e-08
3.1811e-08
2.56494e-08
2.19813e-08
1.42077e-08
6.94915e-09
3.70831e-09
1.35112e-09
5.40538e-10
4.15334e-13
9.34749e-11
-4.92548e-11
1.00946e-11
-1.18905e-11
9.76089e-13
-1.54685e-12
8.27743e-14
-1.50201e-13
6.54211e-15
-1.13434e-14
6.26886e-16
-8.47217e-16
6.54218e-17
-6.04604e-17
4.81949e-17
-1.87289e-17
-2.3383e-17
7.08045e-17
1.16739e-10
1.14801e-11
1.34831e-09
2.42434e-10
2.8116e-09
2.14451e-10
2.81812e-09
7.81816e-12
3.2716e-09
-8.73277e-11
4.3688e-09
-4.01151e-10
8.25806e-09
-4.91289e-10
2.00413e-08
5.91657e-10
6.37657e-08
4.51562e-09
5.23107e-08
1.15367e-08
3.22387e-08
1.5554e-08
9.68039e-09
4.51199e-09
3.21776e-10
8.29523e-11
9.52452e-11
1.3973e-11
1.66166e-11
-7.96151e-13
1.97136e-12
-9.73726e-13
1.88056e-13
-1.4998e-13
1.54551e-14
-1.26197e-14
1.10579e-15
-9.68719e-16
7.42519e-17
-7.4837e-17
1.02975e-17
-5.19967e-18
9.4391e-18
-1.08295e-18
-1.02712e-18
9.22602e-18
1.05898e-11
8.90381e-13
9.61882e-11
2.31597e-11
1.36246e-10
1.60396e-11
7.60908e-11
1.16823e-12
1.16402e-10
-2.10886e-11
5.85092e-10
-2.3702e-11
2.06317e-09
7.26018e-11
1.10399e-08
1.30291e-09
2.61716e-08
4.13417e-09
1.82403e-08
5.2408e-09
6.47518e-09
2.03574e-09
6.97076e-11
-4.69626e-10
2.16805e-11
-3.32312e-11
6.50607e-12
-1.46841e-12
1.51819e-12
-1.3873e-14
2.00444e-13
-3.38333e-14
1.88219e-14
-7.18052e-15
1.55248e-15
-6.92036e-16
1.25356e-16
-6.46014e-17
7.38765e-18
-5.06073e-18
7.75948e-19
-3.34672e-19
4.65955e-19
-2.73412e-20
-1.75974e-20
4.22718e-19
8.32241e-13
5.81393e-14
6.9981e-12
2.21418e-12
7.23909e-12
1.21295e-12
3.51537e-12
-1.17189e-14
1.07095e-11
-1.09232e-14
5.36581e-11
2.84483e-12
1.71285e-10
4.8958e-11
5.96974e-10
2.14571e-11
1.45325e-09
7.91687e-11
1.99369e-09
9.99006e-11
5.73993e-10
-1.02695e-10
5.50345e-11
-3.608e-11
5.1996e-12
-4.54028e-12
5.18679e-13
-3.51592e-13
9.37976e-14
-9.79174e-15
1.32346e-14
1.0803e-16
1.70149e-15
-2.29637e-16
1.6727e-16
-3.61143e-17
1.02817e-17
-3.65991e-18
5.44184e-19
-2.89797e-19
3.04518e-20
-1.89689e-20
8.29372e-21
-1.22645e-21
-4.85072e-22
8.86406e-21
5.45746e-14
3.56472e-15
5.59639e-13
1.95608e-13
3.90725e-13
9.81804e-14
1.52806e-13
1.53368e-14
1.33121e-13
1.03086e-14
4.90333e-13
4.73073e-14
3.1145e-12
1.67667e-13
2.43884e-11
1.3468e-12
1.03477e-10
4.71392e-12
1.68737e-10
6.03539e-12
4.74656e-11
-5.0857e-12
6.68377e-12
-2.5836e-12
6.6649e-13
-4.12848e-13
5.99927e-14
-3.36991e-14
8.59989e-15
7.37358e-16
1.85291e-15
1.72481e-16
1.78864e-16
-3.8238e-18
1.14446e-17
-1.53764e-18
6.72487e-19
-1.72652e-19
3.50395e-20
-1.38177e-20
1.71343e-21
-8.93687e-22
2.87343e-22
-5.59433e-23
-2.27263e-23
2.842e-22
2.50374e-15
1.53037e-15
3.86411e-14
2.2121e-14
2.69704e-14
1.02154e-14
1.04644e-14
7.22579e-16
1.12957e-14
9.00316e-16
7.16323e-14
5.97718e-15
3.03381e-13
1.78936e-14
1.69667e-12
1.14484e-13
6.54588e-12
3.62898e-13
1.01131e-11
3.75298e-13
3.62064e-12
-3.40868e-13
5.93586e-13
-1.68809e-13
6.86524e-14
-2.56307e-14
1.01281e-14
1.0027e-15
1.99124e-15
4.27734e-16
1.78447e-16
2.82949e-17
1.09883e-17
4.75953e-19
6.76124e-19
-4.6171e-20
3.78796e-20
-6.67289e-21
1.87463e-21
-5.50438e-22
8.75662e-23
-3.51728e-23
1.51811e-23
-2.22435e-24
-2.48878e-24
1.60167e-23
1.20061e-16
3.25504e-16
2.82476e-15
2.64115e-15
1.67629e-15
1.46481e-15
7.69714e-16
5.2061e-16
9.34269e-16
5.93813e-16
6.51118e-15
1.70802e-15
2.97973e-14
2.12448e-15
1.46481e-13
9.47698e-15
4.81212e-13
2.41048e-14
6.94193e-13
2.5886e-14
2.50382e-13
-1.72703e-14
4.34302e-14
-1.02511e-14
7.05346e-15
1.20394e-15
1.53161e-15
4.24129e-16
1.51066e-16
3.86569e-17
1.02612e-17
1.95299e-18
6.25043e-19
6.19484e-20
3.5118e-20
-3.56583e-22
1.81492e-21
-2.00495e-22
8.42337e-23
-1.8074e-23
3.81168e-24
-1.14565e-24
1.39631e-24
-1.04216e-25
-6.62501e-25
2.53886e-24
6.60945e-18
1.65335e-17
2.12937e-16
3.15988e-16
1.19075e-16
1.52723e-16
7.68268e-17
5.48417e-17
1.39677e-16
1.05653e-16
6.94894e-16
3.969e-16
2.20348e-15
6.97718e-16
1.09566e-14
1.53199e-15
3.26252e-14
1.82803e-15
4.43924e-14
1.74502e-15
1.47154e-14
4.63918e-16
3.18752e-15
7.9741e-16
8.89937e-16
2.69156e-16
9.23573e-17
2.87888e-17
7.74974e-18
2.11104e-18
5.4865e-19
1.2092e-19
3.16334e-20
4.64866e-21
1.56329e-21
7.15607e-23
7.3652e-23
-4.42958e-24
3.16786e-24
-5.13516e-25
1.70602e-25
-3.26861e-26
1.02349e-25
-9.76435e-27
-1.81681e-25
1.02158e-24
3.52656e-19
9.36023e-19
1.59747e-17
2.53069e-17
7.78213e-18
1.05946e-17
5.45912e-18
3.31095e-18
1.75516e-17
8.02479e-18
9.96932e-17
4.51335e-17
2.76167e-16
1.52404e-16
9.02888e-16
2.76954e-16
2.04694e-15
4.20792e-16
2.62526e-15
4.42733e-16
1.18201e-15
3.05275e-16
2.87378e-16
1.22436e-16
4.14389e-17
1.40546e-17
4.45491e-18
1.41811e-18
3.8314e-19
1.12264e-19
2.60778e-20
6.54449e-21
1.42367e-21
2.68487e-22
6.48871e-23
6.46466e-24
2.71949e-24
-2.69772e-26
1.06e-25
-1.1689e-26
1.23714e-26
-9.65776e-28
1.23156e-26
-1.15054e-27
-3.38179e-26
3.01702e-25
1.93998e-20
5.60059e-20
1.11487e-18
1.75124e-18
4.80165e-19
6.73127e-19
3.61787e-19
2.16202e-19
1.44033e-18
5.3106e-19
9.92093e-18
3.18593e-18
3.48372e-17
1.23888e-17
9.23549e-17
2.86981e-17
1.66783e-16
5.5749e-17
1.955e-16
5.08333e-17
8.29329e-17
2.221e-17
1.47484e-17
4.76479e-18
1.95327e-18
6.66029e-19
2.08142e-19
7.00041e-20
1.70945e-20
5.44255e-21
1.10363e-21
3.13049e-22
5.71639e-23
1.31004e-23
2.41262e-24
3.64292e-25
8.73785e-26
3.68507e-27
2.92271e-27
-2.8704e-28
7.88626e-28
1.78645e-28
1.91676e-27
6.3327e-29
-4.30545e-27
5.69045e-26
1.0763e-21
3.23656e-21
7.50377e-20
1.18509e-19
2.84865e-20
4.14895e-20
2.27777e-20
1.36247e-20
1.01697e-19
3.53039e-20
7.23085e-19
2.0244e-19
2.72673e-18
7.10334e-19
7.34218e-18
1.78688e-18
1.1577e-17
2.94733e-18
1.21117e-17
2.42592e-18
3.95334e-18
1.00512e-18
6.84601e-19
2.21355e-19
8.83252e-20
3.15679e-20
8.87237e-21
3.20875e-21
6.88975e-22
2.40939e-22
4.21157e-23
1.35208e-23
2.05731e-24
5.60803e-25
7.91615e-26
1.57559e-26
3.33711e-27
3.19282e-28
2.0438e-27
3.38667e-29
-7.51091e-28
1.01388e-28
-1.60662e-28
4.88326e-29
-5.13383e-28
7.69332e-27
5.97267e-23
1.80919e-22
4.85432e-21
7.67778e-21
1.61371e-21
2.44392e-21
1.35759e-21
8.21406e-22
6.67862e-21
2.28251e-21
4.68204e-20
1.28423e-20
1.7168e-19
4.19868e-20
4.44668e-19
1.00435e-19
6.35942e-19
1.46103e-19
5.83974e-19
1.15639e-19
1.81276e-19
4.77685e-20
2.9967e-20
1.02672e-20
3.65622e-21
1.40379e-21
3.45827e-22
1.36763e-22
2.53448e-23
9.8729e-24
1.45758e-24
5.33908e-25
6.44814e-26
2.07906e-26
2.90341e-27
7.3651e-28
1.75408e-27
2.95913e-28
-1.09197e-27
-3.21888e-29
-5.39931e-28
2.59823e-29
-1.37385e-28
1.44206e-29
-7.68991e-29
1.04237e-27
3.28057e-24
9.78094e-24
3.00856e-22
4.77143e-22
8.71421e-23
1.38174e-22
7.65503e-23
4.75218e-23
4.09027e-22
1.40345e-22
2.82344e-21
7.84198e-22
1.00244e-20
2.49489e-21
2.42986e-20
5.6433e-21
3.25798e-20
7.58938e-21
2.63618e-20
5.68757e-21
7.71059e-21
2.20482e-21
1.21037e-21
4.50665e-22
1.39468e-22
5.88678e-23
1.2414e-23
5.48147e-24
8.53513e-25
3.77633e-25
4.44407e-26
1.89521e-26
2.29757e-27
8.8155e-28
1.39523e-27
5.40592e-28
-1.00128e-27
-2.44377e-28
-5.49951e-28
-5.22386e-29
-1.89635e-28
3.73719e-30
-4.47619e-29
2.76993e-30
-1.33559e-29
1.75612e-28
1.76011e-25
5.11139e-25
1.78756e-23
2.85484e-23
4.49942e-24
7.53844e-24
4.09681e-24
2.65301e-24
2.34378e-23
8.2465e-24
1.5895e-22
4.55994e-23
5.4695e-22
1.41691e-22
1.23537e-21
3.05696e-22
1.56811e-21
3.82018e-22
1.12046e-21
2.68584e-22
3.05171e-22
9.73053e-23
4.54065e-23
1.88718e-23
4.93412e-24
2.3499e-24
4.11359e-25
2.08125e-25
2.5754e-26
1.33689e-26
1.5591e-27
7.03643e-28
9.45343e-28
6.13804e-28
-6.84263e-28
-3.40116e-28
-4.49109e-28
-1.53646e-28
-1.71932e-28
-3.085e-29
-4.79652e-29
-1.16296e-31
-9.55864e-30
3.60002e-31
-2.02927e-30
3.05491e-29
9.05024e-27
2.58095e-26
1.01082e-24
1.65102e-24
2.21484e-25
4.0059e-25
2.07687e-25
2.073e-25
1.25773e-24
4.61544e-25
8.34388e-24
2.53908e-24
2.77369e-23
7.63967e-24
5.81969e-23
1.56222e-23
7.03938e-23
1.81158e-23
4.45341e-23
1.21316e-23
1.12382e-23
4.13808e-24
1.57833e-24
7.61613e-25
1.60975e-25
9.01349e-26
1.23365e-26
7.52108e-27
8.04616e-28
4.83847e-28
5.45528e-28
5.39755e-28
-3.37618e-28
-2.77413e-28
-2.89672e-28
-1.89692e-28
-1.30731e-28
-6.31786e-29
-4.10583e-29
-1.23196e-29
-9.29309e-30
-8.89257e-31
-1.43752e-30
3.25613e-32
-2.17025e-31
4.13767e-30
4.51746e-28
1.22587e-27
5.69549e-26
8.96527e-26
1.54735e-26
1.01414e-25
9.20535e-27
1.17371e-25
6.41653e-26
1.25486e-25
4.17913e-25
1.78934e-25
1.31652e-24
6.60238e-25
2.50837e-24
1.83968e-24
2.90406e-24
3.23884e-24
1.71438e-24
1.13917e-24
3.99555e-25
2.33785e-25
5.25896e-26
2.97709e-26
4.98855e-27
3.20092e-27
3.85279e-28
2.45787e-28
2.68935e-28
3.8268e-28
-1.07096e-28
-1.32385e-28
-1.46906e-28
-1.54933e-28
-8.37168e-29
-7.30335e-29
-3.12128e-29
-2.1289e-29
-8.16724e-30
-3.86933e-30
-1.50615e-30
-3.52821e-31
-1.68733e-31
5.87462e-34
-1.25486e-32
3.44233e-31
1.92976e-29
2.997e-27
1.79162e-27
1.14222e-27
2.68982e-27
1.58242e-26
5.9734e-26
1.37272e-25
1.68513e-25
5.08765e-26
1.00208e-26
1.21486e-27
1.06788e-28
8.87129e-29
-9.416e-30
-4.30313e-29
-3.35496e-29
-1.50412e-29
-4.4173e-30
-8.69353e-31
-1.1022e-31
-6.39109e-33
5.42465e-33
1.99059e-05
-3.79584e-06
2.04148e-05
-5.30732e-07
1.80167e-05
2.39804e-06
7.11129e-06
1.09045e-05
-7.35356e-06
-8.20828e-06
-6.45256e-06
-1.40787e-06
-7.79318e-06
3.54217e-06
6.35917e-06
-7.04192e-06
-4.15857e-05
-1.26914e-05
-3.84579e-05
-4.84951e-06
-3.72668e-05
-6.04394e-08
2.53288e-06
-3.6679e-05
-0.000101482
-1.22113e-05
-9.29898e-05
-3.91749e-06
-9.75528e-05
5.00779e-07
2.43199e-06
-0.000103218
-0.000129088
-1.57833e-06
-6.16803e-05
-2.02096e-07
-3.55381e-05
5.48166e-07
7.03645e-07
-2.98195e-05
-7.56107e-06
-3.91957e-08
-7.98279e-06
2.11666e-07
-7.87611e-06
5.21571e-07
7.48304e-07
-8.03983e-06
-6.02807e-06
5.8324e-07
-5.98634e-06
2.50015e-07
-5.9578e-06
5.69421e-07
8.11097e-07
-6.07363e-06
-7.57254e-05
-3.89626e-06
-4.90171e-06
1.55444e-06
-4.59046e-06
2.31154e-07
4.56705e-07
-4.24778e-06
-0.000105454
-1.31183e-05
-9.11928e-05
-8.91657e-06
-6.76376e-05
-1.26792e-06
1.19193e-06
-2.9264e-05
-9.02559e-05
-1.56264e-06
-9.02934e-05
-4.16916e-06
-7.69543e-05
-4.03147e-06
-6.83068e-06
-5.86128e-05
-2.07913e-06
-3.68094e-08
-6.23258e-06
-1.37734e-08
-1.48135e-05
-4.97637e-08
-2.30917e-07
-2.16208e-05
-3.05564e-08
-4.27371e-08
-2.8462e-08
-1.63563e-08
-6.42337e-08
-1.74273e-08
-7.2816e-09
-2.89239e-07
-7.04195e-08
-5.50887e-08
-3.33408e-08
-5.60335e-08
-8.0873e-09
-4.87618e-08
-1.37055e-08
-2.08466e-09
-6.67853e-08
-3.46989e-08
-6.32381e-08
-4.36004e-08
-4.0514e-08
-5.55058e-08
-4.83841e-08
-4.37147e-08
-6.72232e-09
-1.00466e-15
-1.69868e-08
-2.52593e-13
-2.90999e-08
-1.24261e-08
-2.25902e-08
-3.07511e-08
5.88113e-17
-7.67004e-16
1.45486e-15
-2.53705e-13
5.99818e-11
-2.99332e-11
-4.56086e-11
-2.15691e-10
1.14205e-15
-6.78522e-16
1.93411e-13
-6.56335e-13
9.17613e-13
-2.9898e-11
-4.53736e-11
1.37127e-12
7.65464e-16
-6.55223e-16
6.94118e-12
-2.53682e-12
2.32077e-11
-3.11436e-11
-3.60949e-11
8.66623e-12
4.44093e-16
-6.60057e-16
9.77294e-12
-6.74317e-16
1.4336e-11
-7.85699e-12
-2.09126e-11
1.6392e-11
2.95921e-16
-6.44947e-16
3.09644e-16
-6.97623e-16
3.27089e-12
-8.15527e-16
-7.95812e-16
9.60711e-12
3.35565e-16
-6.36055e-16
3.03893e-16
-6.78994e-16
2.68962e-16
-7.95725e-16
-7.77964e-16
2.35709e-16
4.36134e-16
-6.69418e-16
3.97741e-16
-7.7189e-16
3.18842e-16
-7.63379e-16
-7.48945e-16
2.74417e-16
5.49527e-16
-6.09726e-16
5.43494e-16
-6.61001e-16
4.92672e-16
-6.07703e-16
-5.86856e-16
4.35437e-16
5.4942e-16
-3.58055e-16
5.26019e-16
-3.70843e-16
4.81566e-16
-3.56046e-16
-2.92599e-16
3.66673e-16
2.74167e-16
-8.91944e-17
2.52558e-16
-8.66742e-17
2.11153e-16
-7.69569e-17
-5.57775e-17
1.38579e-16
6.56187e-17
-1.10767e-17
5.76111e-17
-1.03633e-17
4.38101e-17
-8.38132e-18
-5.27548e-18
2.55854e-17
8.53291e-18
-4.69216e-19
7.03959e-18
-4.22905e-19
4.73223e-18
-3.29143e-19
-2.15498e-19
2.45272e-18
3.80687e-19
-9.39052e-21
3.01336e-19
-9.41219e-21
1.99232e-19
-9.07355e-21
-7.83787e-21
1.16501e-19
8.68298e-21
-3.0723e-22
8.09477e-21
-3.66954e-22
7.08571e-21
-4.06426e-22
-4.39695e-22
5.90266e-21
3.49884e-22
-1.67658e-23
3.86861e-22
-2.5753e-23
4.02607e-22
-4.31782e-23
-6.98293e-23
4.35586e-22
2.4919e-23
-2.97182e-24
3.94891e-23
-6.24173e-24
6.58189e-23
-1.40145e-23
-2.72813e-23
1.11325e-22
6.13771e-24
-1.03158e-24
1.28907e-23
-2.29654e-24
2.6946e-23
-5.32029e-24
-1.03838e-23
5.13683e-23
2.41684e-24
-2.95964e-25
5.10743e-24
-6.48631e-25
1.04944e-23
-1.45422e-24
-2.67412e-24
1.91423e-23
6.84559e-25
-5.47873e-26
1.39274e-24
-1.17116e-25
2.72321e-24
-2.54048e-25
-4.37696e-25
4.67577e-24
1.24919e-25
-7.16141e-27
2.45102e-25
-1.518e-26
4.57267e-25
-3.22851e-26
-5.32165e-26
7.4236e-25
1.66341e-26
-9.34637e-28
3.18841e-26
-2.00832e-27
5.72584e-26
-4.16771e-27
-6.69669e-27
8.91912e-26
2.25928e-27
-1.52675e-28
4.26372e-27
-3.21797e-28
7.29442e-27
-6.20958e-28
-1.0037e-27
1.1061e-26
3.6876e-28
-2.63908e-29
6.50667e-28
-4.99252e-29
1.03131e-27
-9.07111e-29
-1.6344e-28
1.59171e-27
5.78657e-29
-3.55888e-30
8.8293e-29
-5.66365e-30
1.37049e-28
-1.13166e-29
-2.37387e-29
2.42497e-28
6.39618e-30
-2.97195e-31
8.17534e-30
-3.99073e-31
1.49432e-29
-1.0948e-30
-2.01976e-30
3.00058e-29
3.88185e-31
-1.14015e-32
4.05218e-31
-1.49777e-32
1.05789e-30
-4.03395e-32
-6.73363e-32
1.66894e-30
4.75832e-33
4.47264e-33
1.0422e-32
1.38574e-32
1.28471e-05
2.68114e-05
4.54791e-06
-2.5893e-05
-2.27924e-05
-7.0177e-06
-1.20442e-05
1.16866e-05
-1.67749e-05
6.03668e-06
-1.69623e-05
-6.61992e-07
-2.529e-05
-8.96168e-06
-8.93925e-06
1.10239e-06
-4.36575e-05
1.56521e-05
-0.000106016
3.11992e-05
-8.22916e-05
-2.60913e-06
-5.91715e-05
-6.60784e-07
-5.04797e-05
-2.93151e-07
-4.25791e-05
-2.87053e-07
-2.08887e-05
-1.37502e-07
2.75992e-07
-4.77678e-08
8.38567e-07
-2.3924e-07
4.81287e-08
-5.08538e-10
-7.77931e-09
7.16729e-06
1.26003e-05
-1.27895e-05
-5.93837e-06
-2.06718e-05
1.67806e-05
-6.91357e-06
1.22072e-05
-8.37294e-06
5.97616e-06
-1.19941e-05
-6.84944e-07
-2.32336e-05
-9.15808e-06
-1.09704e-05
8.08159e-06
-3.9263e-05
3.03734e-05
-5.52649e-05
1.06371e-05
-7.3174e-07
-1.40632e-05
3.72811e-08
-1.63978e-06
1.27447e-07
-5.27631e-07
1.55364e-07
-3.5635e-07
4.3867e-08
-2.35111e-08
1.18102e-08
-7.86752e-09
1.13172e-08
-2.38926e-07
7.72026e-09
-1.21135e-08
-5.90529e-11
-3.70306e-05
1.29497e-05
-4.49228e-05
1.84059e-05
-1.18691e-05
1.07036e-05
-1.05925e-05
9.13365e-06
-1.04867e-05
4.35049e-06
-1.99716e-05
-4.88846e-06
-2.15242e-05
-6.89394e-06
-1.66445e-05
3.74119e-06
-7.25533e-06
1.61765e-05
9.40059e-07
4.36251e-07
8.37397e-07
-9.15658e-06
2.89098e-07
-1.00187e-06
3.79336e-07
-8.27847e-07
4.15248e-07
2.28045e-07
3.94667e-09
1.60985e-07
-5.84881e-09
8.8325e-08
-9.29304e-08
-1.06658e-07
2.41085e-08
-1.70234e-07
2.40494e-08
-7.21236e-05
1.33212e-05
-2.37479e-05
1.409e-05
-1.84188e-05
3.9191e-06
-1.82409e-05
7.47348e-06
-2.9355e-05
5.02656e-06
-3.36377e-05
6.41842e-08
-3.50121e-05
-4.89395e-06
-2.35566e-05
-7.00287e-06
1.04432e-06
-2.56784e-07
8.46782e-06
-2.52068e-06
5.78316e-06
-9.10854e-06
6.42503e-06
-7.82661e-06
5.5833e-06
-2.38912e-05
7.53125e-07
-6.87927e-06
-8.43689e-09
5.31841e-07
-2.60687e-08
1.95007e-07
-1.80753e-07
7.73468e-08
-1.61586e-07
-1.59504e-07
-1.07729e-08
-2.40565e-05
2.14383e-07
-2.05294e-05
1.41836e-06
-3.43327e-05
8.07539e-06
-3.88097e-05
9.56199e-06
-4.07732e-05
7.51515e-06
-4.15545e-05
1.3971e-06
-2.23709e-05
-4.04649e-06
-1.82471e-05
-8.09453e-06
7.20034e-07
-2.35458e-05
1.03321e-05
-2.08566e-05
1.83773e-05
-3.48436e-05
2.20538e-05
-3.85753e-05
2.0535e-05
-4.78058e-05
4.29327e-07
-1.25699e-05
-8.0972e-08
1.0508e-06
3.65984e-08
3.84169e-07
-2.15161e-08
4.20301e-08
-1.69044e-07
-6.72348e-09
-2.74267e-10
-1.0301e-05
1.77895e-06
-3.72217e-05
4.73919e-06
-3.93812e-05
5.38964e-06
-3.6331e-05
2.22675e-06
-6.85707e-06
-1.141e-06
-3.88077e-06
-3.15936e-06
-2.48083e-06
-6.73711e-06
4.04282e-06
-3.10395e-05
1.75285e-05
-5.40857e-05
1.97862e-05
-5.15693e-05
2.23575e-05
-6.40067e-05
2.36787e-05
-4.55646e-05
6.89593e-06
-7.45339e-07
4.63374e-07
-4.46676e-06
-1.84815e-07
1.18449e-06
-2.73916e-08
3.78189e-07
6.81204e-09
1.8758e-08
-7.23829e-13
1.31318e-10
-2.74991e-10
-7.56942e-06
3.10574e-06
-1.44288e-05
2.10076e-06
-1.51676e-05
4.35269e-07
-7.41095e-06
-2.69361e-06
-2.71621e-06
-1.51621e-06
7.27422e-07
-6.91164e-06
6.68476e-06
-1.6823e-05
1.1686e-05
-4.87935e-05
1.51606e-05
-5.20227e-05
1.66031e-05
-4.74741e-05
7.71406e-06
-8.25474e-06
3.59168e-07
-2.23869e-07
-1.22096e-07
-2.82614e-07
2.14539e-07
-1.79562e-06
-9.75291e-09
9.52864e-07
4.84229e-09
1.72035e-07
1.05002e-09
2.3806e-08
-1.3196e-10
1.94676e-09
-4.25667e-11
-3.66807e-06
2.41248e-06
-3.14651e-06
1.41022e-06
-1.95907e-06
-9.99888e-07
-4.62946e-07
-4.39491e-06
1.98252e-06
-8.40428e-06
9.85397e-06
-3.7928e-05
1.11206e-05
-3.73755e-05
1.39103e-05
-4.4564e-05
1.24177e-05
-4.00797e-05
8.41975e-06
-3.26361e-06
2.02126e-07
-1.65067e-08
-2.16363e-08
-1.37671e-10
-5.58741e-07
-9.08043e-09
-8.0112e-07
-8.27748e-07
-5.54524e-10
3.59197e-07
1.76716e-08
1.59636e-07
5.35602e-09
3.79723e-08
3.19153e-09
4.70975e-09
8.04644e-09
-3.06777e-06
1.63564e-06
-6.49753e-07
-1.25478e-06
8.99923e-07
-4.82265e-06
5.3964e-06
-2.64638e-05
4.27548e-06
-2.58534e-05
6.80137e-06
-2.65227e-05
7.36988e-06
-2.41098e-05
7.36643e-06
-4.66264e-06
3.28007e-06
-4.83375e-08
1.64946e-08
-2.7101e-11
-2.45577e-12
-7.9864e-12
-1.29175e-10
-1.41987e-11
-8.84289e-09
-3.97281e-10
-2.36807e-07
-1.26511e-10
1.2292e-06
-1.09025e-06
1.64928e-06
-6.54104e-07
4.46986e-07
2.01568e-07
3.19838e-08
4.20693e-07
4.00303e-08
-1.6523e-05
-1.85413e-05
-4.07581e-06
-9.0697e-06
-2.44341e-06
-1.51548e-05
-2.05015e-06
-1.69129e-05
-1.51713e-06
-1.63162e-05
3.24136e-07
-6.84095e-06
2.91582e-06
-6.19227e-11
4.81459e-08
-1.99115e-10
-1.47353e-12
-1.89709e-10
-1.41161e-12
-2.5444e-11
-9.55617e-13
-7.15775e-12
4.64966e-12
-2.65234e-11
5.33512e-11
-4.53542e-10
3.00459e-10
-4.07208e-10
9.66327e-07
-2.58357e-10
2.14667e-06
-1.21567e-06
3.02771e-06
-8.44481e-08
1.80006e-07
2.64568e-06
2.20036e-07
-2.43374e-05
-2.78443e-06
-1.7102e-05
-1.32668e-06
-1.2103e-05
-5.17538e-06
-6.4301e-06
-1.94023e-11
-3.31705e-07
-2.27994e-11
-4.34931e-13
-3.99958e-11
-5.86216e-12
-3.20665e-11
-1.14574e-11
-1.17665e-10
-1.21497e-11
-2.35792e-10
-1.70704e-12
-7.21482e-11
-7.94085e-13
-5.26299e-12
-5.14059e-12
-4.81951e-11
1.7298e-10
-1.3443e-09
6.46517e-10
-2.87075e-09
3.02537e-10
-5.98112e-10
1.45494e-06
-3.91867e-07
2.12326e-06
-1.34e-07
7.13053e-07
2.89612e-06
6.73321e-07
-3.0475e-06
-2.66635e-08
-1.50578e-06
-4.03175e-11
-3.80086e-12
-5.01847e-11
-3.0861e-12
-1.05177e-11
-3.88318e-12
-1.29134e-11
-9.42119e-12
-2.48585e-11
-9.09958e-12
-8.30506e-11
-4.1199e-11
-1.54331e-10
-7.16443e-11
-1.5676e-10
-1.18476e-11
-1.31705e-10
-1.10008e-11
-2.73513e-12
-3.24738e-11
-2.83045e-11
-1.3145e-09
-9.32439e-10
1.27939e-10
-3.4065e-09
2.56572e-09
-4.64883e-09
3.63286e-07
-3.06798e-08
1.02279e-06
-1.47091e-07
1.43585e-07
1.75722e-06
4.9218e-07
-1.02517e-11
-2.873e-08
-7.9259e-12
-3.69159e-11
-5.47886e-12
-4.41903e-11
-2.68168e-12
-4.82948e-12
1.06958e-12
-7.93648e-12
-3.15053e-12
-1.47914e-11
-2.90034e-11
-3.82613e-11
-3.79513e-11
-6.20794e-11
-3.38304e-11
-9.75911e-11
-8.12992e-12
-4.94772e-13
-8.40232e-12
-1.16248e-12
-2.19732e-11
-8.82724e-12
-1.37663e-10
-1.15453e-10
9.28514e-10
-1.21329e-09
4.93248e-09
-3.60219e-09
-3.42959e-08
-2.33067e-08
-4.39604e-07
-6.31275e-09
-1.98797e-07
1.82444e-07
1.00124e-07
-3.41794e-10
-8.72195e-08
-1.90966e-11
-3.51677e-10
-5.8618e-12
-5.11738e-11
-9.45952e-13
-1.78484e-12
-1.23412e-12
-9.19044e-14
-2.16741e-13
-3.32195e-14
-1.96326e-12
-3.05459e-14
-1.77145e-11
-3.64157e-14
-1.03906e-13
-7.00926e-14
-3.72777e-13
-2.20571e-13
2.23941e-13
-8.83072e-13
2.8605e-12
-4.62195e-13
-2.52756e-11
-4.72787e-12
-1.17674e-09
-9.8045e-11
-4.3298e-09
-8.42845e-10
-6.36347e-08
-6.31994e-09
-1.53759e-07
-3.78419e-10
-4.30908e-08
2.47394e-08
3.0578e-08
-4.47504e-09
-8.2242e-08
-1.14582e-10
-4.35409e-09
-3.26434e-11
-8.71754e-10
-4.52641e-13
-2.70717e-10
-2.93558e-15
-5.38055e-13
-3.64543e-15
-2.89212e-14
-4.77178e-15
-2.5625e-14
-6.66634e-15
-3.09327e-14
-3.92629e-14
-3.39445e-14
-2.28558e-13
-3.16185e-14
-8.67172e-14
-8.92124e-14
-3.25845e-13
-1.6104e-13
-4.74081e-12
-2.82879e-13
-9.87974e-11
-5.87103e-12
-9.19541e-10
-5.8315e-11
-1.00011e-08
-3.0235e-10
-2.66211e-08
-1.22607e-10
-1.90813e-08
2.52271e-09
3.72545e-08
-6.3833e-10
-2.02394e-11
-3.25946e-11
-4.68125e-09
-9.78712e-12
-1.7964e-09
-1.37982e-13
-4.51346e-10
-5.39719e-15
-9.51806e-13
-3.02161e-15
-2.75022e-14
-4.25267e-15
-2.01648e-14
-5.46556e-15
-2.59252e-14
-9.12853e-15
-2.6943e-14
-1.02458e-14
-4.56675e-14
-4.28863e-14
-8.17772e-14
-4.36457e-14
-1.21217e-13
-1.09644e-13
-1.69152e-13
1.90519e-12
-4.5332e-12
7.64223e-12
-5.59565e-11
-2.48179e-10
-5.70136e-11
-6.83169e-10
9.1208e-11
-2.01219e-08
6.39274e-09
6.12787e-09
9.07931e-13
-2.12779e-11
5.38719e-10
-4.55126e-12
-1.61912e-11
-7.20819e-10
-6.25856e-12
-4.26e-10
-3.3044e-14
-1.48915e-11
-3.34467e-15
-5.13307e-14
-4.50883e-15
-1.44212e-14
-6.17316e-15
-2.77103e-14
-9.45545e-15
-3.37484e-14
-1.54595e-14
-5.06277e-14
-2.7401e-14
-7.14146e-14
3.22969e-15
-8.71035e-14
9.48074e-15
-1.08397e-13
-9.49934e-12
-1.73819e-13
1.02325e-11
-4.99078e-12
2.7054e-10
-1.44777e-12
-2.44355e-09
2.79696e-10
-3.71647e-10
-9.33735e-11
-1.46002e-10
3.12459e-12
-3.52455e-11
1.38477e-13
-1.17564e-12
1.23334e-11
-1.26667e-13
8.45642e-12
-3.10649e-14
-2.41697e-13
-1.38246e-11
-5.71108e-15
-3.22325e-13
-3.82032e-15
-1.0338e-14
-5.72435e-15
-2.58296e-14
-8.665e-15
-3.39955e-14
-1.19608e-14
-4.32293e-14
-1.17396e-14
-4.90811e-14
-1.56364e-14
-8.56812e-14
-1.51206e-14
-1.05197e-13
-4.10969e-14
-1.27686e-13
-4.80521e-12
-2.08038e-13
8.97193e-11
1.58126e-12
-3.77284e-09
3.02685e-10
-2.24215e-10
-3.03216e-09
-5.33648e-10
1.01775e-12
-2.89183e-11
1.04598e-13
-2.51573e-13
3.35214e-15
-3.40295e-14
4.41577e-16
-3.67628e-14
-2.06794e-13
-5.89514e-12
-2.43326e-15
-3.39325e-13
-3.9591e-15
-9.91597e-15
-5.30543e-15
-2.39401e-14
-6.2315e-15
-3.44082e-14
-1.86179e-14
1.2984e-15
-7.51242e-15
-6.91329e-14
-5.86422e-15
-9.1071e-14
1.76756e-15
-4.09222e-13
3.83001e-16
-9.65459e-14
-1.4376e-13
-3.52106e-14
-1.92463e-12
3.029e-12
-1.3999e-09
4.29122e-10
-1.71818e-10
-3.65277e-09
-8.04027e-10
2.40338e-13
-3.02841e-15
7.49132e-15
-1.983e-14
1.07004e-15
-3.94658e-14
-1.78801e-14
-2.24357e-14
-3.57561e-14
-4.50958e-15
-1.93867e-15
-4.72465e-15
-3.55995e-15
-9.63499e-15
-4.50364e-15
-2.40246e-14
-6.11747e-15
-4.5314e-14
-1.91929e-13
1.54795e-13
-3.06827e-14
-4.74197e-13
-7.11925e-15
-1.28246e-13
2.22924e-14
-5.53738e-13
1.03417e-14
-1.01451e-13
8.59128e-16
-4.25761e-14
1.00528e-12
2.00616e-12
-1.40111e-10
2.96021e-10
-1.31721e-10
-3.05351e-09
-2.73395e-10
1.62192e-16
-2.99223e-15
1.01327e-15
-2.24811e-14
6.10416e-16
-3.24073e-14
-1.0798e-16
-2.23541e-14
-2.40367e-16
-3.82633e-15
-1.08553e-15
-3.28217e-15
-2.38331e-15
-9.68315e-15
-1.82513e-15
-6.39155e-14
3.20766e-14
-1.74471e-13
-3.54543e-12
2.85022e-12
-6.20743e-13
-7.73913e-11
-1.74555e-13
-7.42601e-13
-1.33435e-14
-2.32315e-13
-6.3201e-16
-9.95708e-14
2.40073e-13
-2.80581e-13
-1.23124e-11
1.4269e-11
-2.76824e-10
1.52288e-10
-4.5303e-10
-2.13172e-09
-3.83324e-16
3.40133e-16
-1.29352e-15
2.49756e-15
-5.49557e-16
1.11329e-15
-1.04639e-15
-3.96991e-17
-5.56608e-16
-1.70725e-16
-7.56934e-16
-3.5228e-16
-2.4465e-15
-6.37845e-15
-8.62721e-15
7.90749e-14
-1.66024e-13
1.75944e-12
-1.96566e-12
-4.3712e-11
-5.08953e-11
-3.77696e-11
-3.49105e-10
-2.66515e-13
-9.44773e-11
-1.14753e-13
-3.52506e-13
5.10831e-13
-7.22135e-13
1.02217e-11
-1.026e-11
-1.54314e-09
1.7003e-10
-4.39828e-10
1.44924e-11
-2.67702e-15
-5.60316e-15
-3.06034e-15
1.25558e-16
-8.2857e-16
4.91704e-17
-3.44899e-16
3.60424e-17
-2.53102e-16
8.21859e-18
-3.05467e-16
-3.69455e-17
-5.00003e-16
-2.29745e-16
-2.15409e-15
6.35083e-15
-3.6261e-15
4.31551e-13
-1.28025e-13
-6.23441e-12
-1.17757e-11
-9.88907e-11
-1.77676e-10
-8.51543e-11
-3.47173e-10
-1.87904e-12
-1.73892e-10
-1.14258e-12
-1.0186e-12
4.27841e-14
-1.90169e-12
4.80703e-14
-1.24761e-11
-2.11295e-09
9.91308e-11
-1.80273e-14
-7.38766e-14
-1.23623e-15
-2.78972e-14
-4.29657e-15
9.32418e-17
-2.76421e-16
3.5667e-17
-5.43958e-17
1.89909e-17
-3.90699e-17
1.82846e-17
-6.84384e-17
-1.41082e-17
-3.70098e-16
-1.71839e-16
-1.97364e-15
-6.4716e-16
-3.14614e-15
1.06637e-13
-2.36336e-13
-3.34495e-11
-1.88071e-11
-1.18696e-10
-3.36318e-10
-1.32162e-10
-3.18037e-10
-1.06115e-11
-2.41096e-10
-3.53349e-12
-8.05192e-12
-8.56033e-12
-3.12927e-12
-7.34534e-11
-1.31577e-11
-6.99073e-15
-6.28073e-12
-2.40887e-14
-5.22065e-14
-1.23803e-14
-4.50727e-14
-1.66769e-14
2.06155e-17
-4.68373e-17
5.81423e-18
-1.02232e-17
3.94089e-18
-1.04932e-17
9.02467e-18
-4.95216e-17
1.58471e-17
-4.06998e-16
-1.0103e-16
-1.87071e-15
-9.97471e-16
-2.28016e-15
-1.10757e-13
-1.28867e-13
-2.24131e-11
-1.68402e-11
-1.13679e-10
-1.95359e-10
-1.40913e-10
-2.75135e-10
-7.95773e-11
-2.78337e-10
-6.5757e-12
-8.10525e-11
-1.30654e-11
-1.86282e-13
-1.1494e-11
-1.06294e-13
-5.44858e-13
-3.09562e-13
-2.90849e-13
-2.86137e-13
-2.72285e-13
-1.90632e-13
-2.88962e-13
3.81186e-18
-4.18106e-18
1.67213e-18
-1.721e-18
1.8006e-18
-3.70747e-18
1.2244e-17
-5.07175e-17
6.14383e-17
-6.91286e-16
-1.16849e-17
-1.98749e-15
-7.2301e-16
-1.74678e-15
2.52431e-14
-1.55428e-13
1.11526e-12
-1.6809e-11
-5.29236e-11
-7.34302e-12
-1.09435e-10
-1.92247e-10
-1.26283e-10
-2.36576e-10
-1.91566e-11
-1.69833e-10
-2.07825e-13
-2.01134e-11
-1.77253e-13
-1.1152e-12
-1.1753e-12
-2.89857e-13
-1.716e-12
-1.55598e-11
-1.28356e-11
7.91226e-12
-1.31246e-11
5.01989e-19
-2.42488e-19
3.34792e-19
-3.15031e-19
1.32354e-18
-2.46483e-18
2.03931e-17
-6.96701e-17
1.55308e-16
-9.11793e-16
1.22804e-16
-1.93744e-15
-2.93875e-16
-1.79882e-15
-4.71059e-13
-2.25116e-15
2.43067e-13
-9.66804e-17
-7.09981e-12
-1.40765e-16
-3.74006e-11
-5.53354e-14
-7.41211e-11
-8.88517e-12
-1.85547e-11
-5.98689e-11
-7.68983e-12
-8.49503e-11
-1.79498e-13
-1.29569e-11
-1.17784e-12
-3.92192e-13
-7.60327e-11
-8.27091e-12
-1.70382e-10
-2.23945e-09
-1.83504e-10
5.89006e-20
-1.75484e-20
1.14235e-19
-1.22607e-19
1.32006e-18
-2.09936e-18
3.18934e-17
-6.77083e-17
1.61266e-16
-8.43742e-16
2.52104e-16
-1.80757e-15
1.73347e-16
-1.75776e-15
5.04243e-17
-9.81064e-16
1.00779e-19
-4.01397e-17
-1.39448e-16
-3.91671e-18
-5.18993e-14
-3.56926e-15
-8.89038e-12
-4.39013e-14
-1.73386e-11
-3.43159e-14
-6.45396e-12
-5.26689e-11
-1.83175e-12
-4.95838e-11
4.36046e-13
-4.85847e-12
-7.77579e-12
-2.58035e-13
-3.24413e-09
-2.36786e-09
-5.04218e-08
5.25341e-21
-2.37614e-21
7.81936e-20
-7.74389e-20
1.33293e-18
-1.69696e-18
3.65676e-17
-5.4593e-17
2.87834e-16
-5.48774e-16
3.62641e-16
-1.59582e-15
3.34596e-16
-1.46489e-15
9.3519e-17
-9.56903e-16
2.87277e-18
-1.86308e-16
3.51186e-19
-3.30195e-18
9.78397e-17
-1.19724e-14
1.18325e-16
-5.21498e-14
8.95648e-16
-4.27554e-14
3.85042e-12
-2.69907e-14
5.16642e-12
-3.02822e-12
8.17459e-13
-4.4634e-12
5.88289e-13
-2.32437e-13
-9.11643e-10
-2.49412e-14
-6.14528e-08
1.72155e-21
-1.00527e-21
5.77469e-20
-4.17089e-20
1.10311e-18
-9.14927e-19
2.66976e-17
-2.08171e-17
1.88937e-16
-2.0202e-16
3.83632e-16
-7.67734e-16
3.80673e-16
-8.6571e-16
1.63249e-16
-6.66527e-16
2.59125e-17
-1.81174e-16
2.58257e-17
-1.96805e-18
4.656e-15
-3.80241e-14
6.29056e-15
-1.2142e-13
4.57225e-15
-1.0627e-13
3.63998e-15
-6.08377e-14
5.41999e-13
-4.12921e-14
4.65089e-13
-2.72084e-14
8.95621e-14
-2.40454e-13
4.79319e-14
-6.29873e-15
-3.76414e-15
9.65208e-22
-3.72965e-22
3.15403e-20
-1.91284e-20
5.64865e-19
-3.86138e-19
9.75216e-18
-6.50518e-18
7.44481e-17
-5.7658e-17
1.7221e-16
-1.97785e-16
1.70468e-16
-2.26674e-16
1.05738e-16
-1.91298e-16
3.64789e-17
-7.76122e-17
3.55553e-17
-5.67394e-19
8.09548e-15
-3.88107e-14
1.38874e-14
-1.21577e-13
1.0769e-14
-1.22963e-13
3.92189e-15
-8.86963e-14
3.25494e-15
-3.87338e-14
4.25596e-15
-2.60659e-14
7.39308e-14
-2.13479e-13
1.66842e-15
-3.98644e-14
-2.09572e-15
3.58705e-22
-1.14685e-22
1.47265e-20
-6.58728e-21
2.47742e-19
-1.49544e-19
3.23779e-18
-1.84523e-18
2.16872e-17
-1.18585e-17
4.43364e-17
-3.74372e-17
4.26349e-17
-4.24119e-17
2.72443e-17
-3.53381e-17
1.11393e-17
-1.36873e-17
1.07256e-17
-8.33594e-20
9.69482e-15
-2.53014e-14
1.18238e-14
-8.50411e-14
8.61074e-15
-9.27228e-14
4.36232e-15
-9.08031e-14
2.24062e-15
-3.95743e-14
2.82175e-15
-2.43297e-14
2.84468e-14
-6.4009e-14
2.60105e-15
-2.47608e-14
-9.30834e-16
1.10359e-22
-2.97999e-23
5.0427e-21
-1.76008e-21
9.39023e-20
-3.04223e-20
8.8447e-19
-2.48779e-19
4.286e-18
-1.34968e-18
8.12319e-18
-4.80619e-18
7.46012e-18
-5.9192e-18
4.36374e-18
-4.96349e-18
1.65714e-18
-1.92917e-18
1.59484e-18
-1.42938e-20
3.67068e-15
-3.88923e-15
6.57947e-15
-1.47064e-14
5.30206e-15
-3.56708e-14
3.94592e-15
-5.32599e-14
1.67983e-15
-2.54413e-14
1.84582e-15
-2.24133e-14
3.4131e-15
-2.6535e-15
1.08665e-15
-1.66898e-15
-2.15487e-16
2.92742e-23
-6.35983e-24
1.30746e-21
-3.0246e-22
1.73024e-20
-4.10266e-21
1.08838e-19
-2.14479e-20
4.68415e-19
-1.06267e-19
1.03571e-18
-4.5953e-19
9.39617e-19
-6.33427e-19
5.41698e-19
-5.21086e-19
1.75272e-19
-2.1215e-19
1.66588e-19
-6.35222e-21
4.25421e-16
-1.13216e-16
9.22275e-16
-4.18567e-16
1.4529e-15
-1.65832e-15
1.56627e-15
-6.50956e-15
8.61994e-16
-3.28059e-15
1.02334e-15
-7.83745e-15
7.98167e-17
-2.17254e-15
6.74811e-17
-1.13898e-15
-1.25194e-16
6.4561e-24
-1.21455e-24
2.1638e-22
-4.79517e-23
2.23697e-21
-6.3928e-22
9.25875e-21
-3.94847e-21
3.69355e-20
-1.91528e-20
9.68375e-20
-5.55927e-20
8.97421e-20
-5.66534e-20
4.96362e-20
-3.77376e-20
8.42075e-21
-1.0719e-20
9.07026e-22
-1.39256e-22
1.09765e-17
1.03911e-21
2.35642e-17
1.15743e-21
6.89197e-17
5.41591e-22
1.60029e-16
-2.01683e-16
8.53856e-17
-1.21726e-16
2.2382e-16
-1.41233e-15
5.60493e-17
-1.07732e-15
1.43386e-17
-8.32738e-16
-8.56155e-17
1.2955e-24
-2.80321e-25
3.50286e-23
-1.16923e-23
4.07363e-22
-2.93364e-22
1.89866e-21
-1.87304e-21
6.01806e-21
-4.85531e-21
8.64736e-21
-4.50685e-21
6.78796e-21
-2.67157e-21
2.67707e-21
-7.85421e-22
8.24446e-22
1.00959e-22
1.69827e-24
6.83492e-22
-1.21735e-22
8.666e-22
-1.0322e-22
7.17994e-22
-3.73264e-23
4.57139e-22
4.95722e-18
2.43287e-22
2.85122e-18
1.13209e-22
3.27532e-17
-1.57517e-16
1.97778e-17
-5.49028e-17
1.04883e-17
-3.52086e-16
-4.36516e-17
3.22835e-25
-1.06745e-25
8.69005e-24
-3.96755e-24
1.89437e-22
-1.69096e-22
7.33076e-22
-7.54154e-22
8.89025e-22
-7.09857e-22
5.11666e-22
-3.31869e-22
1.78322e-22
3.17955e-26
7.10767e-23
6.07967e-23
-1.62326e-23
2.99227e-22
-9.04529e-23
4.87263e-22
-9.10314e-23
4.64718e-22
-5.88138e-23
3.21979e-22
-2.9625e-23
1.7874e-22
-1.26408e-23
8.49859e-23
-5.02441e-24
3.55893e-23
3.02803e-18
-5.48635e-18
7.3325e-19
-1.5793e-18
2.98252e-18
-1.12972e-16
-9.35873e-18
1.19692e-25
-4.45571e-26
2.63244e-24
-1.09914e-24
8.63356e-23
-6.6376e-23
1.53265e-22
-7.96951e-23
8.38239e-23
-4.64921e-23
3.93427e-23
4.82636e-24
-6.2018e-27
4.03204e-23
-1.00778e-23
6.82648e-23
-4.11319e-23
1.82098e-22
-5.43405e-23
2.30475e-22
-4.142e-23
1.78266e-22
-2.28538e-23
1.02779e-22
-1.02013e-23
4.86826e-23
-3.92582e-24
2.01591e-23
-1.37625e-24
7.39918e-24
8.33761e-20
1.89879e-24
1.68434e-20
2.997e-25
6.74619e-19
-2.1354e-17
-1.29054e-18
4.10497e-26
-1.27601e-26
5.69055e-25
-1.78858e-25
1.37856e-23
-3.43751e-24
1.10684e-23
-3.43555e-24
5.59222e-24
-1.18306e-24
-9.24005e-25
1.60558e-23
-6.4888e-24
2.53414e-23
-9.12022e-24
3.27931e-23
-1.99078e-23
7.55118e-23
-2.05043e-23
7.47112e-23
-1.28453e-23
4.49671e-23
-5.99537e-24
2.05469e-23
-2.30513e-24
7.90934e-24
-7.74261e-25
2.72943e-24
-2.32235e-25
8.44926e-25
-4.41761e-26
1.89491e-25
-4.69981e-27
2.64584e-26
6.91647e-20
-2.06525e-18
-9.94413e-20
8.274e-27
-1.85522e-27
6.47127e-26
-1.37193e-26
4.75315e-25
-7.27983e-26
3.34881e-25
-5.21741e-26
1.0654e-25
-1.0859e-26
-2.30913e-24
6.98151e-24
-3.00231e-24
7.6607e-24
-3.19736e-24
8.92276e-24
-6.05874e-24
1.96812e-23
-4.93569e-24
1.42489e-23
-2.43177e-24
6.06945e-24
-9.06724e-25
1.95656e-24
-2.83672e-25
5.33134e-25
-7.89846e-26
1.31592e-25
-1.95374e-26
2.9346e-26
-3.15197e-27
4.99812e-27
-2.78779e-28
5.4414e-28
2.92816e-21
-8.53633e-20
-2.92817e-21
7.04179e-28
-7.83346e-29
2.78487e-27
-1.70339e-28
6.46542e-27
-1.3584e-28
2.36544e-27
-6.10463e-29
6.08718e-28
-5.86729e-30
-6.21202e-25
1.43993e-24
-5.59444e-25
8.53787e-25
-5.40155e-25
9.49887e-25
-9.90598e-25
2.44384e-24
-5.94123e-25
1.14438e-24
-2.07674e-25
2.86191e-25
-5.465e-26
5.13956e-26
-1.20646e-26
7.36725e-27
-2.39161e-27
8.98797e-28
-4.20405e-28
9.44914e-29
-5.05855e-29
8.42838e-30
-3.274e-30
7.23122e-31
3.49841e-23
5.36442e-32
1.10973e-33
4.96484e-30
4.86244e-30
2.03431e-30
4.11155e-31
7.61009e-32
-4.40876e-26
-2.16645e-26
-2.01473e-26
-4.32092e-26
-1.67416e-26
-3.42942e-27
-5.01991e-28
-5.82253e-29
-5.70726e-30
-4.70885e-31
-2.94055e-32
-1.42257e-33
1.78482e-37
)
;

boundaryField
{
    leftWall
    {
        type            calculated;
        value           uniform 0;
    }
    rightWall
    {
        type            calculated;
        value           uniform 0;
    }
    lowerWall
    {
        type            calculated;
        value           uniform 0;
    }
    atmosphere
    {
        type            calculated;
        value           nonuniform List<scalar> 
46
(
5.94845e-28
4.36913e-26
1.57275e-26
1.02967e-26
1.62144e-26
6.43042e-26
2.21093e-25
5.35977e-25
6.96555e-25
3.14579e-25
8.47046e-26
1.37863e-26
1.53286e-27
1.16151e-28
-2.07176e-29
-8.48748e-29
-5.86511e-29
-2.28455e-29
-5.6211e-30
-8.60836e-31
-7.00253e-32
-7.82801e-34
0
0
0
0
0
0
0
0
0
0
0
0
0
0
0
0
0
0
0
0
0
0
0
0
)
;
    }
    defaultFaces
    {
        type            empty;
        value           nonuniform 0();
    }
}


// ************************************************************************* //
