/*--------------------------------*- C++ -*----------------------------------*\
| =========                 |                                                 |
| \\      /  F ield         | OpenFOAM: The Open Source CFD Toolbox           |
|  \\    /   O peration     | Version:  5.x                                   |
|   \\  /    A nd           | Web:      www.OpenFOAM.org                      |
|    \\/     M anipulation  |                                                 |
\*---------------------------------------------------------------------------*/
FoamFile
{
    version     2.0;
    format      ascii;
    class       surfaceScalarField;
    location    "0.95";
    object      phi;
}
// * * * * * * * * * * * * * * * * * * * * * * * * * * * * * * * * * * * * * //

dimensions      [0 3 -1 0 0 0 0];

internalField   nonuniform List<scalar> 
4432
(
3.28466e-06
-3.28466e-06
3.64285e-06
-3.58192e-07
5.57877e-07
3.08498e-06
-3.72785e-06
4.28573e-06
-5.34471e-06
1.61686e-06
-3.45087e-06
-1.89385e-06
-1.3202e-06
-2.13066e-06
-1.31086e-06
-9.34566e-09
-3.08058e-06
1.76973e-06
-5.82733e-06
2.74675e-06
-8.99704e-06
3.16971e-06
-1.19427e-05
2.94566e-06
-1.34907e-05
1.548e-06
-1.29981e-05
-4.92636e-07
-1.37031e-05
7.05075e-07
-1.98388e-05
6.13569e-06
-2.87167e-05
8.87786e-06
-3.09521e-05
2.2354e-06
-2.62945e-05
-4.65755e-06
-1.94353e-05
-6.85924e-06
-1.25227e-05
-6.91262e-06
-5.16223e-06
-7.36045e-06
-5.16223e-06
-1.26463e-06
-2.02003e-06
-3.60234e-06
1.97953e-06
-6.45224e-06
5.93488e-06
-8.22697e-06
6.06047e-06
-7.25859e-06
6.48479e-07
-4.34464e-06
-4.8078e-06
-1.83557e-06
-4.63972e-06
-1.48491e-06
-3.60009e-07
-3.20863e-06
3.49345e-06
-5.9992e-06
5.53732e-06
-9.07832e-06
6.24884e-06
-1.19552e-05
5.82254e-06
-1.4699e-05
4.29179e-06
-1.81958e-05
3.00412e-06
-2.31519e-05
5.66118e-06
-2.81257e-05
1.11096e-05
-2.86872e-05
9.4393e-06
-2.41546e-05
-2.29714e-06
-1.81597e-05
-1.06525e-05
-1.34168e-05
-1.16022e-05
-8.71559e-06
-1.16138e-05
-3.48398e-06
-1.25921e-05
-8.64621e-06
-2.7174e-06
6.97375e-07
-5.73484e-06
4.99698e-06
-7.95172e-06
8.15175e-06
-8.83941e-06
6.94817e-06
-7.80544e-06
-3.85493e-07
-4.91857e-06
-7.69467e-06
-2.3085e-06
-7.24977e-06
-1.9249e-06
-7.4362e-07
-3.48549e-06
5.05405e-06
-5.93143e-06
7.98325e-06
-8.36713e-06
8.68455e-06
-1.04722e-05
7.9276e-06
-1.27162e-05
6.53578e-06
-1.61017e-05
6.3897e-06
-1.99593e-05
9.51871e-06
-2.12862e-05
1.24365e-05
-1.83246e-05
6.47775e-06
-1.41091e-05
-6.51271e-06
-1.10127e-05
-1.37488e-05
-8.6074e-06
-1.40075e-05
-5.86816e-06
-1.4353e-05
-2.25791e-06
-1.62023e-05
-1.09041e-05
-1.87779e-06
2.57517e-06
-4.17712e-06
7.29631e-06
-6.07355e-06
1.00482e-05
-7.10139e-06
7.97601e-06
-6.3829e-06
-1.10398e-06
-3.7676e-06
-1.031e-05
-1.96455e-06
-9.05281e-06
-2.26051e-06
-4.47666e-07
-4.167e-06
6.96055e-06
-6.77433e-06
1.05906e-05
-9.23327e-06
1.11435e-05
-1.10719e-05
9.76623e-06
-1.22581e-05
7.72201e-06
-1.30574e-05
7.18904e-06
-1.30889e-05
9.55016e-06
-1.1294e-05
1.06416e-05
-8.70108e-06
3.88482e-06
-7.9551e-06
-7.25868e-06
-8.66531e-06
-1.30386e-05
-7.88961e-06
-1.47832e-05
-5.57396e-06
-1.66687e-05
-2.04412e-06
-1.97322e-05
-1.29482e-05
3.58008e-08
2.53937e-06
-8.84936e-07
8.21705e-06
-2.41163e-06
1.15749e-05
-3.26829e-06
8.83267e-06
-2.43855e-06
-1.93371e-06
-6.27342e-07
-1.21212e-05
-5.61494e-07
-9.11866e-06
-2.12601e-06
1.11684e-06
-4.89531e-06
9.72986e-06
-7.94018e-06
1.36355e-05
-1.06697e-05
1.3873e-05
-1.25924e-05
1.16889e-05
-1.32668e-05
8.3964e-06
-1.23653e-05
6.28764e-06
-9.7801e-06
6.9649e-06
-6.47726e-06
7.33879e-06
-5.2218e-06
2.62936e-06
-7.29767e-06
-5.18281e-06
-9.59302e-06
-1.07433e-05
-8.72677e-06
-1.56495e-05
-5.30132e-06
-2.00941e-05
-1.43339e-06
-2.36001e-05
-1.43816e-05
2.8484e-06
-3.09035e-07
3.47831e-06
7.58714e-06
2.52834e-06
1.25249e-05
1.88931e-06
9.47169e-06
3.25061e-06
-3.29501e-06
4.05056e-06
-1.29211e-05
1.98888e-06
-7.05697e-06
-1.33056e-06
4.43628e-06
-5.39863e-06
1.37979e-05
-9.06217e-06
1.7299e-05
-1.20078e-05
1.68187e-05
-1.39533e-05
1.36344e-05
-1.43976e-05
8.84065e-06
-1.30099e-05
4.89994e-06
-1.01011e-05
4.05615e-06
-7.17635e-06
4.41402e-06
-6.78037e-06
2.23337e-06
-8.91531e-06
-3.04788e-06
-1.01156e-05
-9.54301e-06
-7.93523e-06
-1.78298e-05
-3.19716e-06
-2.48322e-05
1.00823e-07
-2.68981e-05
-1.42808e-05
6.07416e-06
-6.3832e-06
8.37684e-06
5.28446e-06
8.06172e-06
1.284e-05
7.87288e-06
9.66053e-06
9.69012e-06
-5.11224e-06
9.51366e-06
-1.27447e-05
5.58424e-06
-3.12754e-06
8.3066e-07
9.18985e-06
-4.45924e-06
1.90878e-05
-8.77824e-06
2.1618e-05
-1.19238e-05
1.99642e-05
-1.38916e-05
1.56022e-05
-1.41299e-05
9.07899e-06
-1.24633e-05
3.23326e-06
-9.8623e-06
1.45519e-06
-7.59757e-06
2.14929e-06
-7.30875e-06
1.94456e-06
-8.49605e-06
-1.86058e-06
-8.79152e-06
-9.24754e-06
-6.09964e-06
-2.05217e-05
-1.10836e-06
-2.98235e-05
2.19492e-06
-3.02013e-05
-1.20859e-05
1.02531e-05
-1.66363e-05
1.34978e-05
2.03975e-06
1.36913e-05
1.26465e-05
1.43533e-05
8.99852e-06
1.53894e-05
-6.14832e-06
1.33247e-05
-1.068e-05
9.12471e-06
1.07245e-06
4.44433e-06
1.38702e-05
-1.78407e-06
2.53162e-05
-7.22528e-06
2.70592e-05
-1.08441e-05
2.35829e-05
-1.29975e-05
1.77557e-05
-1.3059e-05
9.14047e-06
-1.07183e-05
8.92522e-07
-7.64616e-06
-1.61693e-06
-5.63785e-06
1.40996e-07
-5.57321e-06
1.87992e-06
-7.00862e-06
-4.25164e-07
-8.41752e-06
-7.83863e-06
-8.1512e-06
-2.0788e-05
-3.61046e-06
-3.43642e-05
2.14226e-06
-3.59541e-05
-9.94362e-06
-4.10812e-06
4.10812e-06
-1.35395e-05
9.43139e-06
7.23701e-06
-2.07765e-05
3.33595e-05
-2.61225e-05
4.35561e-05
-1.01966e-05
4.53211e-05
-1.76498e-06
4.55126e-05
-1.91536e-07
3.84818e-05
7.0308e-06
2.73065e-05
1.11753e-05
1.42553e-05
1.30511e-05
2.63896e-07
1.39914e-05
-1.0183e-05
1.04469e-05
-1.72481e-05
7.06514e-06
-1.92696e-05
2.02143e-06
-2.32923e-05
4.02271e-06
-3.24544e-05
9.16213e-06
-3.2311e-05
-1.4341e-07
-1.09192e-05
-2.13918e-05
-1.09192e-05
-9.72153e-06
1.38296e-05
-6.81507e-06
6.52495e-06
1.91466e-05
-4.67382e-05
3.97815e-05
-4.67574e-05
4.74034e-05
-1.78185e-05
4.90699e-05
-3.43146e-06
5.22006e-05
-3.32218e-06
5.08742e-05
8.35718e-06
4.27278e-05
1.93217e-05
3.25288e-05
2.32501e-05
1.81726e-05
2.83476e-05
-2.13139e-06
3.07509e-05
-1.89493e-05
2.38831e-05
-2.37763e-05
6.8484e-06
-3.11658e-05
1.14122e-05
-3.32421e-05
1.12384e-05
-1.99733e-05
-1.34122e-05
-2.02953e-06
-3.93356e-05
-1.29488e-05
-9.18674e-06
2.30164e-05
1.34609e-06
-4.00788e-06
2.20473e-05
-6.74395e-05
3.09557e-05
-5.56658e-05
3.47627e-05
-2.16255e-05
3.67243e-05
-5.39298e-06
3.44347e-05
-1.03259e-06
3.58883e-05
6.90351e-06
3.81043e-05
1.71058e-05
2.82823e-05
3.30721e-05
1.58866e-05
4.07433e-05
-8.6512e-07
4.75027e-05
-9.54939e-06
3.25673e-05
-1.44131e-05
1.17121e-05
-2.36298e-05
2.06289e-05
-2.3981e-05
1.15896e-05
-7.90067e-06
-2.94925e-05
3.37962e-06
-5.06158e-05
-9.56913e-06
-6.81154e-06
2.98279e-05
4.61523e-06
-1.54346e-05
1.55061e-05
-7.83304e-05
1.37797e-05
-5.39394e-05
1.23622e-05
-2.02079e-05
8.173e-06
-1.20375e-06
1.24649e-05
-5.3245e-06
3.96924e-05
-2.03239e-05
4.55429e-05
1.12552e-05
3.47947e-05
4.38204e-05
2.53143e-05
5.02236e-05
1.42559e-05
5.85611e-05
4.3724e-06
4.24508e-05
-3.93192e-06
2.00165e-05
-1.47049e-05
3.14018e-05
-1.55976e-05
1.24823e-05
-5.37542e-06
-3.97147e-05
3.10664e-06
-5.90979e-05
-6.46249e-06
-3.59968e-06
3.34276e-05
5.77323e-06
-2.48076e-05
3.98564e-06
-7.65428e-05
-8.25843e-06
-4.16954e-05
-1.71042e-05
-1.13622e-05
-1.24543e-05
-5.85362e-06
1.11483e-05
-2.89271e-05
5.6349e-05
-6.55247e-05
5.17375e-05
1.58667e-05
2.86612e-05
6.68967e-05
1.21444e-05
6.67404e-05
4.48081e-06
6.62247e-05
7.93479e-07
4.61382e-05
-4.21191e-06
2.50219e-05
-8.82443e-06
3.60143e-05
-9.22696e-06
1.28848e-05
-8.84737e-06
-4.00943e-05
-5.10048e-06
-6.28448e-05
-1.1563e-05
-4.16742e-07
3.38443e-05
6.03858e-06
-3.12629e-05
-4.81632e-06
-6.56879e-05
-2.18991e-05
-2.46126e-05
-2.99543e-05
-3.30691e-06
-2.0183e-05
-1.5625e-05
-2.39852e-06
-4.67115e-05
9.57671e-07
-6.88809e-05
5.91335e-06
1.0911e-05
-1.40858e-05
8.68958e-05
-2.1531e-05
7.41855e-05
-7.32207e-06
5.20158e-05
4.05838e-06
3.47577e-05
-5.12167e-06
3.42019e-05
-5.74021e-06
3.66329e-05
-5.25677e-06
1.24014e-05
-1.36364e-05
-3.17147e-05
-2.27767e-05
-5.37044e-05
-3.43397e-05
2.13489e-06
3.17094e-05
5.49559e-06
-3.46236e-05
-7.93959e-06
-5.22527e-05
-2.57995e-05
-6.75271e-06
-4.23478e-05
1.32413e-05
-4.21818e-05
-1.57909e-05
-2.63078e-05
-6.25856e-05
-4.06212e-05
-5.45675e-05
-7.14677e-05
4.17575e-05
-7.63341e-05
9.17623e-05
-4.6896e-05
4.47474e-05
-1.84765e-05
2.35963e-05
-1.55224e-05
3.18036e-05
-1.18888e-05
3.05682e-05
-4.68184e-06
2.94259e-05
-4.66446e-06
1.2384e-05
-1.57107e-05
-2.06685e-05
-2.30407e-05
-4.63745e-05
-5.73803e-05
4.32745e-06
2.7382e-05
4.76428e-06
-3.50604e-05
-9.56454e-06
-3.79238e-05
-2.87854e-05
1.24682e-05
-5.03966e-05
3.48525e-05
-4.98351e-05
-1.63524e-05
-4.9958e-05
-6.24627e-05
-7.35348e-05
-3.09907e-05
-9.86543e-05
6.68771e-05
-8.2348e-05
7.5456e-05
-6.34579e-05
2.58573e-05
-5.07979e-05
1.09363e-05
-3.5999e-05
1.70046e-05
-2.31512e-05
1.77204e-05
-1.32581e-05
1.95329e-05
-8.4699e-06
7.59581e-06
-1.12849e-05
-1.78534e-05
-1.75558e-05
-4.01036e-05
-7.49361e-05
3.66891e-05
-5.33255e-05
5.09326e-05
-1.22037e-05
5.01241e-05
1.34549e-05
4.41304e-05
1.49923e-05
3.24433e-05
5.53877e-06
2.10348e-05
7.28521e-07
1.81823e-05
3.92497e-06
1.01645e-05
2.1888e-05
-7.14304e-06
4.26238e-05
-2.31592e-05
4.30753e-05
-3.26242e-05
3.3048e-05
-3.83079e-05
2.34394e-05
-3.65161e-05
7.34867e-06
-2.85686e-05
-7.05497e-06
-1.87254e-05
-1.14601e-05
-1.49974e-05
-3.58698e-06
-1.76326e-05
4.51509e-06
-2.88123e-05
1.07545e-05
-4.76159e-05
1.0965e-05
-5.52074e-05
-1.31965e-05
-3.42657e-05
-5.53059e-05
-5.03196e-06
-6.51878e-05
-3.23223e-05
1.73468e-05
3.88274e-05
-9.21528e-05
5.44986e-05
-2.78749e-05
6.23365e-05
5.61706e-06
5.08344e-05
2.64944e-05
2.4581e-05
3.17921e-05
1.18499e-05
1.34596e-05
7.46568e-06
8.30924e-06
-9.08152e-06
3.84352e-05
-4.3909e-05
7.74512e-05
-9.04932e-05
8.96595e-05
-0.000121947
6.45021e-05
-0.000118847
2.03387e-05
-9.33296e-05
-1.81683e-05
-7.37805e-05
-2.6604e-05
-6.17726e-05
-2.3468e-05
-7.02052e-05
4.84555e-06
-9.76116e-05
3.19215e-05
-0.000128112
4.1255e-05
-0.000141884
2.4737e-05
-0.000110266
-4.48144e-05
-6.28147e-05
-0.000102757
-3.17773e-05
-9.62251e-05
-5.24026e-05
-1.1697e-05
6.70553e-07
-9.28234e-05
-4.99867e-06
-2.22057e-05
-9.29804e-06
9.91643e-06
-6.46163e-06
2.3658e-05
-3.5527e-05
6.08575e-05
-0.000178033
0.000155966
-0.000375629
0.000205905
-0.000453239
0.000116045
-0.000437451
6.1663e-05
-0.000421448
7.36568e-05
-0.000377832
2.08861e-05
-0.000299379
-5.81141e-05
-0.000228368
-8.91797e-05
-0.000179804
-7.51682e-05
-0.000159855
-4.34163e-05
-0.000170361
1.53507e-05
-0.00020413
6.56905e-05
-0.000203553
4.06781e-05
-0.000152589
-2.62273e-05
-8.95036e-05
-0.000107899
-6.75418e-05
-0.000124719
-6.05196e-05
-0.000103247
-6.00268e-05
-5.28954e-05
-6.80351e-05
-2.47883e-05
-9.58884e-05
5.64764e-06
-6.06573e-05
-2.53146e-05
-3.88665e-05
1.86717e-06
-0.000105935
0.000127926
-0.00027489
0.000324922
-0.000376617
0.000307632
-0.000366596
0.000106024
-0.000349443
4.451e-05
-0.000323476
4.76902e-05
-0.000282327
-2.0263e-05
-0.000256181
-8.42601e-05
-0.000241355
-0.000104006
-0.000217813
-9.87103e-05
-0.000198729
-6.25003e-05
-0.000185308
1.92981e-06
-0.000177261
5.7644e-05
-0.000160959
2.43763e-05
-0.000113322
-7.38644e-05
-9.29877e-05
-0.000128234
-9.36786e-05
-0.000124028
-0.00010324
-9.36857e-05
-5.41145e-05
-0.000109152
-7.98305e-05
5.50422e-05
-6.11663e-05
-1.30165e-05
-6.71378e-06
-7.97672e-05
-3.82907e-05
3.34443e-05
-0.000158786
0.00024842
-0.000250153
0.000416289
-0.000307672
0.000365151
-0.000304386
0.000102738
-0.000268319
8.44347e-06
-0.000190938
-2.96912e-05
-0.000155617
-5.55833e-05
-0.000204781
-3.50966e-05
-0.000228346
-8.04411e-05
-0.000224771
-0.000102285
-0.000213686
-7.35862e-05
-0.000205181
-6.5747e-06
-0.000183813
3.62756e-05
-0.000159534
9.77602e-08
-0.000142905
-9.04932e-05
-0.000136414
-0.000134726
-0.000136653
-0.000123789
-0.000147572
-8.27663e-05
-3.95624e-05
-0.000162124
-6.39988e-05
0.000119041
1.17027e-05
-8.87181e-05
7.1729e-05
-0.000139793
-4.07044e-06
0.000109243
-7.3003e-05
0.000317353
-0.000114919
0.000458205
-9.15591e-05
0.000341792
-8.14031e-05
9.25817e-05
-6.17089e-05
-1.12511e-05
-3.27908e-05
-5.86089e-05
-5.84079e-05
-2.99661e-05
-0.000124065
3.05604e-05
-0.000209911
5.40483e-06
-0.000239363
-7.2833e-05
-0.000242785
-7.01642e-05
-0.000237958
-1.14011e-05
-0.000231488
2.98054e-05
-0.000206228
-2.5162e-05
-0.000183814
-0.000112907
-0.00016899
-0.00014955
-0.000162706
-0.000130073
-0.000164415
-8.10571e-05
-2.89716e-05
-0.000175006
-4.66287e-05
0.00016567
-0.000119447
-1.59002e-05
-0.000305109
4.58695e-05
-0.000278368
8.25019e-05
-0.000129932
0.000168918
7.71811e-05
0.000251092
0.00023136
0.000187612
0.000263653
6.02891e-05
0.000234167
1.82347e-05
0.000150821
2.47368e-05
5.36271e-05
6.72278e-05
3.50528e-06
8.06822e-05
-5.69221e-05
6.58323e-05
-0.00023193
0.000102175
-0.000308263
6.16843e-06
-0.000314081
-5.58242e-06
-0.00027685
-7.42627e-06
-0.000238346
-6.36655e-05
-0.000201654
-0.0001496
-0.000186931
-0.000164272
-0.000174472
-0.000142533
-0.00016414
-9.13883e-05
-3.09202e-05
-0.000162192
-7.81734e-05
0.000243843
-0.000298495
0.000204422
-0.000376182
0.000123556
-0.000379641
8.59613e-05
-0.000305521
9.4798e-05
-0.000161748
0.000107318
-6.30899e-05
8.89541e-05
-6.15242e-05
5.87235e-05
-9.14421e-05
4.81528e-05
-0.000123133
5.64282e-05
-0.000151458
9.55527e-05
-0.000160996
9.02202e-05
-0.00020717
0.000112006
-0.000270712
0.000165717
-0.000301263
3.67197e-05
-0.000287148
-1.96966e-05
-0.000250868
-4.37067e-05
-0.000222315
-9.22179e-05
-0.000217092
-0.000154823
-0.000203353
-0.000178012
-0.000186959
-0.000158927
-0.000165436
-0.000112911
-5.06954e-05
-0.000145661
-4.66163e-05
0.000290459
-0.00026189
0.000419695
-0.000362243
0.000223909
-0.00037051
9.42284e-05
-0.000351339
7.56271e-05
-0.000314084
7.00628e-05
-0.000282831
5.77013e-05
-0.00026662
4.25126e-05
-0.000256248
3.77813e-05
-0.000249498
4.96779e-05
-0.000275249
0.000121303
-0.000315071
0.000130042
-0.000351251
0.000148186
-0.00031178
0.000126246
-0.000291351
1.62905e-05
-0.000276211
-3.48366e-05
-0.000246988
-7.29293e-05
-0.000224967
-0.000114239
-0.000224614
-0.000155176
-0.000222224
-0.000180402
-0.000210788
-0.000170362
-0.000180973
-0.000142726
-9.20686e-05
-0.0001396
-6.88307e-06
0.000297343
-0.00014821
0.000561022
-0.000284444
0.000360143
-0.000340259
0.000150043
-0.000344786
8.0154e-05
-0.000336278
6.15555e-05
-0.000338264
5.96873e-05
-0.000356325
6.05731e-05
-0.00038596
6.74169e-05
-0.000428591
9.23093e-05
-0.000442896
0.000135607
-0.000433786
0.000120933
-0.00037785
9.22498e-05
-0.000296954
4.53495e-05
-0.000259982
-2.06809e-05
-0.00023442
-6.03995e-05
-0.00021128
-9.60687e-05
-0.000198329
-0.00012719
-0.000203896
-0.000149609
-0.000218104
-0.000166194
-0.000214779
-0.000173687
-0.000201227
-0.000156278
-0.000116513
-0.000176782
3.50008e-06
0.000293842
-8.41331e-05
0.000648655
-0.000190577
0.000466587
-0.000257636
0.000217101
-0.000307058
0.000129576
-0.000346569
0.000101067
-0.000384928
9.80465e-05
-0.000424868
0.000100513
-0.000451803
9.43512e-05
-0.000446527
8.70333e-05
-0.000398154
8.72349e-05
-0.000346131
6.89098e-05
-0.000289086
3.52046e-05
-0.000234584
-9.15222e-06
-0.000204183
-5.10825e-05
-0.000181844
-8.27382e-05
-0.000165271
-0.000112641
-0.000157972
-0.000134489
-0.000163635
-0.000143946
-0.000180433
-0.000149397
-0.000200588
-0.000153531
-0.000210157
-0.00014671
-0.000135574
-0.000191096
6.4834e-06
0.000287359
-2.81055e-05
0.000683244
-0.000128563
0.000567045
-0.000191506
0.000280044
-0.000231626
0.000169696
-0.000272168
0.000141609
-0.000305209
0.000131087
-0.000329096
0.0001244
-0.000340182
0.000105438
-0.000331749
7.86001e-05
-0.000295552
5.10388e-05
-0.000246679
2.00357e-05
-0.000198792
-1.26819e-05
-0.00015923
-4.87147e-05
-0.000132701
-7.76111e-05
-0.000115203
-0.000100236
-0.000107878
-0.000119966
-0.000109664
-0.000132703
-0.000116824
-0.000136786
-0.000128788
-0.000137432
-0.000144541
-0.000137779
-0.000159711
-0.000131539
-0.000129179
-0.000166107
6.17845e-06
0.000281181
-6.50565e-06
0.000695928
-6.07539e-05
0.000621293
-0.000117174
0.000336464
-0.000150274
0.000202796
-0.000182938
0.000174273
-0.000205586
0.000153736
-0.000217308
0.000136122
-0.000216338
0.000104467
-0.000202907
6.51688e-05
-0.000176701
2.48334e-05
-0.000144895
-1.17705e-05
-0.000110801
-4.67753e-05
-8.54072e-05
-7.4109e-05
-6.79022e-05
-9.5116e-05
-5.77402e-05
-0.000110398
-5.62362e-05
-0.00012147
-6.2034e-05
-0.000126906
-7.19231e-05
-0.000126897
-8.36169e-05
-0.000125738
-9.54841e-05
-0.000125912
-0.000103485
-0.000123538
-0.000121473
-0.000111191
-1.42403e-06
0.000282605
-2.11852e-05
0.00071569
-3.56147e-05
0.000635723
-6.63549e-05
0.000367204
-9.14805e-05
0.000227922
-0.000117236
0.000200029
-0.000137069
0.000173568
-0.000148686
0.000147738
-0.000149923
0.000105705
-0.000141423
5.66686e-05
-0.000127103
1.05133e-05
-0.000106454
-3.24194e-05
-8.61753e-05
-6.70539e-05
-6.79504e-05
-9.23337e-05
-5.34253e-05
-0.000109641
-4.27513e-05
-0.000121072
-3.65056e-05
-0.000127716
-3.45037e-05
-0.000128908
-3.62713e-05
-0.00012513
-4.17961e-05
-0.000120213
-5.12204e-05
-0.000116488
-5.81056e-05
-0.000116653
-0.000115708
-6.38708e-05
-8.9194e-06
0.000291524
-2.81559e-05
0.000734926
-2.70181e-05
0.000634585
-3.74121e-05
0.000377598
-6.13297e-05
0.000251839
-8.71782e-05
0.000225878
-0.000115576
0.000201966
-0.000141774
0.000173936
-0.000162897
0.000126828
-0.000173754
6.75249e-05
-0.000168831
5.59005e-06
-0.000148189
-5.30611e-05
-0.000120332
-9.49113e-05
-9.30808e-05
-0.000119585
-7.03042e-05
-0.000132417
-5.27144e-05
-0.000138662
-3.97451e-05
-0.000140686
-2.98103e-05
-0.000138843
-2.18411e-05
-0.000133099
-1.73625e-05
-0.000124691
-1.76403e-05
-0.00011621
-2.2083e-05
-0.000112211
-0.000111015
-2.67762e-05
-1.01344e-05
0.000301658
-2.38277e-05
0.00074862
-1.84864e-05
0.000629244
-2.05186e-05
0.00037963
-5.12795e-05
0.0002826
-8.74101e-05
0.000262008
-0.000134754
0.000249309
-0.000184464
0.000223646
-0.000225609
0.000167974
-0.000243464
8.53803e-05
-0.00023102
-6.85467e-06
-0.000196849
-8.7232e-05
-0.000153344
-0.000138417
-0.000112392
-0.000160536
-7.99138e-05
-0.000164896
-5.63899e-05
-0.000162186
-3.97548e-05
-0.000157321
-2.73976e-05
-0.0001512
-1.71333e-05
-0.000143363
-7.88629e-06
-0.000133939
-3.6279e-07
-0.000123734
3.04475e-06
-0.000115618
-0.000112226
4.25558e-06
-7.9489e-06
0.000309607
-3.16945e-05
0.000772365
-1.70654e-05
0.000614615
-1.7809e-05
0.000380374
-5.6045e-05
0.000320836
-0.000106956
0.00031292
-0.000172571
0.000314924
-0.000236601
0.000287675
-0.000280753
0.000212125
-0.000293342
9.79696e-05
-0.000274044
-2.61525e-05
-0.000230714
-0.000130562
-0.00017477
-0.00019436
-0.000121154
-0.000214153
-7.94724e-05
-0.000206578
-5.04657e-05
-0.000191193
-3.14994e-05
-0.000176287
-1.89166e-05
-0.000163783
-9.84919e-06
-0.000152431
-2.13495e-06
-0.000141653
5.73551e-06
-0.000131604
1.29807e-05
-0.000122864
-0.000116887
1.76415e-05
-5.59656e-05
0.000365573
-4.99618e-05
0.000766362
-3.01286e-05
0.000594782
-2.51757e-05
0.000375421
-6.49481e-05
0.000360608
-0.000120514
0.000368485
-0.000184496
0.000378907
-0.000238789
0.000341968
-0.000270935
0.000244271
-0.000279356
0.000106391
-0.000264214
-4.12952e-05
-0.000225645
-0.000169131
-0.000169584
-0.000250422
-0.000112376
-0.000271361
-6.72146e-05
-0.000251739
-3.64691e-05
-0.000221938
-1.72151e-05
-0.000195541
-5.57935e-06
-0.000175419
1.76869e-06
-0.000159779
6.80226e-06
-0.000146687
1.10509e-05
-0.000135853
1.56499e-05
-0.000127463
-0.000121548
2.03118e-05
-2.44807e-05
0.000390053
1.12144e-05
0.000730667
-1.75215e-05
0.000623518
-3.04067e-05
0.000388306
-5.82296e-05
0.000388431
-9.93077e-05
0.000409564
-0.000140863
0.000420462
-0.000171018
0.000372123
-0.000189922
0.000263175
-0.000199287
0.000115756
-0.000191525
-4.90572e-05
-0.000163434
-0.000197223
-0.00012066
-0.000293196
-7.48273e-05
-0.000317194
-3.72178e-05
-0.000289349
-1.18374e-05
-0.000247319
3.54664e-06
-0.000210925
1.19524e-05
-0.000183825
1.61908e-05
-0.000164017
1.82506e-05
-0.000148747
1.92177e-05
-0.00013682
1.97921e-05
-0.000128037
-0.000122085
2.0329e-05
3.27081e-06
0.000386783
5.28535e-05
0.000681084
2.96968e-05
0.000646674
-2.12774e-05
0.00043928
-3.09258e-05
0.00039808
-3.63278e-05
0.000414965
-4.45366e-05
0.000428671
-5.08701e-05
0.000378456
-5.69609e-05
0.000269266
-6.11631e-05
0.000119958
-6.04464e-05
-4.9774e-05
-4.76587e-05
-0.00021001
-2.96831e-05
-0.000311172
-8.62099e-06
-0.000338256
1.17621e-05
-0.000309732
2.45551e-05
-0.000260112
3.06544e-05
-0.000217025
3.2698e-05
-0.000185868
3.24133e-05
-0.000163733
3.09442e-05
-0.000147278
2.8883e-05
-0.000134759
2.64297e-05
-0.000125584
-0.000119258
2.3602e-05
7.27005e-06
0.000379513
8.53553e-05
0.000602999
9.727e-05
0.00063476
2.6453e-05
0.000510097
1.72655e-05
0.000407268
4.66457e-05
0.000385585
8.35463e-05
0.00039177
0.000106159
0.000355843
0.000111493
0.000263932
0.000104274
0.000127177
9.61255e-05
-4.16254e-05
9.17957e-05
-0.000205681
8.64128e-05
-0.000305789
8.0372e-05
-0.000332215
7.38654e-05
-0.000303225
6.78281e-05
-0.000254074
6.15641e-05
-0.000210761
5.53658e-05
-0.00017967
4.94435e-05
-0.000157811
4.39296e-05
-0.000141764
3.88072e-05
-0.000129637
3.38255e-05
-0.000120602
-0.00011411
2.86778e-05
6.48419e-05
0.000314671
0.000133574
0.000534267
0.000170384
0.00059795
0.000142755
0.000537726
0.000123179
0.000426843
0.000150169
0.000358596
0.000206521
0.000335418
0.000255495
0.00030687
0.000281433
0.000237993
0.00028474
0.00012387
0.000269567
-2.6452e-05
0.000242344
-0.000178458
0.000208277
-0.000271722
0.000171263
-0.000295201
0.000137852
-0.000269814
0.00011173
-0.000227952
9.22693e-05
-0.000191301
7.74957e-05
-0.000164897
6.5812e-05
-0.000146127
5.62599e-05
-0.000132212
4.82133e-05
-0.00012159
4.10713e-05
-0.00011346
-0.000107303
3.4264e-05
6.11563e-05
0.000253514
0.000145243
0.00045018
0.000225672
0.00051752
0.000275928
0.00048747
0.000288288
0.000414484
0.000305338
0.000341545
0.000347448
0.000293309
0.000397117
0.000257201
0.000431214
0.000203896
0.000440276
0.000114807
0.000419955
-6.1313e-06
0.000374784
-0.000133287
0.000313446
-0.000210384
0.000247993
-0.000229749
0.00019106
-0.00021288
0.000148227
-0.000185119
0.00011799
-0.000161065
9.62302e-05
-0.000143137
7.98111e-05
-0.000129708
6.69138e-05
-0.000119315
5.64301e-05
-0.000111107
4.75402e-05
-0.00010457
-9.93292e-05
3.95664e-05
3.67617e-05
0.000216753
0.000127758
0.000359184
0.000227601
0.000417677
0.000322578
0.000392494
0.000402341
0.00033472
0.000463109
0.000280777
0.000505966
0.000250452
0.000538184
0.000224983
0.000557348
0.000184732
0.000554345
0.00011781
0.000523879
2.43342e-05
0.000460484
-6.98914e-05
0.000377239
-0.000127139
0.000292252
-0.000144762
0.000221592
-0.00014222
0.000170363
-0.000133891
0.000134774
-0.000125476
0.000109233
-0.000117595
9.00154e-05
-0.000110491
7.50052e-05
-0.000104304
6.28963e-05
-9.89978e-05
5.27942e-05
-9.44686e-05
-9.05642e-05
4.4029e-05
2.29584e-05
0.000193795
0.000103113
0.00027903
0.000214979
0.000305811
0.000326036
0.000281437
0.000424247
0.00023651
0.000504282
0.000200742
0.000564845
0.000189889
0.000601003
0.000188825
0.000609707
0.000176028
0.000590492
0.000137024
0.000541136
7.369e-05
0.000462504
8.74136e-06
0.000371486
-3.61211e-05
0.000288073
-6.13486e-05
0.000222623
-7.67694e-05
0.000175338
-8.66062e-05
0.000141138
-9.12759e-05
0.000115547
-9.20041e-05
9.5768e-05
-9.07122e-05
8.00617e-05
-8.85984e-05
6.72635e-05
-8.61999e-05
5.65677e-05
-8.3773e-05
-8.13799e-05
4.73833e-05
2.08238e-05
0.000172971
8.22711e-05
0.000217583
0.000178945
0.000209137
0.000283455
0.000176927
0.000376101
0.000143864
0.00044838
0.000128463
0.000499847
0.000138422
0.000528144
0.000160529
0.000530069
0.000174103
0.000505002
0.000162091
0.000453458
0.000125234
0.00038315
7.90487e-05
0.000310957
3.60724e-05
0.000251084
-1.47585e-06
0.000204011
-2.96963e-05
0.000167677
-5.02725e-05
0.000138908
-6.25062e-05
0.000115892
-6.89888e-05
9.73197e-05
-7.21397e-05
8.21211e-05
-7.34e-05
6.94757e-05
-7.35547e-05
5.87715e-05
-7.30689e-05
-7.21527e-05
4.95445e-05
2.07961e-05
0.000152175
6.08377e-05
0.000177541
0.00011902
0.000150954
0.000182167
0.000113781
0.000240236
8.5795e-05
0.000286623
8.20755e-05
0.000320913
0.000104132
0.000342057
0.000139385
0.000349102
0.000167058
0.000339614
0.00017158
0.000313005
0.000151843
0.000276462
0.000115592
0.000239875
7.26592e-05
0.000206954
3.14452e-05
0.00017903
-1.77294e-06
0.000153571
-2.48133e-05
0.000131123
-4.00584e-05
0.000111848
-4.97137e-05
9.54903e-05
-5.57821e-05
8.1599e-05
-5.95088e-05
6.97263e-05
-6.16821e-05
5.94853e-05
-6.28277e-05
-6.32237e-05
5.05565e-05
1.91631e-05
0.000133012
4.20445e-05
0.00015466
6.70703e-05
0.000125928
8.85753e-05
9.22759e-05
0.000107124
6.72464e-05
0.000124522
6.46777e-05
0.000141232
8.74213e-05
0.00015877
0.000121848
0.000175411
0.000150416
0.000187096
0.000159894
0.000191428
0.000147511
0.00018923
0.000117789
0.000181982
7.99068e-05
0.000169932
4.34951e-05
0.000154176
1.3983e-05
0.000137176
-7.81297e-06
0.000120436
-2.33187e-05
0.00010504
-3.43178e-05
9.12637e-05
-4.20057e-05
7.90839e-05
-4.73291e-05
6.83588e-05
-5.0957e-05
5.89034e-05
-5.33721e-05
-5.48558e-05
5.05358e-05
1.63653e-05
0.000116647
3.09294e-05
0.000140096
4.07639e-05
0.000116094
4.3052e-05
8.99878e-05
3.90492e-05
7.12493e-05
3.58822e-05
6.7845e-05
4.03041e-05
8.29995e-05
5.42073e-05
0.000107944
7.59792e-05
0.000128645
0.00010027
0.000135604
0.000122006
0.000125775
0.000137055
0.00010274
0.000143017
7.39454e-05
0.000140452
4.606e-05
0.000132076
2.23589e-05
0.000120868
3.39476e-06
0.000108778
-1.12291e-05
9.68153e-05
-2.23548e-05
8.55448e-05
-3.07353e-05
7.51757e-05
-3.69599e-05
6.57622e-05
-4.15433e-05
5.72684e-05
-4.48782e-05
-4.72122e-05
4.96249e-05
1.29793e-05
0.000103667
2.46066e-05
0.000128468
3.11272e-05
0.000109573
3.04891e-05
9.06261e-05
2.29345e-05
7.8804e-05
1.49396e-05
7.584e-05
1.41979e-05
8.37412e-05
2.46788e-05
9.74634e-05
4.48014e-05
0.000108522
6.94247e-05
0.00011098
9.23722e-05
0.000102827
0.000108744
8.63679e-05
0.000116711
6.59786e-05
0.000117379
4.53918e-05
0.000113053
2.66852e-05
0.000105789
1.06588e-05
9.72108e-05
-2.65084e-06
8.809e-05
-1.32341e-05
7.90394e-05
-2.16846e-05
7.03894e-05
-2.83098e-05
6.22974e-05
-3.34512e-05
5.48247e-05
-3.74053e-05
-4.03696e-05
4.79822e-05
9.6247e-06
9.40427e-05
1.97226e-05
0.00011837
2.61026e-05
0.000103193
2.77252e-05
8.90037e-05
2.47731e-05
8.17562e-05
2.04865e-05
8.01266e-05
2.07129e-05
8.35147e-05
2.87468e-05
8.94295e-05
4.36447e-05
9.3624e-05
6.17329e-05
9.28923e-05
7.85177e-05
8.60427e-05
9.07561e-05
7.41297e-05
9.74078e-05
5.93271e-05
9.90843e-05
4.37156e-05
9.70184e-05
2.87512e-05
9.24313e-05
1.52459e-05
8.62624e-05
3.51799e-06
7.94046e-05
-6.37628e-06
7.22327e-05
-1.45127e-05
6.51183e-05
-2.11953e-05
5.82672e-05
-2.66001e-05
5.17959e-05
-3.0934e-05
-3.4342e-05
4.57683e-05
6.93372e-06
8.7109e-05
1.5612e-05
0.000109692
2.18761e-05
9.6929e-05
2.51634e-05
8.57165e-05
2.60057e-05
8.0914e-05
2.61253e-05
8.0007e-05
2.84532e-05
8.11869e-05
3.49456e-05
8.29373e-05
4.52178e-05
8.33519e-05
5.72538e-05
8.08566e-05
6.85313e-05
7.47654e-05
7.7183e-05
6.54784e-05
8.24356e-05
5.40748e-05
8.43786e-05
4.17727e-05
8.35542e-05
2.95757e-05
8.06449e-05
1.81552e-05
7.62883e-05
7.87456e-06
7.11063e-05
-1.19423e-06
6.54543e-05
-8.86069e-06
5.96537e-05
-1.53946e-05
5.39152e-05
-2.08615e-05
4.83828e-05
-2.54015e-05
-2.91074e-05
4.31482e-05
5.17353e-06
8.19355e-05
1.25273e-05
0.000102339
1.83798e-05
9.10766e-05
2.2239e-05
8.18574e-05
2.47565e-05
7.83965e-05
2.70636e-05
7.76999e-05
3.05666e-05
7.7684e-05
3.61643e-05
7.73399e-05
4.36722e-05
7.58442e-05
5.20599e-05
7.24691e-05
5.99778e-05
6.68479e-05
6.63184e-05
5.91381e-05
7.04852e-05
4.99082e-05
7.23717e-05
3.98863e-05
7.22027e-05
2.97447e-05
7.0366e-05
1.9992e-05
6.72881e-05
1.09525e-05
6.33107e-05
2.78321e-06
5.88927e-05
-4.44258e-06
5.41892e-05
-1.06909e-05
4.94283e-05
-1.61005e-05
4.4751e-05
-2.0724e-05
-2.46278e-05
4.02714e-05
4.10402e-06
7.78316e-05
1.0424e-05
9.60189e-05
1.58067e-05
8.5694e-05
1.97141e-05
7.795e-05
2.27562e-05
7.53545e-05
2.5814e-05
7.46422e-05
2.96359e-05
7.38623e-05
3.45746e-05
7.24013e-05
4.04646e-05
6.99543e-05
4.67216e-05
6.62124e-05
5.25845e-05
6.09852e-05
5.7382e-05
5.43407e-05
6.06957e-05
4.65947e-05
6.2388e-05
3.81941e-05
6.25423e-05
2.95905e-05
6.1375e-05
2.11594e-05
5.91576e-05
1.317e-05
5.61534e-05
5.78758e-06
5.26648e-05
-9.53794e-07
4.88714e-05
-6.89738e-06
4.49478e-05
-1.21768e-05
4.10354e-05
-1.68115e-05
-2.08379e-05
3.72457e-05
3.43181e-06
7.43998e-05
8.97443e-06
9.04764e-05
1.38982e-05
8.07702e-05
1.76458e-05
7.42025e-05
2.07756e-05
7.22248e-05
2.39849e-05
7.14329e-05
2.76985e-05
7.01487e-05
3.20239e-05
6.8076e-05
3.67943e-05
6.5184e-05
4.1646e-05
6.13608e-05
4.61298e-05
5.65015e-05
4.98345e-05
5.06361e-05
5.24772e-05
4.3952e-05
5.39358e-05
3.67355e-05
5.42313e-05
2.92952e-05
5.34852e-05
2.19057e-05
5.18754e-05
1.47801e-05
4.95991e-05
8.06412e-06
4.681e-05
1.83555e-06
4.37647e-05
-3.85194e-06
4.0548e-05
-8.95996e-06
3.72889e-05
-1.35522e-05
-1.76418e-05
3.40929e-05
2.9931e-06
7.14068e-05
7.90253e-06
8.5567e-05
1.2355e-05
7.63178e-05
1.58287e-05
7.07289e-05
1.88516e-05
6.92019e-05
2.19682e-05
6.83164e-05
2.54059e-05
6.6711e-05
2.91543e-05
6.43275e-05
3.30661e-05
6.12723e-05
3.69097e-05
5.75172e-05
4.04128e-05
5.29983e-05
4.33178e-05
4.77311e-05
4.54331e-05
4.18368e-05
4.66615e-05
3.55073e-05
4.69989e-05
2.8958e-05
4.65146e-05
2.23903e-05
4.53237e-05
1.59712e-05
4.35625e-05
9.82559e-06
4.13614e-05
4.03687e-06
3.88786e-05
-1.36898e-06
3.62201e-05
-6.30136e-06
3.34768e-05
-1.08089e-05
-1.49037e-05
3.07386e-05
2.70611e-06
6.87008e-05
7.05236e-06
8.12209e-05
1.10098e-05
7.23605e-05
1.4146e-05
6.75926e-05
1.69613e-05
6.63867e-05
1.98687e-05
6.54089e-05
2.2967e-05
6.36127e-05
2.61911e-05
6.11034e-05
2.94217e-05
5.80417e-05
3.25106e-05
5.44282e-05
3.5289e-05
5.02199e-05
3.75906e-05
4.54296e-05
3.9285e-05
4.01426e-05
4.02988e-05
3.44937e-05
4.06199e-05
2.86372e-05
4.02875e-05
2.2723e-05
3.93763e-05
1.68826e-05
3.79807e-05
1.12214e-05
3.62012e-05
5.81647e-06
3.41188e-05
7.13503e-07
3.18644e-05
-4.04686e-06
2.94899e-05
-8.43442e-06
-1.24823e-05
2.70685e-05
2.51347e-06
6.61874e-05
6.33916e-06
7.73952e-05
9.78832e-06
6.89113e-05
1.2559e-05
6.4822e-05
1.51158e-05
6.38298e-05
1.77562e-05
6.27685e-05
2.04948e-05
6.08741e-05
2.32466e-05
5.83516e-05
2.592e-05
5.53683e-05
2.84202e-05
5.19281e-05
3.06387e-05
4.80015e-05
3.24654e-05
4.36029e-05
3.38107e-05
3.87974e-05
3.46206e-05
3.3684e-05
3.48811e-05
2.83768e-05
3.46134e-05
2.29909e-05
3.38644e-05
1.76318e-05
3.26965e-05
1.23894e-05
3.11788e-05
7.33419e-06
2.9377e-05
2.51525e-06
2.73808e-05
-2.05067e-06
2.52453e-05
-6.29896e-06
-1.02715e-05
2.30344e-05
2.36836e-06
6.38191e-05
5.72187e-06
7.40416e-05
8.66841e-06
6.59647e-05
1.10652e-05
6.24251e-05
1.33398e-05
6.15552e-05
1.5687e-05
6.04214e-05
1.80665e-05
5.84947e-05
2.0391e-05
5.60273e-05
2.25934e-05
5.3166e-05
2.46121e-05
4.99095e-05
2.63748e-05
4.62389e-05
2.78063e-05
4.21715e-05
2.8844e-05
3.77598e-05
2.94484e-05
3.30798e-05
2.96059e-05
2.82195e-05
2.93267e-05
2.32702e-05
2.86395e-05
1.8319e-05
2.75856e-05
1.34433e-05
2.6214e-05
8.70574e-06
2.45769e-05
4.15224e-06
2.27431e-05
-2.16921e-07
2.07724e-05
-4.32831e-06
-8.24474e-06
1.87456e-05
2.22135e-06
6.15977e-05
5.12938e-06
7.11335e-05
7.58675e-06
6.35073e-05
9.60823e-06
6.04036e-05
1.15792e-05
5.95844e-05
1.36089e-05
5.83918e-05
1.56251e-05
5.64787e-05
1.75467e-05
5.41058e-05
1.93262e-05
5.13867e-05
2.09221e-05
4.83137e-05
2.22839e-05
4.48773e-05
2.33588e-05
4.10967e-05
2.41032e-05
3.70155e-05
2.44888e-05
3.26942e-05
2.45051e-05
2.82033e-05
2.41576e-05
2.36175e-05
2.34662e-05
1.90104e-05
2.24615e-05
1.44479e-05
2.11835e-05
9.98362e-06
1.96807e-05
5.65494e-06
1.79947e-05
1.46905e-06
1.62465e-05
-2.58008e-06
-6.48303e-06
1.44848e-05
2.09745e-06
5.95002e-05
4.67043e-06
6.85604e-05
6.70778e-06
6.14699e-05
8.39406e-06
5.87174e-05
1.00951e-05
5.78835e-05
1.18491e-05
5.6638e-05
1.35561e-05
5.47719e-05
1.51411e-05
5.2521e-05
1.65723e-05
4.99555e-05
1.78194e-05
4.70667e-05
1.88446e-05
4.38521e-05
1.96114e-05
4.03299e-05
2.00905e-05
3.65363e-05
2.02648e-05
3.25199e-05
2.01295e-05
2.83385e-05
1.96913e-05
2.40557e-05
1.89671e-05
1.97346e-05
1.79825e-05
1.54325e-05
1.6772e-05
1.1194e-05
1.53803e-05
7.04665e-06
1.38405e-05
3.00879e-06
1.20568e-05
-7.9633e-07
-4.80375e-06
1.03776e-05
1.86228e-06
3.76274e-06
5.20492e-06
6.41136e-06
7.6361e-06
8.87872e-06
1.00432e-05
1.10804e-05
1.19697e-05
1.26907e-05
1.32218e-05
1.35447e-05
1.36478e-05
1.3527e-05
1.3185e-05
1.26308e-05
1.18782e-05
1.09442e-05
9.84685e-06
8.60257e-06
7.23919e-06
5.94901e-06
4.58087e-06
2.08797e-05
-3.53291e-06
2.11699e-05
-2.9024e-07
1.87053e-05
2.46464e-06
6.93207e-06
1.17732e-05
-7.27059e-06
-7.95934e-06
-6.2654e-06
-1.29543e-06
-7.60152e-06
3.80076e-06
6.06685e-06
-6.73631e-06
-4.8374e-05
-1.24808e-05
-4.48314e-05
-4.83797e-06
-4.08237e-05
-2.07035e-07
2.22604e-06
-3.69828e-05
-0.000109695
-1.19382e-05
-0.000109469
-5.06365e-06
-0.000109774
9.76008e-08
3.60913e-06
-0.000111157
-0.00016599
-8.07254e-06
-0.000166606
-4.44808e-06
-0.000171968
5.46047e-06
1.20616e-05
-0.000180421
-0.000182587
-4.91413e-07
-0.000191758
4.72261e-06
-0.000200364
1.40667e-05
1.85517e-05
-0.000206854
-0.000164527
1.84413e-06
-0.000166942
7.13726e-06
-0.000167659
1.4784e-05
1.967e-05
-0.000168778
-0.000139998
-3.81868e-06
-0.000136845
3.98376e-06
-0.000126298
4.23666e-06
1.18836e-05
-0.000118511
-0.00012207
-2.13483e-05
-0.000107841
-1.02449e-05
-0.000101637
-1.96812e-06
1.54252e-06
-9.12956e-05
-0.000143348
-5.47824e-05
-0.000118088
-3.5505e-05
-9.71442e-05
-2.29119e-05
-1.90577e-05
-7.6544e-05
-0.000186455
-5.94228e-05
-0.000174471
-4.74892e-05
-0.000158232
-3.91507e-05
-4.75066e-05
-0.000129784
-0.000166286
-5.92431e-05
-0.000159659
-5.4117e-05
-0.000143957
-5.4852e-05
-4.82431e-05
-0.000143221
-0.000114353
-5.60811e-05
-0.000113829
-5.46407e-05
-0.000115047
-5.36342e-05
-4.95796e-05
-0.00011371
-6.42561e-05
-5.56958e-05
-6.24723e-05
-5.64245e-05
-5.87949e-05
-5.73117e-05
-5.67471e-05
-5.16274e-05
-2.89415e-05
-5.35305e-05
-3.09596e-05
-5.44063e-05
-3.22849e-05
-5.59864e-05
-5.85523e-05
-3.04798e-05
3.69935e-06
-5.29743e-05
2.55489e-06
-5.32619e-05
5.96439e-07
-5.40281e-05
-5.65996e-05
-1.35634e-06
1.8725e-05
-5.40579e-05
1.92937e-05
-5.38307e-05
1.90793e-05
-5.38137e-05
-5.41029e-05
1.65826e-05
2.21594e-05
-5.59055e-05
2.35299e-05
-5.52012e-05
2.43064e-05
-5.45903e-05
-5.39376e-05
2.4141e-05
2.0658e-05
-5.62346e-05
2.09903e-05
-5.55335e-05
2.12309e-05
-5.48309e-05
-5.40165e-05
2.13098e-05
2.21509e-05
-5.47836e-05
2.06218e-05
-5.40044e-05
1.90442e-05
-5.32532e-05
-5.2464e-05
1.74917e-05
2.61405e-05
-5.22465e-05
2.35081e-05
-5.13721e-05
2.07865e-05
-5.05316e-05
-4.9681e-05
1.80036e-05
3.1059e-05
-4.90417e-05
2.78228e-05
-4.81359e-05
2.45676e-05
-4.72764e-05
-4.64394e-05
2.13261e-05
3.59852e-05
-4.54607e-05
3.24704e-05
-4.4621e-05
2.90138e-05
-4.38197e-05
-4.30569e-05
2.56314e-05
4.02225e-05
-4.16542e-05
3.65752e-05
-4.09737e-05
3.30642e-05
-4.03086e-05
-3.96694e-05
2.96767e-05
4.34512e-05
-3.7722e-05
3.97275e-05
-3.72499e-05
3.61847e-05
-3.67656e-05
-3.62871e-05
3.28025e-05
4.55993e-05
-3.37767e-05
4.18742e-05
-3.35247e-05
3.83442e-05
-3.32354e-05
-3.2931e-05
3.49882e-05
4.67191e-05
-2.99391e-05
4.30911e-05
-2.98965e-05
3.96537e-05
-2.97978e-05
-2.96677e-05
3.63904e-05
4.69097e-05
-2.63129e-05
4.34703e-05
-2.6457e-05
4.02053e-05
-2.65328e-05
-2.6566e-05
3.71036e-05
4.628e-05
-2.29678e-05
4.30931e-05
-2.32702e-05
4.00582e-05
-2.34979e-05
-2.36766e-05
3.71688e-05
4.49556e-05
-1.99412e-05
4.20577e-05
-2.03724e-05
3.92876e-05
-2.07278e-05
-2.10321e-05
3.66431e-05
4.30749e-05
-1.72478e-05
4.0484e-05
-1.77815e-05
3.79989e-05
-1.82427e-05
-1.86543e-05
3.56212e-05
4.0789e-05
-1.48885e-05
3.85114e-05
-1.55038e-05
3.63217e-05
-1.6053e-05
-1.6556e-05
3.42235e-05
3.82378e-05
-1.28547e-05
3.62691e-05
-1.3535e-05
3.4373e-05
-1.41567e-05
-1.47367e-05
3.25537e-05
3.55135e-05
-1.11223e-05
3.38315e-05
-1.18529e-05
3.22068e-05
-1.25319e-05
-1.31724e-05
3.06427e-05
3.26181e-05
-9.64743e-06
3.11775e-05
-1.04123e-05
2.97761e-05
-1.11306e-05
-1.18117e-05
2.84154e-05
2.94582e-05
-8.367e-06
2.81946e-05
-9.14876e-06
2.69513e-05
-9.88729e-06
-1.05885e-05
2.57281e-05
2.59181e-05
-7.21675e-06
2.47705e-05
-8.00119e-06
2.36293e-05
-8.74609e-06
-9.4538e-06
2.24946e-05
2.19754e-05
-6.15787e-06
2.09157e-05
-6.94143e-06
1.98608e-05
-7.69125e-06
-8.40627e-06
1.88133e-05
1.77866e-05
-5.19886e-06
1.68338e-05
-5.98859e-06
1.58943e-05
-6.75165e-06
-7.4881e-06
1.49762e-05
1.36531e-05
-4.3671e-06
1.28285e-05
-5.16386e-06
1.20228e-05
-5.94581e-06
-6.71943e-06
1.12542e-05
9.58779e-06
-3.57713e-06
8.82398e-06
-4.39994e-06
8.10798e-06
-5.2297e-06
-6.07529e-06
7.46393e-06
4.00115e-06
3.49114e-06
3.06666e-06
2.73287e-06
1.35539e-05
2.56013e-05
5.09994e-06
-2.66064e-05
-2.59567e-05
-6.86718e-06
-6.66324e-05
5.31438e-05
-0.000106035
7.42556e-05
-0.000111214
-1.11736e-05
-0.000125666
-4.80114e-05
-0.000168114
1.14577e-05
-0.00019578
9.45431e-05
-0.00017297
5.26463e-05
-0.000135579
-1.15342e-05
-0.000109493
-1.5149e-05
-9.31888e-05
6.99905e-07
-7.44498e-05
-1.01855e-06
-4.46822e-05
-1.02347e-05
1.1249e-05
-4.83355e-05
6.52282e-05
-7.18326e-05
1.47698e-05
1.03548e-05
-6.01664e-05
7.49237e-06
1.13726e-05
-1.26729e-05
-6.44112e-06
-5.07507e-05
3.12106e-05
-9.29588e-05
9.53519e-05
-9.38306e-05
7.51274e-05
-8.79365e-05
-1.70677e-05
-0.000104235
-3.17124e-05
-0.000129531
3.67536e-05
-0.000137025
0.000102037
-0.000124358
3.99793e-05
-5.8065e-05
-7.78275e-05
6.65345e-05
-0.000139749
0.000188833
-0.000121598
0.000277529
-8.97131e-05
0.000240514
2.67795e-05
0.000115298
7.68803e-05
0.000110049
-6.65834e-05
0.000130862
-1.04579e-05
7.06954e-05
-3.81957e-05
1.25855e-05
-7.24619e-05
2.7825e-05
-0.000111814
7.05625e-05
-0.000115377
9.89151e-05
-8.19989e-05
4.17493e-05
-7.88286e-05
-2.0238e-05
-8.75155e-05
-2.30255e-05
-6.91295e-05
1.83677e-05
-2.33879e-05
5.62953e-05
1.72147e-05
-6.23307e-07
4.43713e-05
-0.000104984
6.6254e-05
-0.000161632
0.000108486
-0.000163831
0.00013724
-0.000118467
0.000116131
4.7888e-05
7.18361e-06
0.000185828
-3.27817e-05
-2.66181e-05
1.72375e-05
-6.04771e-05
8.79329e-05
-0.00012641
2.78384e-05
-0.000157379
5.87938e-05
-0.000167728
8.09113e-05
-0.000127746
5.89335e-05
-0.000111706
2.57093e-05
-0.00012987
-2.0737e-06
-0.00012895
-2.39458e-05
-7.31849e-05
-3.73972e-05
2.27925e-05
-3.96821e-05
9.43648e-05
-7.21956e-05
0.000113057
-0.000123676
0.000106686
-0.000155261
0.000112614
-0.000169759
0.000118907
-0.00012476
7.09646e-05
9.58301e-05
-5.97955e-06
0.000262772
-7.72038e-05
4.46061e-05
-8.49899e-05
-5.2691e-05
2.9429e-06
-0.000199893
4.73107e-05
-0.000202359
6.12599e-05
-0.00017213
5.06821e-05
-0.000150207
3.70104e-05
-0.000152685
2.81876e-05
-0.000154977
2.18299e-07
-0.000120993
-5.79302e-05
-6.20458e-05
-9.63443e-05
1.14914e-05
-0.000113219
5.8433e-05
-0.000119137
8.21076e-05
-0.000147351
0.00011502
-0.000188173
0.000149613
-0.000204351
0.000146745
-0.000121892
8.17189e-05
0.000160856
7.05142e-05
0.000273977
-2.79838e-05
0.000143104
-8.13108e-05
6.35986e-07
-7.83679e-05
-0.000210013
5.04702e-05
-0.000192894
4.41402e-05
-0.000166736
2.45247e-05
-0.000139984
1.0258e-05
-0.00010211
-9.68642e-06
-5.59447e-05
-4.59468e-05
-1.87071e-05
-9.51678e-05
1.56444e-05
-0.000130696
3.80227e-05
-0.000135598
6.69815e-05
-0.000148096
9.43853e-05
-0.000174754
0.000105458
-0.000199246
0.000136152
-0.000235046
9.25562e-05
-7.82957e-05
8.1407e-05
0.000172005
0.000110125
0.000245259
6.39957e-05
0.000189233
-4.06057e-06
6.86923e-05
-8.24285e-05
-0.000173503
5.51951e-05
-0.000169946
4.05835e-05
-0.000146001
5.79344e-07
-9.70491e-05
-3.86935e-05
-3.5955e-05
-7.07805e-05
1.25906e-05
-9.44924e-05
3.362e-05
-0.000116197
3.29459e-05
-0.000130022
3.94635e-05
-0.000142115
5.38247e-05
-0.000162457
6.16973e-05
-0.000182627
8.67967e-06
-0.000146228
-1.7435e-05
-0.000208931
7.96317e-07
-9.65271e-05
3.36264e-05
0.000139175
0.000101178
0.000177708
0.000115142
0.000175269
7.06537e-05
0.000113181
-1.17748e-05
-0.000102688
3.93717e-05
-8.64038e-05
2.42994e-05
-5.10473e-05
-3.47771e-05
-9.62641e-06
-8.01144e-05
2.19947e-05
-0.000102402
3.63541e-05
-0.000108852
3.49196e-05
-0.000114763
3.67655e-05
-0.000131868
4.94779e-05
-0.000154828
6.58048e-05
-0.000178784
2.36483e-05
-0.00014047
-5.14855e-05
-7.10943e-05
-0.000135903
-0.000124513
-0.000125396
-0.000107034
-3.19496e-05
4.57284e-05
0.000103771
4.19869e-05
0.00018447
9.457e-05
0.00014265
0.000155001
0.000130876
-5.35303e-05
1.60637e-06
-1.50523e-05
-1.41786e-05
1.07343e-05
-6.05637e-05
1.83017e-05
-8.76818e-05
1.72033e-05
-0.000101303
1.71411e-05
-0.00010879
2.16325e-05
-0.000119254
3.71044e-05
-0.00014734
4.81589e-05
-0.000165882
-2.55902e-08
-0.0001306
-1.73609e-05
-0.000123135
-7.88955e-06
-8.05658e-05
-3.44424e-05
-9.79602e-05
-5.48662e-05
-8.66101e-05
5.29584e-05
-6.20962e-05
0.000137283
-4.23381e-05
0.000202221
2.96323e-05
0.000186401
0.000170821
0.000317277
-3.80223e-05
-3.69153e-05
-1.52086e-05
-3.69923e-05
-9.57478e-06
-6.61975e-05
-8.23895e-06
-8.90176e-05
-6.03393e-06
-0.000103508
2.63663e-06
-0.00011746
3.28097e-05
-0.000149427
7.78529e-06
-0.000122315
-3.16805e-05
-0.000126416
-4.12933e-05
-0.000120987
-2.01822e-05
-0.000144246
3.89341e-05
-0.000139682
6.5951e-05
-0.000124977
5.59157e-05
-7.65747e-05
7.19698e-05
-7.81504e-05
0.000105315
-7.56835e-05
0.000141667
-6.71894e-06
0.000163241
0.000149247
0.000480518
-8.90654e-05
-7.76334e-05
-6.4936e-05
-6.11217e-05
-4.91801e-05
-8.19534e-05
-3.1976e-05
-0.000106222
-1.71591e-05
-0.000118325
-8.30658e-06
-0.000126313
-3.7891e-05
-0.000119843
-4.84176e-05
-0.000111789
-5.59435e-05
-0.00011889
-4.13274e-05
-0.000135603
-3.18759e-05
-0.000153698
-9.30194e-06
-0.000162256
2.84492e-05
-0.000162728
8.62026e-05
-0.000134328
9.42564e-05
-8.62042e-05
0.00010903
-9.04574e-05
0.000112772
-1.04605e-05
0.00010373
0.000158288
0.000584248
-0.000133656
-8.71976e-05
-0.000106761
-8.80174e-05
-6.12598e-05
-0.000127454
-5.47713e-05
-0.00011271
-5.64519e-05
-0.000116645
-6.23557e-05
-0.000120409
-6.01953e-05
-0.000122003
-4.80463e-05
-0.000123938
-4.1251e-05
-0.000125686
-4.76104e-05
-0.000129244
-6.10908e-05
-0.000140217
-7.16244e-05
-0.000151723
-6.69736e-05
-0.000167379
-1.58691e-05
-0.000185433
4.5954e-05
-0.000148027
6.45048e-05
-0.000109008
6.36778e-05
-9.63356e-06
2.39866e-05
0.00019798
0.000608235
-9.5342e-05
-0.000105566
-8.43784e-05
-9.89811e-05
-8.3614e-05
-0.000128219
-6.41165e-05
-0.000132208
-4.6274e-05
-0.000134487
-3.39618e-05
-0.000132721
-2.78873e-05
-0.000128078
-2.98715e-05
-0.000121954
-3.95409e-05
-0.000116016
-5.42544e-05
-0.00011453
-7.61873e-05
-0.000118284
-0.000107446
-0.000120464
-0.000139133
-0.000135692
-0.000146674
-0.000177892
-9.38452e-05
-0.000200855
-4.65832e-05
-0.00015627
-6.44559e-05
8.23914e-06
-0.000113652
0.000247176
0.000494583
-3.30775e-05
-0.000124116
-3.0584e-05
-0.000101475
-3.09122e-05
-0.00012789
-2.33776e-05
-0.000139743
-1.75028e-05
-0.000140362
-1.81529e-05
-0.000132071
-2.39595e-05
-0.000122271
-3.21783e-05
-0.000113735
-4.07686e-05
-0.000107426
-5.17547e-05
-0.000103544
-6.93267e-05
-0.000100713
-9.84283e-05
-9.13625e-05
-0.00014699
-8.71301e-05
-0.000206975
-0.000117907
-0.000248635
-0.000159195
-0.000264353
-0.000140552
-0.000256482
3.67957e-07
-0.000213459
0.000204152
0.000281124
-2.2913e-05
-0.000131683
-1.57713e-05
-0.000108616
-1.44232e-05
-0.000129239
-1.45049e-05
-0.000139661
-1.6637e-05
-0.00013823
-2.12108e-05
-0.000127497
-2.70555e-05
-0.000116426
-3.26602e-05
-0.00010813
-3.81665e-05
-0.00010192
-4.41534e-05
-9.75574e-05
-5.12703e-05
-9.35959e-05
-5.99501e-05
-8.26827e-05
-8.23112e-05
-6.47691e-05
-0.000137658
-6.25606e-05
-0.000216782
-8.00709e-05
-0.000284841
-7.24928e-05
-0.00027858
-5.89351e-06
-0.000178884
0.000104457
0.00010224
-4.25945e-06
-0.00012878
2.76207e-06
-0.000115638
4.38446e-06
-0.000130861
-8.80262e-07
-0.000134396
-8.97961e-06
-0.00013013
-1.72641e-05
-0.000119213
-2.41581e-05
-0.000109532
-2.9203e-05
-0.000103085
-3.26455e-05
-9.84773e-05
-3.499e-05
-9.52129e-05
-3.69977e-05
-9.15883e-05
-3.69437e-05
-8.27368e-05
-3.44449e-05
-6.72679e-05
-4.55805e-05
-5.1425e-05
-8.70276e-05
-3.86238e-05
-0.000138364
-2.11564e-05
-0.000152711
8.45297e-06
-8.07541e-05
3.25001e-05
2.14858e-05
1.39085e-05
-0.000126106
1.92381e-05
-0.000120968
1.44043e-05
-0.000126027
6.06555e-06
-0.000126057
-4.93823e-06
-0.000119127
-1.42789e-05
-0.000109872
-2.05855e-05
-0.000103226
-2.43384e-05
-9.9332e-05
-2.59178e-05
-9.68979e-05
-2.55996e-05
-9.55311e-05
-2.44247e-05
-9.27632e-05
-2.36648e-05
-8.34967e-05
-2.39981e-05
-6.69348e-05
-2.62091e-05
-4.92139e-05
-3.54638e-05
-2.93691e-05
-5.25781e-05
-4.04215e-06
-5.57329e-05
1.16078e-05
-2.43212e-05
1.08837e-06
-2.83549e-06
2.25967e-05
-0.000124561
2.25017e-05
-0.000120873
1.55194e-05
-0.000119045
5.01951e-06
-0.000115557
-5.50516e-06
-0.000108602
-1.31846e-05
-0.000102192
-1.77809e-05
-9.86291e-05
-2.02636e-05
-9.68492e-05
-2.04991e-05
-9.66623e-05
-1.8054e-05
-9.79762e-05
-1.39482e-05
-9.6869e-05
-1.02416e-05
-8.72034e-05
-9.48337e-06
-6.76931e-05
-1.33732e-05
-4.53241e-05
-1.95303e-05
-2.3212e-05
-2.73271e-05
3.75461e-06
-2.45523e-05
8.83292e-06
-8.69317e-06
-1.47708e-05
-1.15287e-05
1.98982e-05
-0.00012315
1.65431e-05
-0.000117517
9.35611e-06
-0.000111858
3.75408e-08
-0.000106239
-7.94711e-06
-0.000100617
-1.32484e-05
-9.68911e-05
-1.64892e-05
-9.53884e-05
-1.82572e-05
-9.50811e-05
-1.75241e-05
-9.73955e-05
-1.36013e-05
-0.000101899
-7.83322e-06
-0.000102637
-2.35565e-06
-9.2681e-05
4.07625e-07
-7.04564e-05
-1.61281e-06
-4.33037e-05
-7.53902e-06
-1.72858e-05
-1.25836e-05
8.79919e-06
-8.81204e-06
5.0613e-06
-5.15642e-06
-1.84265e-05
-1.66851e-05
1.35474e-05
-0.000119205
8.664e-06
-0.000112634
2.52654e-06
-0.00010572
-3.98365e-06
-9.97289e-05
-9.15773e-06
-9.54434e-05
-1.27985e-05
-9.32504e-05
-1.58271e-05
-9.23598e-05
-1.78214e-05
-9.30867e-05
-1.70391e-05
-9.81777e-05
-1.3006e-05
-0.000105932
-7.30602e-06
-0.000108337
-1.54191e-06
-9.84452e-05
2.75655e-06
-7.47549e-05
2.89129e-06
-4.34385e-05
-8.58355e-07
-1.35362e-05
-3.89922e-06
1.184e-05
-1.76448e-06
2.92652e-06
-4.06803e-06
-1.6123e-05
-2.07532e-05
1.15487e-05
-0.000112751
5.4918e-06
-0.000106577
1.14046e-07
-0.000100343
-4.45771e-06
-9.51573e-05
-8.21563e-06
-9.16856e-05
-1.18022e-05
-8.96639e-05
-1.56479e-05
-8.85141e-05
-1.86715e-05
-9.00632e-05
-1.9044e-05
-9.78052e-05
-1.68142e-05
-0.000108162
-1.31126e-05
-0.000112039
-8.39818e-06
-0.00010316
-4.02264e-06
-7.91304e-05
-2.26597e-06
-4.51952e-05
-4.08994e-06
-1.17122e-05
-4.56139e-06
1.23114e-05
-3.28569e-06
1.6508e-06
-6.2812e-06
-1.31275e-05
-2.70344e-05
1.4032e-05
-0.000105456
7.58787e-06
-0.000100133
2.31897e-06
-9.5074e-05
-2.04222e-06
-9.07963e-05
-6.17004e-06
-8.7558e-05
-1.07199e-05
-8.51142e-05
-1.58228e-05
-8.34112e-05
-2.03727e-05
-8.55134e-05
-2.30406e-05
-9.51374e-05
-2.42501e-05
-0.000106952
-2.41509e-05
-0.000112138
-2.21423e-05
-0.000105168
-1.92696e-05
-8.20032e-05
-1.77318e-05
-4.6733e-05
-1.77445e-05
-1.16996e-05
-1.4607e-05
9.17393e-06
-1.29265e-05
-2.96702e-08
-9.82281e-06
-1.62312e-05
-3.68571e-05
1.82122e-05
-9.80372e-05
1.17529e-05
-9.36738e-05
6.22824e-06
-8.95495e-05
1.21349e-06
-8.57816e-05
-3.86642e-06
-8.24781e-05
-9.42304e-06
-7.95576e-05
-1.56299e-05
-7.72043e-05
-2.18024e-05
-7.93411e-05
-2.72819e-05
-8.96579e-05
-3.25487e-05
-0.000101686
-3.70808e-05
-0.000107606
-3.95881e-05
-0.000102661
-4.00581e-05
-8.15333e-05
-3.93437e-05
-4.74474e-05
-3.74043e-05
-1.3639e-05
-3.24024e-05
4.17208e-06
-2.59219e-05
-6.51015e-06
-1.00402e-05
-3.21129e-05
-4.68973e-05
2.22705e-05
-9.0631e-05
1.56838e-05
-8.70871e-05
9.75562e-06
-8.36213e-05
4.15436e-06
-8.01804e-05
-1.46901e-06
-7.68548e-05
-7.48403e-06
-7.35426e-05
-1.42082e-05
-7.04802e-05
-2.14954e-05
-7.2054e-05
-2.91905e-05
-8.19629e-05
-3.77359e-05
-9.31406e-05
-4.66966e-05
-9.86455e-05
-5.43345e-05
-9.50233e-05
-5.8843e-05
-7.70249e-05
-5.9708e-05
-4.65823e-05
-5.60934e-05
-1.72536e-05
-4.5042e-05
-6.87927e-06
-2.7116e-05
-2.4436e-05
-7.61778e-06
-5.1611e-05
-5.4515e-05
2.54333e-05
-8.32618e-05
1.87684e-05
-8.04221e-05
1.26537e-05
-7.75067e-05
6.90268e-06
-7.44294e-05
1.27389e-06
-7.1226e-05
-4.58777e-06
-6.76809e-05
-1.10272e-05
-6.40407e-05
-1.83178e-05
-6.47635e-05
-2.6684e-05
-7.35968e-05
-3.64117e-05
-8.3413e-05
-4.75014e-05
-8.75558e-05
-5.81937e-05
-8.4331e-05
-6.48276e-05
-7.0391e-05
-6.46607e-05
-4.67492e-05
-5.58997e-05
-2.60146e-05
-3.87859e-05
-2.39929e-05
-2.04658e-05
-4.2756e-05
-8.20784e-06
-6.38688e-05
-6.27227e-05
2.77103e-05
-7.59839e-05
2.1156e-05
-7.38678e-05
1.51739e-05
-7.15245e-05
9.62551e-06
-6.8881e-05
4.35375e-06
-6.59541e-05
-8.57207e-07
-6.24699e-05
-6.20322e-06
-5.86948e-05
-1.22119e-05
-5.87548e-05
-1.95169e-05
-6.62918e-05
-2.79977e-05
-7.49323e-05
-3.76738e-05
-7.78797e-05
-4.73611e-05
-7.46436e-05
-5.28728e-05
-6.48793e-05
-5.01447e-05
-4.94772e-05
-3.92494e-05
-3.69097e-05
-2.60047e-05
-3.72375e-05
-1.83509e-05
-5.04096e-05
-1.36175e-05
-6.8602e-05
-7.63401e-05
2.93435e-05
-6.8937e-05
2.30451e-05
-6.75693e-05
1.73583e-05
-6.58377e-05
1.21924e-05
-6.37149e-05
7.4934e-06
-6.12551e-05
3.22581e-06
-5.82023e-05
-5.75172e-07
-5.48938e-05
-4.42328e-06
-5.49067e-05
-9.52871e-06
-6.11864e-05
-1.55679e-05
-6.88931e-05
-2.18356e-05
-7.1612e-05
-2.77676e-05
-6.87116e-05
-3.09599e-05
-6.16869e-05
-2.81248e-05
-5.23121e-05
-2.02774e-05
-4.47571e-05
-1.43844e-05
-4.31303e-05
-1.73426e-05
-4.74512e-05
-1.91872e-05
-6.67573e-05
-9.55271e-05
3.04182e-05
-6.22516e-05
2.44717e-05
-6.16228e-05
1.91575e-05
-6.05235e-05
1.44559e-05
-5.90133e-05
1.04324e-05
-5.72315e-05
7.24312e-06
-5.5013e-05
5.09255e-06
-5.27432e-05
3.34079e-06
-5.3155e-05
5.49524e-07
-5.83952e-05
-3.35971e-06
-6.49838e-05
-7.03464e-06
-6.7937e-05
-9.51151e-06
-6.62347e-05
-1.02469e-05
-6.09514e-05
-8.27766e-06
-5.42813e-05
-4.82534e-06
-4.82093e-05
-2.87802e-06
-4.50775e-05
-9.1087e-06
-4.12203e-05
-1.66664e-05
-5.91994e-05
-0.000112193
3.09342e-05
-5.6017e-05
2.54008e-05
-5.60894e-05
2.05129e-05
-5.56356e-05
1.63208e-05
-5.4821e-05
1.2968e-05
-5.38788e-05
1.07067e-05
-5.27517e-05
9.76832e-06
-5.18049e-05
9.51401e-06
-5.29007e-05
8.31484e-06
-5.7196e-05
5.67076e-06
-6.23396e-05
2.98374e-06
-6.52499e-05
1.80487e-06
-6.50557e-05
2.32856e-06
-6.14751e-05
4.16968e-06
-5.61223e-05
5.31717e-06
-4.93567e-05
7.72126e-06
-4.74814e-05
4.45844e-06
-3.79573e-05
-1.40362e-06
-5.33372e-05
-0.000113597
3.09241e-05
-5.0298e-05
2.58593e-05
-5.10245e-05
2.14491e-05
-5.12253e-05
1.77905e-05
-5.11624e-05
1.50413e-05
-5.11295e-05
1.34292e-05
-5.11396e-05
1.3085e-05
-5.14606e-05
1.33241e-05
-5.31398e-05
1.26365e-05
-5.65083e-05
1.04257e-05
-6.01288e-05
7.85005e-06
-6.26741e-05
6.3231e-06
-6.35287e-05
6.43758e-06
-6.15895e-05
7.48068e-06
-5.71654e-05
8.82357e-06
-5.06995e-05
1.16242e-05
-5.02819e-05
1.59342e-05
-4.22672e-05
1.35002e-05
-5.0903e-05
-0.000100097
3.04699e-05
-4.51466e-05
2.59285e-05
-4.6483e-05
2.20453e-05
-4.73421e-05
1.89249e-05
-4.8042e-05
1.66656e-05
-4.88702e-05
1.53637e-05
-4.98377e-05
1.49722e-05
-5.10691e-05
1.48125e-05
-5.29801e-05
1.3743e-05
-5.54387e-05
1.145e-05
-5.78358e-05
8.84192e-06
-6.0066e-05
6.82375e-06
-6.15106e-05
5.76535e-06
-6.05312e-05
5.70627e-06
-5.71063e-05
7.02657e-06
-5.20197e-05
9.31423e-06
-5.25695e-05
1.57848e-05
-4.87377e-05
1.81247e-05
-5.32428e-05
-8.19719e-05
2.96763e-05
-4.05993e-05
2.56949e-05
-4.25016e-05
2.23499e-05
-4.3997e-05
1.97084e-05
-4.54004e-05
1.77559e-05
-4.69177e-05
1.64203e-05
-4.85021e-05
1.55139e-05
-5.01626e-05
1.44937e-05
-5.19598e-05
1.2766e-05
-5.3711e-05
1.04265e-05
-5.54963e-05
8.0293e-06
-5.76688e-05
5.82995e-06
-5.93113e-05
4.05759e-06
-5.87588e-05
3.35771e-06
-5.64064e-05
4.46193e-06
-5.3124e-05
5.92074e-06
-5.40283e-05
1.05308e-05
-5.33477e-05
1.32481e-05
-5.596e-05
-6.87238e-05
2.86089e-05
-3.66543e-05
2.51656e-05
-3.90582e-05
2.22833e-05
-4.11147e-05
1.996e-05
-4.30771e-05
1.80705e-05
-4.50281e-05
1.64406e-05
-4.68721e-05
1.48812e-05
-4.86031e-05
1.31244e-05
-5.02031e-05
1.11108e-05
-5.16973e-05
9.10059e-06
-5.34861e-05
7.1401e-06
-5.57084e-05
5.05721e-06
-5.72284e-05
3.21122e-06
-5.69129e-05
2.44498e-06
-5.56402e-05
3.21232e-06
-5.38913e-05
4.03466e-06
-5.48506e-05
6.17173e-06
-5.54847e-05
7.65043e-06
-5.74387e-05
-6.10734e-05
2.72302e-05
-3.32418e-05
2.42168e-05
-3.60448e-05
2.16304e-05
-3.85283e-05
1.94093e-05
-4.08559e-05
1.73847e-05
-4.30035e-05
1.54136e-05
-4.49011e-05
1.34447e-05
-4.66342e-05
1.15013e-05
-4.82597e-05
9.7784e-06
-4.99744e-05
8.31307e-06
-5.20208e-05
6.74047e-06
-5.41358e-05
4.89543e-06
-5.53835e-05
3.31283e-06
-5.53303e-05
2.60076e-06
-5.49282e-05
2.89633e-06
-5.41869e-05
3.11994e-06
-5.50742e-05
3.61688e-06
-5.59817e-05
3.73351e-06
-5.75554e-05
-5.73399e-05
2.53948e-05
-3.02213e-05
2.26474e-05
-3.32974e-05
2.01835e-05
-3.60644e-05
1.79298e-05
-3.86022e-05
1.57696e-05
-4.08432e-05
1.36899e-05
-4.28214e-05
1.17867e-05
-4.4731e-05
1.01983e-05
-4.66712e-05
9.0021e-06
-4.87782e-05
7.90871e-06
-5.09275e-05
6.52009e-06
-5.27472e-05
4.91622e-06
-5.37796e-05
3.62797e-06
-5.40421e-05
2.89411e-06
-5.41943e-05
2.75646e-06
-5.40493e-05
2.5821e-06
-5.48999e-05
2.28239e-06
-5.5682e-05
1.6509e-06
-5.6924e-05
-5.56891e-05
2.29466e-05
-2.74397e-05
2.03474e-05
-3.06982e-05
1.79533e-05
-3.36702e-05
1.57302e-05
-3.63791e-05
1.36656e-05
-3.87786e-05
1.18547e-05
-4.10105e-05
1.03962e-05
-4.32725e-05
9.30587e-06
-4.55809e-05
8.41452e-06
-4.78869e-05
7.37991e-06
-4.98928e-05
6.06666e-06
-5.1434e-05
4.70747e-06
-5.24204e-05
3.65507e-06
-5.29897e-05
2.92458e-06
-5.34638e-05
2.57231e-06
-5.3697e-05
2.22919e-06
-5.45569e-05
1.69473e-06
-5.51477e-05
9.01365e-07
-5.61308e-05
-5.47878e-05
1.98857e-05
-2.48308e-05
1.74582e-05
-2.82708e-05
1.52503e-05
-3.14622e-05
1.32803e-05
-3.44092e-05
1.16039e-05
-3.71021e-05
1.02933e-05
-3.96999e-05
9.30008e-06
-4.22792e-05
8.46811e-06
-4.4749e-05
7.57005e-06
-4.69888e-05
6.48528e-06
-4.8808e-05
5.3039e-06
-5.02525e-05
4.21472e-06
-5.13312e-05
3.37022e-06
-5.21451e-05
2.72588e-06
-5.28195e-05
2.33707e-06
-5.33082e-05
1.93085e-06
-5.41507e-05
1.40073e-06
-5.46177e-05
6.94764e-07
-5.5425e-05
-5.40932e-05
1.64516e-05
-2.2469e-05
1.43394e-05
-2.61585e-05
1.25034e-05
-2.96262e-05
1.09834e-05
-3.28892e-05
9.80102e-06
-3.59197e-05
8.90351e-06
-3.88024e-05
8.12364e-06
-4.14994e-05
7.30016e-06
-4.39255e-05
6.35059e-06
-4.60392e-05
5.34816e-06
-4.78056e-05
4.39972e-06
-4.9304e-05
3.57883e-06
-5.05102e-05
2.92302e-06
-5.14892e-05
2.39591e-06
-5.22923e-05
2.02247e-06
-5.29348e-05
1.59017e-06
-5.37185e-05
1.12427e-06
-5.41519e-05
5.16623e-07
-5.48175e-05
-5.35767e-05
1.29936e-05
-2.04863e-05
1.13161e-05
-2.44808e-05
9.9455e-06
-2.82555e-05
8.881e-06
-3.18247e-05
8.0488e-06
-3.50875e-05
7.32301e-06
-3.80767e-05
6.57812e-06
-4.07545e-05
5.77586e-06
-4.31232e-05
4.95159e-06
-4.52149e-05
4.18322e-06
-4.70371e-05
3.49405e-06
-4.86148e-05
2.89739e-06
-4.99134e-05
2.39673e-06
-5.09885e-05
1.97323e-06
-5.18688e-05
1.63042e-06
-5.2592e-05
1.22425e-06
-5.33124e-05
8.29084e-07
-5.37569e-05
3.00551e-07
-5.42891e-05
-5.32762e-05
9.67626e-06
-1.89083e-05
8.4194e-06
-2.32239e-05
7.45723e-06
-2.72933e-05
6.70034e-06
-3.10678e-05
6.03912e-06
-3.44263e-05
5.39835e-06
-3.74359e-05
4.75728e-06
-4.01135e-05
4.14146e-06
-4.25074e-05
3.57304e-06
-4.46465e-05
3.06006e-06
-4.65241e-05
2.58834e-06
-4.8143e-05
2.1678e-06
-4.94928e-05
1.79883e-06
-5.06195e-05
1.47528e-06
-5.15452e-05
1.1938e-06
-5.23106e-05
8.69062e-07
-5.29878e-05
5.52679e-07
-5.34407e-05
1.36996e-07
-5.38736e-05
-5.31393e-05
6.23258e-06
-1.76769e-05
5.3558e-06
-2.23471e-05
4.72835e-06
-2.66658e-05
4.2037e-06
-3.05431e-05
3.72581e-06
-3.39484e-05
3.28516e-06
-3.69953e-05
2.88868e-06
-3.9717e-05
2.53712e-06
-4.21558e-05
2.21507e-06
-4.43244e-05
1.91148e-06
-4.62204e-05
1.62253e-06
-4.78539e-05
1.36101e-06
-4.92312e-05
1.12711e-06
-5.03855e-05
9.21048e-07
-5.13392e-05
7.35887e-07
-5.21254e-05
5.25687e-07
-5.27777e-05
3.13512e-07
-5.32286e-05
3.95526e-08
-5.35998e-05
-5.30997e-05
2.18613e-06
1.86342e-06
1.63511e-06
1.43308e-06
1.26269e-06
1.11787e-06
9.9438e-07
8.81874e-07
7.72585e-07
6.66298e-07
5.64846e-07
4.73452e-07
3.91887e-07
3.20585e-07
2.55125e-07
1.80465e-07
1.01814e-07
-1.03676e-08
)
;

boundaryField
{
    leftWall
    {
        type            calculated;
        value           uniform 0;
    }
    rightWall
    {
        type            calculated;
        value           uniform 0;
    }
    lowerWall
    {
        type            calculated;
        value           uniform 0;
    }
    atmosphere
    {
        type            calculated;
        value           nonuniform List<scalar> 
46
(
5.76378e-05
6.666e-05
6.00278e-05
5.75111e-05
5.66589e-05
5.53955e-05
5.36075e-05
5.14839e-05
4.90662e-05
4.63457e-05
4.3321e-05
4.0007e-05
3.64332e-05
3.26407e-05
2.86804e-05
2.46098e-05
2.04872e-05
1.63664e-05
1.22914e-05
8.29092e-06
4.37219e-06
4.93899e-07
-3.43552e-06
-2.99734e-06
-3.88986e-06
-4.80516e-06
-5.74147e-06
-1.71301e-05
-2.20243e-05
-2.64375e-05
-3.03411e-05
-3.3778e-05
-3.68505e-05
-3.95935e-05
-4.20433e-05
-4.42151e-05
-4.61141e-05
-4.77524e-05
-4.91398e-05
-5.0304e-05
-5.12679e-05
-5.206e-05
-5.27031e-05
-5.315e-05
-5.34876e-05
-5.31101e-05
)
;
    }
    defaultFaces
    {
        type            empty;
        value           nonuniform 0();
    }
}


// ************************************************************************* //
