/*--------------------------------*- C++ -*----------------------------------*\
| =========                 |                                                 |
| \\      /  F ield         | OpenFOAM: The Open Source CFD Toolbox           |
|  \\    /   O peration     | Version:  5.x                                   |
|   \\  /    A nd           | Web:      www.OpenFOAM.org                      |
|    \\/     M anipulation  |                                                 |
\*---------------------------------------------------------------------------*/
FoamFile
{
    version     2.0;
    format      ascii;
    class       surfaceScalarField;
    location    "0.45";
    object      phi;
}
// * * * * * * * * * * * * * * * * * * * * * * * * * * * * * * * * * * * * * //

dimensions      [0 3 -1 0 0 0 0];

internalField   nonuniform List<scalar> 
4432
(
-3.80736e-06
3.80736e-06
-4.2961e-06
4.88738e-07
-9.04136e-07
-3.39196e-06
4.6446e-06
-5.54873e-06
1.09304e-05
-6.28583e-06
1.67499e-05
-5.81947e-06
2.14726e-05
-4.72272e-06
2.49712e-05
-3.49856e-06
2.73834e-05
-2.41226e-06
2.89288e-05
-1.5454e-06
2.98072e-05
-8.78331e-07
3.01435e-05
-3.3636e-07
2.99202e-05
2.23336e-07
2.8946e-05
9.74154e-07
2.68969e-05
2.04918e-06
2.3236e-05
3.66088e-06
1.73127e-05
5.92327e-06
9.03686e-06
8.27585e-06
6.57224e-07
8.37963e-06
-6.06033e-06
6.71755e-06
-1.53675e-05
9.30717e-06
-1.54068e-05
3.92743e-08
-1.54068e-05
-3.95854e-06
7.7659e-06
-3.9945e-06
5.24706e-07
-4.88932e-07
-6.89753e-06
5.04859e-06
-1.10863e-05
1.12805e-05
-1.25178e-05
1.70208e-05
-1.15597e-05
2.16601e-05
-9.36202e-06
2.50917e-05
-6.93011e-06
2.74739e-05
-4.79447e-06
2.90342e-05
-3.10568e-06
2.99721e-05
-1.81627e-06
3.04371e-05
-8.0133e-07
3.05676e-05
9.28293e-08
3.05128e-05
1.02892e-06
3.02884e-05
2.27363e-06
2.97251e-05
4.2242e-06
2.81244e-05
7.52398e-06
2.38197e-05
1.25805e-05
1.47423e-05
1.7457e-05
1.56314e-06
1.98967e-05
-8.70373e-06
1.9574e-05
-8.82846e-06
1.64007e-07
-2.42352e-05
-3.52009e-06
1.1286e-05
-3.37336e-06
3.77974e-07
1.9241e-07
-1.04633e-05
5.65119e-06
-1.6545e-05
1.17218e-05
-1.85884e-05
1.7253e-05
-1.7091e-05
2.16689e-05
-1.37779e-05
2.49101e-05
-1.01713e-05
2.71739e-05
-7.05826e-06
2.86993e-05
-4.63111e-06
2.96755e-05
-2.79245e-06
3.02205e-05
-1.34631e-06
3.03858e-05
-7.24408e-08
3.01743e-05
1.24038e-06
2.9618e-05
2.82987e-06
2.88677e-05
4.9745e-06
2.82547e-05
8.13706e-06
2.75468e-05
1.32884e-05
2.43985e-05
2.06052e-05
1.61757e-05
2.81195e-05
6.53088e-06
2.92189e-05
1.39923e-06
5.29566e-06
-2.2836e-05
-2.88368e-06
1.41697e-05
-2.45811e-06
-4.75906e-08
1.02233e-06
-1.39437e-05
6.34633e-06
-2.1869e-05
1.21912e-05
-2.44332e-05
1.74634e-05
-2.23632e-05
2.16003e-05
-1.79149e-05
2.4605e-05
-1.3176e-05
2.67319e-05
-9.18515e-06
2.82348e-05
-6.13399e-06
2.92841e-05
-3.84175e-06
2.99687e-05
-2.03098e-06
3.03146e-05
-4.18269e-07
3.02978e-05
1.25717e-06
2.98882e-05
3.23946e-06
2.90987e-05
5.76395e-06
2.81467e-05
9.08911e-06
2.77243e-05
1.37108e-05
2.78317e-05
2.04978e-05
2.63445e-05
2.96067e-05
2.15117e-05
3.40517e-05
1.11987e-05
1.56086e-05
-1.16373e-05
-2.06316e-06
1.62328e-05
-1.21488e-06
-8.95863e-07
2.05584e-06
-1.72145e-05
7.02082e-06
-2.6834e-05
1.25632e-05
-2.99756e-05
1.7558e-05
-2.73579e-05
2.14101e-05
-2.1767e-05
2.41824e-05
-1.59483e-05
2.61913e-05
-1.11941e-05
2.77029e-05
-7.64561e-06
2.88634e-05
-5.00227e-06
2.9727e-05
-2.89452e-06
3.02876e-05
-9.78881e-07
3.05062e-05
1.03854e-06
3.03572e-05
3.3885e-06
2.98436e-05
6.27752e-06
2.90251e-05
9.9076e-06
2.827e-05
1.44659e-05
2.85592e-05
2.02087e-05
2.98848e-05
2.8281e-05
2.85339e-05
3.54026e-05
1.79059e-05
2.62366e-05
6.26866e-06
-1.01278e-06
1.72456e-05
4.36121e-07
-2.34476e-06
3.44864e-06
-2.0227e-05
7.93805e-06
-3.13234e-05
1.30245e-05
-3.50621e-05
1.7612e-05
-3.19454e-05
2.11125e-05
-2.52675e-05
2.3652e-05
-1.84879e-05
2.5587e-05
-1.3129e-05
2.71679e-05
-9.22651e-06
2.84978e-05
-6.33219e-06
2.95873e-05
-3.98397e-06
3.03948e-05
-1.78644e-06
3.08517e-05
5.8169e-07
3.09329e-05
3.3073e-06
3.06657e-05
6.54472e-06
3.01393e-05
1.0434e-05
2.94566e-05
1.51486e-05
2.91284e-05
2.05368e-05
3.02351e-05
2.71743e-05
3.03174e-05
3.53204e-05
2.11609e-05
3.53931e-05
2.74296e-05
3.29314e-07
1.69163e-05
2.62494e-06
-4.64039e-06
5.88024e-06
-2.34823e-05
9.95135e-06
-3.53945e-05
1.42537e-05
-3.93644e-05
1.80521e-05
-3.57438e-05
2.0964e-05
-2.81794e-05
2.31724e-05
-2.06963e-05
2.50129e-05
-1.49696e-05
2.66763e-05
-1.08898e-05
2.82002e-05
-7.85609e-06
2.95445e-05
-5.32836e-06
3.06303e-05
-2.87217e-06
3.13678e-05
-1.55871e-07
3.16869e-05
2.98828e-06
3.16219e-05
6.60963e-06
3.12832e-05
1.07727e-05
3.07972e-05
1.56346e-05
3.02331e-05
2.11009e-05
3.03631e-05
2.70444e-05
3.03371e-05
3.53464e-05
2.35683e-05
4.21619e-05
5.09979e-05
2.31528e-06
1.4601e-05
5.91548e-06
-8.24059e-06
1.01438e-05
-2.77106e-05
1.3816e-05
-3.90668e-05
1.6794e-05
-4.23423e-05
1.92832e-05
-3.8233e-05
2.13622e-05
-3.02585e-05
2.31695e-05
-2.25035e-05
2.4882e-05
-1.6682e-05
2.65714e-05
-1.25792e-05
2.82028e-05
-9.48754e-06
2.97023e-05
-6.82789e-06
3.09729e-05
-4.1427e-06
3.19074e-05
-1.09036e-06
3.2467e-05
2.42868e-06
3.2664e-05
6.4126e-06
3.25391e-05
1.08977e-05
3.22143e-05
1.59593e-05
3.17497e-05
2.15655e-05
3.13385e-05
2.74556e-05
3.0696e-05
3.59889e-05
2.50637e-05
4.77941e-05
7.60616e-05
3.31411e-05
-3.31411e-05
0.000113712
-8.05701e-05
0.000144467
-3.07553e-05
0.00011392
3.05467e-05
6.83651e-05
4.55547e-05
4.28435e-05
2.55215e-05
3.05896e-05
1.22539e-05
1.99416e-05
1.06481e-05
8.80143e-06
1.114e-05
-2.72551e-06
1.15268e-05
-1.46598e-05
1.19344e-05
-2.78558e-05
1.31961e-05
-4.28364e-05
1.49807e-05
-6.00482e-05
1.72116e-05
-7.72682e-05
1.722e-05
-8.44143e-05
7.14621e-06
-6.92465e-05
-1.51677e-05
-3.22529e-05
-3.69935e-05
-3.22529e-05
3.6012e-05
-6.91538e-05
0.000110545
-0.000155103
0.000150818
-7.10287e-05
0.000139239
4.21263e-05
9.96582e-05
8.51348e-05
6.32818e-05
6.18979e-05
3.81672e-05
3.73684e-05
2.11629e-05
2.76525e-05
8.10821e-06
2.41946e-05
-3.66532e-06
2.33004e-05
-1.5864e-05
2.41332e-05
-2.95714e-05
2.69036e-05
-4.53841e-05
3.07932e-05
-6.33304e-05
3.51581e-05
-8.07968e-05
3.46865e-05
-8.82878e-05
1.46371e-05
-7.25219e-05
-3.09336e-05
-3.35172e-05
-7.59979e-05
-6.577e-05
3.56744e-05
-0.000104829
8.83514e-05
-0.000207779
0.000126705
-0.000109383
0.000126888
4.19436e-05
9.43019e-05
0.00011772
5.9805e-05
9.63948e-05
3.45382e-05
6.26352e-05
1.86745e-05
4.3516e-05
7.2289e-06
3.56403e-05
-3.3504e-06
3.38798e-05
-1.47069e-05
3.54898e-05
-2.78458e-05
4.00424e-05
-4.34261e-05
4.63733e-05
-6.22123e-05
5.39446e-05
-8.31212e-05
5.55956e-05
-9.51252e-05
2.66413e-05
-7.96082e-05
-4.64505e-05
-3.62144e-05
-0.000119392
-0.000101984
3.71078e-05
-0.000141937
5.11354e-05
-0.000221806
8.10072e-05
-0.000139255
9.2814e-05
3.01367e-05
7.58081e-05
0.000134726
4.97029e-05
0.0001225
2.95974e-05
8.27407e-05
1.70819e-05
5.60313e-05
7.10778e-06
4.56144e-05
-2.87962e-06
4.38671e-05
-1.38851e-05
4.64953e-05
-2.68077e-05
5.2965e-05
-4.2505e-05
6.20706e-05
-6.25153e-05
7.39549e-05
-8.76461e-05
8.07266e-05
-0.000106009
4.50041e-05
-9.06498e-05
-6.18091e-05
-4.05367e-05
-0.000169505
-0.000142521
3.25987e-05
-0.000174537
2.78091e-05
-0.000217016
5.07136e-05
-0.000162159
5.83066e-05
2.25438e-05
5.30906e-05
0.000139942
3.73586e-05
0.000138232
2.47881e-05
9.5311e-05
1.56725e-05
6.51471e-05
6.92002e-06
5.43669e-05
-2.43236e-06
5.32192e-05
-1.29366e-05
5.69994e-05
-2.54619e-05
6.54903e-05
-4.11408e-05
7.77495e-05
-6.24683e-05
9.52824e-05
-9.29365e-05
0.000111195
-0.000120241
7.23086e-05
-0.000104106
-7.79433e-05
-4.56706e-05
-0.000227941
-0.000188191
1.55489e-05
-0.000190085
-5.1068e-06
-0.000196361
1.06841e-05
-0.00017795
2.53755e-05
7.85255e-06
2.88906e-05
0.000136427
2.50443e-05
0.000142078
2.02131e-05
0.000100142
1.40586e-05
7.13016e-05
6.52077e-06
6.19048e-05
-1.91872e-06
6.16586e-05
-1.16911e-05
6.67717e-05
-2.34787e-05
7.72779e-05
-3.88283e-05
9.3099e-05
-6.13757e-05
0.00011783
-9.7617e-05
0.000147436
-0.00013412
0.000108812
-0.000113616
-9.84478e-05
-4.85088e-05
-0.000293047
-0.0002367
-2.81915e-05
-0.000161894
-3.99919e-05
-0.00018456
-2.43449e-05
-0.000193597
-3.5073e-06
-1.29852e-05
7.90073e-06
0.000125019
1.45871e-05
0.000135392
1.58701e-05
9.88589e-05
1.21626e-05
7.5009e-05
6.15816e-06
6.79092e-05
-1.15082e-06
6.89675e-05
-1.00017e-05
7.56225e-05
-2.07786e-05
8.80546e-05
-3.53171e-05
0.000107637
-5.84787e-05
0.000140992
-9.86063e-05
0.000187564
-0.000138267
0.000148473
-0.000110121
-0.000126594
-4.70249e-05
-0.000356143
-0.000283725
-3.30019e-05
-0.000128892
-4.5626e-05
-0.000171936
-4.49e-05
-0.000194323
-2.73547e-05
-3.05305e-05
-6.76138e-06
0.000104426
7.26788e-06
0.000121363
1.26283e-05
9.34985e-05
1.09511e-05
7.66861e-05
6.1585e-06
7.27017e-05
-6.0254e-08
7.51863e-05
-7.95513e-06
8.35174e-05
-1.71071e-05
9.72066e-05
-2.99767e-05
0.000120507
-5.20706e-05
0.000163085
-9.06792e-05
0.000226173
-0.000123592
0.000181386
-9.38617e-05
-0.000156325
-4.58624e-05
-0.000404142
-0.000329588
1.26388e-05
1.96217e-06
2.83061e-05
-2.39079e-05
4.10486e-05
-4.0453e-05
4.5501e-05
-4.35192e-05
4.54916e-05
-4.23329e-05
4.562e-05
-3.83614e-05
4.75546e-05
-3.21932e-05
5.09179e-05
-2.58668e-05
5.49917e-05
-2.07558e-05
5.92267e-05
-1.68141e-05
6.31878e-05
-1.34487e-05
6.66034e-05
-1.02435e-05
6.9316e-05
-6.85529e-06
7.11208e-05
-2.89515e-06
7.18907e-05
1.6587e-06
7.24452e-05
5.85811e-06
7.26299e-05
1.0713e-05
7.25345e-05
1.60547e-05
7.25596e-05
2.15404e-05
7.28627e-05
2.71525e-05
7.46378e-05
3.42138e-05
8.11475e-05
4.12844e-05
5.61295e-05
0.00010108
2.37851e-05
-2.1823e-05
5.1675e-05
-5.17977e-05
6.6419e-05
-5.5197e-05
6.14977e-05
-3.85979e-05
5.13081e-05
-3.21434e-05
4.53598e-05
-3.2413e-05
4.51986e-05
-3.2032e-05
4.92031e-05
-2.98713e-05
5.53436e-05
-2.68963e-05
6.21109e-05
-2.35814e-05
6.83567e-05
-1.96945e-05
7.32066e-05
-1.50934e-05
7.62828e-05
-9.93148e-06
7.79792e-05
-4.59158e-06
7.91818e-05
4.56141e-07
7.8781e-05
6.25886e-06
7.82451e-05
1.1249e-05
7.77085e-05
1.65913e-05
7.83886e-05
2.08603e-05
8.0856e-05
2.46852e-05
8.59109e-05
2.91589e-05
9.49087e-05
3.22866e-05
3.77235e-05
0.000113315
3.37909e-05
-5.56139e-05
6.23334e-05
-8.03402e-05
6.19763e-05
-5.484e-05
3.99826e-05
-1.66041e-05
2.46233e-05
-1.67842e-05
1.84789e-05
-2.62686e-05
1.65879e-05
-3.0141e-05
1.91417e-05
-3.24251e-05
2.54144e-05
-3.3169e-05
3.39425e-05
-3.21095e-05
4.36842e-05
-2.94363e-05
5.38341e-05
-2.52433e-05
6.39535e-05
-2.00508e-05
7.50377e-05
-1.56758e-05
8.28438e-05
-7.34993e-06
8.61814e-05
2.92127e-06
8.43621e-05
1.30683e-05
8.03014e-05
2.0652e-05
7.94645e-05
2.16972e-05
8.17006e-05
2.2449e-05
8.59307e-05
2.49287e-05
9.16153e-05
2.6602e-05
2.77715e-05
0.000101567
2.49483e-05
-8.05622e-05
1.25558e-05
-6.79476e-05
-4.72897e-06
-3.75552e-05
-1.53422e-05
-5.99086e-06
-1.7956e-05
-1.41704e-05
-2.31185e-05
-2.11061e-05
-3.23582e-05
-2.09013e-05
-4.23375e-05
-2.24459e-05
-5.31494e-05
-2.23571e-05
-6.40021e-05
-2.12568e-05
-7.54901e-05
-1.79483e-05
-8.56231e-05
-1.51102e-05
-7.9269e-05
-2.64048e-05
-4.17178e-05
-5.32269e-05
2.41785e-05
-7.32462e-05
5.80627e-05
-3.0963e-05
7.14125e-05
-2.81482e-07
7.88753e-05
1.31892e-05
8.67772e-05
1.37953e-05
8.98286e-05
1.93977e-05
9.07349e-05
2.40224e-05
9.31313e-05
2.42056e-05
2.42401e-05
9.66627e-05
-1.92943e-05
-6.12678e-05
-3.25515e-05
-5.46904e-05
-3.86885e-05
-3.14181e-05
-2.30301e-05
-2.16493e-05
-1.5662e-05
-2.15386e-05
-1.60044e-05
-2.07637e-05
-1.80973e-05
-1.88085e-05
-2.21296e-05
-1.84137e-05
-2.5885e-05
-1.86017e-05
-2.74046e-05
-1.97371e-05
-2.85735e-05
-1.67792e-05
-3.64333e-05
-7.25014e-06
-5.74363e-05
-5.40154e-06
-8.22749e-05
-2.83882e-05
-9.50253e-05
-6.04957e-05
-6.87014e-05
-5.72868e-05
-3.86682e-05
-3.03146e-05
1.42604e-05
-3.97393e-05
5.79225e-05
-2.98667e-05
7.53817e-05
1.93847e-06
8.63898e-05
1.30142e-05
9.5805e-05
1.47905e-05
1.96899e-05
0.000100355
-2.57706e-05
-3.54972e-05
-2.84694e-05
-5.19915e-05
-2.2894e-05
-3.69935e-05
-1.81281e-05
-2.64152e-05
-1.70289e-05
-2.26378e-05
-1.73804e-05
-2.04123e-05
-1.83076e-05
-1.78814e-05
-2.00915e-05
-1.66297e-05
-2.09542e-05
-1.7739e-05
-2.01297e-05
-2.05614e-05
-1.71584e-05
-1.97504e-05
-1.48764e-05
-9.53199e-06
-2.32123e-05
2.93445e-06
-3.57371e-05
-1.58633e-05
-3.48914e-05
-6.13413e-05
-2.0958e-05
-7.12201e-05
-8.35893e-07
-5.04366e-05
1.16023e-05
-5.21774e-05
2.45142e-05
-4.27786e-05
3.55859e-05
-9.13316e-06
2.92956e-05
1.93045e-05
6.67822e-05
-2.26961e-05
7.0597e-08
8.64015e-05
-1.14904e-05
-2.40068e-05
-1.50253e-05
-4.84565e-05
-1.69206e-05
-3.50982e-05
-1.62324e-05
-2.71034e-05
-1.57635e-05
-2.31067e-05
-1.55909e-05
-2.05848e-05
-1.55995e-05
-1.78728e-05
-1.59228e-05
-1.63065e-05
-1.64235e-05
-1.72382e-05
-1.68701e-05
-2.01148e-05
-1.57266e-05
-2.08937e-05
-1.07411e-05
-1.45175e-05
-2.61943e-06
-5.18713e-06
-8.78135e-07
-1.76046e-05
-5.59979e-06
-5.66196e-05
-9.43861e-06
-6.73812e-05
-9.18611e-07
-5.89566e-05
1.12779e-05
-6.43738e-05
3.24726e-05
-6.39732e-05
7.22908e-05
-4.89514e-05
0.00010703
-1.54349e-05
0.000101355
-1.70213e-05
1.9477e-05
8.1949e-05
-6.83435e-06
-1.71725e-05
-1.09559e-05
-4.4335e-05
-1.27342e-05
-3.33199e-05
-1.29121e-05
-2.69255e-05
-1.2396e-05
-2.36227e-05
-1.17978e-05
-2.1183e-05
-1.11746e-05
-1.84958e-05
-1.09198e-05
-1.65612e-05
-1.14078e-05
-1.67501e-05
-1.25009e-05
-1.90216e-05
-1.22534e-05
-2.11412e-05
-6.38534e-06
-2.03856e-05
5.82278e-06
-1.73953e-05
1.42195e-05
-2.60013e-05
6.8579e-06
-4.9258e-05
-1.61806e-06
-5.89052e-05
-2.82704e-07
-6.02918e-05
7.63554e-06
-7.2292e-05
2.38592e-05
-8.01969e-05
5.19437e-05
-7.70359e-05
9.68272e-05
-6.03184e-05
0.000113746
-3.39405e-05
1.56816e-05
0.000117542
-5.07627e-06
-1.20962e-05
-8.20141e-06
-4.12099e-05
-9.35401e-06
-3.21673e-05
-9.84564e-06
-2.64339e-05
-9.65349e-06
-2.38148e-05
-9.05873e-06
-2.17776e-05
-8.05079e-06
-1.95037e-05
-6.99321e-06
-1.76187e-05
-6.46797e-06
-1.72753e-05
-6.6361e-06
-1.88535e-05
-6.37489e-06
-2.14024e-05
-2.72602e-06
-2.40345e-05
6.64169e-06
-2.6763e-05
1.39175e-05
-3.32771e-05
1.06099e-05
-4.59505e-05
6.20033e-06
-5.44956e-05
6.5589e-06
-6.06504e-05
6.65723e-06
-7.23903e-05
1.32954e-05
-8.6835e-05
2.48801e-05
-8.86206e-05
4.52235e-05
-8.06619e-05
6.93416e-05
-5.80587e-05
-1.05703e-05
9.55936e-05
-3.17954e-06
-8.9167e-06
-5.6992e-06
-3.86903e-05
-6.9766e-06
-3.08899e-05
-7.5458e-06
-2.58646e-05
-7.52746e-06
-2.3833e-05
-6.98357e-06
-2.23214e-05
-5.79665e-06
-2.06905e-05
-4.15181e-06
-1.92634e-05
-2.57189e-06
-1.88552e-05
-1.40651e-06
-2.00189e-05
-2.62525e-07
-2.25465e-05
1.83385e-06
-2.6131e-05
5.78135e-06
-3.07106e-05
9.06513e-06
-3.65609e-05
8.14505e-06
-4.50304e-05
5.76989e-06
-5.21204e-05
4.35305e-06
-5.92335e-05
1.3375e-06
-6.93748e-05
-2.58179e-06
-8.29158e-05
-3.48367e-06
-8.77188e-05
-3.28679e-06
-8.08589e-05
5.10589e-06
-6.64514e-05
-3.26896e-05
2.72252e-05
-1.93991e-06
-6.97683e-06
-3.98925e-06
-3.6641e-05
-5.22533e-06
-2.96539e-05
-5.82304e-06
-2.52668e-05
-5.90539e-06
-2.37505e-05
-5.49063e-06
-2.2736e-05
-4.45577e-06
-2.17252e-05
-2.82123e-06
-2.08979e-05
-9.32458e-07
-2.07439e-05
7.94347e-07
-2.17458e-05
2.27422e-06
-2.40264e-05
3.57516e-06
-2.7432e-05
4.63566e-06
-3.17711e-05
5.07067e-06
-3.69959e-05
3.25673e-06
-4.32164e-05
1.72509e-07
-4.90361e-05
-3.92022e-06
-5.51407e-05
-9.55303e-06
-6.3742e-05
-1.79927e-05
-7.44762e-05
-2.50946e-05
-8.0617e-05
-3.0191e-05
-7.57625e-05
-3.53302e-05
-6.13121e-05
-3.64805e-05
-3.15392e-05
-1.20931e-06
-5.76757e-06
-2.87577e-06
-3.49746e-05
-3.98954e-06
-2.85401e-05
-4.59691e-06
-2.46594e-05
-4.7908e-06
-2.35566e-05
-4.58332e-06
-2.29434e-05
-3.9027e-06
-2.24058e-05
-2.71619e-06
-2.20844e-05
-1.20835e-06
-2.22518e-05
2.6871e-07
-2.32229e-05
1.4018e-06
-2.51596e-05
1.9695e-06
-2.79997e-05
1.77469e-06
-3.15763e-05
5.03593e-07
-3.57247e-05
-2.28267e-06
-4.043e-05
-6.21712e-06
-4.51016e-05
-1.16582e-05
-4.96996e-05
-1.95258e-05
-5.58745e-05
-2.99172e-05
-6.40848e-05
-3.98658e-05
-7.06684e-05
-4.51594e-05
-7.04689e-05
-4.73429e-05
-5.91286e-05
-3.98492e-05
-4.39742e-05
-7.70022e-07
-4.9976e-06
-2.15406e-06
-3.35906e-05
-3.17065e-06
-2.75235e-05
-3.78319e-06
-2.40468e-05
-4.07752e-06
-2.32622e-05
-4.08265e-06
-2.29382e-05
-3.77877e-06
-2.27097e-05
-3.1616e-06
-2.27016e-05
-2.32664e-06
-2.30868e-05
-1.52014e-06
-2.40294e-05
-1.04178e-06
-2.5638e-05
-1.14189e-06
-2.78996e-05
-2.018e-06
-3.07002e-05
-3.80908e-06
-3.39336e-05
-6.70285e-06
-3.75362e-05
-1.06072e-05
-4.11972e-05
-1.55916e-05
-4.47152e-05
-2.28984e-05
-4.85678e-05
-3.39286e-05
-5.30547e-05
-4.73896e-05
-5.72075e-05
-5.99763e-05
-5.78822e-05
-6.70793e-05
-5.20256e-05
-4.09155e-05
-6.6013e-05
-5.47954e-07
-4.44969e-06
-1.71123e-06
-3.24274e-05
-2.64138e-06
-2.65933e-05
-3.26662e-06
-2.34216e-05
-3.65446e-06
-2.28743e-05
-3.84432e-06
-2.27484e-05
-3.85351e-06
-2.27006e-05
-3.70533e-06
-2.28499e-05
-3.47663e-06
-2.33156e-05
-3.32455e-06
-2.41816e-05
-3.45533e-06
-2.55072e-05
-4.07217e-06
-2.72828e-05
-5.30586e-06
-2.94664e-05
-7.26456e-06
-3.19748e-05
-1.01009e-05
-3.46999e-05
-1.37958e-05
-3.75023e-05
-1.82385e-05
-4.02725e-05
-2.38488e-05
-4.29575e-05
-3.17232e-05
-4.51803e-05
-4.26419e-05
-4.62889e-05
-5.52882e-05
-4.52359e-05
-6.62877e-05
-4.10261e-05
-3.40497e-05
-7.31534e-05
-4.50793e-07
-3.99893e-06
-1.45507e-06
-3.14231e-05
-2.32272e-06
-2.57257e-05
-2.9634e-06
-2.27809e-05
-3.43589e-06
-2.24018e-05
-3.77742e-06
-2.24069e-05
-4.01749e-06
-2.24606e-05
-4.19801e-06
-2.26695e-05
-4.38956e-06
-2.31242e-05
-4.69584e-06
-2.38754e-05
-5.25603e-06
-2.49471e-05
-6.20224e-06
-2.63365e-05
-7.66221e-06
-2.80064e-05
-9.74406e-06
-2.9893e-05
-1.25595e-05
-3.18844e-05
-1.62032e-05
-3.38586e-05
-2.07753e-05
-3.57004e-05
-2.64325e-05
-3.73003e-05
-3.32362e-05
-3.83766e-05
-4.11185e-05
-3.84066e-05
-4.96622e-05
-3.66922e-05
-5.78368e-05
-3.28515e-05
-2.73486e-05
-6.45379e-05
-4.16039e-07
-3.58291e-06
-1.31813e-06
-3.0521e-05
-2.14638e-06
-2.48975e-05
-2.80412e-06
-2.21232e-05
-3.34794e-06
-2.18581e-05
-3.81446e-06
-2.19405e-05
-4.22979e-06
-2.20453e-05
-4.63626e-06
-2.22631e-05
-5.09678e-06
-2.26637e-05
-5.6924e-06
-2.32798e-05
-6.51888e-06
-2.41206e-05
-7.67866e-06
-2.51768e-05
-9.27008e-06
-2.6415e-05
-1.13872e-05
-2.77759e-05
-1.4103e-05
-2.91686e-05
-1.74833e-05
-3.04783e-05
-2.16015e-05
-3.15821e-05
-2.65627e-05
-3.23391e-05
-3.23823e-05
-3.25571e-05
-3.8842e-05
-3.19469e-05
-4.54273e-05
-3.01069e-05
-5.14903e-05
-2.67886e-05
-2.22479e-05
-5.65911e-05
-4.11916e-07
-3.171e-06
-1.25251e-06
-2.96804e-05
-2.06144e-06
-2.40885e-05
-2.73567e-06
-2.1449e-05
-3.33801e-06
-2.12558e-05
-3.9035e-06
-2.13751e-05
-4.45491e-06
-2.1494e-05
-5.02713e-06
-2.1691e-05
-5.67234e-06
-2.20186e-05
-6.4567e-06
-2.24956e-05
-7.45493e-06
-2.31225e-05
-8.74135e-06
-2.38905e-05
-1.03982e-05
-2.47583e-05
-1.24956e-05
-2.56785e-05
-1.50892e-05
-2.6575e-05
-1.82203e-05
-2.73472e-05
-2.19229e-05
-2.78796e-05
-2.62068e-05
-2.80552e-05
-3.10425e-05
-2.77214e-05
-3.62846e-05
-2.67049e-05
-4.16048e-05
-2.47868e-05
-4.65718e-05
-2.18218e-05
-1.80033e-05
-5.08164e-05
-4.16635e-07
-2.75435e-06
-1.22831e-06
-2.88687e-05
-2.02868e-06
-2.32882e-05
-2.71785e-06
-2.07598e-05
-3.36458e-06
-2.06091e-05
-4.00478e-06
-2.07349e-05
-4.65774e-06
-2.08411e-05
-5.35165e-06
-2.09972e-05
-6.12748e-06
-2.12429e-05
-7.03688e-06
-2.15863e-05
-8.13814e-06
-2.20214e-05
-9.49386e-06
-2.25348e-05
-1.11598e-05
-2.30924e-05
-1.31872e-05
-2.3651e-05
-1.5619e-05
-2.41432e-05
-1.84796e-05
-2.44865e-05
-2.17773e-05
-2.45819e-05
-2.54983e-05
-2.43342e-05
-2.95802e-05
-2.36396e-05
-3.3887e-05
-2.23982e-05
-3.81937e-05
-2.04802e-05
-4.22341e-05
-1.77814e-05
-1.44477e-05
-4.57898e-05
-4.19585e-07
-2.33474e-06
-1.22184e-06
-2.80665e-05
-2.02135e-06
-2.24886e-05
-2.72195e-06
-2.00592e-05
-3.4005e-06
-1.99306e-05
-4.09218e-06
-2.00433e-05
-4.81418e-06
-2.01192e-05
-5.58943e-06
-2.0222e-05
-6.45073e-06
-2.03817e-05
-7.43813e-06
-2.0599e-05
-8.59173e-06
-2.08679e-05
-9.96176e-06
-2.1165e-05
-1.15913e-05
-2.14629e-05
-1.35137e-05
-2.17287e-05
-1.57581e-05
-2.18989e-05
-1.83414e-05
-2.19031e-05
-2.12429e-05
-2.16804e-05
-2.44477e-05
-2.11294e-05
-2.78943e-05
-2.01931e-05
-3.14768e-05
-1.88157e-05
-3.50361e-05
-1.6921e-05
-3.83914e-05
-1.44263e-05
-1.14412e-05
-4.1398e-05
-4.12962e-07
-1.92176e-06
-1.22066e-06
-2.72588e-05
-2.02055e-06
-2.16888e-05
-2.72769e-06
-1.93521e-05
-3.42513e-06
-1.92332e-05
-4.14927e-06
-1.93192e-05
-4.91294e-06
-1.93556e-05
-5.73487e-06
-1.94002e-05
-6.64083e-06
-1.94759e-05
-7.66038e-06
-1.95797e-05
-8.82814e-06
-1.97003e-05
-1.01767e-05
-1.98165e-05
-1.17368e-05
-1.99029e-05
-1.35366e-05
-1.9929e-05
-1.55923e-05
-1.98432e-05
-1.78932e-05
-1.96023e-05
-2.04453e-05
-1.91283e-05
-2.32118e-05
-1.83629e-05
-2.6141e-05
-1.72639e-05
-2.91509e-05
-1.58059e-05
-3.21265e-05
-1.39455e-05
-3.49435e-05
-1.16094e-05
-8.87872e-06
-3.75062e-05
-3.95004e-07
-1.52675e-06
-1.21691e-06
-2.64369e-05
-2.01649e-06
-2.08892e-05
-2.72299e-06
-1.86456e-05
-3.42856e-06
-1.85276e-05
-4.16766e-06
-1.85801e-05
-4.95038e-06
-1.85729e-05
-5.79145e-06
-1.85592e-05
-6.7112e-06
-1.85563e-05
-7.7327e-06
-1.85583e-05
-8.88178e-06
-1.85514e-05
-1.01843e-05
-1.85141e-05
-1.16533e-05
-1.84339e-05
-1.33147e-05
-1.82677e-05
-1.51727e-05
-1.79852e-05
-1.72323e-05
-1.75427e-05
-1.9474e-05
-1.68866e-05
-2.18621e-05
-1.59749e-05
-2.43531e-05
-1.4773e-05
-2.68949e-05
-1.32642e-05
-2.94033e-05
-1.14371e-05
-3.17878e-05
-9.2251e-06
-6.68113e-06
-3.39854e-05
-3.65973e-07
-1.16079e-06
-1.20414e-06
-2.55988e-05
-1.9999e-06
-2.00935e-05
-2.69941e-06
-1.79462e-05
-3.40301e-06
-1.78241e-05
-4.14308e-06
-1.78401e-05
-4.92693e-06
-1.77891e-05
-5.76595e-06
-1.77203e-05
-6.67632e-06
-1.76461e-05
-7.67661e-06
-1.75581e-05
-8.78526e-06
-1.74428e-05
-1.00122e-05
-1.72871e-05
-1.13817e-05
-1.70645e-05
-1.29005e-05
-1.67489e-05
-1.45728e-05
-1.63129e-05
-1.63942e-05
-1.57213e-05
-1.83468e-05
-1.49341e-05
-2.04096e-05
-1.39121e-05
-2.25448e-05
-1.26379e-05
-2.47039e-05
-1.11051e-05
-2.68317e-05
-9.30939e-06
-2.88624e-05
-7.19443e-06
-4.78727e-06
-3.07563e-05
-3.29709e-07
-8.31104e-07
-1.1785e-06
-2.475e-05
-1.96497e-06
-1.9307e-05
-2.65031e-06
-1.72609e-05
-3.34354e-06
-1.71309e-05
-4.07385e-06
-1.71099e-05
-4.84592e-06
-1.70172e-05
-5.66816e-06
-1.68982e-05
-6.55201e-06
-1.67623e-05
-7.51025e-06
-1.66e-05
-8.55505e-06
-1.63981e-05
-9.70152e-06
-1.61407e-05
-1.09608e-05
-1.58052e-05
-1.23379e-05
-1.53717e-05
-1.3833e-05
-1.48179e-05
-1.54402e-05
-1.4114e-05
-1.71436e-05
-1.32307e-05
-1.89146e-05
-1.2141e-05
-2.07363e-05
-1.08163e-05
-2.25734e-05
-9.26801e-06
-2.43785e-05
-7.50438e-06
-2.61127e-05
-5.46017e-06
-3.15434e-06
-2.77457e-05
-2.86854e-07
-5.44288e-07
-1.13432e-06
-2.39026e-05
-1.9008e-06
-1.85406e-05
-2.56835e-06
-1.65934e-05
-3.24313e-06
-1.64562e-05
-3.9529e-06
-1.64002e-05
-4.69997e-06
-1.62702e-05
-5.4908e-06
-1.61075e-05
-6.33478e-06
-1.59184e-05
-7.24166e-06
-1.56931e-05
-8.22072e-06
-1.5419e-05
-9.28232e-06
-1.50791e-05
-1.04288e-05
-1.46588e-05
-1.16606e-05
-1.41399e-05
-1.29816e-05
-1.34968e-05
-1.43845e-05
-1.2711e-05
-1.58549e-05
-1.17603e-05
-1.73825e-05
-1.06134e-05
-1.89352e-05
-9.26366e-06
-2.04924e-05
-7.71083e-06
-2.20358e-05
-5.96096e-06
-2.34993e-05
-3.99664e-06
-1.75512e-06
-2.48985e-05
-2.3923e-07
-3.05099e-07
-1.06865e-06
-2.30732e-05
-1.8065e-06
-1.78028e-05
-2.45035e-06
-1.59496e-05
-3.10095e-06
-1.58057e-05
-3.78308e-06
-1.57182e-05
-4.49778e-06
-1.55556e-05
-5.2497e-06
-1.53556e-05
-6.04559e-06
-1.51225e-05
-6.89259e-06
-1.48461e-05
-7.79705e-06
-1.45145e-05
-8.76375e-06
-1.41123e-05
-9.79265e-06
-1.36298e-05
-1.08904e-05
-1.30422e-05
-1.20517e-05
-1.23354e-05
-1.32722e-05
-1.14905e-05
-1.45435e-05
-1.0489e-05
-1.58339e-05
-9.32301e-06
-1.71465e-05
-7.95107e-06
-1.84551e-05
-6.40218e-06
-1.97448e-05
-4.67124e-06
-2.09875e-05
-2.75393e-06
-5.66601e-07
-2.2176e-05
-1.82859e-07
-1.22272e-07
-9.78151e-07
-2.2278e-05
-1.67943e-06
-1.71016e-05
-2.29477e-06
-1.53343e-05
-2.91503e-06
-1.51855e-05
-3.56261e-06
-1.50707e-05
-4.23789e-06
-1.48804e-05
-4.94412e-06
-1.46494e-05
-5.68608e-06
-1.43805e-05
-6.46876e-06
-1.40634e-05
-7.2965e-06
-1.36868e-05
-8.16736e-06
-1.32415e-05
-9.08747e-06
-1.27097e-05
-1.00545e-05
-1.20751e-05
-1.10663e-05
-1.13234e-05
-1.21146e-05
-1.04421e-05
-1.31893e-05
-9.41431e-06
-1.4291e-05
-8.22128e-06
-1.53817e-05
-6.86034e-06
-1.64768e-05
-5.30708e-06
-1.7538e-05
-3.6099e-06
-1.85649e-05
-1.72706e-06
4.11155e-07
-1.95427e-05
-1.10695e-07
-1.15901e-08
-8.62404e-07
-2.15262e-05
-1.52443e-06
-1.64396e-05
-2.10541e-06
-1.47534e-05
-2.6886e-06
-1.46024e-05
-3.2949e-06
-1.44644e-05
-3.92403e-06
-1.42513e-05
-4.57807e-06
-1.39953e-05
-5.26036e-06
-1.36982e-05
-5.97556e-06
-1.33482e-05
-6.7213e-06
-1.2941e-05
-7.50069e-06
-1.24621e-05
-8.31336e-06
-1.18969e-05
-9.15888e-06
-1.12294e-05
-1.00267e-05
-1.04555e-05
-1.09158e-05
-9.5529e-06
-1.18177e-05
-8.5124e-06
-1.27218e-05
-7.31714e-06
-1.36223e-05
-5.95981e-06
-1.45081e-05
-4.42124e-06
-1.53762e-05
-2.74166e-06
-1.6208e-05
-8.95184e-07
1.19133e-06
-1.69883e-05
-2.32178e-08
1.16393e-08
-7.28786e-07
-2.08206e-05
-1.34772e-06
-1.58206e-05
-1.89046e-06
-1.42107e-05
-2.43034e-06
-1.40625e-05
-2.98856e-06
-1.39062e-05
-3.56458e-06
-1.36752e-05
-4.16029e-06
-1.33995e-05
-4.77866e-06
-1.30799e-05
-5.41609e-06
-1.27108e-05
-6.07785e-06
-1.22793e-05
-6.76412e-06
-1.17758e-05
-7.47297e-06
-1.1188e-05
-8.19102e-06
-1.05112e-05
-8.92565e-06
-9.7207e-06
-9.66432e-06
-8.8142e-06
-1.04052e-05
-7.77155e-06
-1.11313e-05
-6.59105e-06
-1.18446e-05
-5.24646e-06
-1.25352e-05
-3.73056e-06
-1.32109e-05
-2.06592e-06
-1.38546e-05
-2.51486e-07
1.78142e-06
-1.44448e-05
9.27984e-08
-8.11256e-08
-5.82928e-07
-2.01448e-05
-1.16399e-06
-1.52395e-05
-1.66296e-06
-1.37116e-05
-2.15361e-06
-1.35718e-05
-2.65844e-06
-1.34012e-05
-3.17487e-06
-1.31587e-05
-3.70354e-06
-1.28708e-05
-4.24545e-06
-1.2538e-05
-4.80473e-06
-1.21516e-05
-5.3777e-06
-1.17064e-05
-5.96044e-06
-1.1193e-05
-6.55305e-06
-1.05952e-05
-7.15192e-06
-9.91219e-06
-7.74834e-06
-9.1242e-06
-8.33812e-06
-8.22444e-06
-8.91199e-06
-7.19774e-06
-9.4679e-06
-6.03514e-06
-9.99972e-06
-4.71458e-06
-1.04872e-05
-3.24298e-06
-1.09536e-05
-1.59961e-06
-1.13834e-05
1.78259e-07
2.16635e-06
-1.17685e-05
2.22272e-07
-3.03346e-07
-4.37046e-07
-1.94854e-05
-9.84797e-07
-1.46917e-05
-1.43797e-06
-1.32584e-05
-1.87609e-06
-1.31335e-05
-2.32392e-06
-1.29532e-05
-2.77737e-06
-1.27051e-05
-3.23685e-06
-1.24113e-05
-3.70319e-06
-1.20717e-05
-4.17254e-06
-1.16823e-05
-4.64778e-06
-1.12311e-05
-5.12749e-06
-1.07131e-05
-5.59971e-06
-1.01228e-05
-6.06832e-06
-9.44345e-06
-6.52119e-06
-8.67132e-06
-6.95552e-06
-7.79018e-06
-7.35737e-06
-6.79593e-06
-7.72379e-06
-5.66867e-06
-8.04428e-06
-4.39399e-06
-8.31851e-06
-2.96872e-06
-8.54069e-06
-1.37748e-06
-8.71345e-06
3.50935e-07
2.27041e-06
-8.81753e-06
3.66726e-07
-6.70011e-07
-3.02384e-07
-1.88162e-05
-8.24695e-07
-1.41693e-05
-1.23174e-06
-1.28512e-05
-1.61895e-06
-1.27461e-05
-2.01341e-06
-1.25586e-05
-2.40632e-06
-1.23121e-05
-2.79706e-06
-1.20206e-05
-3.18455e-06
-1.16843e-05
-3.57125e-06
-1.12957e-05
-3.95011e-06
-1.08522e-05
-4.31957e-06
-1.03435e-05
-4.67725e-06
-9.76498e-06
-5.01439e-06
-9.10627e-06
-5.32419e-06
-8.36158e-06
-5.59609e-06
-7.51837e-06
-5.82426e-06
-6.56775e-06
-5.99439e-06
-5.49845e-06
-6.08545e-06
-4.30285e-06
-6.09847e-06
-2.95571e-06
-6.02262e-06
-1.45341e-06
-5.8741e-06
2.02384e-07
1.981e-06
-5.58463e-06
5.23689e-07
-1.19364e-06
-1.86658e-07
-1.81058e-05
-6.95667e-07
-1.36602e-05
-1.06201e-06
-1.24846e-05
-1.40689e-06
-1.2401e-05
-1.75631e-06
-1.2209e-05
-2.09847e-06
-1.19699e-05
-2.43228e-06
-1.16868e-05
-2.75682e-06
-1.13599e-05
-3.06706e-06
-1.09855e-05
-3.36378e-06
-1.05554e-05
-3.64029e-06
-1.00669e-05
-3.89262e-06
-9.51258e-06
-4.11179e-06
-8.88715e-06
-4.28871e-06
-8.18477e-06
-4.41146e-06
-7.39566e-06
-4.4661e-06
-6.51305e-06
-4.43702e-06
-5.52744e-06
-4.30798e-06
-4.43188e-06
-4.0555e-06
-3.20827e-06
-3.66457e-06
-1.84442e-06
-3.10923e-06
-3.52919e-07
1.27624e-06
-2.40436e-06
6.8842e-07
-1.88203e-06
-9.50329e-08
-1.73223e-05
-6.04179e-07
-1.31509e-05
-9.36992e-07
-1.21516e-05
-1.25575e-06
-1.20821e-05
-1.57463e-06
-1.189e-05
-1.8815e-06
-1.1663e-05
-2.17506e-06
-1.13934e-05
-2.45303e-06
-1.1082e-05
-2.71265e-06
-1.07258e-05
-2.95055e-06
-1.03174e-05
-3.16158e-06
-9.85577e-06
-3.33815e-06
-9.33604e-06
-3.47122e-06
-8.7542e-06
-3.5501e-06
-8.10598e-06
-3.55794e-06
-7.38778e-06
-3.47796e-06
-6.59292e-06
-3.28756e-06
-5.71777e-06
-2.96442e-06
-4.75506e-06
-2.47684e-06
-3.69593e-06
-1.78937e-06
-2.53186e-06
-8.8928e-07
-1.25288e-06
1.32196e-07
2.54888e-07
8.45075e-07
-2.72708e-06
-2.69168e-08
-1.64502e-05
-5.4476e-07
-1.26329e-05
-8.57999e-07
-1.18382e-05
-1.16706e-06
-1.17728e-05
-1.46879e-06
-1.15882e-05
-1.75623e-06
-1.13757e-05
-2.02855e-06
-1.11211e-05
-2.28239e-06
-1.08282e-05
-2.51605e-06
-1.04921e-05
-2.7229e-06
-1.01105e-05
-2.89844e-06
-9.68025e-06
-3.03491e-06
-9.19968e-06
-3.12044e-06
-8.66881e-06
-3.14148e-06
-8.08497e-06
-3.08194e-06
-7.44722e-06
-2.92084e-06
-6.7539e-06
-2.63415e-06
-6.00444e-06
-2.19155e-06
-5.19774e-06
-1.55728e-06
-4.33021e-06
-6.9212e-07
-3.39687e-06
4.60024e-07
-2.40485e-06
-1.34597e-06
1.93824e-06
9.68962e-07
-3.69601e-06
5.16651e-09
-1.54863e-05
-5.0868e-07
-1.21189e-05
-8.09538e-07
-1.15371e-05
-1.11633e-06
-1.14659e-05
-1.41121e-06
-1.12933e-05
-1.69243e-06
-1.10945e-05
-1.95564e-06
-1.0858e-05
-2.20092e-06
-1.05829e-05
-2.42519e-06
-1.02678e-05
-2.62395e-06
-9.91174e-06
-2.79034e-06
-9.51395e-06
-2.91362e-06
-9.07655e-06
-2.98458e-06
-8.59792e-06
-2.98852e-06
-8.08097e-06
-2.90775e-06
-7.52788e-06
-2.72051e-06
-6.9411e-06
-2.40087e-06
-6.32415e-06
-1.91746e-06
-5.68122e-06
-1.2314e-06
-5.01618e-06
-2.94309e-07
-4.33378e-06
9.41268e-07
-3.64034e-06
-2.95388e-06
2.54906e-06
1.05155e-06
-4.7475e-06
2.20153e-08
-1.44566e-05
-4.7652e-07
-1.16201e-05
-7.67186e-07
-1.12463e-05
-1.07299e-06
-1.11601e-05
-1.36154e-06
-1.10048e-05
-1.63609e-06
-1.082e-05
-1.89521e-06
-1.05989e-05
-2.13695e-06
-1.03411e-05
-2.35872e-06
-1.0046e-05
-2.55605e-06
-9.71443e-06
-2.72169e-06
-9.34841e-06
-2.84743e-06
-8.95089e-06
-2.92116e-06
-8.52418e-06
-2.92974e-06
-8.07228e-06
-2.8559e-06
-7.60166e-06
-2.67838e-06
-7.11866e-06
-2.37212e-06
-6.6305e-06
-1.90718e-06
-6.14612e-06
-1.24611e-06
-5.67708e-06
-3.42761e-07
-5.23698e-06
8.57607e-07
-4.84077e-06
-4.52161e-06
2.42509e-06
1.08523e-06
-5.83265e-06
3.17972e-08
-1.34029e-05
-4.35393e-07
-1.11528e-05
-7.10944e-07
-1.09707e-05
-1.00773e-06
-1.08633e-05
-1.2822e-06
-1.07304e-05
-1.54553e-06
-1.05567e-05
-1.79443e-06
-1.03499e-05
-2.02749e-06
-1.01079e-05
-2.24239e-06
-9.831e-06
-2.43501e-06
-9.52183e-06
-2.5986e-06
-9.18489e-06
-2.72464e-06
-8.82487e-06
-2.80246e-06
-8.4463e-06
-2.82058e-06
-8.05408e-06
-2.7624e-06
-7.65984e-06
-2.60925e-06
-7.27189e-06
-2.33768e-06
-6.90209e-06
-1.92016e-06
-6.56354e-06
-1.32276e-06
-6.27435e-06
-5.02057e-07
-6.05768e-06
5.93003e-07
-5.93602e-06
-5.94843e-06
2.01959e-06
1.0335e-06
-6.86603e-06
3.14599e-08
-1.24007e-05
-3.77689e-07
-1.07435e-05
-6.29629e-07
-1.07187e-05
-9.01077e-07
-1.05918e-05
-1.15103e-06
-1.04804e-05
-1.39059e-06
-1.0317e-05
-1.61766e-06
-1.01227e-05
-1.83078e-06
-9.89465e-06
-2.02771e-06
-9.63401e-06
-2.20479e-06
-9.34477e-06
-2.35604e-06
-9.03367e-06
-2.4735e-06
-8.70737e-06
-2.54915e-06
-8.37056e-06
-2.57091e-06
-8.03228e-06
-2.52873e-06
-7.70207e-06
-2.40359e-06
-7.39711e-06
-2.1739e-06
-7.1318e-06
-1.81621e-06
-6.92117e-06
-1.30032e-06
-6.79022e-06
-5.90276e-07
-6.76786e-06
3.62746e-07
-6.88926e-06
-7.18948e-06
1.60367e-06
8.76617e-07
-7.74251e-06
2.80323e-08
-1.15519e-05
-2.95101e-07
-1.04202e-05
-5.11417e-07
-1.05023e-05
-7.37412e-07
-1.03658e-05
-9.46595e-07
-1.02712e-05
-1.14625e-06
-1.01173e-05
-1.33565e-06
-9.93318e-06
-1.51348e-06
-9.7167e-06
-1.67773e-06
-9.4697e-06
-1.82498e-06
-9.1975e-06
-1.95084e-06
-8.90776e-06
-2.04987e-06
-8.60823e-06
-2.11475e-06
-8.3056e-06
-2.13658e-06
-8.01046e-06
-2.10422e-06
-7.73455e-06
-2.00442e-06
-7.497e-06
-1.82535e-06
-7.31086e-06
-1.54078e-06
-7.20569e-06
-1.13012e-06
-7.20094e-06
-5.60682e-07
-7.33747e-06
2.0442e-07
-7.6545e-06
-8.19548e-06
1.21039e-06
6.59687e-07
-8.40206e-06
3.79087e-08
-1.093e-05
-1.84924e-07
-1.01973e-05
-3.4908e-07
-1.03381e-05
-5.1146e-07
-1.02034e-05
-6.62324e-07
-1.01203e-05
-8.0482e-07
-9.97466e-06
-9.39815e-07
-9.79804e-06
-1.06659e-06
-9.58981e-06
-1.18305e-06
-9.35316e-06
-1.28683e-06
-9.09364e-06
-1.37518e-06
-8.8193e-06
-1.4446e-06
-8.53872e-06
-1.48977e-06
-8.26042e-06
-1.50421e-06
-7.99609e-06
-1.4797e-06
-7.75914e-06
-1.40984e-06
-7.56685e-06
-1.28069e-06
-7.43997e-06
-1.08221e-06
-7.40423e-06
-7.93331e-07
-7.48998e-06
-3.98692e-07
-7.73226e-06
1.31775e-07
-8.18496e-06
-8.89361e-06
8.29954e-07
4.42831e-07
-8.84481e-06
5.57414e-08
-1.05428e-05
-7.24125e-08
-1.00692e-05
-1.69404e-07
-1.02411e-05
-2.60424e-07
-1.01123e-05
-3.43811e-07
-1.00368e-05
-4.21318e-07
-9.89705e-06
-4.94201e-07
-9.72506e-06
-5.62247e-07
-9.52169e-06
-6.24261e-07
-9.29108e-06
-6.78561e-07
-9.03926e-06
-7.23659e-07
-8.77414e-06
-7.57736e-07
-8.50462e-06
-7.77699e-07
-8.24048e-06
-7.81665e-07
-7.99217e-06
-7.63737e-07
-7.7771e-06
-7.1895e-07
-7.61168e-06
-6.40548e-07
-7.51845e-06
-5.25055e-07
-7.51981e-06
-3.5861e-07
-7.65649e-06
-1.29227e-07
-7.96162e-06
1.68041e-07
-8.4822e-06
-9.28374e-06
5.58143e-07
1.97923e-07
3.91626e-08
-4.84985e-09
-3.23528e-08
-5.73554e-08
-7.91814e-08
-9.93005e-08
-1.17676e-07
-1.34403e-07
-1.48992e-07
-1.61047e-07
-1.70005e-07
-1.75608e-07
-1.76963e-07
-1.72618e-07
-1.62145e-07
-1.43281e-07
-1.14137e-07
-7.18592e-08
-1.58543e-08
5.92356e-08
1.60022e-07
2.8896e-07
7.56775e-05
2.5402e-05
5.48457e-05
2.08318e-05
4.21252e-05
1.27206e-05
6.80827e-07
4.14443e-05
0.000118995
1.97218e-05
0.000121109
1.87183e-05
0.000118487
1.53416e-05
1.10175e-05
0.000108151
0.000108193
1.30962e-05
0.000113948
1.29636e-05
0.000116812
1.24775e-05
1.19643e-05
0.000115865
9.83009e-05
1.1458e-05
0.000100033
1.12317e-05
0.000101576
1.09347e-05
1.07076e-05
0.000102832
0.000100687
1.1126e-05
0.000100234
1.16851e-05
9.95722e-05
1.15963e-05
1.15214e-05
9.87585e-05
9.12403e-05
6.28716e-06
9.55633e-05
7.36217e-06
9.97757e-05
7.38387e-06
9.72315e-06
0.000101574
7.23876e-05
1.58485e-05
7.05036e-05
9.24612e-06
7.76707e-05
2.16834e-07
6.14287e-06
8.12509e-05
0.000112259
2.11315e-05
9.77451e-05
2.37597e-05
8.02184e-05
1.77436e-05
1.82663e-05
6.8095e-05
0.000103032
1.36933e-05
0.000104886
2.19061e-05
9.87958e-05
2.38335e-05
2.41374e-05
9.29248e-05
3.84768e-05
2.44177e-06
4.8886e-05
1.1497e-05
5.54671e-05
1.72525e-05
1.94838e-05
6.01208e-05
-2.42364e-05
-4.86091e-06
-1.43754e-05
1.63604e-06
-3.06883e-06
5.94604e-06
8.87026e-06
7.54477e-06
-3.79306e-05
-1.09043e-05
-2.93653e-05
-6.9292e-06
-1.98816e-05
-3.53762e-06
-6.57978e-07
-1.03533e-05
-6.18778e-05
-1.50394e-05
-5.59022e-05
-1.29047e-05
-4.91066e-05
-1.03332e-05
-7.41047e-06
-4.23541e-05
-7.46706e-05
-1.35222e-05
-7.57449e-05
-1.18304e-05
-7.62403e-05
-9.83772e-06
-7.65209e-06
-7.59987e-05
-6.72459e-05
-1.08141e-05
-6.97464e-05
-9.32995e-06
-7.18658e-05
-7.71831e-06
-6.01076e-06
-7.35071e-05
-5.8658e-05
-8.74717e-06
-6.05313e-05
-7.45675e-06
-6.21626e-05
-6.08699e-06
-4.63506e-06
-6.35384e-05
-5.25262e-05
-7.03743e-06
-5.40254e-05
-5.95764e-06
-5.53039e-05
-4.80856e-06
-3.57689e-06
-5.63621e-05
-4.72503e-05
-5.57702e-06
-4.85532e-05
-4.65489e-06
-4.96919e-05
-3.66988e-06
-2.60717e-06
-5.06617e-05
-4.26613e-05
-4.31388e-06
-4.38039e-05
-3.51239e-06
-4.48242e-05
-2.64959e-06
-1.709e-06
-4.57224e-05
-3.86023e-05
-3.21789e-06
-3.96081e-05
-2.5066e-06
-4.05211e-05
-1.73668e-06
-8.89641e-07
-4.13404e-05
-3.49427e-05
-2.26073e-06
-3.58363e-05
-1.61305e-06
-3.66619e-05
-9.11132e-07
-1.31137e-07
-3.74204e-05
-3.15981e-05
-1.41905e-06
-3.23973e-05
-8.13778e-07
-3.31529e-05
-1.55618e-07
5.80185e-07
-3.38642e-05
-2.84851e-05
-6.79671e-07
-2.92038e-05
-9.50259e-08
-2.98989e-05
5.39484e-07
1.25084e-06
-3.05695e-05
-2.55473e-05
-3.08565e-08
-2.61912e-05
5.48914e-07
-2.68288e-05
1.17707e-06
1.87499e-06
-2.74529e-05
-2.27378e-05
5.30958e-07
-2.33086e-05
1.11964e-06
-2.38861e-05
1.75461e-06
2.44623e-06
-2.44574e-05
-2.0017e-05
1.00523e-06
-2.05052e-05
1.60775e-06
-2.10072e-05
2.25663e-06
2.94241e-06
-2.15034e-05
-1.73759e-05
1.39281e-06
-1.77753e-05
2.00713e-06
-1.81862e-05
2.66746e-06
3.34631e-06
-1.859e-05
-1.47321e-05
1.68001e-06
-1.50305e-05
2.3055e-06
-1.53328e-05
2.96982e-06
3.6488e-06
-1.56353e-05
-1.19502e-05
1.86169e-06
-1.21337e-05
2.4891e-06
-1.23101e-05
3.14624e-06
3.81776e-06
-1.2479e-05
-8.855e-06
1.89922e-06
-8.87924e-06
2.51341e-06
-8.86483e-06
3.13188e-06
3.78236e-06
-8.82947e-06
-5.41681e-06
1.73151e-06
-5.22431e-06
2.32095e-06
-5.00503e-06
2.91257e-06
3.48262e-06
-4.70538e-06
-1.99155e-06
1.31876e-06
-1.51185e-06
1.84124e-06
-9.65575e-07
2.36623e-06
2.8738e-06
-3.56824e-07
9.14935e-07
6.58716e-07
1.66254e-06
1.09357e-06
2.50663e-06
1.52206e-06
1.9303e-06
3.45013e-06
2.76422e-06
-1.67368e-07
3.6995e-06
1.58169e-07
4.76928e-06
4.5219e-07
7.32062e-07
5.96758e-06
3.45222e-06
-1.07076e-06
4.47983e-06
-8.69541e-07
5.64368e-06
-7.11678e-07
-5.6558e-07
6.94146e-06
3.32001e-06
-1.96589e-06
4.33968e-06
-1.8892e-06
5.49087e-06
-1.8628e-06
-1.84877e-06
6.77414e-06
2.84986e-06
-2.79624e-06
3.79614e-06
-2.83544e-06
4.86075e-06
-2.92737e-06
-3.03751e-06
6.04949e-06
2.32504e-06
-3.51762e-06
3.14684e-06
-3.65722e-06
4.06699e-06
-3.84754e-06
-4.06751e-06
5.09694e-06
1.78778e-06
-4.09499e-06
2.44541e-06
-4.31489e-06
3.17884e-06
-4.58108e-06
-4.88769e-06
3.99894e-06
1.25101e-06
-4.51606e-06
1.72724e-06
-4.79124e-06
2.25996e-06
-5.11393e-06
-5.48735e-06
2.85963e-06
8.13247e-07
-4.77129e-06
1.0996e-06
-5.07766e-06
1.4227e-06
-5.43704e-06
-5.85648e-06
1.79183e-06
3.76658e-07
4.74366e-07
5.84786e-07
7.10765e-07
-3.06829e-05
-5.67646e-05
-4.91316e-05
-0.000153487
-9.28043e-05
-0.00015065
-7.19824e-05
-5.13524e-05
-2.88985e-05
6.13416e-05
4.11724e-06
8.83468e-05
1.84448e-05
7.9171e-05
1.94108e-05
7.57201e-05
1.57008e-05
7.64117e-05
7.26767e-06
8.36196e-05
-7.23057e-06
9.80157e-05
-2.05525e-05
0.000110529
-3.8319e-05
0.000138274
-6.61421e-05
0.000190909
-0.000116954
0.000276985
-0.000166191
0.000230623
-0.000150574
-0.000171942
-0.000100236
-0.000454481
-0.000429823
5.81113e-05
-6.72501e-06
-2.1863e-05
-7.35131e-05
-4.56183e-05
-0.000126895
-3.05531e-05
-6.64175e-05
-9.79873e-06
4.05871e-05
1.63552e-06
7.69123e-05
1.11083e-05
6.96982e-05
1.52359e-05
7.15924e-05
6.75016e-06
8.48975e-05
2.52096e-06
8.78489e-05
-2.4089e-06
0.000102946
1.15939e-06
0.00010696
9.3002e-06
0.000130133
2.16972e-05
0.000178512
1.7683e-05
0.000281
1.06186e-05
0.000237688
-2.33582e-05
-0.000137965
-1.68227e-05
-0.000461016
-0.000446646
8.87508e-05
2.03891e-05
2.83936e-05
-1.31558e-05
-6.98979e-06
-9.15119e-05
-7.63724e-06
-6.57702e-05
2.46463e-05
8.30362e-06
2.57739e-05
7.57848e-05
2.74358e-05
6.80363e-05
2.64913e-05
7.25365e-05
2.39826e-05
8.74061e-05
2.05713e-05
9.126e-05
-3.93061e-06
0.000127447
-2.73258e-06
0.000105762
2.92039e-05
9.81965e-05
9.33277e-05
0.000114388
0.000141388
0.000232939
0.00017547
0.000203607
0.000155939
-0.000118434
2.67678e-05
-0.000331845
-0.000419878
9.46831e-05
2.85381e-05
5.53846e-05
2.61426e-05
-3.50227e-05
-1.10453e-06
-3.86296e-05
-6.21635e-05
-1.04672e-05
-1.98589e-05
1.81084e-05
4.72092e-05
3.04825e-05
5.5662e-05
1.04401e-05
9.25789e-05
-1.01989e-05
0.000108045
-1.51541e-05
9.62149e-05
-3.15172e-05
0.00014381
-2.11953e-05
9.54404e-05
5.71889e-05
1.98122e-05
0.000170101
1.47614e-06
0.000215017
0.000188023
0.00025641
0.000162213
0.000243473
-0.000105496
4.49724e-05
-0.000133345
-0.000374906
9.6464e-05
3.08326e-05
8.165e-05
4.09567e-05
3.44924e-05
4.6053e-05
-6.05087e-05
3.28376e-05
-0.000109846
2.94778e-05
-0.000105718
4.30808e-05
-6.9233e-05
1.91772e-05
-8.66431e-05
0.000109989
-0.000150656
0.000172058
-0.000161115
0.000106674
-9.18286e-05
7.45241e-05
-5.66076e-05
6.02196e-05
-4.11889e-05
4.39366e-06
5.47677e-05
-9.44801e-05
0.000108063
0.000134728
0.000143979
0.000126297
6.28027e-05
-2.43198e-05
5.5588e-05
-0.00012613
-0.000319318
0.000102366
3.00404e-05
0.000102817
4.05055e-05
9.34795e-05
5.53908e-05
5.88396e-05
6.74775e-05
1.30339e-05
7.52834e-05
-2.27728e-05
7.88875e-05
-8.80173e-05
8.44217e-05
-8.10217e-05
0.000102993
-1.45481e-05
0.000105585
1.09101e-05
8.12155e-05
1.68461e-05
6.85881e-05
1.9376e-05
5.76897e-05
-1.54479e-05
3.92174e-05
-0.000131018
2.10901e-05
-3.93309e-05
4.30404e-05
5.82497e-05
2.87162e-05
5.08336e-05
-1.69038e-05
5.37203e-05
-0.000129016
-0.000265598
9.61646e-05
1.51268e-05
0.000109198
2.74722e-05
0.00011865
4.59388e-05
0.000122719
6.34088e-05
0.000120149
7.78528e-05
0.000114657
8.43798e-05
0.000112731
8.63475e-05
0.000126823
8.89012e-05
0.000148192
8.42164e-05
0.000158483
7.09241e-05
0.00016665
6.04214e-05
0.000169762
5.45776e-05
0.000158538
5.04416e-05
0.000132083
4.75446e-05
0.000124854
5.02691e-05
0.000120366
3.32044e-05
0.000109268
-5.80522e-06
7.14211e-05
-9.11698e-05
-0.000194176
4.01191e-05
4.31027e-05
8.6709e-05
-1.91176e-05
0.000111699
2.09484e-05
0.000131275
4.38331e-05
0.000148764
6.03642e-05
0.000162662
7.0481e-05
0.000175726
7.32836e-05
0.000191301
7.33269e-05
0.000206146
6.93705e-05
0.000216889
6.01815e-05
0.000225745
5.15651e-05
0.000232388
4.7935e-05
0.000233796
4.90332e-05
0.000227824
5.35169e-05
0.000219821
5.82723e-05
0.00019903
5.39954e-05
0.000165868
2.73565e-05
9.96414e-05
-2.49432e-05
-9.4535e-05
8.21966e-05
5.38309e-05
6.69879e-05
-3.90891e-06
6.04144e-05
2.75219e-05
0.000105742
-1.49397e-06
0.000135121
3.09844e-05
0.000156997
4.86057e-05
0.000175008
5.52719e-05
0.000191033
5.7302e-05
0.000205386
5.50175e-05
0.000216833
4.87348e-05
0.000226264
4.21344e-05
0.00023497
3.92287e-05
0.000241888
4.2115e-05
0.000245168
5.02376e-05
0.000239767
6.36732e-05
0.000213512
8.02504e-05
0.000163783
7.7085e-05
9.29252e-05
4.59149e-05
-1.60983e-06
6.88528e-05
4.50989e-05
4.80944e-05
1.68495e-05
5.65912e-05
1.9025e-05
6.25205e-05
-7.42333e-06
8.69621e-05
6.54287e-06
0.000114171
2.13962e-05
0.000144201
2.52426e-05
0.000168275
3.32273e-05
0.000186994
3.62992e-05
0.000199189
3.65397e-05
0.000207702
3.36213e-05
0.000215463
3.14678e-05
0.000222382
3.51962e-05
0.00022851
4.41092e-05
0.000219061
7.31221e-05
0.00018188
0.000117431
0.00013232
0.000126645
7.4844e-05
0.000103391
7.32342e-05
2.5791e-05
2.68527e-05
2.61844e-05
1.64561e-05
3.71069e-05
8.1024e-06
3.59069e-05
-6.22344e-06
4.37124e-05
-1.26269e-06
5.42622e-05
1.08463e-05
6.06129e-05
1.88918e-05
7.02693e-05
2.35709e-05
7.98752e-05
2.66933e-05
8.80102e-05
2.84047e-05
9.46244e-05
2.7007e-05
0.000105923
2.01695e-05
0.000123314
1.78045e-05
0.000123801
4.36231e-05
9.15747e-05
0.000105348
6.87929e-05
0.000140213
6.60814e-05
0.000129357
4.54758e-05
0.000123997
0.00011871
1.07907e-05
5.70872e-06
2.3634e-05
3.61281e-06
2.99058e-05
1.83056e-06
2.09236e-05
2.75866e-06
5.21035e-06
1.44505e-05
-7.20317e-06
2.32598e-05
-1.27297e-05
2.44183e-05
-9.80877e-06
2.06499e-05
2.08314e-06
1.48015e-05
1.83462e-05
1.21417e-05
2.72742e-05
1.80791e-05
2.18614e-05
2.55823e-05
-1.2125e-05
5.1791e-05
-6.17804e-05
9.32784e-05
-8.19701e-05
0.000125538
-1.83979e-05
7.66409e-05
1.93587e-05
9.16e-05
2.23126e-05
0.000121043
0.000141023
-2.90221e-05
-7.62326e-06
-2.56948e-05
2.85538e-07
-3.33535e-05
9.48917e-06
-4.8348e-05
1.77531e-05
-5.82667e-05
2.43691e-05
-6.10069e-05
2.59999e-05
-5.79867e-05
2.13981e-05
-5.03456e-05
1.30088e-05
-4.02624e-05
4.71834e-06
-3.10277e-05
2.90699e-06
-2.97826e-05
1.68341e-05
-4.92488e-05
4.50486e-05
-9.61171e-05
9.86593e-05
-0.000143334
0.000140495
-9.46717e-05
7.68752e-05
-4.53518e-05
2.7321e-05
-5.91121e-06
5.21594e-05
7.29498e-06
0.000107837
0.000148318
-7.38414e-05
-9.78053e-06
-7.52502e-05
1.69429e-06
-7.7449e-05
1.16879e-05
-7.94027e-05
1.97068e-05
-7.73267e-05
2.22929e-05
-7.03792e-05
1.90524e-05
-6.09599e-05
1.19788e-05
-5.27114e-05
4.76047e-06
-4.88937e-05
9.00836e-07
-5.00223e-05
4.03567e-06
-5.86526e-05
2.54646e-05
-8.85251e-05
7.49213e-05
-0.000125548
0.000135682
-0.000131234
0.000146182
-0.000116771
6.2412e-05
-5.92269e-05
-3.02232e-05
-1.84664e-05
1.13988e-05
4.48056e-06
8.48896e-05
0.000152798
-7.61988e-05
-7.08885e-06
-7.72786e-05
2.77403e-06
-7.72984e-05
1.17075e-05
-7.46995e-05
1.71078e-05
-6.94663e-05
1.70597e-05
-6.24021e-05
1.19882e-05
-5.48978e-05
4.47457e-06
-4.88284e-05
-1.30887e-06
-4.68769e-05
-1.05047e-06
-5.11898e-05
8.34871e-06
-5.97363e-05
3.40113e-05
-7.40739e-05
8.92589e-05
-9.28472e-05
0.000154455
-8.83229e-05
0.000141658
-0.000110694
8.4783e-05
-5.95057e-05
-8.14114e-05
-1.54331e-05
-3.26737e-05
9.04705e-06
6.04094e-05
0.000161845
-6.57719e-05
-4.85534e-06
-6.65541e-05
3.55616e-06
-6.58084e-05
1.09617e-05
-6.36793e-05
1.49787e-05
-6.03713e-05
1.37516e-05
-5.58357e-05
7.45261e-06
-5.03504e-05
-1.01071e-06
-4.54291e-05
-6.23005e-06
-4.37155e-05
-2.76394e-06
-4.68051e-05
1.14384e-05
-5.1107e-05
3.83132e-05
-4.6103e-05
8.42548e-05
-3.00363e-05
0.000138389
-3.27223e-05
0.000144343
-3.44392e-05
8.64999e-05
-2.16816e-05
-9.4169e-05
-4.94719e-06
-4.94082e-05
5.98827e-06
4.9474e-05
0.000167833
-5.80073e-05
-3.21013e-06
-5.84592e-05
4.00795e-06
-5.78767e-05
1.03791e-05
-5.65703e-05
1.36721e-05
-5.44128e-05
1.1594e-05
-5.09414e-05
3.98126e-06
-4.63913e-05
-5.56078e-06
-4.23418e-05
-1.02795e-05
-4.09498e-05
-4.15582e-06
-4.30234e-05
1.3512e-05
-4.61985e-05
4.14883e-05
-4.22908e-05
8.03471e-05
-2.78743e-05
0.000123972
-1.06028e-05
0.000127072
8.22654e-06
6.76704e-05
-7.8848e-06
-7.80576e-05
-1.54463e-05
-4.18466e-05
-1.14485e-05
4.54761e-05
0.000156385
-5.22297e-05
-1.64217e-06
-5.27423e-05
4.52047e-06
-5.2352e-05
9.98885e-06
-5.13726e-05
1.26927e-05
-4.97114e-05
9.93285e-06
-4.6932e-05
1.20183e-06
-4.31716e-05
-9.32113e-06
-4.01345e-05
-1.33167e-05
-3.97754e-05
-4.51489e-06
-4.24186e-05
1.61552e-05
-4.80386e-05
4.71082e-05
-5.57548e-05
8.80632e-05
-6.02026e-05
0.00012842
-5.48054e-05
0.000121675
-1.69877e-05
2.98527e-05
-2.34799e-05
-7.15653e-05
-3.75683e-05
-2.77582e-05
-3.48438e-05
4.27516e-05
0.000121541
-4.72551e-05
-1.09477e-07
-4.78899e-05
5.15519e-06
-4.76618e-05
9.76082e-06
-4.69574e-05
1.19883e-05
-4.58603e-05
8.83575e-06
-4.39353e-05
-7.23111e-07
-4.11782e-05
-1.20782e-05
-3.92662e-05
-1.52288e-05
-4.02177e-05
-3.56346e-06
-4.40118e-05
1.99493e-05
-5.06864e-05
5.37828e-05
-6.25955e-05
9.99722e-05
-7.39417e-05
0.000139766
-6.30218e-05
0.000110755
-5.58281e-05
2.26589e-05
-3.98305e-05
-8.75629e-05
-5.01951e-05
-1.73937e-05
-4.3743e-05
3.62995e-05
7.77982e-05
-4.28425e-05
1.39256e-06
-4.35943e-05
5.90704e-06
-4.35814e-05
9.74795e-06
-4.32022e-05
1.16092e-05
-4.27298e-05
8.36335e-06
-4.18678e-05
-1.58514e-06
-4.04619e-05
-1.34841e-05
-4.00531e-05
-1.56376e-05
-4.22544e-05
-1.36197e-06
-4.63393e-05
2.40342e-05
-5.09375e-05
5.83811e-05
-5.63676e-05
0.000105402
-6.2604e-05
0.000146002
-6.66486e-05
0.000114799
-7.1679e-05
2.76894e-05
-4.87419e-05
-0.0001105
-4.45931e-05
-2.15426e-05
-4.36568e-05
3.53632e-05
3.41413e-05
-3.89003e-05
2.87249e-06
-3.97988e-05
6.80572e-06
-4.0028e-05
9.97722e-06
-3.99967e-05
1.15779e-05
-4.01727e-05
8.53928e-06
-4.04073e-05
-1.35057e-06
-4.05323e-05
-1.3359e-05
-4.17774e-05
-1.43924e-05
-4.52191e-05
2.07994e-06
-4.92489e-05
2.8064e-05
-5.26329e-05
6.17652e-05
-5.73793e-05
0.000110149
-6.57022e-05
0.000154325
-8.07325e-05
0.00012983
-8.08198e-05
2.77767e-05
-6.74255e-05
-0.000123894
-3.46406e-05
-5.43274e-05
-2.28772e-05
2.35998e-05
1.12641e-05
-3.53207e-05
4.32903e-06
-3.63287e-05
7.81386e-06
-3.6824e-05
1.04727e-05
-3.71694e-05
1.19233e-05
-3.79091e-05
9.27902e-06
-3.90392e-05
-2.20507e-07
-4.04868e-05
-1.19113e-05
-4.32055e-05
-1.16735e-05
-4.78714e-05
6.74598e-06
-5.26881e-05
3.28807e-05
-5.85938e-05
6.7671e-05
-7.13668e-05
0.000122922
-9.23012e-05
0.00017526
-0.00012065
0.000158179
-0.000130072
3.71992e-05
-0.000124175
-0.000129792
-2.04188e-05
-0.000158083
1.20634e-05
-8.88248e-06
2.33276e-05
-3.1991e-05
5.75062e-06
-3.30511e-05
8.87403e-06
-3.37254e-05
1.1147e-05
-3.45113e-05
1.27091e-05
-3.56782e-05
1.04459e-05
-3.7404e-05
1.50545e-06
-3.99851e-05
-9.33001e-06
-4.38941e-05
-7.7644e-06
-4.93784e-05
1.22304e-05
-5.62461e-05
3.97483e-05
-6.75959e-05
7.90207e-05
-9.04506e-05
0.000145776
-0.000121882
0.000206691
-0.000144922
0.000181219
-0.000148997
4.12734e-05
-0.000136038
-0.000142751
-5.45958e-05
-0.000239525
1.27742e-05
-7.62524e-05
3.61018e-05
-2.8801e-05
7.09883e-06
-2.98626e-05
9.93573e-06
-3.07082e-05
1.19926e-05
-3.17334e-05
1.37344e-05
-3.3327e-05
1.20395e-05
-3.55451e-05
3.72365e-06
-3.90353e-05
-5.83973e-06
-4.38679e-05
-2.93184e-06
-5.0101e-05
1.84633e-05
-5.93514e-05
4.89986e-05
-7.44344e-05
9.41038e-05
-9.84375e-05
0.00016978
-0.000124516
0.00023277
-0.00013365
0.000190353
-0.000126072
3.3696e-05
-0.000101487
-0.000167337
-7.63526e-05
-0.000264659
-2.18647e-05
-0.00013074
1.42371e-05
-2.56565e-05
8.29804e-06
-2.6659e-05
1.09383e-05
-2.76032e-05
1.29368e-05
-2.88174e-05
1.49486e-05
-3.07279e-05
1.39501e-05
-3.32605e-05
6.25626e-06
-3.71242e-05
-1.97598e-06
-4.2329e-05
2.27278e-06
-4.86465e-05
2.47808e-05
-5.83976e-05
5.87495e-05
-7.10475e-05
0.000106754
-8.3122e-05
0.000181854
-9.03133e-05
0.000239961
-9.45148e-05
0.000194554
-9.46136e-05
3.37949e-05
-9.53725e-05
-0.000166578
-8.23443e-05
-0.000277687
-1.95159e-05
-0.000193569
-5.27889e-06
-2.25248e-05
9.31952e-06
-2.34869e-05
1.19006e-05
-2.43718e-05
1.38217e-05
-2.56425e-05
1.62192e-05
-2.7828e-05
1.61356e-05
-2.99263e-05
8.35454e-06
-3.29203e-05
1.01792e-06
-3.759e-05
6.94246e-06
-4.30391e-05
3.02297e-05
-5.04398e-05
6.61504e-05
-5.66621e-05
0.000112976
-5.36802e-05
0.000178872
-4.13513e-05
0.000227633
-3.51249e-05
0.000188328
-3.91569e-05
3.78269e-05
-6.98087e-05
-0.000135926
-4.69403e-05
-0.000300556
-4.6942e-05
-0.000193567
-5.22209e-05
-1.93758e-05
1.01054e-05
-2.0166e-05
1.26909e-05
-2.09877e-05
1.46434e-05
-2.22601e-05
1.74916e-05
-2.45442e-05
1.84197e-05
-2.57863e-05
9.59652e-06
-2.65624e-05
1.79393e-06
-3.00293e-05
1.04094e-05
-3.43475e-05
3.4548e-05
-3.78704e-05
6.96734e-05
-3.66063e-05
0.000111712
-2.18355e-05
0.000164101
4.2785e-06
0.000201519
3.2629e-05
0.000159977
3.21801e-05
3.82758e-05
1.64113e-05
-0.000120157
1.2376e-06
-0.000285382
1.2439e-06
-0.000193573
-5.09769e-05
-1.61947e-05
1.06648e-05
-1.67517e-05
1.32478e-05
-1.75327e-05
1.54244e-05
-1.88307e-05
1.87895e-05
-2.10341e-05
2.0623e-05
-2.16332e-05
1.01956e-05
-2.01508e-05
3.11474e-07
-2.20228e-05
1.22814e-05
-2.56248e-05
3.815e-05
-2.61284e-05
7.0177e-05
-1.90353e-05
0.000104619
4.90321e-06
0.000140163
4.30778e-05
0.000163344
7.46789e-05
0.000128376
7.96814e-05
3.32733e-05
5.20713e-05
-9.25472e-05
1.95583e-06
-0.000235266
-9.27514e-07
-0.00019069
-5.19045e-05
-1.2742e-05
1.09277e-05
-1.30373e-05
1.3543e-05
-1.37875e-05
1.61745e-05
-1.5061e-05
2.00629e-05
-1.73579e-05
2.29198e-05
-1.87068e-05
1.15447e-05
-1.54983e-05
-2.89698e-06
-1.45982e-05
1.13813e-05
-1.79248e-05
4.14764e-05
-1.72894e-05
6.95415e-05
-7.76111e-06
9.50904e-05
1.81685e-05
0.000114233
5.89967e-05
0.000122516
9.87218e-05
8.86511e-05
0.000130526
1.46886e-06
0.000110066
-7.20874e-05
3.17641e-05
-0.000156964
7.75321e-06
-0.000166679
-4.41513e-05
-8.73451e-06
1.08327e-05
-8.66287e-06
1.34711e-05
-9.19924e-06
1.67109e-05
-1.01462e-05
2.101e-05
-1.20218e-05
2.47953e-05
-1.49635e-05
1.44864e-05
-1.34884e-05
-4.37218e-06
-9.27209e-06
7.165e-06
-1.05823e-05
4.27865e-05
-1.02923e-05
6.92514e-05
-3.17389e-07
8.51157e-05
2.77736e-05
8.61426e-05
8.19147e-05
6.83752e-05
0.000162414
8.15139e-06
0.000200516
-3.66327e-05
0.000188413
-5.99842e-05
0.000116006
-8.45571e-05
4.91457e-05
-9.98188e-05
4.9944e-06
-3.94703e-06
1.00742e-05
-3.22562e-06
1.27497e-05
-3.07249e-06
1.65577e-05
-3.25334e-06
2.11908e-05
-4.30903e-06
2.5851e-05
-8.43801e-06
1.86153e-05
-1.30725e-05
2.62239e-07
-9.90573e-06
3.99816e-06
-6.41864e-06
3.92993e-05
-5.63537e-06
6.84681e-05
3.13875e-06
7.63418e-05
3.91001e-05
5.01814e-05
0.000112842
-5.3671e-06
0.00018908
-6.80866e-05
0.000211043
-5.85956e-05
0.000184185
-3.31261e-05
0.000131552
-3.19241e-05
6.16539e-05
-2.99207e-05
6.66483e-05
1.22979e-06
8.48759e-06
2.94568e-06
1.10339e-05
4.62069e-06
1.48829e-05
6.45368e-06
1.93578e-05
7.28767e-06
2.50169e-05
3.28667e-06
2.26162e-05
-7.0458e-06
1.05947e-05
-1.04274e-05
7.37966e-06
-5.08896e-06
3.39609e-05
1.60441e-06
6.17748e-05
1.48098e-05
6.31364e-05
6.07175e-05
4.27365e-06
0.000121728
-6.63775e-05
0.000162355
-0.000108714
0.000153557
-4.97978e-05
0.000147522
-2.70911e-05
0.000123239
-7.64023e-06
5.58523e-05
3.74655e-05
0.000122501
6.02576e-06
5.91201e-06
8.92722e-06
8.1327e-06
1.25025e-05
1.13076e-05
1.68316e-05
1.50286e-05
2.1631e-05
2.02173e-05
2.24017e-05
2.18455e-05
1.61876e-05
1.68088e-05
1.24897e-05
1.10776e-05
1.97763e-05
2.66742e-05
3.68629e-05
4.46882e-05
7.23188e-05
2.76804e-05
0.000122527
-4.59346e-05
0.000161637
-0.000105488
0.000157963
-0.00010504
0.00016646
-5.82952e-05
0.000164811
-2.5442e-05
0.000130379
2.67926e-05
4.08201e-05
0.000127024
0.000163321
9.281e-06
2.59869e-06
1.32967e-05
4.11712e-06
1.85016e-05
6.10273e-06
2.50394e-05
8.49058e-06
3.39251e-05
1.13316e-05
4.16056e-05
1.4165e-05
4.67581e-05
1.16562e-05
5.2921e-05
4.91452e-06
6.6984e-05
1.26112e-05
9.07115e-05
2.09605e-05
0.000126345
-7.95279e-06
0.000163267
-8.28567e-05
0.000179104
-0.000121325
0.0001682
-9.4137e-05
0.000161949
-5.20437e-05
0.000134021
2.48597e-06
8.35681e-05
7.72454e-05
2.66941e-05
0.000183898
0.000190015
1.05967e-05
-1.05646e-06
1.51994e-05
-4.85604e-07
2.11353e-05
1.66679e-07
2.876e-05
8.65755e-07
3.92635e-05
8.28164e-07
5.10869e-05
2.34157e-06
6.36409e-05
-8.97977e-07
7.8141e-05
-9.58566e-06
9.89184e-05
-8.16616e-06
0.000123515
-3.63606e-06
0.000152456
-3.68942e-05
0.000175095
-0.000105495
0.000175047
-0.000121277
0.000160077
-7.91675e-05
0.000141274
-3.32404e-05
0.000107548
3.62126e-05
6.11618e-05
0.000123631
2.25168e-05
0.000222543
0.000212532
1.03807e-05
-4.663e-06
1.49688e-05
-5.07388e-06
2.08456e-05
-5.71033e-06
2.84295e-05
-6.71806e-06
3.82113e-05
-8.95353e-06
5.07754e-05
-1.02226e-05
6.5664e-05
-1.57867e-05
7.96662e-05
-2.35878e-05
0.000100399
-2.88992e-05
0.000126673
-2.99102e-05
0.000154655
-6.48763e-05
0.000175545
-0.000126384
0.000169782
-0.000115514
0.000156969
-6.63551e-05
0.000137504
-1.37749e-05
0.000105323
6.83931e-05
6.73014e-05
0.000161653
3.21133e-05
0.000257731
0.000244645
9.35343e-06
-7.96705e-06
1.35531e-05
-9.27362e-06
1.89226e-05
-1.10798e-05
2.57941e-05
-1.35896e-05
3.42795e-05
-1.7439e-05
4.5473e-05
-2.14162e-05
5.91308e-05
-2.94444e-05
7.23959e-05
-3.68529e-05
8.99366e-05
-4.64399e-05
0.000108281
-4.82551e-05
0.000127364
-8.39586e-05
0.000154124
-0.000153145
0.000162902
-0.000124292
0.000155043
-5.84954e-05
0.000143912
-2.64491e-06
0.00011995
9.23559e-05
8.81093e-05
0.000193494
4.0832e-05
0.000305008
0.000285477
7.959e-06
-1.08293e-05
1.15944e-05
-1.29091e-05
1.62354e-05
-1.57208e-05
2.21328e-05
-1.9487e-05
2.92556e-05
-2.45618e-05
3.88323e-05
-3.09929e-05
4.87913e-05
-3.94032e-05
6.34325e-05
-5.14942e-05
7.72012e-05
-6.02086e-05
8.31575e-05
-5.42115e-05
0.000104702
-0.000105503
0.000131014
-0.000179457
0.000151137
-0.000144416
0.000159168
-6.65261e-05
0.000159016
-2.49317e-06
0.000138457
0.000112915
9.36148e-05
0.000238336
2.64732e-05
0.00037215
0.00031195
6.30989e-06
-1.31402e-05
9.2612e-06
-1.58603e-05
1.30668e-05
-1.95262e-05
1.79914e-05
-2.44116e-05
2.41332e-05
-3.07036e-05
3.26096e-05
-3.94692e-05
4.11341e-05
-4.79275e-05
5.58223e-05
-6.61825e-05
6.81024e-05
-7.24888e-05
7.23743e-05
-5.84835e-05
8.29538e-05
-0.000116082
0.000113412
-0.000209915
0.00016416
-0.000195164
0.000171861
-7.42272e-05
0.000161316
8.05201e-06
0.000136199
0.000138032
6.70031e-05
0.000307532
3.567e-06
0.000435586
0.000315517
4.50299e-06
-1.47834e-05
6.65048e-06
-1.80077e-05
9.49163e-06
-2.23673e-05
1.32803e-05
-2.82002e-05
1.838e-05
-3.58031e-05
2.53151e-05
-4.64042e-05
3.46145e-05
-5.72269e-05
4.72294e-05
-7.87975e-05
6.56588e-05
-9.09182e-05
9.17273e-05
-8.45522e-05
0.000110973
-0.000135329
0.000136514
-0.000235456
0.000193222
-0.000251872
0.000219646
-0.000100651
0.000194271
3.34272e-05
0.000127899
0.000204403
2.87061e-05
0.000406726
-9.96491e-06
0.000474257
0.000305552
2.73548e-06
-1.5727e-05
4.01323e-06
-1.92855e-05
5.73572e-06
-2.40899e-05
8.04957e-06
-3.05141e-05
1.12579e-05
-3.90114e-05
1.53666e-05
-5.05128e-05
2.19983e-05
-6.38586e-05
2.96374e-05
-8.64366e-05
4.66142e-05
-0.000107895
8.15578e-05
-0.000119496
0.000117571
-0.000171342
0.000166625
-0.00028451
0.000242924
-0.000328171
0.000336842
-0.00019457
0.00031899
5.12791e-05
0.000167156
0.000356237
6.85231e-06
0.00056703
-2.00772e-05
0.000501187
0.000285475
1.01901e-06
1.44631e-06
2.02332e-06
2.7884e-06
3.81443e-06
5.07555e-06
7.26755e-06
9.36226e-06
1.48098e-05
3.0226e-05
5.19484e-05
8.79868e-05
0.000207526
0.000440711
0.000511069
0.000180136
-0.000101582
-0.000236993
)
;

boundaryField
{
    leftWall
    {
        type            calculated;
        value           uniform 0;
    }
    rightWall
    {
        type            calculated;
        value           uniform 0;
    }
    lowerWall
    {
        type            calculated;
        value           uniform 0;
    }
    atmosphere
    {
        type            calculated;
        value           nonuniform List<scalar> 
46
(
-9.04268e-06
-1.0384e-05
-1.00251e-05
-1.02136e-05
-1.00873e-05
-1.00149e-05
-9.87687e-06
-9.70664e-06
-9.50492e-06
-9.27646e-06
-9.0272e-06
-8.76519e-06
-8.49903e-06
-8.23914e-06
-7.99655e-06
-7.78761e-06
-7.63057e-06
-7.54762e-06
-7.56215e-06
-7.71254e-06
-8.03672e-06
-8.58297e-06
-9.41274e-06
-4.85908e-06
-5.17545e-06
-5.54739e-06
-5.98238e-06
-1.60351e-05
-1.97127e-05
-2.46669e-05
-3.12791e-05
-4.00375e-05
-5.1774e-05
-6.60506e-05
-8.85313e-05
-0.000113343
-0.000134912
-0.000193064
-0.000320548
-0.000447709
-0.000427755
-1.9079e-05
0.00068717
0.000848747
0.000636598
4.8482e-05
)
;
    }
    defaultFaces
    {
        type            empty;
        value           nonuniform 0();
    }
}


// ************************************************************************* //
