# Fix print output for fix write_m2
0.005 3.13102589301992e-06
0.01 3.13102589301992e-06
0.015 3.13102589301992e-06
0.02 3.13102589301992e-06
0.025 3.13102589301992e-06
0.03 3.13102589301992e-06
0.035 3.13102589301992e-06
0.04 3.13102589301992e-06
0.045 3.13102589301992e-06
0.05 3.13102589301992e-06
0.055 3.13102589301992e-06
0.06 3.13102589301992e-06
0.065 3.13102589301992e-06
0.07 3.13102589301992e-06
0.075 3.13102589301992e-06
0.08 3.13102589301992e-06
0.085 3.13102589301992e-06
0.09 3.13102589301992e-06
0.095 3.13102589301992e-06
0.1 3.13102589301992e-06
0.105 3.13102589301992e-06
0.11 3.13102589301992e-06
0.115 3.13102589301992e-06
0.12 3.13102589301992e-06
0.125 3.13102589301992e-06
0.13 3.13102589301992e-06
0.135 3.13102589301992e-06
0.14 3.13102589301992e-06
0.145 3.13102589301992e-06
0.15 3.13102589301992e-06
0.155 3.13102589301992e-06
0.16 3.13102589301992e-06
0.165 3.13102589301992e-06
0.17 3.13102589301992e-06
0.175 3.13102589301992e-06
0.18 3.13102589301992e-06
0.185 3.13102589301992e-06
0.19 3.13102589301992e-06
0.195 3.13102589301992e-06
0.2 3.13102589301992e-06
0.205 3.13102589301992e-06
0.21 3.13102589301992e-06
0.215 3.13102589301992e-06
0.22 3.13102589301992e-06
0.225 3.13102589301992e-06
0.23 3.13102589301992e-06
0.235 3.13102589301992e-06
0.24 3.13102589301992e-06
0.245 3.13102589301992e-06
0.25 3.13102589301992e-06
0.255 3.13102589301992e-06
0.26 3.13102589301992e-06
0.265 3.13102589301992e-06
0.27 3.13102589301992e-06
0.275 3.13102589301992e-06
0.28 3.13102589301992e-06
0.285 3.13102589301992e-06
0.29 3.13102589301992e-06
0.295 3.13102589301992e-06
0.3 3.13102589301992e-06
0.305 3.13102589301992e-06
0.31 3.13102589301992e-06
0.315 3.13102589301992e-06
0.32 3.13102589301992e-06
0.325 3.13102589301992e-06
0.33 3.13102589301992e-06
0.335 3.13102589301992e-06
0.34 3.13102589301992e-06
0.345 3.13102589301992e-06
0.35 3.13102589301992e-06
0.355 3.13102589301992e-06
0.36 6.80037533665069e-07
0.365 6.80037533665069e-07
0.37 6.80037533665069e-07
0.375 6.80037533665069e-07
0.38 6.80037533665069e-07
0.385 6.80037533665069e-07
0.39 6.80037533665069e-07
0.395 6.80037533665069e-07
0.4 6.80037533665069e-07
0.405 6.80037533665069e-07
0.41 6.80037533665069e-07
0.415 6.80037533665069e-07
0.42 6.80037533665069e-07
0.425 6.80037533665069e-07
0.43 6.80037533665069e-07
0.435 6.80037533665069e-07
0.44 6.80037533665069e-07
0.445 6.80037533665069e-07
0.45 6.80037533665069e-07
0.455 6.80037533665069e-07
0.46 6.80037533665069e-07
0.465 6.80037533665069e-07
0.47 6.80037533665069e-07
0.475 6.80037533665069e-07
0.48 6.80037533665069e-07
0.485 6.80037533665069e-07
0.49 6.80037533665069e-07
0.495 6.80037533665069e-07
0.5 6.80037533665069e-07
0.505 6.80037533665069e-07
0.51 6.80037533665069e-07
0.515 6.80037533665069e-07
0.52 6.80037533665069e-07
0.525 6.80037533665069e-07
0.53 6.80037533665069e-07
0.535 6.80037533665069e-07
0.54 6.80037533665069e-07
0.545 6.80037533665069e-07
0.55 6.80037533665069e-07
0.555 6.80037533665069e-07
0.56 6.80037533665069e-07
0.565 6.80037533665069e-07
0.57 6.80037533665069e-07
0.575 6.80037533665069e-07
0.58 6.80037533665069e-07
0.585 6.80037533665069e-07
0.59 6.80037533665069e-07
0.595 6.80037533665069e-07
0.6 6.80037533665069e-07
0.605 6.80037533665069e-07
0.61 6.80037533665069e-07
0.615 6.80037533665069e-07
0.62 6.80037533665069e-07
0.625 6.80037533665069e-07
0.63 6.80037533665069e-07
0.635 6.80037533665069e-07
0.64 6.80037533665069e-07
0.645 6.80037533665069e-07
0.65 6.80037533665069e-07
0.655 6.80037533665069e-07
0.66 6.80037533665069e-07
0.665 6.80037533665069e-07
0.67 6.80037533665069e-07
0.675 6.80037533665069e-07
0.68 6.80037533665069e-07
0.685 6.80037533665069e-07
0.69 6.80037533665069e-07
0.695 6.80037533665069e-07
0.7 6.80037533665069e-07
0.705 6.80037533665069e-07
0.71 6.80037533665069e-07
0.715 6.80037533665069e-07
0.72 6.80037533665069e-07
0.725 6.80037533665069e-07
0.73 6.80037533665069e-07
0.735 6.80037533665069e-07
0.74 6.80037533665069e-07
0.745 6.80037533665069e-07
0.75 6.80037533665069e-07
0.755 6.80037533665069e-07
0.76 6.80037533665069e-07
0.765 6.80037533665069e-07
0.77 6.80037533665069e-07
0.775 6.80037533665069e-07
0.78 6.80037533665069e-07
0.785 6.80037533665069e-07
0.79 6.80037533665069e-07
0.795 6.80037533665069e-07
0.8 6.80037533665069e-07
0.805 6.80037533665069e-07
0.81 6.80037533665069e-07
0.815 6.80037533665069e-07
0.82 6.80037533665069e-07
0.825 6.80037533665069e-07
0.83 6.80037533665069e-07
0.835 6.80037533665069e-07
0.84 6.80037533665069e-07
0.845 6.80037533665069e-07
0.85 6.80037533665069e-07
0.855 6.80037533665069e-07
0.86 6.80037533665069e-07
0.865 6.80037533665069e-07
0.87 6.80037533665069e-07
0.875 6.80037533665069e-07
0.88 6.80037533665069e-07
0.885 6.80037533665069e-07
0.89 6.80037533665069e-07
0.895 6.80037533665069e-07
0.9 6.80037533665069e-07
0.905 6.80037533665069e-07
0.91 6.80037533665069e-07
0.915 6.80037533665069e-07
0.92 6.80037533665069e-07
0.925 6.80037533665069e-07
0.93 6.80037533665069e-07
0.935 6.80037533665069e-07
0.94 6.80037533665069e-07
0.945 6.80037533665069e-07
0.95 6.80037533665069e-07
0.955 6.80037533665069e-07
0.96 6.80037533665069e-07
0.965 6.80037533665069e-07
0.97 6.80037533665069e-07
0.975 6.80037533665069e-07
0.98 6.80037533665069e-07
0.985 6.80037533665069e-07
0.99 6.80037533665069e-07
0.995 6.80037533665069e-07
1 6.80037533665069e-07
