/*--------------------------------*- C++ -*----------------------------------*\
| =========                 |                                                 |
| \\      /  F ield         | OpenFOAM: The Open Source CFD Toolbox           |
|  \\    /   O peration     | Version:  5.x                                   |
|   \\  /    A nd           | Web:      www.OpenFOAM.org                      |
|    \\/     M anipulation  |                                                 |
\*---------------------------------------------------------------------------*/
FoamFile
{
    version     2.0;
    format      ascii;
    class       surfaceScalarField;
    location    "0.55";
    object      alphaPhi10;
}
// * * * * * * * * * * * * * * * * * * * * * * * * * * * * * * * * * * * * * //

dimensions      [0 3 -1 0 0 0 0];

internalField   nonuniform List<scalar> 
4432
(
-3.45085e-06
3.45085e-06
-5.52702e-06
2.07617e-06
-4.80595e-06
-7.21072e-07
-2.20457e-06
-2.60137e-06
1.86815e-06
-4.07272e-06
6.74095e-06
-4.87279e-06
1.14197e-05
-4.67873e-06
1.5111e-05
-3.69136e-06
1.75423e-05
-2.43129e-06
1.88313e-05
-1.28898e-06
1.92002e-05
-3.68868e-07
1.88053e-05
3.94897e-07
1.77279e-05
1.07742e-06
1.60156e-05
1.71227e-06
1.35391e-05
2.47649e-06
9.96852e-06
3.57058e-06
5.02095e-06
4.94757e-06
-1.02201e-06
6.04296e-06
-4.44914e-06
3.78697e-06
-7.79345e-06
4.02731e-06
-1.75805e-05
7.36721e-06
-1.53756e-05
-2.20485e-06
-1.53756e-05
-3.84788e-06
7.29872e-06
-5.20289e-06
3.43118e-06
-4.20052e-06
-1.72344e-06
-1.68648e-06
-5.11541e-06
2.20028e-06
-7.95947e-06
6.99564e-06
-9.66815e-06
1.16478e-05
-9.33093e-06
1.52958e-05
-7.33933e-06
1.76687e-05
-4.80418e-06
1.89308e-05
-2.55105e-06
1.9395e-05
-8.33061e-07
1.93585e-05
4.31356e-07
1.90469e-05
1.38897e-06
1.85431e-05
2.21607e-06
1.78691e-05
3.1505e-06
1.68272e-05
4.61251e-06
1.47985e-05
6.97631e-06
1.06585e-05
1.0183e-05
3.64176e-06
1.08037e-05
-4.54389e-06
1.31178e-05
-1.16789e-05
1.342e-05
-9.57498e-06
-4.38854e-06
-2.49177e-05
-3.03926e-06
1.0338e-05
-3.95363e-06
4.34556e-06
-3.09747e-06
-2.57959e-06
-1.03609e-06
-7.17679e-06
2.37825e-06
-1.13738e-05
6.97504e-06
-1.42649e-05
1.15778e-05
-1.39337e-05
1.51514e-05
-1.0913e-05
1.73945e-05
-7.04722e-06
1.85307e-05
-3.68732e-06
1.88933e-05
-1.19565e-06
1.87432e-05
5.81463e-07
1.82513e-05
1.8809e-06
1.75755e-05
2.89183e-06
1.68813e-05
3.84469e-06
1.64029e-05
5.09093e-06
1.63115e-05
7.0677e-06
1.57955e-05
1.06991e-05
1.22425e-05
1.43566e-05
5.60947e-06
1.97654e-05
-1.33929e-06
1.92626e-05
-1.79788e-06
-3.9571e-06
-2.67412e-05
-1.85596e-06
1.21939e-05
-2.15449e-06
4.64409e-06
-1.45181e-06
-3.28226e-06
9.81275e-08
-8.72673e-06
2.97669e-06
-1.42524e-05
7.18099e-06
-1.84692e-05
1.15017e-05
-1.82544e-05
1.48364e-05
-1.42477e-05
1.68861e-05
-9.09685e-06
1.78979e-05
-4.69916e-06
1.82203e-05
-1.51807e-06
1.80994e-05
7.02406e-07
1.76933e-05
2.28697e-06
1.71093e-05
3.47589e-06
1.64461e-05
4.50783e-06
1.58567e-05
5.68032e-06
1.5694e-05
7.23043e-06
1.63744e-05
1.00187e-05
1.66717e-05
1.40593e-05
1.54595e-05
2.09776e-05
1.29265e-05
2.42871e-05
7.41818e-06
1.85468e-06
-1.93776e-05
-2.9323e-07
1.24872e-05
5.07175e-07
3.84368e-06
1.46251e-06
-4.2376e-06
2.9996e-06
-1.02638e-05
5.65039e-06
-1.69032e-05
9.04615e-06
-2.1865e-05
1.23369e-05
-2.15451e-05
1.47894e-05
-1.67003e-05
1.62843e-05
-1.05917e-05
1.70666e-05
-5.48143e-06
1.73784e-05
-1.82985e-06
1.73526e-05
7.28219e-07
1.71029e-05
2.53664e-06
1.6721e-05
3.85773e-06
1.62893e-05
4.93955e-06
1.58881e-05
6.08153e-06
1.56733e-05
7.44529e-06
1.61761e-05
9.51585e-06
1.77206e-05
1.25148e-05
2.0213e-05
1.84853e-05
2.09753e-05
2.35248e-05
1.3796e-05
9.0391e-06
-5.58161e-06
1.94249e-06
1.05447e-05
4.44919e-06
1.33698e-06
6.67924e-06
-6.46764e-06
9.17495e-06
-1.27595e-05
1.17347e-05
-1.94629e-05
1.36493e-05
-2.37796e-05
1.49213e-05
-2.28171e-05
1.56739e-05
-1.74529e-05
1.60569e-05
-1.09747e-05
1.62885e-05
-5.71304e-06
1.64784e-05
-2.01974e-06
1.6563e-05
6.43595e-07
1.65103e-05
2.58931e-06
1.63548e-05
4.01329e-06
1.6166e-05
5.12835e-06
1.60098e-05
6.23773e-06
1.60324e-05
7.42267e-06
1.64797e-05
9.06855e-06
1.77431e-05
1.12514e-05
2.08901e-05
1.53382e-05
2.33031e-05
2.11118e-05
1.68074e-05
1.55348e-05
1.12258e-05
4.44154e-06
6.10314e-06
9.59223e-06
-3.81371e-06
1.44559e-05
-1.13313e-05
1.84653e-05
-1.6769e-05
2.04009e-05
-2.13985e-05
2.00034e-05
-2.33821e-05
1.87123e-05
-2.15261e-05
1.75514e-05
-1.62919e-05
1.6697e-05
-1.01203e-05
1.61762e-05
-5.19224e-06
1.59136e-05
-1.75712e-06
1.59425e-05
6.14626e-07
1.59833e-05
2.54859e-06
1.60305e-05
3.96605e-06
1.60899e-05
5.06895e-06
1.61557e-05
6.17195e-06
1.64171e-05
7.16122e-06
1.70635e-05
8.42217e-06
1.80551e-05
1.02598e-05
2.04549e-05
1.29384e-05
2.31335e-05
1.84332e-05
1.92498e-05
1.94186e-05
3.04756e-05
6.8449e-06
-7.41759e-07
1.56365e-05
-1.26052e-05
2.3506e-05
-1.92006e-05
2.7734e-05
-2.0997e-05
2.74812e-05
-2.11456e-05
2.44304e-05
-2.03311e-05
2.12835e-05
-1.8379e-05
1.91525e-05
-1.41607e-05
1.78545e-05
-8.8223e-06
1.70851e-05
-4.42278e-06
1.66501e-05
-1.32217e-06
1.62075e-05
1.05724e-06
1.59341e-05
2.82201e-06
1.58412e-05
4.05894e-06
1.59414e-05
4.96882e-06
1.61422e-05
5.97112e-06
1.66639e-05
6.63952e-06
1.76316e-05
7.45448e-06
1.88191e-05
9.07231e-06
2.06454e-05
1.11121e-05
2.2842e-05
1.62366e-05
2.00468e-05
2.22138e-05
5.05224e-05
8.90858e-06
-1.30739e-05
4.6384e-06
-3.51029e-06
1.40303e-05
-2.20005e-06
1.54117e-05
-3.15206e-06
9.15719e-07
5.43509e-07
1.01413e-07
8.14306e-07
-4.72789e-05
1.38583e-05
-9.02454e-05
2.11948e-05
-5.78236e-05
3.81179e-06
-4.47668e-05
-6.01635e-07
-9.77026e-05
-1.78767e-06
-0.000126461
-3.05611e-06
-0.000132363
-4.74049e-06
-0.000131284
-6.49594e-06
-0.000125426
-9.76335e-06
-0.000114567
-1.4144e-05
-9.52376e-05
-2.30908e-05
-3.55092e-05
-6.36161e-05
-3.27616e-05
8.75406e-07
-1.38891e-05
5.82504e-06
-4.33596e-05
1.63378e-05
-7.722e-05
4.23809e-06
-5.15918e-06
1.80649e-06
8.86268e-07
-4.87225e-06
6.13881e-06
-2.83333e-05
9.25366e-06
-5.1862e-06
5.16794e-06
-1.7294e-07
8.76878e-08
-7.73029e-07
-1.62621e-09
-2.55003e-06
-1.09638e-08
-9.26223e-06
-5.13512e-08
-2.23247e-05
-1.97207e-07
-3.19532e-05
-6.67992e-07
-4.21121e-05
-2.14589e-06
-5.86075e-05
-6.19912e-06
-7.92072e-05
-1.87875e-05
-4.10524e-05
-0.000116323
-8.21237e-05
-1.34185e-05
-1.17431e-05
-2.4896e-06
-9.93842e-05
1.81439e-05
-0.000177737
3.89887e-06
-1.91516e-06
6.65511e-07
1.4442e-06
-8.49748e-06
1.233e-05
-4.10351e-06
4.5815e-06
-8.71941e-08
1.15486e-06
-1.79353e-09
2.19731e-09
-3.44961e-09
1.71611e-11
-1.44258e-08
-1.68602e-11
-6.48881e-08
-9.27871e-10
-2.56589e-07
-5.66325e-09
-8.92231e-07
-3.1851e-08
-2.83718e-06
-1.98268e-07
-7.90751e-06
-1.17352e-06
-2.61251e-05
-5.6012e-06
-4.40213e-05
-0.000102872
-0.000111496
-1.02397e-05
-7.37021e-06
1.95858e-06
-0.000111582
5.13642e-06
-0.000180915
2.30831e-06
-8.26502e-06
2.1324e-07
1.60702e-06
-7.19838e-06
2.78904e-05
-9.58436e-07
3.88638e-07
-2.38783e-09
1.98722e-07
-3.2773e-10
1.26567e-10
-3.43759e-10
2.78461e-11
-3.85712e-10
1.42434e-12
-1.25511e-09
-7.55311e-11
-6.55628e-09
-4.21585e-10
-3.59513e-08
-2.73833e-09
-2.11648e-07
-2.3569e-08
-1.16184e-06
-2.26032e-07
-4.41571e-06
-2.35103e-06
-3.05065e-05
-8.1409e-05
-0.00017575
1.20126e-06
-8.57148e-06
1.32308e-05
-0.000123612
8.06364e-06
-0.000175748
5.30647e-06
-0.000123242
-1.45299e-07
3.9989e-06
-3.04576e-06
2.62925e-05
-1.59703e-07
-1.44259e-07
-2.01631e-10
3.92108e-08
-1.55156e-10
7.54778e-11
-1.66247e-10
3.48407e-11
-1.68786e-10
-1.39028e-12
-2.00036e-10
-5.30016e-11
-5.00306e-10
-1.37531e-10
-3.01134e-09
-3.06186e-10
-2.60441e-08
-8.61196e-10
-2.41771e-07
-1.65442e-08
-1.68545e-06
-9.17683e-07
-3.12291e-05
-5.27035e-05
-0.000240933
1.29188e-05
-2.14903e-05
2.43759e-05
-0.000135069
2.09349e-05
-0.000172307
2.31586e-05
-0.000176295
-4.37082e-07
1.1785e-05
-1.92598e-06
2.29684e-05
-3.05953e-08
5.05673e-06
-1.05204e-10
8.71605e-09
-1.41703e-10
1.0788e-10
-1.64938e-10
5.3979e-11
-1.74524e-10
4.09934e-12
-1.83787e-10
-4.79942e-11
-1.83499e-10
-1.4466e-10
-1.69111e-10
-3.43851e-10
-6.04993e-10
-5.49402e-10
-1.71398e-08
-5.98857e-11
-8.35075e-07
-1.06005e-07
-2.4038e-05
-2.7379e-05
-0.00026074
2.72294e-05
-4.87196e-05
3.53276e-05
-0.000143167
3.05752e-05
-0.000167554
2.19487e-05
-0.000176369
-1.76817e-06
1.44958e-05
-6.21147e-09
1.71675e-05
-6.33494e-09
7.53747e-06
-9.85656e-11
2.47535e-09
-1.4186e-10
1.46559e-10
-1.76536e-10
8.4559e-11
-2.13292e-10
3.79428e-11
-2.98603e-10
3.80437e-11
-5.28916e-10
6.17491e-11
-2.64613e-10
-7.16214e-10
-1.47528e-12
-9.2415e-10
8.35441e-12
-1.7225e-10
-1.05959e-07
-2.76284e-11
-1.68826e-05
-1.14041e-05
-0.000256789
4.26793e-05
-9.1399e-05
4.42332e-05
-0.000144721
3.52493e-05
-0.00015857
1.79992e-05
-0.000166463
4.28814e-07
6.02674e-06
-1.58831e-07
1.7312e-05
-1.80006e-09
3.64455e-06
-8.00377e-11
7.52036e-10
-1.45647e-10
2.085e-10
-2.5732e-10
1.98919e-10
-3.21779e-10
2.43263e-10
-9.4131e-10
6.39666e-10
-1.9563e-09
9.72517e-10
-1.26666e-09
-1.76301e-09
-1.16064e-10
-2.24252e-09
5.71972e-11
-4.1912e-10
1.04859e-11
-5.46697e-11
-9.81227e-06
-2.1527e-06
-0.000259909
2.09771e-05
-1.60735e-05
3.96074e-05
-2.00982e-05
4.35738e-05
-1.02276e-05
4.12889e-05
-5.29225e-06
3.8107e-05
-4.67797e-06
3.52858e-05
-5.85298e-06
3.22898e-05
-7.09324e-06
3.10573e-05
-7.32035e-06
3.2432e-05
-6.56062e-06
3.47704e-05
-4.9156e-06
3.65917e-05
-2.62437e-06
3.77752e-05
-1.03938e-07
3.78744e-05
2.72287e-06
3.73831e-05
4.55017e-06
3.6691e-05
5.66099e-06
3.58252e-05
6.83685e-06
3.6218e-05
6.24679e-06
3.83186e-05
5.35385e-06
4.16896e-05
5.70131e-06
4.69402e-05
5.86144e-06
5.67733e-05
6.40354e-06
7.29476e-05
6.03948e-06
1.47226e-05
0.000108747
7.38538e-06
-4.87633e-15
3.10609e-06
-8.16227e-11
7.14268e-07
-6.62447e-09
-1.02455e-07
6.70361e-09
-1.00375e-06
-3.47274e-14
-1.65039e-06
-9.67771e-13
-2.49522e-06
-2.0978e-11
-2.68932e-06
-3.67309e-10
-1.39694e-06
-5.64166e-09
1.9815e-06
-7.87778e-08
9.246e-06
-8.4948e-07
2.09519e-05
-2.96147e-06
3.23297e-05
-2.16175e-06
3.92964e-05
5.99055e-07
4.0587e-05
4.37038e-06
3.83832e-05
9.04065e-06
3.83099e-05
6.32007e-06
4.0297e-05
3.36674e-06
4.30458e-05
2.95259e-06
4.77445e-05
1.16269e-06
5.58333e-05
-1.68527e-06
6.59229e-05
-4.05009e-06
-6.0508e-06
8.66962e-05
3.10429e-18
-4.87944e-15
-8.06739e-11
-9.48841e-13
-6.67537e-09
-2.91833e-11
-1.41844e-15
2.82433e-11
-3.64226e-14
6.80442e-17
-1.00359e-12
-7.21318e-16
-2.19584e-11
-2.11458e-14
-3.89256e-10
1.678e-15
-6.03093e-09
-2.67286e-15
-8.48079e-08
-8.38586e-13
-9.34266e-07
-2.20777e-11
-1.8912e-06
-4.54063e-10
-1.89322e-06
-7.33491e-09
6.81778e-08
-9.66737e-08
6.30258e-06
-6.82741e-07
1.77146e-05
-5.63248e-07
3.43403e-05
-2.16974e-06
4.48905e-05
-1.87996e-06
4.68233e-05
1.01976e-06
4.93815e-05
-1.37562e-06
5.49324e-05
-7.2361e-06
6.24422e-05
-1.15597e-05
-1.6986e-05
7.33776e-05
-4.86208e-15
-1.73557e-17
-1.37172e-12
-3.84096e-15
-2.82183e-11
4.95537e-14
-1.25642e-16
2.49216e-14
-2.80611e-16
1.29499e-17
-1.31756e-15
1.05569e-16
-2.27332e-14
1.49918e-16
-1.78121e-14
1.52435e-17
-3.4081e-14
-8.12078e-16
-8.84679e-13
-2.58729e-15
-2.28493e-11
-1.30839e-13
-4.68341e-10
-8.66444e-12
-7.42762e-09
-3.77381e-10
-1.02546e-07
-1.59398e-09
-7.82026e-07
-3.09204e-09
-1.43693e-06
-2.728e-09
-2.65443e-06
-8.53419e-10
-5.99024e-07
-3.1158e-09
8.49176e-06
-6.09844e-08
2.57033e-05
-1.37267e-06
4.44937e-05
-7.03909e-06
5.46797e-05
-9.24885e-06
-1.31872e-05
6.15926e-05
-1.83e-17
-1.50538e-21
-8.40186e-15
-1.22252e-17
-2.48247e-14
-6.70933e-17
-6.76833e-17
1.92602e-16
-6.79222e-17
4.4003e-17
-2.8768e-17
2.05478e-16
8.53246e-17
1.74912e-16
6.46123e-15
2.24604e-15
5.78083e-14
6.40641e-14
6.42389e-14
2.67295e-13
-7.03024e-14
2.52594e-13
-8.38958e-12
-7.01876e-14
-5.14645e-10
-2.96325e-11
-5.19798e-10
-1.76936e-09
-3.87523e-10
-2.90124e-09
-4.08303e-10
-2.44465e-09
-5.77909e-10
-4.27292e-10
-2.97676e-09
-4.54374e-10
-6.32208e-08
-5.14342e-10
-1.42947e-06
-6.14998e-09
-9.16358e-07
-1.6675e-08
9.64855e-07
-1.01576e-08
-1.12924e-09
4.28636e-06
-1.68367e-21
1.98432e-24
-1.32928e-17
-6.59823e-21
-8.43713e-17
-1.05369e-19
-1.82499e-16
1.88667e-17
-5.58511e-16
2.82401e-16
-3.23505e-16
1.05941e-15
-5.08459e-17
1.20179e-15
2.69539e-15
8.21396e-16
-6.96359e-14
1.03146e-13
9.5812e-13
-8.31654e-13
2.92847e-12
-1.30697e-12
3.20634e-12
-7.61254e-13
-1.63196e-12
-5.33217e-13
-1.26178e-10
-3.82958e-11
-4.83272e-10
-9.50478e-10
-1.78737e-10
-2.40946e-11
-1.20084e-10
-2.33551e-10
-5.51677e-11
-3.54324e-10
-2.27898e-11
-3.83038e-10
1.10695e-11
-6.00746e-09
-1.49486e-10
-1.62402e-08
-3.35445e-10
-9.64921e-09
-5.60025e-11
-1.13026e-09
-1.33687e-23
1.39747e-24
-1.41778e-20
-4.69581e-22
-2.71746e-18
7.50828e-20
-1.00518e-16
1.53044e-17
-5.36007e-16
3.00135e-16
-4.07389e-16
1.21814e-15
9.02832e-17
1.53845e-15
1.53674e-14
1.01892e-15
4.46018e-14
1.19101e-13
-2.41295e-13
-1.35358e-13
-7.87629e-14
-1.05911e-12
8.28009e-13
-1.55264e-12
9.62238e-13
-2.91514e-12
4.80256e-13
-4.00615e-11
9.19244e-14
-2.61133e-11
-2.39667e-11
-4.96855e-14
-7.79126e-13
-3.96017e-13
6.39418e-11
-3.28905e-12
1.13954e-09
-2.15591e-10
9.23151e-09
-8.68392e-09
1.01576e-08
-1.22395e-08
8.32923e-09
-1.19802e-08
-6.34827e-10
1.17256e-09
-6.85197e-25
1.91112e-25
-9.12623e-22
-4.00843e-23
-6.56639e-19
4.73314e-21
-4.58714e-17
4.95184e-18
-3.09106e-16
1.64688e-16
-1.90282e-16
9.4578e-16
1.92316e-16
1.51756e-15
8.03133e-16
1.26318e-15
4.23858e-14
1.59295e-16
2.56627e-13
-6.07694e-16
3.22489e-13
-4.34264e-16
9.353e-13
-7.02796e-16
7.98101e-12
-9.02627e-12
7.15066e-12
-2.98383e-11
4.02042e-14
-1.90166e-11
3.12269e-15
-2.78986e-14
4.57782e-15
-4.11257e-13
9.5263e-13
-4.25513e-12
1.32998e-09
-5.84591e-10
5.04653e-09
-1.22546e-10
7.59825e-09
-1.43352e-08
1.19829e-08
-1.59089e-08
-2.20252e-09
1.40067e-08
-4.12066e-26
1.64163e-26
-4.67874e-23
-4.09379e-24
-7.09967e-20
1.08743e-23
-9.17986e-18
8.70872e-19
-9.55519e-17
4.63178e-17
2.7323e-17
4.04266e-16
4.51103e-16
1.00166e-15
7.55368e-16
9.2312e-16
7.97468e-16
2.67146e-16
2.72601e-16
-8.52397e-17
2.35595e-16
-3.9967e-16
2.98063e-16
-7.67707e-16
5.3922e-12
-5.17079e-12
1.02935e-11
-2.19983e-11
4.9423e-15
-6.6399e-12
-2.07803e-14
-5.84929e-15
3.86791e-13
-1.36354e-12
7.1344e-13
-1.99751e-11
1.40869e-10
-3.8248e-11
1.81936e-11
-1.31766e-12
3.02275e-09
-1.05316e-09
2.4039e-09
-1.4834e-08
-7.02105e-09
4.6822e-10
-1.62627e-27
1.32852e-26
-3.65462e-24
-4.31414e-25
-1.03276e-20
-4.15387e-23
-1.80625e-18
1.8219e-19
-2.07436e-17
9.99935e-18
2.30593e-17
8.02006e-17
2.22143e-16
1.95719e-16
4.19263e-16
1.99516e-16
3.95175e-16
6.08439e-17
4.42463e-16
-1.34938e-16
4.46056e-16
-4.05701e-16
7.02585e-15
-7.34992e-15
2.28256e-12
-3.44042e-15
3.42151e-12
-5.69893e-17
1.29634e-14
-2.95499e-16
-3.90431e-16
-2.53194e-15
-1.30617e-13
-1.63127e-12
-1.79865e-12
-1.49147e-11
-1.28483e-13
-2.2731e-13
-2.33086e-12
-4.86772e-13
-9.31036e-10
-1.25905e-10
-1.66471e-09
-1.07512e-08
-2.75417e-08
-1.84721e-09
-8.66139e-26
-2.31051e-25
-4.79773e-25
-4.13922e-26
-1.58666e-21
-8.52e-24
-3.62423e-19
3.62249e-20
-4.61723e-18
2.02715e-18
3.48658e-18
1.39488e-17
4.24605e-17
2.61894e-17
8.95621e-17
1.80144e-17
1.43302e-16
1.18043e-18
4.54307e-16
-2.0607e-16
3.79748e-16
-4.07072e-16
3.37034e-15
-3.55479e-16
1.21548e-17
-8.97615e-17
2.32326e-18
-1.11196e-16
-2.02346e-16
-1.21031e-16
-1.61946e-14
-6.65193e-17
-7.30843e-13
-1.7027e-17
-2.56094e-15
-1.95922e-15
-2.24102e-13
-1.03255e-14
-2.9247e-13
-4.30104e-13
-7.28297e-11
-5.3969e-11
-1.4587e-08
-4.37263e-09
-2.25501e-08
-1.55229e-08
-5.0903e-27
-5.31498e-25
-4.17507e-26
-4.96367e-27
-2.23764e-22
-1.43687e-24
-7.104e-20
6.11546e-21
-1.19559e-18
3.54393e-19
-1.78141e-18
2.19864e-18
2.9696e-18
3.55533e-18
9.32154e-18
1.62907e-18
4.75866e-17
-7.08987e-18
2.21031e-16
-1.62016e-16
1.21841e-16
-1.90517e-16
3.00115e-17
-2.26884e-16
-1.46005e-18
-7.95652e-17
-1.19184e-17
-1.02416e-16
-1.49746e-17
-9.14201e-17
-1.24234e-18
-2.73703e-17
-1.32339e-17
-4.68836e-18
-1.95054e-15
-2.19164e-17
-1.18788e-14
-4.38558e-16
-4.20351e-13
-2.61491e-14
-5.18598e-11
-2.8957e-12
-6.75353e-09
-2.83288e-10
-1.17652e-08
-2.0399e-08
-3.92061e-28
-4.21803e-25
-3.69271e-27
-1.66532e-27
-3.2425e-23
-3.42743e-25
-1.44126e-20
9.77239e-22
-3.03056e-19
5.81197e-20
-9.41801e-19
3.2537e-19
-7.52251e-19
4.77966e-19
-6.44833e-19
1.77891e-19
-5.03505e-18
-1.21207e-18
-6.58768e-18
-1.29153e-17
-1.89695e-17
-3.53276e-17
-1.42906e-17
-6.18927e-17
-2.66926e-17
-6.67617e-17
-3.89028e-17
-7.38847e-17
-1.35642e-17
-3.09263e-17
-1.75548e-18
-7.14178e-18
-2.83339e-18
-3.22773e-18
-2.00611e-17
-4.49783e-18
-4.53266e-16
-6.35297e-18
-2.65797e-14
-2.48448e-17
-2.92219e-12
-9.24787e-17
-2.86209e-10
-8.86449e-16
-5.66667e-15
-1.75634e-08
-7.79997e-29
-2.65316e-25
-2.57024e-27
-8.4651e-28
-5.17519e-24
3.73138e-26
-2.72647e-21
1.4153e-22
-6.50587e-20
8.42054e-21
-2.33351e-19
4.59155e-20
-3.26197e-19
7.08948e-20
-6.20836e-19
4.26986e-20
-3.44704e-18
-1.26882e-19
-9.87446e-18
-1.42243e-18
-1.84449e-17
-7.85748e-18
-3.11786e-17
-1.90974e-17
-3.77813e-17
-2.97547e-17
-1.72484e-17
-1.02865e-17
-3.75946e-18
-3.09571e-18
-2.36898e-18
-1.00614e-18
-2.79472e-18
-8.31655e-19
-4.86183e-18
-2.22432e-18
-6.49717e-18
-6.85332e-18
-9.60825e-18
-2.38819e-17
-2.51567e-17
-7.91909e-17
-1.39992e-16
-7.75803e-16
-5.13141e-15
-7.01333e-16
-1.55177e-29
-1.75555e-25
-4.29657e-27
3.43455e-27
-9.03244e-25
6.66524e-26
-4.17992e-22
1.75622e-23
-1.0167e-20
9.85164e-22
-3.94684e-20
5.5949e-21
-7.79826e-20
1.08515e-20
-1.77873e-19
1.36456e-20
-6.76632e-19
-1.70886e-21
-3.66482e-18
-2.30167e-19
-1.03006e-17
-1.11199e-18
-1.61414e-17
-2.03398e-18
-7.88538e-18
-1.9528e-18
-2.44375e-18
-5.15385e-19
-6.97681e-19
-2.59973e-19
-4.75849e-19
-1.02513e-19
-7.8902e-19
-4.73352e-20
-3.66495e-18
-1.33821e-19
-1.53615e-17
-2.48867e-18
-4.75829e-17
-1.51857e-17
-2.4638e-16
-5.96668e-17
-3.45265e-15
-2.06403e-16
-3.4383e-16
-2.06682e-14
1.32411e-28
-1.27709e-25
-5.25455e-26
1.39121e-26
-1.5741e-25
2.4701e-26
-4.83985e-23
1.74515e-24
-1.14814e-21
8.99455e-23
-4.97651e-21
5.79087e-22
-1.40506e-20
1.64604e-21
-4.91276e-20
4.30757e-21
-2.8992e-19
8.65389e-21
-1.24908e-18
-6.37465e-21
-1.83316e-18
-6.18208e-20
-1.96807e-18
-1.04266e-19
-5.83604e-19
-8.74221e-20
-2.85419e-19
-4.78712e-20
-1.1802e-19
-2.16862e-20
-3.82664e-20
-8.58318e-21
-4.88789e-20
-4.18615e-21
-4.39161e-19
-6.45207e-21
-7.08991e-18
-1.41872e-19
-5.33581e-17
-2.09157e-18
-3.40008e-16
-1.91256e-17
-1.35048e-15
-8.87425e-17
-8.29148e-17
-2.56481e-15
7.77018e-28
-9.23887e-26
-9.12626e-27
8.4919e-27
-2.22469e-26
3.11804e-27
-3.69667e-24
1.32632e-25
-8.58813e-23
5.76052e-24
-5.25107e-22
5.02599e-23
-2.68147e-21
2.85195e-22
-1.47281e-20
1.39028e-21
-7.22997e-20
4.01812e-21
-1.76111e-19
4.84727e-21
-2.05943e-19
5.40613e-22
-1.65285e-19
-5.39554e-21
-8.87955e-20
-6.6522e-21
-3.88121e-20
-3.60129e-21
-1.4885e-20
-1.26697e-21
-5.35365e-21
-4.47019e-22
-6.46588e-21
-2.85712e-22
-2.65061e-20
-9.64791e-22
-6.69477e-19
-2.74487e-20
-1.03789e-17
-3.52055e-19
-1.58694e-16
-2.01936e-18
-1.86538e-15
7.40811e-18
4.39967e-16
-8.66854e-15
7.05293e-28
-6.04008e-26
-2.5436e-28
3.44998e-27
-1.05414e-27
6.32723e-28
-1.7013e-25
7.64986e-27
-4.30928e-24
2.5829e-25
-5.50007e-23
4.25318e-24
-5.62184e-22
5.58514e-23
-3.99354e-21
3.91064e-22
-1.61128e-20
1.35023e-21
-3.10041e-20
2.26693e-21
-3.65483e-20
2.01857e-21
-3.15019e-20
1.10294e-21
-1.48348e-20
1.79651e-22
-4.62406e-21
-9.09935e-23
-1.34748e-21
-4.41453e-23
-6.72008e-22
-1.35875e-23
-8.42162e-22
-9.69132e-24
-9.77597e-21
-6.04572e-23
-3.0882e-19
-1.04721e-21
-3.98771e-18
2.96964e-20
-4.664e-17
1.05213e-18
-7.86527e-16
2.13243e-17
4.73176e-16
-7.42499e-15
4.28799e-28
-3.41978e-26
6.47908e-28
1.01972e-27
-1.38285e-27
-1.90358e-27
-4.55863e-27
1.80075e-28
-1.96846e-25
8.5446e-27
-6.45133e-24
4.37176e-25
-1.01537e-22
9.7124e-24
-8.55911e-22
8.19267e-23
-3.7192e-21
3.56243e-22
-7.16808e-21
7.85012e-22
-8.36358e-21
9.14856e-22
-7.16717e-21
7.38299e-22
-3.21239e-21
3.67472e-22
-7.7407e-22
1.02195e-22
-1.51881e-22
1.60042e-23
-8.8629e-23
2.72618e-24
-1.19216e-22
2.18703e-24
-2.98274e-21
4.53453e-23
-1.45805e-19
3.20376e-21
-2.27323e-18
1.1525e-19
-1.96369e-17
1.65486e-18
-2.54713e-16
1.54799e-17
1.92414e-16
-3.31215e-15
1.97301e-28
-1.64273e-26
7.44999e-28
1.86891e-28
-7.57124e-30
-2.51583e-27
-3.35769e-29
2.28567e-29
-1.09327e-26
2.47604e-28
-6.87484e-25
4.48263e-26
-1.42439e-23
1.15538e-24
-1.46885e-22
1.26849e-23
-7.20126e-22
6.82038e-23
-1.47186e-21
1.7472e-22
-1.71298e-21
2.30122e-22
-1.50012e-21
2.11928e-22
-6.85589e-22
1.23127e-22
-1.58119e-22
4.17782e-23
-2.32915e-23
7.64354e-24
-1.38223e-23
1.0999e-24
-2.07895e-23
8.75066e-25
-8.9606e-22
3.3657e-23
-6.38474e-20
2.36503e-21
-1.46236e-18
9.84594e-20
-1.14166e-17
1.48696e-18
-7.9459e-17
1.11559e-17
1.14224e-16
-8.8859e-16
6.5192e-29
-6.59453e-27
3.86449e-28
1.1385e-29
1.53481e-28
-1.48109e-27
-7.64172e-29
-4.96845e-28
-6.19335e-28
7.29192e-30
-4.89364e-26
2.61055e-27
-1.47563e-24
8.57092e-26
-1.96112e-23
1.41742e-24
-1.06146e-22
9.061e-24
-2.23129e-22
2.49372e-23
-2.58503e-22
3.42982e-23
-2.32619e-22
3.33546e-23
-1.10902e-22
2.117e-23
-2.55514e-23
7.96554e-24
-2.72779e-24
1.54377e-24
-1.84678e-24
1.9625e-25
-3.50726e-24
2.01555e-25
-2.42482e-22
1.38224e-23
-1.83073e-20
9.25265e-22
-4.8867e-19
3.86539e-20
-4.72356e-18
7.19521e-19
-4.74528e-17
8.5108e-18
1.27462e-16
-7.88928e-16
1.41811e-29
-2.1864e-27
1.12552e-28
-1.76864e-29
6.66094e-29
-4.86968e-28
-1.63486e-30
-2.33019e-28
-1.43183e-29
4.21144e-30
-2.05866e-27
5.23714e-29
-1.13076e-25
4.38929e-27
-1.91067e-24
1.1047e-25
-1.10672e-23
7.86674e-25
-2.34704e-23
2.2507e-24
-2.70478e-23
3.15924e-24
-2.50706e-23
3.17558e-24
-1.27314e-23
2.17534e-24
-3.09287e-24
9.17011e-25
-3.19734e-25
2.05212e-25
-2.60906e-25
3.69529e-26
-7.26947e-25
6.25364e-26
-5.89313e-23
4.57375e-24
-4.34288e-21
3.12248e-22
-1.25015e-19
1.41316e-20
-1.65726e-18
3.15374e-19
-3.11168e-17
5.42865e-18
1.43653e-16
-8.69145e-16
1.76906e-30
-5.95316e-28
1.73385e-29
-5.91388e-30
1.16382e-29
-8.46921e-29
1.80923e-30
-4.43524e-29
-8.86556e-30
-5.10965e-30
-5.76097e-29
5.58269e-31
-6.38753e-27
1.73628e-28
-1.27226e-25
5.52534e-27
-7.65265e-25
4.1922e-26
-1.62553e-24
1.22565e-25
-1.86342e-24
1.74326e-25
-1.79962e-24
1.80073e-25
-1.01261e-24
1.35029e-25
-2.86387e-25
6.61783e-26
-4.06839e-26
1.90251e-26
-4.56627e-26
6.48541e-27
-1.67504e-25
1.99193e-26
-1.41404e-23
1.45148e-24
-1.19619e-21
1.10657e-22
-4.15243e-20
6.09945e-21
-6.15313e-19
1.51329e-19
-1.32459e-17
2.29066e-18
4.93379e-17
-4.48321e-16
1.08428e-31
-1.33493e-28
1.50443e-30
-6.08427e-31
1.14955e-30
-8.32626e-30
2.60222e-31
-4.82039e-30
-2.18063e-31
-8.11356e-31
-1.64868e-30
1.38819e-32
-2.3213e-28
3.94486e-30
-5.25163e-27
1.43052e-28
-3.25897e-26
1.21656e-27
-6.90089e-26
3.72266e-27
-7.97698e-26
5.45576e-27
-8.04384e-26
5.79138e-27
-5.0639e-26
4.7801e-27
-1.6638e-26
2.63987e-27
-4.27539e-27
9.29393e-28
-4.86588e-27
5.58698e-28
-3.67543e-26
5.1825e-27
-3.28025e-24
4.12767e-25
-3.51967e-22
3.52032e-23
-1.76133e-20
2.44814e-21
-2.59159e-19
7.01777e-20
-3.22953e-18
7.85543e-19
6.98535e-18
-9.07859e-17
7.00756e-34
-2.48938e-29
6.29499e-32
-5.75406e-33
6.46441e-32
-3.9779e-31
1.62549e-32
-3.01614e-31
-2.67927e-33
-5.64198e-32
-1.42198e-32
9.12953e-35
-3.41146e-30
2.28895e-32
-1.04822e-28
1.32614e-30
-7.39597e-28
1.43493e-29
-1.68453e-27
5.01977e-29
-2.05127e-27
8.15246e-29
-2.15379e-27
9.08776e-29
-1.48724e-27
8.29341e-29
-5.33664e-28
4.95994e-29
-2.3574e-28
2.24303e-29
-3.01263e-28
2.47743e-29
-7.36319e-27
1.15786e-27
-6.60032e-25
9.41048e-26
-8.10537e-23
8.48654e-24
-6.26729e-21
7.03561e-22
-1.25705e-19
2.63759e-20
-9.2919e-19
3.01559e-19
1.47818e-18
-9.14896e-18
5.62807e-36
-3.92024e-30
1.83199e-33
-6.44178e-35
2.58467e-33
-1.33731e-32
6.8584e-34
-1.35917e-32
-2.30994e-35
-2.67603e-33
-8.88869e-35
6.63287e-37
-2.22501e-32
1.15684e-34
-7.42369e-31
5.61426e-33
-5.56971e-30
5.99639e-32
-1.40991e-29
2.26843e-31
-1.89989e-29
4.34949e-31
-2.06555e-29
5.58526e-31
-1.5558e-29
5.75417e-31
-7.37636e-30
4.42943e-31
-8.13168e-30
4.05408e-31
-2.06179e-29
2.15292e-30
-1.26145e-27
2.08974e-28
-1.1417e-25
1.77759e-26
-1.45683e-23
1.67108e-24
-1.49493e-21
1.52908e-22
-4.39467e-20
7.21224e-21
-3.52621e-19
1.05194e-19
5.52512e-19
-1.56633e-18
6.71357e-38
-5.30288e-31
4.28986e-35
-1.0827e-36
8.27425e-35
-3.67208e-34
2.28318e-35
-4.96897e-34
-1.75339e-37
-1.01209e-34
-5.60726e-37
5.23829e-39
-1.22306e-34
7.48348e-37
-4.12222e-33
3.25603e-35
-3.29341e-32
3.62252e-34
-1.034e-31
1.61213e-33
-1.87737e-31
4.16889e-33
-2.18965e-31
7.12048e-33
-2.10567e-31
8.69039e-33
-1.82336e-31
9.49855e-33
-2.12265e-31
1.3549e-32
-2.49139e-30
3.74927e-31
-1.90123e-28
3.36783e-29
-1.76337e-26
3.02266e-27
-2.32277e-24
3.00693e-25
-2.85059e-22
3.0297e-23
-1.08905e-20
1.70216e-21
-1.08965e-19
3.04727e-20
1.99947e-19
-4.65336e-19
8.72556e-40
-6.25911e-32
8.6817e-37
-2.151e-38
2.26463e-36
-8.85452e-36
6.46548e-37
-1.57337e-35
-1.25319e-39
-3.29118e-36
-3.6672e-39
4.15093e-41
-6.55832e-37
5.21601e-39
-2.06349e-35
2.0746e-37
-1.79504e-34
2.33001e-36
-7.43989e-34
1.18427e-35
-1.88103e-33
3.88797e-35
-2.74536e-33
8.43171e-35
-3.01877e-33
1.17063e-34
-3.41172e-33
1.47526e-34
-7.03417e-33
6.13413e-34
-3.14347e-31
5.65444e-32
-2.58424e-29
4.89887e-30
-2.48374e-27
4.66512e-28
-3.41021e-25
4.96469e-26
-4.96092e-23
5.5647e-24
-2.34532e-21
3.76497e-22
-2.84428e-20
8.00788e-21
6.16078e-20
-1.41822e-19
8.25033e-42
-6.5282e-33
1.5751e-38
-4.24873e-40
5.51755e-38
-1.95207e-37
1.62603e-38
-4.48508e-37
-8.67894e-42
-9.59622e-38
-2.40177e-41
3.27559e-43
-3.86029e-39
3.87099e-41
-1.16664e-37
1.49983e-39
-1.04057e-36
1.6898e-38
-4.82145e-36
8.65891e-38
-1.39228e-35
2.83329e-37
-2.24148e-35
6.12785e-37
-2.72539e-35
9.05521e-37
-3.66283e-35
1.67995e-36
-4.73074e-34
6.37869e-35
-3.58096e-32
7.00709e-33
-3.07237e-30
6.05752e-31
-3.08118e-28
6.12349e-29
-4.39425e-26
6.99477e-27
-7.63177e-24
8.73485e-25
-4.50991e-22
7.30277e-23
-6.5532e-21
1.88604e-21
1.67617e-20
-4.05846e-20
-4.77196e-37
-6.06963e-34
2.61322e-40
-7.95461e-39
1.23e-39
-4.03377e-39
3.7297e-40
-1.17912e-38
-5.90876e-44
-2.57381e-39
-1.56716e-43
2.58149e-45
-2.34866e-41
2.92309e-43
-7.06425e-40
1.11906e-41
-6.42958e-39
1.28378e-40
-3.05528e-38
6.6276e-40
-8.66419e-38
2.12422e-39
-1.32375e-37
4.49111e-39
-1.93129e-37
7.49502e-39
-7.34932e-37
7.22562e-38
-4.30782e-35
8.25658e-36
-3.4134e-33
6.94877e-34
-3.00588e-31
6.01588e-32
-3.13319e-29
6.33544e-30
-4.59522e-27
7.75357e-28
-9.63724e-25
1.0816e-25
-7.42544e-23
1.15632e-23
-1.25794e-21
3.75918e-22
3.77218e-21
-1.00567e-20
-3.86912e-37
-5.05571e-35
3.99433e-42
-9.96417e-39
2.55678e-41
-7.94626e-41
7.97361e-42
-2.90499e-40
-3.99184e-46
-6.45524e-41
-1.02644e-45
2.04046e-47
-1.46103e-43
2.24145e-45
-4.40354e-42
8.50691e-44
-4.1374e-41
9.98491e-43
-2.0136e-40
5.33948e-42
-5.49313e-40
1.75063e-41
-8.69349e-40
3.90194e-41
-1.82058e-39
1.21309e-40
-4.65403e-38
7.61986e-39
-3.53095e-36
7.72197e-37
-2.64979e-34
5.63356e-35
-2.31271e-32
4.75168e-33
-2.44514e-30
4.96944e-31
-3.61655e-28
6.39429e-29
-9.17548e-26
9.92636e-27
-1.00648e-23
1.39883e-24
-2.00441e-22
6.04868e-23
6.57198e-22
-1.75058e-21
-5.54249e-38
-3.78585e-36
5.63304e-44
-1.67485e-39
5.04443e-43
-1.51137e-42
1.61927e-43
-6.78391e-42
-2.72212e-48
-1.53179e-42
-6.84901e-48
1.62657e-49
-9.35305e-46
1.74697e-47
-2.83422e-44
6.59302e-46
-2.75169e-43
7.90536e-45
-1.34776e-42
4.36758e-44
-3.22758e-42
1.48311e-43
-6.60161e-42
3.86488e-43
-4.53825e-41
5.44305e-42
-3.24911e-39
6.72848e-40
-2.4265e-37
5.40118e-38
-1.7413e-35
3.9944e-36
-1.42449e-33
3.18686e-34
-1.44643e-31
3.09361e-32
-2.07705e-29
3.96664e-30
-6.1405e-27
6.6881e-28
-1.04646e-24
1.24187e-25
-2.5737e-23
7.60167e-24
9.08694e-23
-2.0457e-22
-5.6312e-39
-2.55213e-37
7.37501e-46
-1.89737e-40
9.63217e-45
-2.80411e-44
3.18424e-45
-1.51475e-43
-1.90392e-50
-3.47062e-44
-4.73006e-50
1.31398e-51
-6.2452e-48
1.38447e-49
-1.90782e-46
5.20759e-48
-1.89635e-45
6.36548e-47
-9.02904e-45
3.60994e-46
-2.06973e-44
1.28998e-45
-6.57108e-44
5.34298e-45
-2.17623e-42
3.48575e-43
-1.9153e-40
4.06874e-41
-1.47823e-38
3.29076e-39
-1.05819e-36
2.61132e-37
-7.86625e-35
2.02357e-35
-7.12434e-33
1.76539e-33
-9.34802e-31
2.09748e-31
-2.95556e-28
3.65967e-29
-8.11926e-26
8.57497e-27
-2.63163e-24
7.64726e-25
1.05531e-23
-1.70742e-23
-4.57645e-40
-1.54867e-38
8.9322e-48
-1.70811e-41
1.80005e-46
-5.11766e-46
6.14813e-47
-3.25734e-45
-1.38239e-52
-7.56676e-46
-3.39717e-52
1.07779e-53
-4.3944e-50
1.11783e-51
-1.35572e-48
4.19071e-50
-1.35961e-47
5.21043e-49
-5.73322e-47
3.02378e-48
-1.59214e-46
1.17969e-47
-1.2195e-45
1.34208e-46
-1.03688e-43
1.79159e-44
-9.86514e-42
1.97588e-42
-8.25964e-40
1.79531e-40
-6.24867e-38
1.54694e-38
-4.41873e-36
1.26169e-36
-3.48909e-34
1.05613e-34
-3.97325e-32
1.14904e-32
-1.23445e-29
1.99093e-30
-5.2374e-27
5.48878e-28
-2.29524e-25
6.69684e-26
1.07495e-24
-1.13069e-24
-3.10531e-41
-8.4511e-40
9.60863e-50
-1.29257e-42
3.28624e-48
-9.24674e-48
1.16826e-48
-6.78845e-47
-1.04062e-54
-1.59835e-47
-2.54461e-54
8.98997e-56
-3.23083e-52
9.19691e-54
-1.00639e-50
3.43489e-52
-9.99231e-50
4.33304e-51
-3.68884e-49
2.58558e-50
-1.44849e-48
1.19789e-49
-3.58734e-47
4.44397e-48
-4.28434e-45
6.70127e-46
-4.51715e-43
7.96598e-44
-4.12796e-41
8.21789e-42
-3.4452e-39
7.78102e-40
-2.56755e-37
7.17682e-38
-1.92781e-35
6.55308e-36
-1.98095e-33
7.20886e-34
-5.93476e-31
1.2612e-31
-3.45409e-28
3.79642e-29
-1.9311e-26
5.48148e-27
9.66639e-26
-7.39305e-26
-1.76983e-42
-4.14418e-41
8.55299e-52
-8.3635e-44
5.81627e-50
-1.66064e-49
2.16565e-50
-1.37821e-48
-7.99291e-57
-3.28976e-49
-1.9509e-56
7.61292e-58
-2.43788e-54
7.6973e-56
-7.63989e-53
2.86602e-54
-7.27153e-52
3.66044e-53
-2.70751e-51
2.26008e-52
-1.62553e-50
1.40089e-51
-1.02222e-48
1.18388e-49
-1.42632e-46
1.8365e-47
-1.69059e-44
2.45112e-45
-1.7127e-42
2.86098e-43
-1.60631e-40
3.101e-41
-1.37872e-38
3.34825e-39
-1.1359e-36
3.68564e-37
-1.2039e-34
4.67753e-35
-3.6932e-32
8.80238e-33
-2.57492e-29
2.7072e-30
-1.66601e-27
4.04087e-28
7.32334e-27
-6.03818e-27
-8.60306e-44
-1.82603e-42
3.52354e-54
-4.69971e-45
9.91819e-52
-2.97034e-51
3.86563e-52
-2.73581e-50
-6.13108e-59
-6.6253e-51
-1.49583e-58
6.52018e-60
-1.84493e-56
6.53327e-58
-5.80381e-55
2.43087e-56
-5.12178e-54
3.13965e-55
-2.14295e-53
2.01254e-54
-2.04633e-52
1.72622e-53
-2.2471e-50
2.14734e-51
-3.50459e-48
3.61285e-49
-4.6198e-46
5.31255e-47
-5.37417e-44
7.1113e-45
-5.82135e-42
9.24274e-43
-5.97377e-40
1.19236e-40
-6.00068e-38
1.61727e-38
-7.47116e-36
2.54692e-36
-2.43176e-33
5.33438e-34
-1.80179e-30
1.58776e-31
-1.23271e-28
2.3164e-29
4.26543e-28
-5.29817e-28
-3.52882e-45
-7.24386e-44
-3.28209e-49
-2.2996e-46
1.60033e-53
-6.02279e-51
6.59649e-54
-5.32342e-52
-4.576e-61
-1.30809e-52
-1.10969e-60
5.61242e-62
-1.37343e-58
5.60828e-60
-4.28333e-57
2.08553e-58
-3.5585e-56
2.73357e-57
-1.69334e-55
1.81363e-56
-2.41004e-54
1.99378e-55
-3.49808e-52
2.87132e-53
-5.89194e-50
5.09711e-51
-8.61069e-48
8.11262e-49
-1.18606e-45
1.25141e-46
-1.52881e-43
1.94109e-44
-1.87327e-41
2.9793e-42
-2.39631e-39
4.9362e-40
-3.67897e-37
9.64525e-38
-1.2566e-34
2.23056e-35
-9.33308e-32
6.36311e-33
-6.46761e-30
9.16085e-31
1.70691e-29
-3.49649e-29
-1.16291e-46
-2.60502e-45
-2.2416e-50
-9.66371e-48
2.36298e-55
-6.09986e-52
1.023e-55
-1.01574e-53
-3.21108e-63
-2.53382e-54
-7.85634e-63
4.83045e-64
-9.57291e-61
4.83107e-62
-3.02273e-59
1.80392e-60
-2.39823e-58
2.40321e-59
-1.279e-57
1.64325e-58
-2.38888e-56
2.07976e-57
-3.96772e-54
3.1548e-55
-7.00923e-52
5.79813e-53
-1.12715e-49
9.78511e-51
-1.73555e-47
1.61516e-48
-2.56603e-45
2.71488e-46
-3.78808e-43
4.79541e-44
-6.27868e-41
9.8841e-42
-1.18673e-38
2.35278e-39
-4.24167e-36
5.95994e-37
-3.27856e-33
1.71217e-34
-2.32297e-31
2.46903e-32
4.25742e-31
-1.31573e-30
-3.08567e-48
-8.5868e-47
-1.03105e-51
-3.5112e-49
2.95936e-57
-3.80519e-53
1.36915e-57
-1.89815e-55
-1.9853e-65
-4.80961e-56
-4.88987e-65
4.12334e-66
-5.9947e-63
4.15123e-64
-1.90874e-61
1.56405e-62
-1.51443e-60
2.12204e-61
-8.58223e-60
1.48226e-60
-1.84671e-58
1.94149e-59
-3.33298e-56
3.03176e-57
-6.27072e-54
5.79476e-55
-1.0629e-51
1.00675e-52
-1.68937e-49
1.67126e-50
-2.63644e-47
2.82542e-48
-4.7096e-45
5.43733e-46
-1.01095e-42
1.36536e-43
-2.31104e-40
3.95524e-41
-9.12924e-38
1.0927e-38
-7.93501e-35
3.22945e-36
-5.44024e-33
4.48073e-34
6.5016e-33
-2.51711e-32
-6.56023e-50
-2.62888e-48
-3.71484e-53
-1.11911e-50
2.87082e-59
-1.79625e-54
1.42303e-59
-3.46465e-57
-9.78872e-68
-8.92386e-58
-2.45841e-67
3.40694e-68
-3.0606e-65
3.46404e-66
-9.93449e-64
1.32318e-64
-8.08683e-63
3.62219e-63
-4.70958e-62
4.35145e-62
-1.08474e-60
4.00816e-61
-2.05134e-58
2.78712e-59
-4.03381e-56
5.14212e-57
-6.98727e-54
9.01756e-55
-1.12157e-51
1.50426e-52
-1.79528e-49
2.90675e-50
-3.57796e-47
6.02678e-48
-9.95623e-45
1.37534e-45
-2.7938e-42
4.72268e-43
-1.18715e-39
1.40035e-40
-1.05854e-36
3.87913e-38
-6.80628e-35
4.93174e-36
6.70372e-35
-2.73035e-34
-8.20757e-52
-1.00942e-54
8.48347e-62
7.0677e-62
-2.46989e-70
-5.96451e-70
-7.1752e-68
-2.5388e-66
-2.54778e-65
-2.1516e-64
-9.38602e-63
-6.13864e-61
-1.16659e-58
-2.09996e-56
-3.52977e-54
-6.60683e-52
-1.43421e-49
-3.56911e-47
-1.15234e-44
-5.08541e-42
-4.16292e-39
-2.15014e-37
-1.4207e-36
0.000105529
3.2185e-06
0.000107229
-1.70017e-06
0.00011572
-8.49102e-06
-1.3139e-05
0.000128859
9.62962e-05
-6.38144e-06
0.000105017
-1.04214e-05
0.00011163
-1.51039e-05
-1.98205e-05
0.000118312
7.80015e-05
-1.10052e-05
8.15761e-05
-1.39955e-05
8.40558e-05
-1.75829e-05
-2.1037e-05
8.52733e-05
6.41794e-05
-8.41044e-06
6.65965e-05
-1.08645e-05
6.94462e-05
-1.46513e-05
-1.86032e-05
7.18e-05
5.15374e-06
-5.01169e-09
4.80768e-06
-4.89968e-08
4.63772e-06
-3.93015e-07
-1.98989e-06
8.32425e-06
-5.93232e-09
-6.92212e-11
-5.48335e-08
4.01785e-10
-4.44685e-07
-1.90853e-09
-3.61057e-09
-2.4291e-06
1.25721e-09
1.31622e-09
2.06772e-09
8.87029e-10
1.13822e-09
6.73112e-10
1.03503e-10
-1.16412e-09
4.35332e-09
-1.21824e-10
2.39165e-09
5.26707e-10
3.70336e-09
9.42939e-10
1.405e-09
4.21492e-09
-2.63999e-10
-5.87339e-10
1.35101e-09
-1.15101e-10
3.11239e-09
5.52269e-10
1.49402e-09
4.48969e-09
1.8522e-12
-7.01059e-09
9.57294e-11
-3.92504e-10
6.53947e-10
7.40581e-12
1.47273e-09
3.72386e-10
-1.17895e-08
-8.82736e-09
-7.27464e-09
-5.13078e-09
-3.63333e-09
-2.14669e-09
1.39643e-10
-1.33284e-09
-2.03009e-08
-6.13902e-09
-2.05212e-08
-1.21816e-09
-1.87928e-08
-3.8619e-11
-1.39898e-10
-1.45306e-08
-1.01724e-08
-7.51657e-15
-4.78399e-10
-3.47981e-14
-7.18608e-10
-2.86517e-13
-2.3856e-12
-1.17939e-09
-3.96452e-15
-4.31112e-15
-3.56187e-14
-3.50174e-15
-3.23419e-13
-2.08151e-15
-9.69949e-16
-2.73987e-12
-3.07598e-14
-1.105e-16
-3.88071e-14
-2.36323e-17
-4.77496e-14
8.96019e-16
1.58134e-15
-5.13596e-14
-3.35387e-15
9.51556e-17
-5.85933e-15
2.49512e-16
-1.12309e-14
6.66168e-16
1.467e-15
-1.81342e-14
-1.22316e-14
9.96433e-16
-1.48408e-14
1.99827e-15
-1.73858e-14
2.90893e-15
3.67019e-15
-2.02442e-14
-1.52225e-14
1.42907e-15
-2.31625e-14
3.02134e-15
-2.86879e-14
4.70956e-15
6.13109e-15
-3.11692e-14
-8.09595e-15
5.99507e-16
-1.42462e-14
1.72589e-15
-2.05112e-14
3.3799e-15
5.81879e-15
-2.76047e-14
-2.70567e-15
3.5443e-16
-6.19239e-15
1.15086e-15
-1.06906e-14
2.4638e-15
4.44412e-15
-1.6673e-14
-2.82945e-15
4.3815e-16
-7.28184e-15
1.79875e-15
-1.276e-14
4.07176e-15
6.73432e-15
-1.88782e-14
-3.70033e-15
5.85462e-16
-1.06499e-14
2.54381e-15
-1.83316e-14
5.69907e-15
8.75914e-15
-2.38272e-14
-2.17515e-15
2.44529e-16
-7.80118e-15
1.57711e-15
-1.51103e-14
4.61479e-15
7.99211e-15
-2.04813e-14
-5.15094e-16
2.8036e-17
-3.11765e-15
3.25924e-16
-8.50477e-15
1.73914e-15
4.38534e-15
-1.36386e-14
-4.08476e-17
2.35386e-18
-4.62668e-16
2.25406e-17
-2.47843e-15
2.58977e-16
1.36415e-15
-6.06932e-15
-3.52383e-18
6.48581e-19
-3.91792e-17
3.13143e-18
-5.09336e-16
4.93638e-17
4.82188e-16
-2.32033e-15
-8.72594e-19
2.67096e-19
-7.84566e-18
1.1331e-18
-1.64726e-16
1.845e-17
2.29549e-16
-1.06225e-15
-2.65795e-19
9.53188e-20
-1.94369e-18
3.86497e-19
-5.0838e-17
4.98199e-18
7.87614e-17
-4.36027e-16
-8.05438e-20
2.97636e-20
-3.32837e-19
1.01597e-19
-6.22991e-18
4.85383e-19
8.70374e-18
-9.41501e-17
-2.63581e-20
7.63344e-21
-6.68807e-20
2.64085e-20
-2.18128e-19
5.22778e-20
7.15007e-19
-3.47244e-18
-5.57316e-21
1.29034e-21
-1.59995e-20
5.15576e-21
-2.76533e-20
1.15642e-20
1.6769e-19
4.83794e-19
-6.61378e-22
1.56245e-22
-2.24841e-21
6.94776e-22
-3.65408e-21
2.02045e-21
2.94058e-20
1.29687e-19
-5.26032e-23
1.58451e-23
-2.12899e-22
7.22892e-23
-2.01042e-22
2.27832e-22
1.77841e-21
2.80156e-20
-2.98605e-24
1.46547e-24
-1.35156e-23
6.84792e-24
-7.50528e-24
2.47128e-23
9.05411e-24
1.76082e-21
-1.64941e-25
1.27878e-25
-9.9816e-25
7.4294e-25
-6.5118e-26
3.21634e-24
1.62874e-25
6.92486e-26
-1.49544e-26
1.01427e-26
-1.12789e-25
9.16841e-26
-7.24931e-28
4.29029e-25
4.79933e-26
3.24314e-27
-2.03611e-27
6.61644e-28
-2.13625e-26
9.74383e-27
-2.36275e-28
4.29397e-26
4.12157e-27
2.21386e-29
-2.07096e-28
2.87108e-29
-2.53411e-27
5.50802e-28
-2.48013e-28
2.34301e-27
4.06182e-27
7.29166e-28
-8.92773e-30
6.34638e-31
-1.26859e-28
1.12873e-29
-3.97647e-29
5.27469e-29
1.96534e-28
3.83505e-27
-1.43339e-31
7.70322e-33
-1.9504e-30
1.10249e-31
-1.43494e-30
5.98363e-31
7.9877e-30
1.86416e-28
-1.34578e-33
1.30028e-34
-1.56351e-32
1.01646e-33
-1.87057e-32
5.74314e-33
7.58699e-32
7.86086e-30
-6.06084e-36
-4.08345e-35
-1.1184e-34
4.79741e-32
0.000119369
-8.19088e-05
9.82903e-05
-0.000123643
7.55875e-05
-0.000135867
3.84514e-05
-0.000146376
-1.15675e-06
-2.39893e-05
-6.76478e-07
1.70416e-05
-2.55048e-08
2.03333e-06
-6.41111e-11
1.01407e-06
-2.71899e-10
4.09281e-10
-6.40594e-10
7.45461e-10
-5.06103e-09
1.80209e-09
-7.20766e-09
-5.14482e-09
-1.45801e-08
7.2548e-09
-9.32725e-09
-9.55634e-09
-9.60936e-10
-1.1982e-08
3.64984e-10
-1.93396e-09
5.18181e-10
-3.64752e-10
-2.62532e-06
-2.80634e-07
-0.000269055
0.00010803
-7.16266e-05
8.43239e-05
-9.99367e-05
6.12256e-05
-0.000112769
2.34558e-05
-0.000123189
-4.889e-06
-8.90161e-06
5.35909e-07
1.08528e-05
-3.43351e-08
2.46737e-06
1.65828e-07
2.3232e-06
9.00743e-09
9.45066e-07
-1.01384e-09
1.07778e-08
-1.3316e-08
1.58939e-08
-4.9017e-08
2.1638e-09
-3.97752e-08
-1.88076e-07
-2.63009e-08
-7.28215e-08
-3.08666e-09
-4.8015e-08
7.26716e-10
-6.28019e-09
3.05052e-09
-2.87897e-09
2.46828e-06
-2.7464e-06
-0.000284733
7.69778e-05
-6.33296e-05
5.8501e-05
-8.14592e-05
3.7523e-05
-9.17911e-05
5.26514e-06
-0.000105496
-8.9792e-08
-1.08459e-06
1.35892e-06
3.77536e-06
-4.3263e-09
1.68237e-06
7.33193e-07
1.59279e-06
2.76688e-07
1.55403e-06
2.96723e-08
3.71456e-07
2.05814e-08
2.43395e-08
6.51263e-08
2.10737e-08
9.77748e-08
-1.44253e-07
5.86292e-08
-4.13526e-07
1.91477e-08
-1.12668e-07
8.84598e-09
1.97408e-10
2.49753e-08
-1.95416e-08
4.55459e-06
-1.43598e-05
-0.00028361
6.72427e-05
-5.64332e-05
5.01212e-05
-6.43211e-05
2.58071e-05
-6.74756e-05
-5.69089e-07
-7.87427e-05
-7.03952e-07
-1.06033e-06
5.2264e-07
7.81668e-07
5.8349e-07
5.59647e-07
9.29236e-07
6.28468e-07
1.18941e-06
1.4006e-06
2.38323e-07
8.00097e-07
4.58011e-08
2.19957e-07
2.62543e-07
8.66635e-08
7.85269e-07
-1.6639e-07
6.92663e-07
-4.59868e-07
3.84874e-07
3.75484e-08
1.27647e-07
2.27286e-07
2.22984e-07
-1.18712e-07
1.18169e-05
-5.48929e-05
-0.000274216
2.71829e-05
-1.99414e-05
3.51458e-05
-4.32228e-05
1.69577e-05
-4.92622e-05
-5.81436e-06
-4.22064e-05
-4.64898e-07
-6.62842e-06
1.22399e-07
2.86096e-07
3.90116e-07
2.87015e-07
6.45967e-07
3.56263e-07
1.17712e-06
6.76369e-07
1.00995e-06
8.80346e-07
4.19052e-07
5.14403e-07
5.37301e-07
2.33573e-07
4.69977e-07
-1.56489e-07
4.01872e-07
-4.68872e-07
3.1268e-06
-3.32375e-06
8.04324e-07
2.28947e-06
1.6382e-06
-9.82743e-07
2.31959e-05
-9.63277e-05
-0.000251691
-1.58919e-06
-2.93855e-07
-2.93804e-06
-5.75942e-06
9.55448e-06
-3.2272e-05
-7.44666e-06
-8.56992e-06
-2.1352e-07
-1.1376e-05
6.72426e-08
4.18786e-10
1.97737e-07
1.48765e-07
3.19169e-07
2.29865e-07
6.25164e-07
3.59062e-07
9.19511e-07
5.45874e-07
7.88374e-07
5.87171e-07
6.78782e-07
2.82793e-07
5.51279e-07
-1.38031e-07
4.3551e-07
-4.27644e-07
1.15273e-05
-2.01415e-05
1.44761e-06
-5.53387e-06
1.02337e-05
-1.7679e-05
3.42587e-05
-0.000129951
-0.000217433
-2.83564e-07
-7.0917e-09
-5.92143e-06
-1.16783e-07
-8.46837e-06
-4.51507e-06
8.44836e-06
-1.35321e-05
-1.62572e-05
2.21124e-05
-4.98444e-08
1.69215e-05
4.26282e-08
5.13275e-08
1.4366e-07
1.2623e-07
2.76506e-07
2.2125e-07
4.90064e-07
3.45761e-07
6.89652e-07
3.97289e-07
5.82972e-07
2.11721e-07
4.59664e-07
-9.00468e-08
5.77842e-07
-6.43775e-07
4.5118e-05
-8.06176e-06
4.73563e-05
-2.7028e-05
6.36144e-05
-6.68532e-05
5.40312e-05
-0.000124927
-0.000161652
3.98033e-11
5.3817e-10
-1.05992e-07
-7.04503e-09
-4.55294e-06
-6.71138e-08
-1.03596e-05
-2.85764e-06
1.49668e-05
-2.77006e-07
-3.17973e-06
3.95314e-05
-7.90708e-09
4.07813e-05
4.93063e-08
6.71391e-08
1.40869e-07
1.5442e-07
2.13576e-07
2.63022e-07
2.71302e-07
2.82419e-07
3.26402e-07
1.01518e-07
3.7898e-07
-2.02097e-07
3.76253e-06
-4.10265e-06
7.4987e-05
-1.59375e-05
0.000122441
-2.7318e-05
0.000117764
-5.9572e-05
7.35706e-05
-7.81284e-05
-8.23165e-05
4.70153e-09
3.63769e-09
9.00409e-10
-1.34363e-10
-5.43892e-08
-9.00243e-09
-2.88953e-06
-2.22168e-08
-2.21817e-06
-1.45239e-06
2.30182e-05
7.92742e-06
1.45671e-05
4.29702e-05
1.05446e-05
5.08813e-05
6.83142e-06
4.03646e-05
5.37409e-07
6.54502e-06
1.76701e-07
5.85479e-07
1.66005e-07
5.45666e-08
4.66667e-06
-5.72801e-06
5.51104e-05
-1.28921e-05
0.000142706
-1.21625e-05
0.000155677
-3.29006e-05
0.000135766
-3.30161e-05
7.88677e-05
-1.57078e-05
6.77257e-07
3.00911e-09
2.94683e-09
3.27552e-09
-5.70571e-11
1.99903e-09
-1.0868e-08
-1.05165e-08
-1.24932e-08
-1.4634e-06
-4.48577e-09
2.16012e-06
-5.14051e-07
1.75174e-05
5.11892e-06
2.61449e-05
5.45785e-05
2.65531e-05
5.22812e-05
8.82791e-06
8.80582e-05
1.49621e-05
4.84263e-05
6.21951e-05
3.63512e-05
8.44601e-05
8.94406e-06
0.000112975
-1.06125e-05
0.000138691
-7.10959e-06
0.000105611
-7.40043e-06
4.90187e-05
2.54196e-06
4.73844e-05
1.0576e-05
5.48009e-05
-2.25408e-10
2.90236e-09
-6.49611e-10
-3.36102e-09
-1.42273e-09
-8.33687e-09
-2.85783e-09
-1.14386e-09
-9.13685e-09
-3.43377e-10
-5.02451e-07
-2.57148e-08
6.00147e-07
-1.1245e-07
2.17976e-05
-5.84838e-08
3.84026e-05
1.13936e-05
5.502e-05
4.98033e-05
6.77814e-05
8.74571e-05
5.95069e-05
6.04286e-05
6.50145e-05
8.96236e-06
2.28288e-05
-3.42566e-05
1.33622e-05
-1.56141e-05
1.131e-05
-5.59637e-06
6.89019e-06
6.61379e-06
1.59281e-05
2.84427e-05
7.71833e-05
-1.11905e-08
-3.20793e-10
-1.37018e-08
1.86548e-09
-1.05242e-08
2.34911e-09
-1.94507e-09
-1.1506e-10
-6.71225e-09
2.79588e-10
-3.04779e-08
-3.73762e-09
-3.11818e-08
-2.3676e-08
-1.66983e-08
-6.03454e-08
-1.54e-07
-3.0461e-07
-1.57335e-05
9.53703e-06
-5.64465e-05
7.27598e-05
-7.58411e-05
6.91164e-05
-7.00773e-05
-7.16766e-06
-4.89816e-05
-5.64585e-05
-2.53542e-05
-7.25132e-05
-2.56073e-06
-3.42474e-05
2.94282e-08
3.66717e-06
2.88617e-06
5.57818e-05
8.92883e-05
-1.50283e-09
-1.76369e-11
-1.02111e-09
1.00052e-12
-1.56436e-10
2.80907e-12
-7.00764e-10
-2.46997e-11
-7.21843e-10
7.66891e-11
-3.60279e-09
1.58873e-11
-2.68913e-08
-1.92091e-09
-8.1547e-08
-2.21675e-08
-5.64532e-07
1.23462e-08
-2.44637e-05
-8.92265e-07
-5.81229e-05
1.97271e-06
-7.62216e-05
1.23083e-05
-8.07562e-05
-5.07754e-06
-0.000103967
-3.41984e-05
-7.2059e-05
-0.000104925
-2.87455e-05
-7.81843e-05
-1.17938e-05
8.21875e-06
-1.07446e-05
6.99141e-05
8.17777e-05
-1.70239e-11
-1.4885e-13
-1.61925e-11
-8.58448e-14
-1.37757e-11
-5.21625e-14
-1.64743e-11
-2.6645e-13
1.01333e-10
-1.52726e-12
-8.46349e-11
5.83591e-11
-4.19681e-09
8.96602e-10
-1.25202e-07
3.26478e-09
-9.95976e-07
2.02242e-08
-2.70042e-06
-1.37383e-07
-5.04081e-06
2.25575e-07
-7.59532e-07
-6.17323e-08
-5.58692e-06
-1.9658e-07
-4.67982e-05
-4.62656e-06
-8.27429e-05
-9.11906e-05
-5.11827e-05
-0.000109962
-2.66686e-05
-1.64706e-05
-1.56835e-05
6.00326e-05
6.60942e-05
-1.20673e-13
5.323e-15
-2.00175e-13
4.46154e-16
-2.65843e-13
3.14373e-15
-6.10969e-13
2.49795e-14
-2.75306e-12
-9.76763e-15
4.4652e-11
8.62413e-13
7.86778e-10
1.09814e-11
-4.28715e-08
5.1199e-10
-1.77161e-07
-9.42843e-09
-4.01465e-07
-7.35961e-09
-2.28598e-07
-1.44986e-08
-1.45186e-07
-3.56036e-09
-2.16724e-07
-3.67027e-08
-3.65471e-06
-1.13499e-06
-5.83944e-05
-4.07113e-05
-5.56645e-05
-0.000121288
-2.99742e-05
-4.50938e-05
-1.22967e-05
3.9421e-05
5.37975e-05
-4.09916e-14
8.41559e-15
-7.11679e-14
1.69988e-14
-8.02768e-14
3.21236e-14
-9.1826e-14
4.46792e-14
-2.09319e-13
8.92403e-14
-3.49898e-13
1.74163e-13
-1.10575e-11
2.07315e-12
5.24312e-11
5.13839e-11
-1.1608e-08
-1.33956e-10
-1.54534e-07
2.00456e-08
-1.67048e-07
1.27243e-08
-2.62437e-08
-2.73041e-10
-2.20035e-08
-1.03704e-08
-6.51938e-07
-4.48444e-07
-9.45791e-06
-1.37233e-05
-6.10727e-05
-7.59087e-05
-3.78577e-05
-7.13701e-05
-1.25007e-05
1.47981e-05
2.22175e-05
-2.82477e-14
1.13092e-14
-4.35595e-14
1.81432e-14
-1.29137e-13
3.85613e-14
-2.70903e-13
1.12743e-13
-1.66075e-13
2.03224e-13
-1.08184e-13
1.79849e-13
2.57857e-13
5.47562e-13
2.17285e-11
1.80413e-11
-3.91331e-09
5.16309e-10
-5.98136e-08
4.29984e-09
-1.38619e-08
-2.00182e-10
-2.88184e-09
2.67582e-11
-3.23767e-10
-2.4531e-09
-2.96677e-07
-1.23869e-07
2.63657e-06
-2.19953e-06
-3.94306e-05
-4.62219e-05
-5.00465e-05
-9.26029e-05
-1.77497e-05
-2.03656e-05
1.07303e-05
-3.43951e-14
2.13249e-14
-3.86916e-14
2.63266e-14
-7.60778e-14
3.38313e-14
-2.17356e-13
7.00785e-14
-2.21379e-13
1.35953e-13
-1.03692e-13
1.6107e-13
-1.08944e-13
2.4456e-13
1.31811e-11
3.69642e-12
-1.24243e-09
3.96527e-10
-1.48537e-09
4.91074e-12
-3.64533e-10
-2.65999e-11
-5.33674e-10
4.88524e-11
-1.27829e-09
-2.06567e-09
-3.55372e-08
-9.28489e-08
-4.20748e-07
-1.85972e-06
-1.60965e-05
-3.83965e-05
-6.37625e-05
-8.56466e-05
-2.47233e-05
-5.99314e-05
-1.17317e-05
-4.51522e-14
2.48766e-14
-6.25827e-14
4.85682e-14
-8.32717e-14
6.3075e-14
-9.05777e-14
7.17302e-14
-8.58102e-14
9.25714e-14
-2.0644e-14
8.75025e-14
4.08376e-14
1.63203e-13
-1.89201e-11
4.86983e-12
-3.7941e-11
-2.73362e-11
-4.93923e-11
-2.34332e-13
-6.02479e-11
-3.07518e-12
5.56591e-11
8.69174e-11
-1.23657e-09
-7.01391e-10
-5.59462e-08
-4.0494e-08
-1.07724e-06
-8.61722e-07
-1.16467e-05
-2.20414e-05
-2.214e-05
-6.14351e-05
-2.61725e-05
-4.94207e-05
-1.71286e-05
-4.38859e-14
2.39086e-14
-8.50079e-14
5.28068e-14
-8.69441e-14
7.68617e-14
-7.51381e-14
9.54898e-14
-7.00249e-14
7.73855e-14
-7.38353e-14
8.1592e-14
-1.30367e-13
2.09584e-13
-2.182e-12
1.2356e-12
-3.229e-12
-1.02396e-13
-2.89515e-12
1.29962e-13
-2.17127e-12
7.86625e-13
6.76722e-11
4.02298e-11
-4.4856e-10
-9.86204e-12
-3.42822e-08
-3.69286e-09
-7.61954e-07
-9.66078e-08
-6.07637e-06
-2.34766e-06
-1.39203e-05
-1.61118e-05
-7.16039e-06
-7.19446e-05
-4.2692e-05
-3.33623e-14
2.51081e-14
-3.47695e-14
3.58811e-14
-3.27511e-14
3.91854e-14
-9.11578e-13
2.41959e-13
-5.78829e-14
3.19043e-12
-5.94457e-14
7.30825e-14
-3.34422e-13
8.61311e-13
-2.4521e-13
1.47103e-12
-5.77625e-13
3.70268e-13
-6.31443e-13
2.53156e-12
-7.0038e-13
6.30128e-12
-1.95546e-12
4.79257e-11
-8.05072e-11
8.87356e-11
-2.64731e-09
-9.36598e-10
-8.37773e-08
-1.26311e-08
-2.16202e-06
-2.31841e-07
-5.27633e-06
-1.61293e-06
-1.22446e-05
-4.30571e-05
-7.0141e-05
-2.80528e-14
2.80228e-14
-2.25119e-14
3.19336e-14
-1.03171e-14
2.72498e-14
1.34414e-13
9.73281e-14
-1.18083e-11
7.8038e-12
-1.60915e-11
2.45868e-11
-6.06341e-13
4.44e-11
-3.88297e-13
1.55132e-12
-1.26731e-13
2.55987e-12
-4.5743e-14
4.74427e-12
1.63174e-12
6.93528e-12
-1.24536e-10
3.12878e-10
-2.2261e-10
1.34294e-09
1.60727e-10
-1.43178e-10
-6.0031e-09
-5.25704e-09
-2.06457e-07
-3.03873e-08
-1.19729e-06
-6.08322e-07
-2.01427e-05
-2.4469e-05
-8.77879e-05
-2.28446e-14
2.60234e-14
-1.76439e-14
2.97586e-14
-1.61332e-14
2.5839e-14
-5.7496e-14
1.37465e-13
-1.77121e-11
7.48271e-12
-1.57874e-11
2.36948e-11
-5.66099e-12
3.50732e-11
-3.03891e-13
3.92203e-11
7.37936e-14
3.66231e-12
4.45898e-13
6.27886e-12
4.15962e-12
5.25546e-12
1.59854e-10
4.11272e-10
-3.5567e-11
1.66869e-09
-1.65085e-09
-6.84907e-10
-1.41188e-09
-4.4221e-08
-3.39623e-08
-1.72592e-08
-4.40687e-07
-2.1963e-07
-9.99368e-06
-2.17009e-05
-0.000159795
-1.786e-14
1.88375e-14
-1.4909e-14
2.55026e-14
-1.43273e-14
2.40265e-14
9.71667e-14
2.41041e-14
-4.2407e-12
1.34938e-13
-1.15055e-11
6.31758e-12
-5.22641e-12
2.95936e-11
2.53178e-12
4.76691e-11
-1.68427e-13
7.91227e-12
3.45017e-12
1.90352e-11
5.65059e-12
5.3535e-12
5.32925e-10
3.82693e-10
2.49401e-09
9.43802e-10
1.89265e-09
-3.20649e-09
4.78643e-10
-3.7434e-08
3.16722e-09
-2.83922e-08
-4.68862e-08
-1.73096e-07
-8.09743e-06
-1.2603e-05
-0.000130518
-1.24599e-14
1.05104e-14
-1.26404e-14
1.9525e-14
-1.12746e-14
2.28542e-14
-4.677e-15
1.67269e-14
1.24725e-13
3.66982e-15
-1.97356e-12
-1.4481e-13
-1.77703e-12
5.32993e-12
8.3574e-12
3.9851e-11
8.59663e-13
6.18554e-11
1.06752e-11
3.2993e-11
5.63421e-11
7.37797e-11
3.77158e-10
2.57503e-10
1.28768e-09
6.88813e-11
1.06606e-08
-8.15731e-10
1.56251e-08
-3.55446e-08
5.61128e-09
-3.5348e-08
4.74581e-08
-2.26508e-07
-3.93093e-06
-2.26654e-06
-1.54388e-06
-7.40704e-15
5.7974e-15
-8.702e-15
1.27089e-14
-6.40246e-15
1.48707e-14
-4.49111e-15
9.90531e-15
2.84651e-14
2.55041e-14
1.97826e-13
2.39568e-13
2.03746e-13
1.13262e-12
1.20158e-11
1.085e-11
1.82053e-11
3.82659e-11
3.65547e-11
4.56763e-11
1.68341e-10
1.03874e-10
4.10101e-10
2.28131e-10
4.76691e-10
1.96256e-11
2.43686e-08
6.44851e-10
2.70866e-08
-3.28896e-08
3.06378e-08
-3.57437e-08
4.30254e-08
-2.14968e-06
-7.32794e-09
-1.05455e-06
-1.55121e-06
-4.08102e-15
3.18406e-15
-4.52133e-15
6.87947e-15
-2.58548e-15
7.48632e-15
-2.22702e-16
5.72667e-15
-1.85753e-14
4.55294e-14
2.75229e-14
5.97448e-13
3.04104e-13
1.05713e-12
8.26906e-12
1.88532e-13
2.66301e-11
1.3296e-11
2.78429e-11
3.91775e-11
3.80161e-11
2.53403e-11
6.37787e-11
7.05444e-12
8.55706e-11
5.10087e-12
1.22996e-08
2.43082e-09
2.0698e-08
-2.6956e-09
4.48745e-08
-8.89914e-08
2.97984e-07
-2.08768e-06
2.86025e-08
-9.91517e-07
-1.52261e-06
-1.93104e-15
1.46037e-15
-2.23916e-15
3.5178e-15
-2.02701e-15
4.753e-15
-4.23499e-15
5.41208e-15
-8.31434e-14
5.86922e-14
-2.17165e-13
6.91188e-14
-3.99299e-15
1.18906e-14
9.57472e-13
-3.40697e-15
8.37153e-12
4.07513e-14
1.34435e-11
6.47492e-12
2.19944e-12
2.84808e-12
3.53492e-12
4.7002e-12
7.39013e-12
4.31035e-12
1.3825e-08
5.57917e-11
4.54975e-09
-2.14149e-09
1.04111e-07
-6.61297e-07
7.39807e-07
-2.36568e-06
4.51619e-07
-7.88842e-07
-2.13639e-05
-6.43725e-16
4.90834e-16
-1.05107e-15
1.74004e-15
-2.0639e-15
3.90526e-15
-1.43418e-14
1.11009e-14
-1.31e-14
1.38102e-14
-5.71547e-15
1.47498e-15
-1.76512e-15
1.06225e-15
2.53511e-16
1.25702e-15
3.11432e-14
1.2399e-14
4.38053e-13
-4.22863e-13
5.29781e-13
1.7376e-12
3.46184e-12
1.03966e-12
3.06099e-09
5.41403e-09
9.56576e-09
4.52743e-09
9.30763e-09
-6.85443e-09
5.01813e-07
-1.71412e-06
8.72571e-07
-2.41425e-06
8.2399e-07
-7.3727e-07
-4.16232e-05
-2.1236e-16
1.53871e-16
-5.8637e-16
9.13261e-16
-2.04144e-15
3.06993e-15
-7.76709e-15
9.16623e-15
-8.49302e-15
8.92496e-15
-7.04815e-15
2.09513e-15
-3.45819e-15
8.87121e-16
-2.77038e-15
6.99453e-15
-2.22247e-15
1.21656e-14
-2.76652e-14
8.82334e-14
6.76623e-13
3.19513e-12
1.6529e-13
8.07982e-13
1.92818e-09
6.07698e-09
1.38958e-09
8.17937e-10
5.87965e-08
-9.29422e-08
7.28177e-07
-2.03853e-06
7.38504e-07
-1.19559e-06
6.28458e-07
-6.38075e-07
-3.76043e-05
-6.70514e-17
4.37858e-17
-3.09044e-16
4.51259e-16
-1.3494e-15
1.9249e-15
-3.3802e-15
4.76001e-15
-3.73202e-15
7.66388e-15
-4.22447e-15
1.31243e-15
-3.90225e-15
-6.09293e-16
-4.33773e-15
5.53532e-15
-6.05661e-15
1.22979e-14
-1.70285e-12
9.3236e-13
4.03489e-13
8.92271e-12
-2.89224e-11
2.94163e-11
2.22345e-12
-2.10521e-10
7.85351e-10
1.76999e-11
9.84909e-08
-6.17671e-07
5.13724e-07
-2.09696e-06
1.90235e-07
-8.67306e-07
1.05367e-07
-5.64629e-07
-1.40961e-05
-1.70638e-17
8.75078e-18
-1.54895e-16
1.59237e-16
-1.98866e-16
7.27042e-16
3.64627e-15
6.89276e-16
-2.87353e-13
6.10207e-14
-1.85452e-12
1.46055e-12
-6.50889e-15
2.86366e-13
-7.20418e-15
4.89289e-15
-1.01083e-14
1.46585e-14
5.81727e-13
1.03717e-13
8.56863e-13
5.41989e-12
-2.54956e-10
1.10443e-09
3.19429e-10
1.53753e-09
3.27805e-10
-8.68469e-13
3.56147e-07
-9.40168e-07
4.92877e-07
-1.87993e-06
1.55215e-07
-5.3577e-07
8.01152e-08
-5.0095e-07
-2.30006e-06
-1.42215e-18
9.5196e-19
-2.39853e-17
2.1672e-17
-1.72196e-17
1.66041e-16
1.43089e-16
1.76983e-16
5.07039e-14
1.04656e-14
-6.08005e-12
2.67352e-12
-5.54731e-12
4.69147e-12
-8.16757e-14
3.07832e-12
-2.0584e-13
1.38269e-13
-4.96412e-13
3.92589e-13
-8.67179e-11
5.61155e-11
3.41893e-11
3.87108e-10
7.97572e-10
6.73468e-11
7.95172e-10
-8.57831e-13
4.11186e-07
-8.09001e-13
3.38865e-07
-1.45237e-06
2.09617e-07
-5.99615e-07
1.55707e-07
-4.58461e-07
-3.14455e-06
5.94182e-21
7.80652e-20
6.03782e-19
9.65218e-19
9.07732e-18
1.57946e-17
3.03683e-17
3.8329e-17
1.03561e-14
1.4539e-16
-1.79644e-13
1.27715e-13
-4.81203e-12
4.87157e-12
-4.11593e-12
8.13873e-12
-5.71708e-13
6.85483e-12
3.81636e-13
4.29972e-12
1.00219e-11
5.4127e-12
7.1228e-11
-5.80904e-12
2.23726e-12
-4.01853e-13
1.11325e-12
-1.07776e-13
4.30969e-13
-1.48605e-13
7.45985e-07
-1.09949e-10
7.69347e-07
-1.55757e-06
7.43644e-07
-4.48814e-07
-5.58114e-06
5.77901e-21
6.18618e-21
9.2377e-20
5.20681e-20
1.91113e-18
9.21849e-19
5.13792e-18
3.97829e-18
1.45808e-16
9.86359e-18
1.2739e-13
4.76773e-16
1.61891e-12
1.96511e-14
2.40125e-12
1.51441e-12
5.00827e-12
7.93865e-12
5.89208e-12
7.10676e-12
6.39478e-12
1.31545e-12
5.23564e-13
-1.78717e-13
1.43816e-13
-5.14536e-14
1.06594e-13
-9.27234e-14
8.08236e-14
-1.45004e-13
1.39317e-10
-2.49207e-10
9.97433e-07
-1.50354e-06
1.90543e-06
-1.39629e-06
-1.09721e-05
5.65173e-22
4.49207e-22
9.38415e-21
6.01079e-21
2.1234e-19
1.13554e-19
1.06163e-18
3.76142e-19
8.36639e-18
7.70712e-18
4.17679e-16
7.26035e-17
1.97623e-14
1.85837e-16
6.91681e-13
1.89024e-15
6.02016e-12
1.46922e-14
7.92576e-12
2.02681e-13
4.08092e-12
7.08646e-13
1.56746e-13
1.78061e-13
3.87142e-14
-1.14689e-14
1.91199e-13
-3.01011e-13
1.86901e-13
-1.65562e-13
2.77865e-09
-3.02769e-09
5.8592e-07
-9.94705e-07
-3.53765e-07
-3.60297e-06
-1.29313e-05
3.26762e-23
3.26895e-23
9.64461e-22
7.65536e-22
2.90878e-20
1.9419e-20
1.19783e-19
4.20151e-20
3.53688e-18
1.79858e-18
1.27515e-16
1.12667e-16
2.38726e-16
8.31667e-17
2.11374e-15
-1.63204e-17
1.65312e-14
3.11409e-16
9.97139e-14
-4.92508e-16
3.01821e-13
1.84814e-15
2.15411e-13
-1.04613e-14
6.08563e-13
-9.19896e-13
1.47484e-12
-2.10844e-12
1.66637e-12
-1.11578e-13
2.94749e-08
-3.61515e-08
4.52927e-07
-6.7397e-07
-5.10384e-06
-9.36079e-07
-5.62232e-06
1.25168e-24
2.45649e-24
7.25906e-23
6.84852e-23
2.53199e-21
1.51637e-21
8.88951e-21
3.08863e-21
8.96111e-19
4.6897e-19
6.01613e-17
5.21079e-17
7.96019e-17
5.10245e-17
3.9607e-17
4.71926e-18
3.49512e-16
1.50469e-18
5.78108e-14
-1.8981e-14
3.08692e-13
1.5774e-13
3.00563e-12
-9.13023e-13
3.71195e-12
-4.19006e-12
1.60893e-12
-1.83971e-12
1.53254e-12
-4.07231e-14
-7.36071e-08
-5.80698e-13
-2.27655e-07
-2.84062e-07
-1.33981e-07
-3.0648e-07
-5.81063e-06
1.01692e-26
1.47936e-25
3.14838e-24
3.50363e-24
9.6053e-23
3.71253e-23
5.02795e-22
1.82842e-22
2.08068e-19
1.09023e-19
6.13568e-18
1.43584e-18
4.60801e-18
5.33582e-19
1.54371e-18
8.95534e-21
-1.6206e-17
3.9783e-18
3.74212e-12
-5.02449e-13
4.89635e-12
-3.93178e-13
6.20471e-12
-1.61806e-12
2.73823e-12
-1.84274e-12
1.06984e-13
-4.78924e-14
6.63688e-14
-4.69933e-17
9.43516e-12
-9.95503e-12
1.54136e-07
-7.37971e-08
9.60992e-08
-1.2091e-09
-8.22233e-06
-2.8203e-27
4.43854e-27
5.14823e-26
8.53287e-26
1.5151e-24
5.2054e-25
2.58513e-23
9.36927e-24
1.42272e-20
3.73784e-21
6.20229e-20
2.15994e-21
1.32733e-20
3.00917e-22
2.01967e-21
1.20777e-24
-5.57982e-18
1.46203e-18
2.19064e-12
-3.25645e-13
2.94693e-12
-5.33546e-13
1.65221e-12
-9.44326e-14
4.91237e-14
-8.83347e-16
1.24136e-15
-9.50243e-18
1.19438e-15
-3.32498e-21
1.99068e-10
-2.09022e-10
9.35556e-08
-1.86512e-08
9.27387e-08
-3.69705e-11
-3.78503e-06
-1.02321e-28
4.63584e-29
-5.25327e-29
8.26914e-28
1.05959e-26
5.56614e-27
4.09278e-25
1.17511e-25
8.26215e-23
5.33164e-22
1.07918e-22
3.63859e-24
8.0664e-23
1.03234e-22
-1.44003e-23
4.83008e-25
-7.12643e-19
1.38141e-23
4.42323e-14
9.38858e-24
9.53255e-14
3.24754e-24
8.92927e-16
1.09177e-24
9.58003e-18
2.78213e-25
7.76036e-20
4.59598e-26
7.42786e-20
7.48279e-27
-9.72825e-10
2.41451e-27
2.11666e-09
4.01738e-28
2.07969e-09
2.20983e-28
1.01976e-07
-5.0444e-31
-1.69659e-30
1.83873e-29
7.44597e-28
-5.83413e-25
3.21302e-25
-1.4788e-25
-7.47648e-25
-2.53104e-24
-1.89757e-24
-1.00616e-24
-2.71377e-25
-4.37287e-26
-4.95684e-27
-6.17542e-28
-6.9797e-29
-1.44359e-28
-1.30902e-28
)
;

boundaryField
{
    leftWall
    {
        type            calculated;
        value           uniform 0;
    }
    rightWall
    {
        type            calculated;
        value           uniform 0;
    }
    lowerWall
    {
        type            calculated;
        value           uniform 0;
    }
    atmosphere
    {
        type            calculated;
        value           nonuniform List<scalar> 
46
(
-7.59987e-50
-3.10462e-52
-6.71748e-56
-6.16111e-59
-1.61325e-59
1.67885e-68
1.7084e-66
6.54816e-65
9.60012e-64
7.54763e-63
9.14293e-62
1.24909e-59
2.3848e-57
4.15163e-55
6.90226e-53
1.17342e-50
2.26421e-48
5.68327e-46
1.84413e-43
5.48153e-41
1.47368e-38
1.85666e-36
2.68188e-35
4.44049e-35
4.47452e-34
2.5232e-33
1.12305e-32
1.40436e-29
2.57552e-28
1.94911e-27
2.48352e-26
-1.2493e-23
1.57501e-24
-4.94955e-25
0
0
0
0
0
0
0
0
0
0
0
1.01976e-07
)
;
    }
    defaultFaces
    {
        type            empty;
        value           nonuniform 0();
    }
}


// ************************************************************************* //
