/*--------------------------------*- C++ -*----------------------------------*\
| =========                 |                                                 |
| \\      /  F ield         | OpenFOAM: The Open Source CFD Toolbox           |
|  \\    /   O peration     | Version:  5.x                                   |
|   \\  /    A nd           | Web:      www.OpenFOAM.org                      |
|    \\/     M anipulation  |                                                 |
\*---------------------------------------------------------------------------*/
FoamFile
{
    version     2.0;
    format      ascii;
    class       volVectorField;
    location    "0.7";
    object      U;
}
// * * * * * * * * * * * * * * * * * * * * * * * * * * * * * * * * * * * * * //

dimensions      [0 1 -1 0 0 0 0];

internalField   nonuniform List<vector> 
2268
(
(-0.0201023 0.00913086 0)
(-0.0644087 0.0106828 0)
(-0.100604 0.00708352 0)
(-0.121236 0.00438317 0)
(-0.136021 0.00182676 0)
(-0.135069 -0.0021366 0)
(-0.114831 -0.00635264 0)
(-0.0808473 -0.00801304 0)
(-0.0475954 -0.00631771 0)
(-0.0262085 -0.00322892 0)
(-0.0178304 0.000131543 0)
(-0.0220137 0.00291124 0)
(-0.0346479 0.00484481 0)
(-0.0524113 0.00640777 0)
(-0.0744796 0.00836462 0)
(-0.104079 0.00942436 0)
(-0.137878 0.00374497 0)
(-0.151135 -0.00278717 0)
(-0.172386 0.0106676 0)
(-0.261958 0.0220194 0)
(-0.315159 0.00462416 0)
(-0.228447 -0.0339805 0)
(-0.0815109 -0.0484297 0)
(-0.0327363 0.0309755 0)
(-0.0756577 0.0284053 0)
(-0.101476 0.0177135 0)
(-0.119966 0.012363 0)
(-0.136848 0.00630383 0)
(-0.139744 -0.00561406 0)
(-0.121184 -0.0196782 0)
(-0.0856959 -0.0256738 0)
(-0.0495245 -0.020424 0)
(-0.0258867 -0.0106905 0)
(-0.0169006 -0.00193406 0)
(-0.0156019 0.00452623 0)
(-0.0195924 0.00897637 0)
(-0.0271327 0.0124292 0)
(-0.037606 0.0165378 0)
(-0.0536923 0.0218978 0)
(-0.0840152 0.0233774 0)
(-0.125064 0.020905 0)
(-0.18592 0.035698 0)
(-0.25953 0.0384329 0)
(-0.247546 -0.00737356 0)
(-0.161059 -0.0878928 0)
(-0.0557818 -0.121624 0)
(-0.0299941 0.0535557 0)
(-0.0587723 0.0435891 0)
(-0.0831894 0.0274642 0)
(-0.107369 0.0222245 0)
(-0.131696 0.0134505 0)
(-0.138107 -0.00795961 0)
(-0.121355 -0.0338597 0)
(-0.0899053 -0.0448974 0)
(-0.0561414 -0.0357899 0)
(-0.0321171 -0.0185751 0)
(-0.0225906 -0.00436209 0)
(-0.0230572 0.0048762 0)
(-0.0275741 0.0106514 0)
(-0.0321976 0.0145035 0)
(-0.0344226 0.0189131 0)
(-0.0327863 0.0262332 0)
(-0.0336132 0.0349669 0)
(-0.0475491 0.0432219 0)
(-0.0775803 0.0561051 0)
(-0.115374 0.0466956 0)
(-0.116629 -0.022617 0)
(-0.0655616 -0.114474 0)
(-0.0129258 -0.15979 0)
(-0.0209865 0.0704354 0)
(-0.0347108 0.056173 0)
(-0.0569793 0.0377168 0)
(-0.0801665 0.0334048 0)
(-0.101088 0.0214466 0)
(-0.101232 -0.00960266 0)
(-0.0862188 -0.0454048 0)
(-0.070394 -0.0596029 0)
(-0.0543892 -0.0481271 0)
(-0.0395427 -0.0256639 0)
(-0.0319837 -0.0061891 0)
(-0.0327663 0.00634416 0)
(-0.0381035 0.0131613 0)
(-0.0433753 0.0162254 0)
(-0.0449762 0.0183675 0)
(-0.0401207 0.0234245 0)
(-0.0289451 0.0322902 0)
(-0.0113759 0.0454496 0)
(0.00173903 0.0606026 0)
(0.0235967 0.0536794 0)
(0.0252367 -0.0152935 0)
(0.0253919 -0.112968 0)
(0.0273394 -0.157781 0)
(-0.00872093 0.0801248 0)
(-0.00339217 0.0633692 0)
(-0.0152324 0.0477759 0)
(-0.0272732 0.0425528 0)
(-0.0318619 0.025541 0)
(-0.0171975 -0.0123406 0)
(-0.00696669 -0.0483007 0)
(-0.0168951 -0.0606996 0)
(-0.0332578 -0.0492096 0)
(-0.0417044 -0.0272512 0)
(-0.0430866 -0.00696864 0)
(-0.0448316 0.00796233 0)
(-0.0493928 0.0157887 0)
(-0.0536912 0.0180034 0)
(-0.0537389 0.0176476 0)
(-0.0481032 0.0194388 0)
(-0.0373972 0.0238209 0)
(-0.0144119 0.0329132 0)
(0.0193045 0.0431883 0)
(0.0700929 0.0384414 0)
(0.0967362 -0.0151003 0)
(0.0736127 -0.101403 0)
(0.0542044 -0.134681 0)
(0.00540308 0.0754829 0)
(0.0327399 0.0589971 0)
(0.0427162 0.0444898 0)
(0.0494241 0.0374455 0)
(0.0702163 0.0163182 0)
(0.0975558 -0.0167615 0)
(0.0934535 -0.0418025 0)
(0.0527798 -0.0471817 0)
(0.00238841 -0.0357304 0)
(-0.0347913 -0.0192868 0)
(-0.0520917 -0.00353861 0)
(-0.0578414 0.00983304 0)
(-0.0620252 0.0169397 0)
(-0.0646125 0.0176336 0)
(-0.0617101 0.0150808 0)
(-0.0531104 0.014967 0)
(-0.0416819 0.0164385 0)
(-0.023474 0.0198776 0)
(0.00537465 0.0196993 0)
(0.0503399 0.0112755 0)
(0.09375 -0.021349 0)
(0.0715726 -0.0882362 0)
(0.0660146 -0.111401 0)
(0.0157128 0.0653498 0)
(0.0611986 0.0583727 0)
(0.108197 0.0468685 0)
(0.153966 0.0353389 0)
(0.196662 0.0118525 0)
(0.209576 -0.0124263 0)
(0.17082 -0.0240786 0)
(0.0991977 -0.0224388 0)
(0.0295209 -0.0116764 0)
(-0.023463 -0.00359748 0)
(-0.0553729 0.00323397 0)
(-0.0693493 0.013535 0)
(-0.0755173 0.0199984 0)
(-0.0766647 0.0193286 0)
(-0.0701015 0.0132141 0)
(-0.0573242 0.0100941 0)
(-0.0431716 0.00918374 0)
(-0.0262133 0.00933376 0)
(-0.00433637 0.00395808 0)
(0.0211148 -0.00993547 0)
(0.0605436 -0.0317343 0)
(0.0475156 -0.081697 0)
(0.0639624 -0.08599 0)
(0.0268565 0.0283485 0)
(0.123543 0.00567835 0)
(0.196839 -0.00931068 0)
(0.239759 -0.0126451 0)
(0.251629 -0.0124335 0)
(0.222473 -0.00514158 0)
(0.153809 0.00805451 0)
(0.0782251 0.0164926 0)
(0.0204396 0.0237045 0)
(-0.0208422 0.0235937 0)
(-0.0496778 0.0188516 0)
(-0.0696122 0.0193488 0)
(-0.0832815 0.0185662 0)
(-0.0880611 0.0128818 0)
(-0.0805021 0.0041267 0)
(-0.0639704 0.00170439 0)
(-0.0465999 0.00272042 0)
(-0.0283685 0.00300827 0)
(-0.00792074 -0.00307905 0)
(0.010206 -0.0187944 0)
(0.0315826 -0.0365208 0)
(0.0283252 -0.0772982 0)
(0.0493885 -0.05034 0)
(-0.216839 0.0673234 0)
(-0.518866 0.0561831 0)
(-0.606996 -0.0130806 0)
(-0.473339 -0.0434787 0)
(-0.338084 -0.0435023 0)
(-0.203564 -0.051291 0)
(0.0361677 -0.104486 0)
(0.343751 -0.0834571 0)
(0.176218 0.059457 0)
(-0.599935 0.206258 0)
(-1.17256 0.147535 0)
(-1.38528 0.051791 0)
(-1.39444 0.00987857 0)
(-1.35723 0.000318357 0)
(-1.30311 -0.00137568 0)
(-1.18216 -0.0108826 0)
(-0.917935 -0.0490632 0)
(-0.496051 -0.0980028 0)
(-0.027551 -0.0224569 0)
(-0.364223 0.213451 0)
(-0.518038 0.146942 0)
(-0.413344 -0.0259204 0)
(-0.313521 -0.0870211 0)
(-0.16579 -0.0979322 0)
(-0.0955826 -0.109223 0)
(0.129863 -0.19876 0)
(0.148479 0.0510571 0)
(-0.57485 0.353781 0)
(-1.43871 0.370964 0)
(-1.73868 0.147936 0)
(-1.7185 0.00990508 0)
(-1.68929 -0.035629 0)
(-1.63499 -0.0528452 0)
(-1.54923 -0.069555 0)
(-1.40854 -0.109945 0)
(-1.13405 -0.209792 0)
(-0.672684 -0.321494 0)
(-0.156431 -0.158196 0)
(-0.359399 0.346049 0)
(-0.296899 0.169788 0)
(-0.229719 -0.0972874 0)
(-0.121484 -0.152552 0)
(0.0128534 -0.139006 0)
(-0.00333568 -0.142947 0)
(0.0633821 -0.186774 0)
(-0.305733 0.303214 0)
(-1.19329 0.630678 0)
(-1.84066 0.531948 0)
(-2.03541 0.230497 0)
(-2.24868 0.0373646 0)
(-2.24915 -0.0471863 0)
(-2.16678 -0.101325 0)
(-2.04615 -0.160138 0)
(-1.83353 -0.257221 0)
(-1.40945 -0.442541 0)
(-0.761784 -0.622019 0)
(-0.192728 -0.358255 0)
(-0.310329 0.438675 0)
(-0.0253144 0.164816 0)
(-0.0143513 -0.111666 0)
(0.0853253 -0.198675 0)
(0.164845 -0.152026 0)
(0.0589712 -0.112109 0)
(-0.0523434 -0.052893 0)
(-0.659235 0.578373 0)
(-1.4682 0.911873 0)
(-1.86306 0.751386 0)
(-1.92006 0.399601 0)
(-2.03499 0.063999 0)
(-1.92425 -0.107096 0)
(-1.84794 -0.131481 0)
(-2.0338 -0.185568 0)
(-2.07228 -0.341937 0)
(-1.62677 -0.61967 0)
(-0.760975 -0.970674 0)
(-0.143017 -0.576634 0)
(-0.24249 0.494388 0)
(0.177835 0.0856915 0)
(0.217263 -0.151053 0)
(0.287593 -0.22593 0)
(0.316761 -0.139747 0)
(0.117898 -0.0277919 0)
(-0.13916 0.138218 0)
(-0.88163 0.860796 0)
(-1.4676 1.15674 0)
(-1.39808 0.884835 0)
(-0.696833 0.507399 0)
(-0.374923 0.159526 0)
(-0.410541 -0.0132186 0)
(-0.526098 -0.127222 0)
(-0.864056 -0.135961 0)
(-1.27428 -0.297089 0)
(-1.40357 -0.750404 0)
(-0.690124 -1.30297 0)
(-0.0499021 -0.792657 0)
(-0.124759 0.473732 0)
(0.301432 0.0504307 0)
(0.413591 -0.191818 0)
(0.471272 -0.239063 0)
(0.46787 -0.0990803 0)
(0.203499 0.0997924 0)
(-0.111107 0.335851 0)
(-0.877831 1.06772 0)
(-1.01835 1.18747 0)
(-0.715841 0.663764 0)
(-0.26871 0.0701235 0)
(-0.517667 0.0686135 0)
(-0.0230092 -0.130126 0)
(0.786056 -0.00471243 0)
(0.975298 0.147891 0)
(0.816658 0.111073 0)
(-0.708093 -0.700508 0)
(-0.603954 -1.54317 0)
(0.0388901 -0.992537 0)
(0.151652 0.330644 0)
(0.417199 -0.00218738 0)
(0.55562 -0.233933 0)
(0.616413 -0.263349 0)
(0.600153 -0.044762 0)
(0.305993 0.262795 0)
(0.00217216 0.52096 0)
(-0.742802 1.1878 0)
(-0.334024 1.10152 0)
(-0.246127 0.566244 0)
(-0.780179 0.302322 0)
(-0.960029 0.0492629 0)
(0.0603427 -0.64214 0)
(1.04733 -0.73468 0)
(2.14334 -0.083343 0)
(2.92599 0.627492 0)
(0.754699 0.201361 0)
(-0.513379 -1.56272 0)
(0.102026 -1.17407 0)
(0.162995 0.155947 0)
(0.453298 -0.0820965 0)
(0.635889 -0.299997 0)
(0.652901 -0.310196 0)
(0.63995 -0.0394711 0)
(0.401455 0.335243 0)
(0.156966 0.657256 0)
(-0.573727 1.22316 0)
(0.0732434 1.09492 0)
(-0.291969 0.749476 0)
(-1.09523 0.441494 0)
(-0.616054 -0.251754 0)
(0.386697 -1.14344 0)
(0.731879 -1.30732 0)
(1.40237 -0.707453 0)
(2.57813 0.281709 0)
(2.61661 1.07676 0)
(-0.299447 -1.1724 0)
(0.138029 -1.30424 0)
(0.0238266 -0.0307811 0)
(-0.00372958 -0.0434506 0)
(-0.0408271 -0.00403924 0)
(-0.0700771 0.0263935 0)
(-0.0721062 0.0412815 0)
(-0.0684352 0.0502104 0)
(-0.0734049 0.0452652 0)
(-0.0741862 0.0355123 0)
(-0.0696648 0.0310057 0)
(-0.063612 0.0263979 0)
(-0.0594479 0.0250965 0)
(-0.0641735 0.0345207 0)
(-0.0774772 0.0382663 0)
(-0.0867412 0.0260507 0)
(-0.0756646 0.000321177 0)
(-0.0563207 -0.0106776 0)
(-0.0421135 -0.0155759 0)
(-0.0292035 -0.0174813 0)
(-0.0136928 -0.0226916 0)
(0.00413549 -0.0344339 0)
(0.018248 -0.0489909 0)
(0.0292584 -0.0852457 0)
(0.0409702 -0.0743577 0)
(-0.68704 0.100848 0)
(-0.657941 0.0870991 0)
(-0.578623 0.0400454 0)
(-0.498778 -0.00690912 0)
(-0.460095 -0.024298 0)
(-0.451466 -0.00954751 0)
(-0.446466 0.0128401 0)
(-0.409477 0.0182832 0)
(-0.348871 0.0173414 0)
(-0.284368 0.0161455 0)
(-0.209292 0.0220198 0)
(-0.140214 0.0315741 0)
(-0.103093 0.0331288 0)
(-0.0719561 0.0108235 0)
(-0.0366489 -0.0229439 0)
(-0.0187865 -0.0263883 0)
(-0.0131254 -0.019035 0)
(-0.00655407 -0.0176938 0)
(0.0131356 -0.0272084 0)
(0.0227425 -0.0376869 0)
(0.0255518 -0.0573726 0)
(0.0269139 -0.0906638 0)
(0.0439351 -0.112788 0)
(-0.461638 0.813112 0)
(-0.385974 0.0907203 0)
(-0.728079 -0.122258 0)
(-0.975347 -0.0402755 0)
(-1.1313 0.0128122 0)
(-1.20644 0.023187 0)
(-1.19607 0.00374644 0)
(-1.16709 -0.0657331 0)
(-1.12071 -0.130569 0)
(-0.978062 -0.14916 0)
(-0.729328 -0.11908 0)
(-0.514247 -0.0628963 0)
(-0.390321 -0.0363015 0)
(-0.35383 -0.0421895 0)
(-0.312883 -0.0425522 0)
(-0.222511 -0.0286565 0)
(-0.156663 -0.0240719 0)
(-0.118637 -0.0335848 0)
(-0.0915857 -0.0448631 0)
(-0.0506874 -0.0391097 0)
(-0.0333713 -0.0365901 0)
(-0.0390919 -0.076687 0)
(-0.0283882 -0.119361 0)
(-0.206255 1.16672 0)
(-0.175926 0.456243 0)
(-0.489023 0.315057 0)
(-0.662834 0.232552 0)
(-0.707873 0.128351 0)
(-0.696612 0.0472162 0)
(-0.652782 -0.00629476 0)
(-0.668968 -0.0497745 0)
(-0.77197 -0.12154 0)
(-0.930992 -0.231695 0)
(-1.1285 -0.363357 0)
(-1.32832 -0.250488 0)
(-1.47846 -0.0825774 0)
(-1.61239 -0.057317 0)
(-1.7079 -0.135592 0)
(-1.692 -0.194794 0)
(-1.54125 -0.188022 0)
(-1.33135 -0.186105 0)
(-1.10358 -0.193107 0)
(-0.897144 -0.160351 0)
(-0.68908 -0.139656 0)
(-0.615084 -0.142786 0)
(-0.549042 -0.120764 0)
(0.0541232 1.17082 0)
(0.076987 0.742719 0)
(-0.139286 0.422405 0)
(-0.197795 0.269329 0)
(-0.174249 0.140208 0)
(-0.191127 0.0397474 0)
(-0.170634 -0.0395138 0)
(-0.167832 -0.0232258 0)
(-0.182675 0.0814639 0)
(-0.262248 0.174065 0)
(-0.45298 0.146291 0)
(-0.64035 0.128053 0)
(-0.786026 0.159766 0)
(-0.921307 0.115334 0)
(-1.0892 -0.0295545 0)
(-1.24743 -0.179186 0)
(-1.38321 -0.287431 0)
(-1.49697 -0.353017 0)
(-1.42536 -0.28088 0)
(-1.30886 -0.176292 0)
(-1.21688 -0.128641 0)
(-1.22071 -0.207765 0)
(-1.27581 -0.410733 0)
(0.170881 0.893715 0)
(0.250087 0.816665 0)
(0.160398 0.502455 0)
(0.119298 0.27395 0)
(0.113117 0.141379 0)
(0.0558862 0.0786659 0)
(-0.0193903 0.0119422 0)
(-0.136967 -0.0198397 0)
(-0.220651 -0.00353196 0)
(-0.228911 0.062909 0)
(-0.264837 0.126162 0)
(-0.344035 0.170783 0)
(-0.402776 0.237801 0)
(-0.456329 0.280503 0)
(-0.584838 0.26811 0)
(-0.790172 0.182281 0)
(-1.07763 -0.0247653 0)
(-1.39044 -0.292699 0)
(-1.56985 -0.435848 0)
(-1.55395 -0.357646 0)
(-1.45974 -0.257743 0)
(-1.35634 -0.242141 0)
(-1.31744 -0.287912 0)
(0.10117 0.635983 0)
(0.249158 0.737064 0)
(0.270711 0.526411 0)
(0.249541 0.316029 0)
(0.19377 0.194549 0)
(0.118215 0.154504 0)
(0.0381535 0.125801 0)
(-0.0691911 0.123544 0)
(-0.167805 0.14248 0)
(-0.236781 0.170844 0)
(-0.273171 0.211422 0)
(-0.315511 0.239947 0)
(-0.350437 0.252391 0)
(-0.360325 0.271913 0)
(-0.377572 0.302657 0)
(-0.425059 0.312288 0)
(-0.519031 0.251686 0)
(-0.680141 0.0953994 0)
(-0.922349 -0.157842 0)
(-1.16464 -0.354858 0)
(-1.27809 -0.375426 0)
(-1.24937 -0.354434 0)
(-1.20685 -0.266664 0)
(-0.00155285 0.537793 0)
(0.149614 0.611381 0)
(0.225309 0.49003 0)
(0.227813 0.348693 0)
(0.162273 0.260208 0)
(0.0923999 0.231412 0)
(0.0243961 0.212665 0)
(-0.0634862 0.205034 0)
(-0.142481 0.197297 0)
(-0.207211 0.20379 0)
(-0.249426 0.240673 0)
(-0.279264 0.276258 0)
(-0.305941 0.284989 0)
(-0.328441 0.291378 0)
(-0.342783 0.313837 0)
(-0.354035 0.324647 0)
(-0.391816 0.290732 0)
(-0.494327 0.208552 0)
(-0.68539 0.108535 0)
(-0.962699 -0.0118736 0)
(-1.17629 -0.212227 0)
(-1.20104 -0.373349 0)
(-1.16395 -0.317896 0)
(-0.0312911 0.514488 0)
(0.0659224 0.49771 0)
(0.137118 0.446714 0)
(0.146868 0.372135 0)
(0.0998482 0.317304 0)
(0.0514923 0.293683 0)
(0.000841967 0.279424 0)
(-0.059658 0.271419 0)
(-0.116444 0.259754 0)
(-0.171454 0.256531 0)
(-0.215199 0.272049 0)
(-0.239469 0.293966 0)
(-0.258055 0.306764 0)
(-0.287267 0.319061 0)
(-0.32046 0.341039 0)
(-0.349104 0.354564 0)
(-0.386208 0.343598 0)
(-0.455347 0.310346 0)
(-0.563185 0.271948 0)
(-0.723349 0.197039 0)
(-0.991898 -0.025797 0)
(-1.23215 -0.317586 0)
(-1.2008 -0.365847 0)
(-0.0187839 0.506873 0)
(0.0289729 0.430323 0)
(0.071132 0.42038 0)
(0.0778764 0.388824 0)
(0.0516418 0.35665 0)
(0.0227017 0.336429 0)
(-0.0111656 0.326627 0)
(-0.0486685 0.322166 0)
(-0.088833 0.314927 0)
(-0.134053 0.309469 0)
(-0.175417 0.310293 0)
(-0.203713 0.318146 0)
(-0.226764 0.330541 0)
(-0.257759 0.348866 0)
(-0.294293 0.372439 0)
(-0.330511 0.390457 0)
(-0.371155 0.396227 0)
(-0.425731 0.38901 0)
(-0.500135 0.385078 0)
(-0.608571 0.383506 0)
(-0.837873 0.259139 0)
(-1.22638 -0.115983 0)
(-1.48537 -0.464647 0)
(-0.00724742 0.503764 0)
(0.0145836 0.398435 0)
(0.0346843 0.407542 0)
(0.0380886 0.397301 0)
(0.0240947 0.378087 0)
(0.00665194 0.36265 0)
(-0.0158544 0.356213 0)
(-0.0400842 0.354118 0)
(-0.0684537 0.350496 0)
(-0.101533 0.346029 0)
(-0.135195 0.343588 0)
(-0.166536 0.347775 0)
(-0.197176 0.361463 0)
(-0.231263 0.383956 0)
(-0.267572 0.409234 0)
(-0.303924 0.42844 0)
(-0.343018 0.4393 0)
(-0.386565 0.444066 0)
(-0.444071 0.466985 0)
(-0.541175 0.542039 0)
(-0.737139 0.562256 0)
(-1.11359 0.27894 0)
(-1.48491 -0.323594 0)
(-0.00372902 0.502063 0)
(0.00727307 0.383459 0)
(0.0159631 0.40152 0)
(0.0176996 0.400958 0)
(0.00922353 0.389592 0)
(-0.0023875 0.379173 0)
(-0.0185406 0.375198 0)
(-0.0356811 0.375056 0)
(-0.0557039 0.37498 0)
(-0.0791415 0.373999 0)
(-0.105938 0.374129 0)
(-0.136209 0.379949 0)
(-0.168861 0.395211 0)
(-0.20323 0.419082 0)
(-0.23798 0.445255 0)
(-0.273108 0.465494 0)
(-0.310859 0.478226 0)
(-0.350948 0.49157 0)
(-0.402977 0.543387 0)
(-0.492281 0.68598 0)
(-0.648579 0.805466 0)
(-0.921441 0.600028 0)
(-1.21907 0.0482106 0)
(-0.00258107 0.501251 0)
(0.00338837 0.376422 0)
(0.00621834 0.39877 0)
(0.00701068 0.403684 0)
(0.000779992 0.397648 0)
(-0.00777243 0.391268 0)
(-0.0200948 0.389438 0)
(-0.0332343 0.391025 0)
(-0.0482202 0.393859 0)
(-0.0661077 0.396749 0)
(-0.088253 0.401227 0)
(-0.114929 0.410764 0)
(-0.144643 0.42793 0)
(-0.175671 0.452099 0)
(-0.206802 0.47868 0)
(-0.239573 0.501102 0)
(-0.276853 0.518128 0)
(-0.319427 0.542471 0)
(-0.375545 0.621019 0)
(-0.458968 0.809263 0)
(-0.591672 0.993041 0)
(-0.819107 0.868312 0)
(-1.10069 0.312883 0)
(-0.00118598 0.50112 0)
(0.00158223 0.373839 0)
(0.00143382 0.398064 0)
(0.00137708 0.406541 0)
(-0.00367452 0.404126 0)
(-0.010386 0.400892 0)
(-0.0201383 0.400952 0)
(-0.030873 0.403879 0)
(-0.0430786 0.408758 0)
(-0.057681 0.414985 0)
(-0.0759331 0.423671 0)
(-0.0979335 0.436998 0)
(-0.122538 0.456273 0)
(-0.148354 0.481146 0)
(-0.174757 0.509101 0)
(-0.204069 0.5355 0)
(-0.239899 0.559807 0)
(-0.283755 0.597647 0)
(-0.341981 0.697151 0)
(-0.418868 0.911425 0)
(-0.529061 1.14065 0)
(-0.710615 1.07296 0)
(-0.896388 0.488922 0)
(0.000364825 0.500739 0)
(0.00103297 0.373813 0)
(-0.00044047 0.39863 0)
(-0.00118209 0.40932 0)
(-0.00522287 0.409296 0)
(-0.0105632 0.408505 0)
(-0.0182977 0.410291 0)
(-0.0271648 0.41449 0)
(-0.037327 0.421026 0)
(-0.049284 0.429883 0)
(-0.0637958 0.441761 0)
(-0.0808671 0.457836 0)
(-0.0998172 0.478833 0)
(-0.119916 0.504818 0)
(-0.141089 0.535029 0)
(-0.165559 0.566699 0)
(-0.197287 0.599629 0)
(-0.237289 0.650484 0)
(-0.287204 0.764032 0)
(-0.346012 0.989098 0)
(-0.42009 1.25313 0)
(-0.551406 1.2279 0)
(-0.673614 0.646316 0)
(0.00157724 0.499577 0)
(0.00119218 0.374932 0)
(-0.000577654 0.39979 0)
(-0.00164007 0.411794 0)
(-0.00467888 0.413332 0)
(-0.00874391 0.4144 0)
(-0.0145763 0.417701 0)
(-0.0214961 0.423167 0)
(-0.0295127 0.43108 0)
(-0.0387642 0.441722 0)
(-0.0495587 0.455604 0)
(-0.0618165 0.473387 0)
(-0.0751808 0.495637 0)
(-0.0894596 0.522815 0)
(-0.104853 0.555307 0)
(-0.1228 0.592166 0)
(-0.146939 0.633241 0)
(-0.178343 0.69303 0)
(-0.212478 0.811802 0)
(-0.242182 1.0339 0)
(-0.263635 1.31965 0)
(-0.329746 1.37204 0)
(-0.544987 0.773963 0)
(0.00227488 0.497749 0)
(0.00172026 0.376224 0)
(0.000258369 0.401048 0)
(-0.00068717 0.413754 0)
(-0.0026826 0.416281 0)
(-0.00544882 0.418681 0)
(-0.00939446 0.423155 0)
(-0.0141768 0.429671 0)
(-0.0197648 0.438568 0)
(-0.026084 0.450232 0)
(-0.0331213 0.465141 0)
(-0.0407354 0.483796 0)
(-0.0487238 0.506795 0)
(-0.0570354 0.534837 0)
(-0.0658227 0.568825 0)
(-0.0756509 0.609318 0)
(-0.0888094 0.656817 0)
(-0.10697 0.720744 0)
(-0.122409 0.833356 0)
(-0.117512 1.03684 0)
(-0.0770102 1.31874 0)
(-0.0392062 1.48774 0)
(-0.159143 1.1488 0)
(0.00260877 0.495408 0)
(0.00245777 0.377172 0)
(0.00157317 0.40197 0)
(0.00114957 0.414975 0)
(0.000248561 0.418077 0)
(-0.00117255 0.421333 0)
(-0.003281 0.426573 0)
(-0.00587299 0.433772 0)
(-0.00888722 0.443217 0)
(-0.0121522 0.455304 0)
(-0.0154933 0.470503 0)
(-0.0186905 0.489277 0)
(-0.0215146 0.512266 0)
(-0.023781 0.540325 0)
(-0.02529 0.574429 0)
(-0.0258466 0.61583 0)
(-0.0259356 0.666224 0)
(-0.026277 0.730604 0)
(-0.0202896 0.828088 0)
(0.0131183 0.994298 0)
(0.106921 1.24201 0)
(0.247219 1.45616 0)
(0.294683 1.43162 0)
(0.00280703 0.49255 0)
(0.00333576 0.377546 0)
(0.00310783 0.402215 0)
(0.00350789 0.415257 0)
(0.0037249 0.418644 0)
(0.00366428 0.42237 0)
(0.00330537 0.427978 0)
(0.00281268 0.435454 0)
(0.00229849 0.445024 0)
(0.00199397 0.457019 0)
(0.0021427 0.471898 0)
(0.0030331 0.490059 0)
(0.0050559 0.512156 0)
(0.00861078 0.538948 0)
(0.0142801 0.571472 0)
(0.02303 0.61086 0)
(0.0356997 0.659067 0)
(0.0535996 0.719312 0)
(0.081963 0.79946 0)
(0.137573 0.918758 0)
(0.255884 1.10102 0)
(0.460953 1.28823 0)
(0.626662 1.36223 0)
(0.00300512 0.489109 0)
(0.00429633 0.377272 0)
(0.00474321 0.401599 0)
(0.00613145 0.414503 0)
(0.0074612 0.417963 0)
(0.00872592 0.421859 0)
(0.00999162 0.427515 0)
(0.011446 0.434886 0)
(0.0132045 0.444168 0)
(0.0155802 0.455629 0)
(0.0188476 0.46965 0)
(0.0233886 0.486573 0)
(0.0296963 0.506934 0)
(0.0384389 0.531306 0)
(0.0505047 0.560589 0)
(0.0671487 0.595501 0)
(0.0900948 0.637264 0)
(0.122123 0.687988 0)
(0.167875 0.750033 0)
(0.238154 0.827484 0)
(0.357264 0.93245 0)
(0.560426 1.05036 0)
(0.803882 1.08902 0)
(0.00323197 0.485037 0)
(0.00528401 0.37634 0)
(0.00640861 0.400061 0)
(0.00882318 0.412701 0)
(0.0112135 0.416078 0)
(0.0137478 0.419907 0)
(0.0164891 0.425355 0)
(0.019665 0.432338 0)
(0.0234343 0.440973 0)
(0.0281284 0.45153 0)
(0.0340749 0.464237 0)
(0.0416988 0.479411 0)
(0.0515688 0.497351 0)
(0.0644952 0.518485 0)
(0.0814511 0.543282 0)
(0.103826 0.572068 0)
(0.133558 0.605228 0)
(0.173564 0.643333 0)
(0.227994 0.686409 0)
(0.303073 0.732639 0)
(0.411437 0.779438 0)
(0.571748 0.822262 0)
(0.789616 0.807696 0)
(0.00347855 0.480316 0)
(0.00625216 0.374756 0)
(0.0080306 0.397604 0)
(0.0114403 0.409883 0)
(0.0148097 0.413058 0)
(0.0184999 0.416643 0)
(0.0225655 0.421671 0)
(0.027234 0.428032 0)
(0.0327042 0.435782 0)
(0.0393318 0.445122 0)
(0.0474639 0.456195 0)
(0.0575465 0.469212 0)
(0.0701595 0.48432 0)
(0.0861263 0.501721 0)
(0.106366 0.521501 0)
(0.132194 0.543679 0)
(0.165352 0.567909 0)
(0.208102 0.593653 0)
(0.26366 0.619619 0)
(0.335498 0.643112 0)
(0.429471 0.6579 0)
(0.548966 0.655711 0)
(0.702503 0.612925 0)
(0.00373637 0.474963 0)
(0.0071622 0.37254 0)
(0.00954898 0.394292 0)
(0.0138728 0.406121 0)
(0.0181131 0.40901 0)
(0.0228255 0.412206 0)
(0.0280192 0.416675 0)
(0.0339568 0.42223 0)
(0.0408272 0.428932 0)
(0.0489852 0.436852 0)
(0.0587955 0.446102 0)
(0.0706999 0.456756 0)
(0.0852434 0.468847 0)
(0.103146 0.482378 0)
(0.125264 0.497159 0)
(0.152658 0.512981 0)
(0.18672 0.529084 0)
(0.228994 0.54442 0)
(0.281541 0.557181 0)
(0.346165 0.564649 0)
(0.425499 0.56221 0)
(0.517701 0.54204 0)
(0.623208 0.492443 0)
(0.00399503 0.46903 0)
(0.00798456 0.369741 0)
(0.0109198 0.390227 0)
(0.0160449 0.40153 0)
(0.0210288 0.404076 0)
(0.0266053 0.406783 0)
(0.0327305 0.41058 0)
(0.0396894 0.415238 0)
(0.0476549 0.420761 0)
(0.0569634 0.427173 0)
(0.067984 0.434509 0)
(0.0811051 0.442763 0)
(0.096833 0.451849 0)
(0.115745 0.461636 0)
(0.138579 0.47179 0)
(0.166145 0.481886 0)
(0.199435 0.491088 0)
(0.239445 0.498138 0)
(0.287274 0.501281 0)
(0.343582 0.497967 0)
(0.409168 0.484953 0)
(0.481687 0.457088 0)
(0.557794 0.40755 0)
(0.00423984 0.462577 0)
(0.00869726 0.366426 0)
(0.0121266 0.38552 0)
(0.0179139 0.39625 0)
(0.023507 0.398397 0)
(0.0297653 0.400568 0)
(0.0366276 0.403616 0)
(0.0443554 0.407325 0)
(0.0531188 0.411606 0)
(0.0632232 0.4165 0)
(0.0750183 0.421928 0)
(0.0888421 0.427854 0)
(0.105121 0.434107 0)
(0.124314 0.440448 0)
(0.14699 0.446497 0)
(0.173756 0.451697 0)
(0.205234 0.455249 0)
(0.24201 0.455911 0)
(0.284532 0.452153 0)
(0.332764 0.44186 0)
(0.386424 0.422647 0)
(0.443442 0.391369 0)
(0.500273 0.344182 0)
(0.00445546 0.455673 0)
(0.00929242 0.362658 0)
(0.0131639 0.380282 0)
(0.0194609 0.390417 0)
(0.0255266 0.392125 0)
(0.0322933 0.393733 0)
(0.0396857 0.396011 0)
(0.0479408 0.398743 0)
(0.0572297 0.401799 0)
(0.0678147 0.405199 0)
(0.0800027 0.408816 0)
(0.0940997 0.412566 0)
(0.110424 0.416239 0)
(0.129339 0.419533 0)
(0.151248 0.422049 0)
(0.176576 0.423216 0)
(0.205675 0.422285 0)
(0.238825 0.418192 0)
(0.276077 0.409642 0)
(0.317041 0.395048 0)
(0.361006 0.372748 0)
(0.4062 0.340895 0)
(0.449674 0.297382 0)
(0.00462861 0.448402 0)
(0.00977616 0.358504 0)
(0.0140237 0.374627 0)
(0.0206872 0.384175 0)
(0.0270834 0.385425 0)
(0.0342056 0.386449 0)
(0.0419332 0.387967 0)
(0.0504973 0.389734 0)
(0.0600575 0.391622 0)
(0.0708443 0.393594 0)
(0.0831104 0.395537 0)
(0.09712 0.397311 0)
(0.113103 0.398692 0)
(0.131331 0.399369 0)
(0.152079 0.398933 0)
(0.175611 0.396863 0)
(0.202094 0.392487 0)
(0.231596 0.384949 0)
(0.263948 0.373195 0)
(0.298617 0.356073 0)
(0.334806 0.332478 0)
(0.371059 0.301375 0)
(0.405003 0.261619 0)
(0.00475892 0.440847 0)
(0.0101633 0.354036 0)
(0.0146875 0.368659 0)
(0.0216069 0.377661 0)
(0.0281859 0.378452 0)
(0.0355282 0.378898 0)
(0.0434204 0.37968 0)
(0.0521027 0.380527 0)
(0.0617151 0.381321 0)
(0.0724622 0.381982 0)
(0.0845488 0.382408 0)
(0.0981869 0.382429 0)
(0.113542 0.381822 0)
(0.1308 0.380288 0)
(0.15014 0.377438 0)
(0.171706 0.372814 0)
(0.195536 0.36585 0)
(0.221571 0.355868 0)
(0.249526 0.342047 0)
(0.278834 0.323537 0)
(0.308738 0.299622 0)
(0.338093 0.269773 0)
(0.36505 0.233464 0)
(0.0048711 0.433061 0)
(0.0104846 0.34935 0)
(0.0151284 0.362478 0)
(0.0222327 0.37099 0)
(0.0288559 0.371334 0)
(0.0363022 0.37124 0)
(0.0442134 0.37133 0)
(0.052854 0.371329 0)
(0.0623443 0.371122 0)
(0.0728587 0.37061 0)
(0.0845592 0.36969 0)
(0.0976071 0.368183 0)
(0.112122 0.365879 0)
(0.128223 0.362502 0)
(0.146021 0.357713 0)
(0.165578 0.351111 0)
(0.186845 0.342235 0)
(0.209677 0.330557 0)
(0.233748 0.315455 0)
(0.25852 0.296303 0)
(0.283324 0.272638 0)
(0.307274 0.244257 0)
(0.328962 0.211055 0)
(0.00501525 0.425049 0)
(0.0107791 0.344581 0)
(0.0153173 0.356181 0)
(0.0225695 0.364254 0)
(0.0291175 0.364172 0)
(0.0365725 0.363594 0)
(0.0443789 0.36305 0)
(0.0528525 0.362285 0)
(0.0620858 0.361183 0)
(0.0722232 0.359641 0)
(0.0833883 0.357549 0)
(0.0956995 0.354738 0)
(0.109242 0.351015 0)
(0.124091 0.346135 0)
(0.140302 0.33981 0)
(0.157879 0.331701 0)
(0.176724 0.321433 0)
(0.196649 0.308608 0)
(0.217329 0.292768 0)
(0.238282 0.273467 0)
(0.25893 0.250388 0)
(0.278584 0.223517 0)
(0.296181 0.193032 0)
(0.00525871 0.416766 0)
(0.0110782 0.339944 0)
(0.0152371 0.349884 0)
(0.0226147 0.357542 0)
(0.028982 0.357062 0)
(0.0363697 0.356063 0)
(0.0439624 0.354949 0)
(0.0521738 0.353508 0)
(0.0610581 0.351623 0)
(0.0707256 0.349191 0)
(0.0812663 0.346101 0)
(0.0927662 0.342197 0)
(0.105283 0.337307 0)
(0.118856 0.331219 0)
(0.133507 0.323692 0)
(0.1492 0.314449 0)
(0.165814 0.303194 0)
(0.183148 0.289628 0)
(0.200904 0.273432 0)
(0.218665 0.254294 0)
(0.235931 0.231985 0)
(0.252154 0.20657 0)
(0.26655 0.178405 0)
(0.00564324 0.408129 0)
(0.0113804 0.335661 0)
(0.0149223 0.343734 0)
(0.0223687 0.350941 0)
(0.0284484 0.350104 0)
(0.0356984 0.348744 0)
(0.042978 0.347117 0)
(0.0508544 0.345087 0)
(0.0593225 0.342524 0)
(0.0684608 0.33933 0)
(0.0783337 0.335398 0)
(0.0890021 0.330592 0)
(0.100502 0.324754 0)
(0.112848 0.317711 0)
(0.126034 0.309259 0)
(0.140002 0.299182 0)
(0.154625 0.287248 0)
(0.169709 0.273237 0)
(0.184997 0.256938 0)
(0.200145 0.23814 0)
(0.214721 0.216674 0)
(0.228273 0.192615 0)
(0.240255 0.166398 0)
(0.00613546 0.399091 0)
(0.011637 0.331831 0)
(0.0144352 0.337892 0)
(0.0218225 0.344531 0)
(0.0275033 0.343385 0)
(0.0345296 0.341711 0)
(0.0413924 0.339626 0)
(0.048867 0.337084 0)
(0.0568528 0.333935 0)
(0.0654135 0.330089 0)
(0.0745967 0.325451 0)
(0.084438 0.319904 0)
(0.0949581 0.313304 0)
(0.106155 0.30551 0)
(0.118006 0.296357 0)
(0.130444 0.285675 0)
(0.143344 0.273288 0)
(0.156534 0.259033 0)
(0.1698 0.242775 0)
(0.182873 0.224383 0)
(0.195405 0.203736 0)
(0.207011 0.180881 0)
(0.21735 0.156247 0)
(0.00665519 0.38969 0)
(0.0117941 0.328493 0)
(0.0137881 0.332524 0)
(0.0209476 0.338421 0)
(0.0261136 0.337006 0)
(0.0328041 0.335048 0)
(0.0391405 0.332559 0)
(0.0461331 0.329569 0)
(0.0535514 0.325912 0)
(0.0614666 0.321504 0)
(0.0699163 0.316269 0)
(0.0789135 0.310102 0)
(0.0884716 0.302884 0)
(0.0985813 0.294497 0)
(0.109209 0.284812 0)
(0.120286 0.273692 0)
(0.131698 0.261 0)
(0.1433 0.246616 0)
(0.15492 0.230449 0)
(0.166371 0.21243 0)
(0.177397 0.192477 0)
(0.187674 0.170611 0)
(0.197035 0.147184 0)
(0.00714194 0.380022 0)
(0.0118179 0.325709 0)
(0.0129574 0.327793 0)
(0.0197172 0.332765 0)
(0.0242397 0.331097 0)
(0.030465 0.328883 0)
(0.0361565 0.326035 0)
(0.0425626 0.322649 0)
(0.0492973 0.318537 0)
(0.0564658 0.313641 0)
(0.0640965 0.307895 0)
(0.0721876 0.301208 0)
(0.0807504 0.293486 0)
(0.0897718 0.284625 0)
(0.0992127 0.274523 0)
(0.109009 0.263068 0)
(0.11906 0.25015 0)
(0.129252 0.235676 0)
(0.139458 0.21958 0)
(0.149559 0.201833 0)
(0.159387 0.182381 0)
(0.168682 0.161235 0)
(0.177414 0.138638 0)
(0.00755565 0.370201 0)
(0.0116604 0.32352 0)
(0.0119417 0.323839 0)
(0.0181359 0.327718 0)
(0.021877 0.325803 0)
(0.027509 0.323365 0)
(0.0324319 0.320195 0)
(0.0381337 0.316452 0)
(0.0440546 0.311936 0)
(0.0503593 0.306617 0)
(0.0570587 0.300438 0)
(0.0641454 0.29332 0)
(0.0716267 0.285182 0)
(0.079489 0.275938 0)
(0.0876934 0.265495 0)
(0.096179 0.25376 0)
(0.104867 0.240649 0)
(0.113672 0.226082 0)
(0.122512 0.210012 0)
(0.131305 0.192421 0)
(0.13996 0.17327 0)
(0.148269 0.15257 0)
(0.156282 0.130465 0)
(0.00784521 0.360407 0)
(0.0112589 0.321908 0)
(0.0107559 0.320743 0)
(0.016246 0.323399 0)
(0.0190923 0.32126 0)
(0.0240271 0.318612 0)
(0.0280729 0.315159 0)
(0.032969 0.311103 0)
(0.0379621 0.306233 0)
(0.0433007 0.300562 0)
(0.0489662 0.294022 0)
(0.0549468 0.286555 0)
(0.0612514 0.278077 0)
(0.0678619 0.268517 0)
(0.0747357 0.257791 0)
(0.0818296 0.245817 0)
(0.0890825 0.232538 0)
(0.0964319 0.217883 0)
(0.103829 0.20181 0)
(0.111205 0.184297 0)
(0.11851 0.165316 0)
(0.125575 0.144854 0)
(0.132492 0.123005 0)
(0.00795262 0.350876 0)
(0.0105723 0.320791 0)
(0.00941621 0.3185 0)
(0.0141188 0.319851 0)
(0.0160137 0.31754 0)
(0.0201833 0.314666 0)
(0.023296 0.310973 0)
(0.0273203 0.306642 0)
(0.0313217 0.301481 0)
(0.0356402 0.295527 0)
(0.0402141 0.288699 0)
(0.0450347 0.280952 0)
(0.0501036 0.272208 0)
(0.055407 0.262388 0)
(0.0608991 0.251437 0)
(0.0665555 0.239284 0)
(0.0723308 0.225878 0)
(0.078173 0.21116 0)
(0.0840516 0.195089 0)
(0.0899011 0.177624 0)
(0.0956871 0.158745 0)
(0.101253 0.138422 0)
(0.106728 0.116738 0)
(0.00780019 0.341901 0)
(0.00956948 0.320152 0)
(0.00795657 0.317102 0)
(0.0118174 0.31713 0)
(0.012793 0.314702 0)
(0.0161659 0.311583 0)
(0.0183558 0.307694 0)
(0.0214935 0.303129 0)
(0.0245035 0.297746 0)
(0.0278081 0.291571 0)
(0.0312938 0.284527 0)
(0.0349669 0.27656 0)
(0.0388127 0.267612 0)
(0.0428314 0.257606 0)
(0.0469842 0.246496 0)
(0.051246 0.234234 0)
(0.055584 0.220748 0)
(0.059962 0.206002 0)
(0.064344 0.189944 0)
(0.0686648 0.172536 0)
(0.0729142 0.153743 0)
(0.076946 0.133539 0)
(0.0808869 0.112046 0)
(0.00721725 0.333742 0)
(0.00816987 0.319885 0)
(0.00641153 0.316477 0)
(0.00938068 0.315252 0)
(0.0095854 0.312753 0)
(0.0121636 0.309371 0)
(0.0135074 0.305338 0)
(0.0157985 0.300568 0)
(0.0178776 0.295025 0)
(0.0202282 0.288681 0)
(0.022691 0.281478 0)
(0.0252896 0.273351 0)
(0.028008 0.264256 0)
(0.0308423 0.254133 0)
(0.0337691 0.242922 0)
(0.0367552 0.230592 0)
(0.0397723 0.217063 0)
(0.0428061 0.202313 0)
(0.0458125 0.186281 0)
(0.0487325 0.168954 0)
(0.0515725 0.150281 0)
(0.054213 0.130217 0)
(0.0567337 0.108937 0)
(0.00638677 0.327293 0)
(0.00665762 0.319982 0)
(0.00490882 0.316382 0)
(0.00699052 0.314142 0)
(0.00658353 0.311632 0)
(0.00843246 0.308007 0)
(0.00903578 0.303877 0)
(0.0105608 0.298959 0)
(0.0118231 0.293311 0)
(0.0133217 0.286857 0)
(0.0148799 0.279556 0)
(0.0165277 0.271331 0)
(0.0182541 0.262145 0)
(0.0200442 0.25195 0)
(0.0218863 0.240695 0)
(0.023747 0.228335 0)
(0.0256032 0.214815 0)
(0.0274437 0.200102 0)
(0.0292359 0.184154 0)
(0.0309223 0.166937 0)
(0.0324971 0.148427 0)
(0.0338676 0.128545 0)
(0.0350599 0.107488 0)
(0.00401046 0.320586 0)
(0.00373535 0.320169 0)
(0.00261314 0.31687 0)
(0.00358547 0.313595 0)
(0.00289764 0.311145 0)
(0.00377076 0.307122 0)
(0.00373562 0.302995 0)
(0.00436031 0.297882 0)
(0.00474703 0.292159 0)
(0.00529169 0.285601 0)
(0.00583965 0.278212 0)
(0.00642024 0.269914 0)
(0.00703772 0.26067 0)
(0.00767686 0.250431 0)
(0.00833508 0.239161 0)
(0.00899032 0.226797 0)
(0.00963033 0.213306 0)
(0.0102446 0.19865 0)
(0.0108066 0.182809 0)
(0.01129 0.165722 0)
(0.0117101 0.147381 0)
(0.0120034 0.127709 0)
(0.012196 0.106838 0)
(0.0758754 -0.0208729 0)
(0.110038 0.00331462 0)
(0.144905 0.00541862 0)
(0.175306 -0.00393676 0)
(0.0710183 -0.120355 0)
(0.0949544 -0.135238 0)
(0.121597 -0.152114 0)
(0.147081 -0.171272 0)
(-0.0121575 -0.115846 0)
(-0.030431 -0.106053 0)
(-0.077891 -0.0969747 0)
(-0.118522 -0.0981234 0)
(-0.428292 -0.0355653 0)
(-0.508897 0.0632981 0)
(-0.622091 0.0883207 0)
(-0.657825 0.202016 0)
(-1.17664 -0.0304897 0)
(-1.01868 0.185543 0)
(-0.909356 0.157616 0)
(-0.797559 0.264085 0)
(-1.33145 -0.335364 0)
(-1.285 -0.391897 0)
(-1.17802 -0.377611 0)
(-1.02094 -0.39954 0)
(-1.22831 -0.198712 0)
(-1.27707 -0.205328 0)
(-1.34572 -0.328988 0)
(-1.37792 -0.53898 0)
(-1.12716 -0.197378 0)
(-1.1272 -0.132577 0)
(-1.15973 -0.124789 0)
(-1.24816 -0.213378 0)
(-1.12792 -0.26435 0)
(-1.0715 -0.162606 0)
(-1.03428 -0.092261 0)
(-1.0106 -0.0387964 0)
(-1.38555 -0.424271 0)
(-1.2679 -0.298586 0)
(-1.14103 -0.180918 0)
(-1.02657 -0.0985948 0)
(-1.57705 -0.641089 0)
(-1.59588 -0.685162 0)
(-1.52859 -0.627736 0)
(-1.34077 -0.502569 0)
(-1.33251 -0.338449 0)
(-1.39241 -0.540655 0)
(-1.4121 -0.668288 0)
(-1.34026 -0.677777 0)
(-1.224 -0.206421 0)
(-1.28772 -0.469639 0)
(-1.39656 -0.642164 0)
(-1.41649 -0.713538 0)
(-0.963502 -0.0837091 0)
(-1.0865 -0.288834 0)
(-1.25821 -0.470353 0)
(-1.41192 -0.736658 0)
(-0.830508 0.192542 0)
(-0.984667 0.139902 0)
(-1.13134 0.0422453 0)
(-1.27728 -0.212306 0)
(-0.771911 0.407032 0)
(-0.894544 0.31944 0)
(-0.989739 0.190348 0)
(-1.10112 0.0100724 0)
(-0.497838 0.645395 0)
(-0.646909 0.526209 0)
(-0.721384 0.43811 0)
(-0.854143 0.286443 0)
(0.152352 1.10037 0)
(-0.0410204 0.817385 0)
(-0.131133 0.689313 0)
(-0.157676 0.577549 0)
(0.75936 1.29916 0)
(0.713776 1.07215 0)
(0.590048 0.840204 0)
(0.58629 0.691005 0)
(1.00671 1.07239 0)
(1.12726 0.992117 0)
(1.19645 0.818097 0)
(1.23722 0.587994 0)
(0.964451 0.755571 0)
(1.08177 0.690138 0)
(1.18406 0.584413 0)
(1.26834 0.451349 0)
(0.82045 0.552873 0)
(0.895244 0.490656 0)
(0.960563 0.409235 0)
(1.0187 0.322745 0)
(0.700549 0.440168 0)
(0.74619 0.392022 0)
(0.784092 0.331761 0)
(0.815493 0.267015 0)
(0.611779 0.36164 0)
(0.642754 0.323395 0)
(0.668677 0.277918 0)
(0.689786 0.22829 0)
(0.539723 0.303557 0)
(0.562132 0.271822 0)
(0.581315 0.235588 0)
(0.597454 0.196556 0)
(0.479318 0.261553 0)
(0.495904 0.234603 0)
(0.510232 0.204552 0)
(0.522508 0.172616 0)
(0.427795 0.229761 0)
(0.440374 0.206397 0)
(0.451285 0.180784 0)
(0.460681 0.153856 0)
(0.382909 0.204937 0)
(0.392672 0.184434 0)
(0.401143 0.162267 0)
(0.408421 0.139195 0)
(0.343158 0.185395 0)
(0.350846 0.167267 0)
(0.357474 0.147884 0)
(0.363127 0.127894 0)
(0.307601 0.169855 0)
(0.313728 0.153727 0)
(0.318961 0.136655 0)
(0.323385 0.119183 0)
(0.275853 0.157342 0)
(0.280821 0.142872 0)
(0.285066 0.127721 0)
(0.28866 0.112291 0)
(0.247999 0.147029 0)
(0.252185 0.13387 0)
(0.255853 0.120246 0)
(0.259041 0.106405 0)
(0.224096 0.138134 0)
(0.227878 0.125947 0)
(0.231345 0.113439 0)
(0.234502 0.100744 0)
(0.203298 0.12996 0)
(0.206987 0.118431 0)
(0.210514 0.106628 0)
(0.213863 0.0946424 0)
(0.183467 0.121994 0)
(0.187166 0.11083 0)
(0.190792 0.0993608 0)
(0.194334 0.0876757 0)
(0.161987 0.114108 0)
(0.165527 0.103078 0)
(0.169039 0.0917096 0)
(0.172548 0.0800627 0)
(0.137445 0.106756 0)
(0.14054 0.0957914 0)
(0.143634 0.0844613 0)
(0.146762 0.0727807 0)
(0.110612 0.10059 0)
(0.113061 0.0897205 0)
(0.115519 0.078417 0)
(0.11799 0.0667042 0)
(0.0836553 0.0960463 0)
(0.0854085 0.0852508 0)
(0.0871672 0.0739414 0)
(0.0889299 0.0622104 0)
(0.0584728 0.0930325 0)
(0.0595819 0.0822121 0)
(0.0606865 0.0708867 0)
(0.0617952 0.0591823 0)
(0.0358288 0.091644 0)
(0.0363657 0.0808192 0)
(0.0368913 0.0695653 0)
(0.0373758 0.0579465 0)
(0.0123284 0.0908734 0)
(0.0124675 0.0800627 0)
(0.0125614 0.0688983 0)
(0.0126728 0.0573231 0)
(0.281463 -0.00484004 0)
(0.476139 -0.19806 0)
(0.443782 -0.32815 0)
(0.30128 -0.271158 0)
(0.319218 0.119546 0)
(0.121283 0.610216 0)
(0.163024 0.889181 0)
(-0.341842 1.24924 0)
(0.134398 1.09178 0)
(-0.350226 1.05578 0)
(-0.804281 0.258448 0)
(-0.0451945 -0.858177 0)
(0.633822 -1.61915 0)
(0.613365 -1.61005 0)
(1.11861 -1.05529 0)
(1.5944 -0.0603333 0)
(2.6147 1.33672 0)
(0.234277 0.290971 0)
(0.168391 -1.36343 0)
(0.19553 -0.167853 0)
(0.107402 -0.229108 0)
(-0.424888 -0.0979234 0)
(-0.604096 -0.113492 0)
(-0.494479 0.10885 0)
(-0.338403 0.70192 0)
(0.0160368 0.92475 0)
(-0.107307 1.24906 0)
(0.104676 1.28126 0)
(-0.238902 0.969216 0)
(-0.0711731 0.299573 0)
(0.412541 -1.24824 0)
(0.618399 -1.83774 0)
(0.355853 -1.49513 0)
(0.447325 -1.26866 0)
(0.638598 -0.621133 0)
(1.61769 0.868312 0)
(0.507158 1.77541 0)
(0.193656 -1.30611 0)
(-0.366177 0.023813 0)
(-0.674221 0.404139 0)
(-0.813697 0.32502 0)
(-0.672095 -0.285968 0)
(-0.511773 -0.109703 0)
(-0.349007 0.33071 0)
(-0.166593 0.658476 0)
(0.0320888 1.14768 0)
(0.230654 1.35168 0)
(0.108712 1.17944 0)
(-0.167283 -0.0121377 0)
(0.51251 -1.41135 0)
(0.403227 -1.63269 0)
(0.219157 -1.33149 0)
(0.13784 -1.13848 0)
(0.0447344 -0.940139 0)
(0.686469 0.593182 0)
(0.169099 2.37483 0)
(0.227468 -1.2049 0)
(-0.862883 0.31153 0)
(-0.848215 0.157507 0)
(-0.364752 -0.273879 0)
(0.524245 -0.40869 0)
(0.0487074 -0.00215705 0)
(-0.245802 0.144612 0)
(-0.29326 0.544542 0)
(0.0550536 0.901052 0)
(0.226009 1.24711 0)
(0.389626 1.15199 0)
(0.4794 0.589318 0)
(0.455371 -1.26334 0)
(0.193205 -1.44263 0)
(0.0933748 -1.24128 0)
(-0.0073904 -1.02882 0)
(-0.178966 -0.941223 0)
(-0.0666817 0.789039 0)
(-0.112071 2.65548 0)
(0.261172 -1.11331 0)
(-0.565103 0.352911 0)
(-0.0193462 0.106615 0)
(0.769887 -0.704846 0)
(0.743322 -0.650463 0)
(0.833684 0.194342 0)
(0.152713 0.559866 0)
(-0.279698 0.551217 0)
(-0.137053 0.664679 0)
(0.0703405 1.02469 0)
(0.239904 0.973195 0)
(0.520939 0.219942 0)
(0.206904 -1.26937 0)
(0.00365515 -1.3431 0)
(-0.0750132 -1.1667 0)
(-0.18237 -0.94739 0)
(-0.279409 -0.719935 0)
(-0.73391 0.686762 0)
(-0.141986 2.32439 0)
(0.28454 -0.991486 0)
(-0.638568 -0.563763 0)
(-0.0996808 -0.902518 0)
(-0.117605 -1.05569 0)
(-0.267394 -0.464513 0)
(-0.0762146 0.687745 0)
(-0.0720286 1.26543 0)
(-0.325499 0.493554 0)
(-0.446517 0.694878 0)
(-0.320869 0.991792 0)
(-0.336663 0.904095 0)
(-0.0685455 -0.13521 0)
(-0.204958 -1.14037 0)
(-0.261902 -1.24547 0)
(-0.359459 -1.08642 0)
(-0.425104 -0.839584 0)
(-0.533367 -0.362677 0)
(-1.22941 0.577214 0)
(-0.0751016 1.63855 0)
(0.294278 -0.819177 0)
(-1.33481 -0.753994 0)
(-1.14332 -0.949593 0)
(-1.10909 -0.921542 0)
(-1.26214 -0.534804 0)
(-1.10655 0.308153 0)
(-0.449335 1.02936 0)
(-0.790283 0.76244 0)
(-1.16904 1.01793 0)
(-1.14289 1.03398 0)
(-0.878777 0.445844 0)
(-0.447284 -0.545097 0)
(-0.64472 -1.02243 0)
(-0.631632 -1.21192 0)
(-0.681203 -1.01649 0)
(-0.704475 -0.645124 0)
(-0.890284 -0.0191861 0)
(-1.35296 0.111049 0)
(0.00458774 0.151845 0)
(0.284471 -0.601008 0)
(-1.54363 -0.636923 0)
(-1.75941 -1.01208 0)
(-1.81199 -0.990136 0)
(-1.86771 -0.632559 0)
(-1.93313 -0.181958 0)
(-1.46235 0.818005 0)
(-1.8555 1.21781 0)
(-1.82444 1.09991 0)
(-1.21235 0.483883 0)
(-0.568495 -0.0884123 0)
(-0.712638 -0.378176 0)
(-1.02753 -1.01457 0)
(-0.919696 -1.22994 0)
(-0.920829 -0.963511 0)
(-0.909345 -0.533109 0)
(-0.700658 -0.0269178 0)
(-0.330633 -0.203803 0)
(-0.0399269 -0.104958 0)
(0.236839 -0.396206 0)
(-1.12251 -0.104035 0)
(-1.68718 -0.634747 0)
(-2.13776 -0.860064 0)
(-2.15791 -0.31293 0)
(-2.18599 0.431956 0)
(-2.23071 1.01109 0)
(-2.15251 1.06597 0)
(-1.57786 0.58472 0)
(-0.668449 -0.089919 0)
(-0.320173 -0.117006 0)
(-0.750902 0.432012 0)
(-1.11423 -0.927715 0)
(-1.10731 -1.25508 0)
(-0.998732 -0.996734 0)
(-0.930013 -0.688128 0)
(-0.663457 -0.494422 0)
(-0.315418 -0.380143 0)
(-0.0409463 -0.337254 0)
(0.128009 -0.311771 0)
(-0.906596 -0.00952072 0)
(-0.952836 -0.0383954 0)
(-1.52964 -0.491151 0)
(-2.07848 -0.410332 0)
(-2.01075 0.282695 0)
(-2.0595 0.803917 0)
(-1.83646 0.638899 0)
(-0.973952 -0.169826 0)
(-0.29269 -0.553122 0)
(-0.419258 -0.0747933 0)
(-0.642017 0.792646 0)
(-1.19177 -0.750825 0)
(-1.35759 -1.32148 0)
(-1.08429 -1.13029 0)
(-0.824823 -0.836276 0)
(-0.660821 -0.718738 0)
(-0.423169 -0.663488 0)
(-0.178546 -0.55578 0)
(0.00934945 -0.303258 0)
(-1.06901 -0.287537 0)
(-0.795057 -0.0395484 0)
(-0.69767 0.0971156 0)
(-1.08414 -0.168797 0)
(-0.721325 -0.208789 0)
(-0.88902 0.160818 0)
(-0.39265 -0.041457 0)
(0.406117 -0.481 0)
(-0.0487998 -0.375452 0)
(-0.354983 -0.124255 0)
(-0.600968 1.23572 0)
(-1.45299 -0.525703 0)
(-1.74611 -1.40366 0)
(-1.52454 -1.3768 0)
(-1.04861 -1.06764 0)
(-0.76225 -0.880838 0)
(-0.503964 -0.858402 0)
(-0.232782 -0.777203 0)
(-0.0316347 -0.417547 0)
(-1.18236 -0.585507 0)
(-0.95174 -0.402528 0)
(-0.688345 -0.169272 0)
(-0.47342 -0.00495571 0)
(-0.363852 0.0227642 0)
(-0.239631 -0.0081401 0)
(-0.0693317 -0.0712121 0)
(-0.0429542 -0.157116 0)
(-0.239343 -0.137868 0)
(-0.623444 0.0978381 0)
(-1.01751 2.00267 0)
(-1.52696 0.17295 0)
(-1.88722 -1.23136 0)
(-2.17049 -1.67555 0)
(-1.99246 -1.55687 0)
(-1.47068 -1.33653 0)
(-0.863571 -1.21259 0)
(-0.377422 -1.05583 0)
(-0.0337432 -0.542428 0)
(-1.29078 -0.662263 0)
(-1.08927 -0.53226 0)
(-0.864608 -0.399312 0)
(-0.691261 -0.331274 0)
(-0.552904 -0.262826 0)
(-0.443671 -0.195061 0)
(-0.371942 -0.138499 0)
(-0.379189 -0.09961 0)
(-0.611227 0.120388 0)
(-1.11864 0.792951 0)
(-1.69909 2.17817 0)
(-1.34572 0.298105 0)
(-1.42062 -0.766931 0)
(-1.68072 -1.40602 0)
(-1.88588 -1.70268 0)
(-1.81159 -1.82327 0)
(-1.31685 -1.91899 0)
(-0.633302 -1.61617 0)
(-0.0561283 -0.714134 0)
(-1.51872 -0.912162 0)
(-1.39652 -0.700101 0)
(-1.13357 -0.456786 0)
(-0.908389 -0.261016 0)
(-0.753654 -0.173918 0)
(-0.638622 -0.128391 0)
(-0.574558 -0.100156 0)
(-0.804056 -0.0220481 0)
(-1.3354 0.528001 0)
(-1.79921 1.43218 0)
(-1.69197 1.61533 0)
(-0.907799 -0.00948587 0)
(-0.859969 -0.67544 0)
(-0.828152 -1.18914 0)
(-0.991078 -1.48092 0)
(-1.27462 -1.70724 0)
(-1.1602 -2.05018 0)
(-0.78965 -2.28218 0)
(-0.0368464 -1.26186 0)
(-1.59083 -0.747178 0)
(-1.82539 -0.948902 0)
(-1.69465 -0.906433 0)
(-1.46478 -0.744047 0)
(-1.23081 -0.599374 0)
(-1.05709 -0.438539 0)
(-0.977941 -0.12049 0)
(-1.29592 0.433601 0)
(-1.67715 0.939821 0)
(-1.70865 1.33732 0)
(-1.14096 0.816598 0)
(-0.52509 -0.283742 0)
(-0.428949 -0.826418 0)
(-0.323157 -1.23009 0)
(-0.28347 -1.47402 0)
(-0.566022 -1.61282 0)
(-0.329312 -1.81217 0)
(-0.617539 -2.58352 0)
(0.0549862 -1.72064 0)
(-1.3885 -0.302701 0)
(-1.59256 -0.720821 0)
(-1.52011 -0.895089 0)
(-1.39598 -0.763826 0)
(-1.2694 -0.595143 0)
(-1.24969 -0.398772 0)
(-1.28982 0.0626284 0)
(-1.35177 0.681535 0)
(-1.39508 0.977076 0)
(-1.08699 0.922452 0)
(-0.436803 0.227225 0)
(-0.0983283 -0.483785 0)
(0.0245681 -0.946791 0)
(0.0323371 -1.28289 0)
(0.107003 -1.4885 0)
(-0.183878 -1.61319 0)
(0.0394716 -1.85171 0)
(-0.315049 -2.62423 0)
(0.0673719 -1.80121 0)
(-1.07125 -0.108222 0)
(-1.03871 -0.809197 0)
(-0.958121 -1.05791 0)
(-0.909594 -0.916579 0)
(-0.871114 -0.619681 0)
(-0.931014 -0.302278 0)
(-0.973553 0.101384 0)
(-0.918743 0.586679 0)
(-0.731369 0.747289 0)
(-0.329245 0.520163 0)
(0.24273 -0.0862089 0)
(0.412072 -0.606843 0)
(0.477594 -0.988203 0)
(0.425019 -1.24927 0)
(0.395217 -1.39243 0)
(0.119069 -1.51078 0)
(0.169062 -1.74793 0)
(-0.385996 -2.61723 0)
(0.00227246 -1.9885 0)
(-0.280072 0.00810744 0)
(-0.273927 -0.763603 0)
(-0.29191 -1.0766 0)
(-0.346784 -0.969016 0)
(-0.35606 -0.666181 0)
(-0.352391 -0.312546 0)
(-0.3306 -0.00684984 0)
(-0.253302 0.307831 0)
(0.00128479 0.418314 0)
(0.390686 0.153436 0)
(0.716925 -0.292754 0)
(0.836523 -0.697267 0)
(0.823065 -0.984804 0)
(0.715967 -1.16542 0)
(0.601848 -1.25552 0)
(0.312859 -1.32903 0)
(0.223142 -1.4597 0)
(-0.407868 -2.25323 0)
(-0.0255874 -2.3424 0)
(0.65072 0.252933 0)
(0.643954 -0.563073 0)
(0.424128 -0.951937 0)
(0.198578 -0.891056 0)
(0.0679379 -0.633437 0)
(0.0626148 -0.338843 0)
(0.175416 -0.032695 0)
(0.325161 0.141287 0)
(0.562211 0.136322 0)
(0.846086 -0.0914776 0)
(1.02886 -0.418842 0)
(1.05868 -0.715687 0)
(0.988296 -0.920095 0)
(0.843358 -1.03658 0)
(0.692788 -1.08091 0)
(0.388731 -1.12482 0)
(0.32675 -1.23372 0)
(-0.22082 -2.13433 0)
(0.107666 -2.45019 0)
(1.27765 0.0841666 0)
(1.18955 -0.485715 0)
(0.878526 -0.741309 0)
(0.549352 -0.698647 0)
(0.345852 -0.519944 0)
(0.283495 -0.331903 0)
(0.344718 -0.178911 0)
(0.513927 -0.0677513 0)
(0.735965 -0.0774749 0)
(0.93469 -0.229484 0)
(1.04136 -0.460115 0)
(1.03668 -0.675912 0)
(0.954294 -0.822191 0)
(0.81196 -0.894016 0)
(0.663442 -0.901795 0)
(0.391343 -0.945043 0)
(0.391226 -1.08951 0)
(-0.0283223 -1.90319 0)
(0.146998 -2.56188 0)
(1.31671 0.11894 0)
(1.20402 -0.285136 0)
(0.933935 -0.477357 0)
(0.652955 -0.478263 0)
(0.473665 -0.392613 0)
(0.407948 -0.301856 0)
(0.428968 -0.238848 0)
(0.518734 -0.219256 0)
(0.652974 -0.261636 0)
(0.782461 -0.37276 0)
(0.856873 -0.520767 0)
(0.854986 -0.656278 0)
(0.790792 -0.742998 0)
(0.674871 -0.770377 0)
(0.544159 -0.743664 0)
(0.321207 -0.813504 0)
(0.337523 -1.04229 0)
(0.190712 -1.67052 0)
(0.167048 -2.59254 0)
(1.05934 0.127815 0)
(0.995051 -0.125354 0)
(0.830084 -0.276903 0)
(0.651592 -0.318447 0)
(0.531655 -0.302902 0)
(0.481453 -0.279708 0)
(0.487054 -0.272193 0)
(0.534413 -0.290307 0)
(0.606631 -0.341529 0)
(0.676225 -0.426235 0)
(0.71212 -0.527671 0)
(0.695681 -0.616653 0)
(0.629426 -0.664351 0)
(0.517864 -0.656959 0)
(0.384231 -0.600469 0)
(0.194788 -0.708805 0)
(0.159193 -1.06853 0)
(0.215661 -1.55618 0)
(0.173337 -2.32891 0)
(0.842276 0.138851 0)
(0.816933 -0.0346332 0)
(0.73132 -0.160478 0)
(0.63057 -0.221675 0)
(0.555342 -0.244933 0)
(0.51843 -0.261242 0)
(0.516443 -0.287561 0)
(0.541598 -0.329435 0)
(0.582023 -0.386536 0)
(0.618544 -0.453952 0)
(0.628303 -0.519989 0)
(0.59346 -0.567397 0)
(0.510525 -0.575212 0)
(0.378385 -0.530376 0)
(0.214724 -0.445757 0)
(0.0213592 -0.598301 0)
(-0.01811 -1.17662 0)
(0.419552 -1.58212 0)
(0.19793 -1.85164 0)
(0.708711 0.133492 0)
(0.700654 0.00459962 0)
(0.656047 -0.0969899 0)
(0.598369 -0.162933 0)
(0.550633 -0.206788 0)
(0.524441 -0.247029 0)
(0.520918 -0.295141 0)
(0.53669 -0.352648 0)
(0.562685 -0.412847 0)
(0.581728 -0.464893 0)
(0.573689 -0.498166 0)
(0.521248 -0.503571 0)
(0.418535 -0.466252 0)
(0.256368 -0.375433 0)
(0.051031 -0.253333 0)
(-0.197129 -0.472456 0)
(-0.0972887 -1.36208 0)
(0.154978 -1.83793 0)
(0.191391 -1.67726 0)
(0.612558 0.123469 0)
(0.612244 0.0237386 0)
(0.588676 -0.0608564 0)
(0.554967 -0.127341 0)
(0.525391 -0.182432 0)
(0.508467 -0.238 0)
(0.508295 -0.301958 0)
(0.524967 -0.370787 0)
(0.547802 -0.429869 0)
(0.557077 -0.463419 0)
(0.535075 -0.462608 0)
(0.467565 -0.424371 0)
(0.348708 -0.336853 0)
(0.164514 -0.190932 0)
(-0.0974513 -0.0148631 0)
(-0.349944 -0.422572 0)
(-0.0145365 -1.5629 0)
(-0.110649 -2.06581 0)
(0.17447 -1.58073 0)
(0.534796 0.114023 0)
(0.537916 0.0330777 0)
(0.525805 -0.0409055 0)
(0.50635 -0.106122 0)
(0.488254 -0.167472 0)
(0.478349 -0.234596 0)
(0.484464 -0.313281 0)
(0.50715 -0.391182 0)
(0.529749 -0.443539 0)
(0.531174 -0.453518 0)
(0.499675 -0.417161 0)
(0.425324 -0.335498 0)
(0.303279 -0.197165 0)
(0.124663 0.00817685 0)
(-0.173602 0.213443 0)
(-0.251679 -0.534381 0)
(-0.0104325 -1.6217 0)
(-0.267237 -2.1575 0)
(0.147079 -1.59411 0)
(0.47054 0.10517 0)
(0.474641 0.0367007 0)
(0.468391 -0.0294757 0)
(0.456524 -0.0927679 0)
(0.444123 -0.15802 0)
(0.43831 -0.236586 0)
(0.450168 -0.331145 0)
(0.476306 -0.413965 0)
(0.494235 -0.452759 0)
(0.487743 -0.4371 0)
(0.454179 -0.368518 0)
(0.385899 -0.24803 0)
(0.28065 -0.0637282 0)
(0.139301 0.192804 0)
(-0.122546 0.37578 0)
(-0.127595 -0.620754 0)
(-0.0440883 -1.6294 0)
(-0.249802 -2.09219 0)
(0.11346 -1.79472 0)
(0.416187 0.0976632 0)
(0.419944 0.0380566 0)
(0.415992 -0.0219586 0)
(0.406804 -0.0825783 0)
(0.395135 -0.150385 0)
(0.389547 -0.241907 0)
(0.400644 -0.351995 0)
(0.421244 -0.432982 0)
(0.428805 -0.454449 0)
(0.416805 -0.418516 0)
(0.390708 -0.326474 0)
(0.341982 -0.175424 0)
(0.271207 0.040541 0)
(0.193151 0.317472 0)
(0.0503664 0.485459 0)
(0.0188888 -0.615884 0)
(-0.0056279 -1.58033 0)
(-0.236923 -2.15936 0)
(0.182616 -1.87312 0)
(0.369103 0.0917044 0)
(0.371868 0.0388694 0)
(0.368264 -0.0154686 0)
(0.358476 -0.0718223 0)
(0.343802 -0.140768 0)
(0.333499 -0.244757 0)
(0.33194 -0.366195 0)
(0.33788 -0.440129 0)
(0.333446 -0.448328 0)
(0.318302 -0.404727 0)
(0.305171 -0.299919 0)
(0.281031 -0.128247 0)
(0.255383 0.0928194 0)
(0.253627 0.352827 0)
(0.280819 0.507485 0)
(0.245846 -0.501433 0)
(0.259204 -1.46118 0)
(-0.155958 -2.2247 0)
(0.266151 -1.89168 0)
(0.328011 0.0871296 0)
(0.329832 0.0400048 0)
(0.325897 -0.00801443 0)
(0.314221 -0.0580339 0)
(0.295962 -0.125807 0)
(0.275908 -0.236829 0)
(0.250563 -0.363508 0)
(0.237384 -0.431392 0)
(0.222423 -0.435662 0)
(0.199176 -0.396342 0)
(0.194825 -0.287142 0)
(0.188207 -0.107706 0)
(0.207852 0.0884163 0)
(0.266324 0.299792 0)
(0.444869 0.403148 0)
(0.487737 -0.419862 0)
(0.718436 -1.29066 0)
(0.0438771 -2.01428 0)
(0.327764 -1.72126 0)
(0.292548 0.0835191 0)
(0.29412 0.0413632 0)
(0.290424 2.47414e-05 0)
(0.278912 -0.0418997 0)
(0.260234 -0.104619 0)
(0.229711 -0.21283 0)
(0.179895 -0.339155 0)
(0.145038 -0.406827 0)
(0.119303 -0.411393 0)
(0.0774599 -0.378898 0)
(0.0672727 -0.272556 0)
(0.0680614 -0.105006 0)
(0.123359 0.0439205 0)
(0.206331 0.185282 0)
(0.467106 0.183612 0)
(0.578885 -0.475782 0)
(0.804481 -1.15571 0)
(0.124402 -1.7106 0)
(0.336556 -1.55996 0)
(0.262818 0.0802462 0)
(0.264978 0.0421867 0)
(0.263247 0.00644739 0)
(0.256607 -0.0273204 0)
(0.243309 -0.0799009 0)
(0.211626 -0.17476 0)
(0.15027 -0.294448 0)
(0.0920897 -0.367433 0)
(0.054068 -0.370157 0)
(-0.00338451 -0.341134 0)
(-0.0345724 -0.253388 0)
(-0.0239961 -0.127302 0)
(0.0425468 -0.0227539 0)
(0.123385 0.0291346 0)
(0.427335 -0.109483 0)
(0.556524 -0.594562 0)
(0.709383 -1.04524 0)
(0.122189 -1.43106 0)
(0.28923 -1.42366 0)
(0.238728 0.0765866 0)
(0.242415 0.0414926 0)
(0.243949 0.00875117 0)
(0.244364 -0.0206763 0)
(0.242403 -0.0604015 0)
(0.224497 -0.133698 0)
(0.172777 -0.237136 0)
(0.103148 -0.316565 0)
(0.0536981 -0.324866 0)
(0.00584623 -0.29759 0)
(-0.0364777 -0.243175 0)
(-0.0265977 -0.165306 0)
(0.0580814 -0.106764 0)
(0.172701 -0.155798 0)
(0.425295 -0.348991 0)
(0.505022 -0.672036 0)
(0.577389 -0.935551 0)
(0.204996 -1.19039 0)
(0.176545 -1.31191 0)
(0.21884 0.0718609 0)
(0.224512 0.0385797 0)
(0.229112 0.00633201 0)
(0.235147 -0.0238682 0)
(0.242557 -0.0575976 0)
(0.244266 -0.109057 0)
(0.220284 -0.185623 0)
(0.166953 -0.261739 0)
(0.115433 -0.29217 0)
(0.0964132 -0.274027 0)
(0.0802595 -0.244168 0)
(0.100024 -0.225591 0)
(0.1929 -0.230125 0)
(0.312468 -0.308452 0)
(0.450167 -0.46032 0)
(0.456323 -0.675436 0)
(0.46178 -0.833604 0)
(0.225748 -1.00382 0)
(0.150776 -1.14689 0)
(0.199987 0.0656597 0)
(0.207384 0.0333012 0)
(0.214134 0.000482169 0)
(0.222629 -0.0323127 0)
(0.233331 -0.0670799 0)
(0.243417 -0.110231 0)
(0.244011 -0.162731 0)
(0.223159 -0.220121 0)
(0.188386 -0.265929 0)
(0.181946 -0.276694 0)
(0.203762 -0.262916 0)
(0.248577 -0.265934 0)
(0.321151 -0.30011 0)
(0.382303 -0.369967 0)
(0.429004 -0.483021 0)
(0.394157 -0.643018 0)
(0.370326 -0.745061 0)
(0.19996 -0.872016 0)
(0.156497 -0.976722 0)
(0.178329 0.0583257 0)
(0.186248 0.0263578 0)
(0.193745 -0.00701301 0)
(0.202122 -0.0412957 0)
(0.211377 -0.0777705 0)
(0.220748 -0.119415 0)
(0.226243 -0.164338 0)
(0.222862 -0.207213 0)
(0.212123 -0.248919 0)
(0.210564 -0.283285 0)
(0.234177 -0.300696 0)
(0.27767 -0.317022 0)
(0.323997 -0.345316 0)
(0.345228 -0.39242 0)
(0.356665 -0.478635 0)
(0.311947 -0.605775 0)
(0.294675 -0.668223 0)
(0.150434 -0.781173 0)
(0.153092 -0.834761 0)
(0.151915 0.051052 0)
(0.158922 0.0193059 0)
(0.165701 -0.0140669 0)
(0.172163 -0.0484679 0)
(0.178469 -0.0853824 0)
(0.18374 -0.126226 0)
(0.186456 -0.166526 0)
(0.184743 -0.205432 0)
(0.180989 -0.249693 0)
(0.184221 -0.294464 0)
(0.198635 -0.326205 0)
(0.223355 -0.346981 0)
(0.245153 -0.366798 0)
(0.253298 -0.397573 0)
(0.270345 -0.47081 0)
(0.223652 -0.577758 0)
(0.233239 -0.607426 0)
(0.0979645 -0.716438 0)
(0.138929 -0.724322 0)
(0.122008 0.0449499 0)
(0.127252 0.0134619 0)
(0.13235 -0.0194673 0)
(0.136129 -0.053412 0)
(0.140322 -0.0895539 0)
(0.142009 -0.129082 0)
(0.141692 -0.166464 0)
(0.142522 -0.203493 0)
(0.142417 -0.250337 0)
(0.143979 -0.300635 0)
(0.144213 -0.33824 0)
(0.154648 -0.358488 0)
(0.162749 -0.377634 0)
(0.172375 -0.407219 0)
(0.200809 -0.47027 0)
(0.149414 -0.559524 0)
(0.181792 -0.567223 0)
(0.061914 -0.669365 0)
(0.117122 -0.637166 0)
(0.0917502 0.0405959 0)
(0.0951369 0.00954643 0)
(0.0985988 -0.0226514 0)
(0.100343 -0.0561626 0)
(0.103601 -0.0911196 0)
(0.103934 -0.129564 0)
(0.103648 -0.166529 0)
(0.108026 -0.205258 0)
(0.110839 -0.252203 0)
(0.111402 -0.29915 0)
(0.10351 -0.337703 0)
(0.107323 -0.360777 0)
(0.109442 -0.387644 0)
(0.119109 -0.420438 0)
(0.143032 -0.469293 0)
(0.0966325 -0.543683 0)
(0.126361 -0.546086 0)
(0.0473691 -0.633751 0)
(0.0705305 -0.566226 0)
(0.0635797 0.0378625 0)
(0.0653695 0.00722356 0)
(0.0674485 -0.0245378 0)
(0.0682343 -0.058132 0)
(0.0712353 -0.0925871 0)
(0.0721937 -0.130861 0)
(0.0740929 -0.169125 0)
(0.0795809 -0.210047 0)
(0.0822703 -0.254717 0)
(0.0822235 -0.296422 0)
(0.0748353 -0.334402 0)
(0.0760167 -0.361626 0)
(0.0760572 -0.393737 0)
(0.0807568 -0.42682 0)
(0.0905749 -0.465648 0)
(0.0613524 -0.525929 0)
(0.0678258 -0.533158 0)
(0.0335946 -0.6008 0)
(0.00260682 -0.532669 0)
(0.0380976 0.037021 0)
(0.038414 0.00667971 0)
(0.0394986 -0.025207 0)
(0.0402661 -0.0595312 0)
(0.0431878 -0.094733 0)
(0.0451021 -0.133453 0)
(0.048138 -0.172399 0)
(0.0517534 -0.2135 0)
(0.052703 -0.255351 0)
(0.0517793 -0.293962 0)
(0.0475045 -0.33068 0)
(0.0465816 -0.361019 0)
(0.0459739 -0.394121 0)
(0.0465703 -0.426558 0)
(0.0480863 -0.46232 0)
(0.0353771 -0.509133 0)
(0.0285361 -0.522655 0)
(0.0147527 -0.571996 0)
(-0.0231797 -0.53511 0)
(0.0127974 0.0368717 0)
(0.0127192 0.00642929 0)
(0.0134869 -0.0263299 0)
(0.0141507 -0.0613106 0)
(0.0158804 -0.0967622 0)
(0.0170319 -0.135088 0)
(0.0183124 -0.173493 0)
(0.0189517 -0.213453 0)
(0.0184417 -0.253553 0)
(0.0173748 -0.291396 0)
(0.015928 -0.327383 0)
(0.015168 -0.359266 0)
(0.0150417 -0.392705 0)
(0.0151749 -0.425712 0)
(0.0157126 -0.461651 0)
(0.0122966 -0.501945 0)
(0.00999223 -0.519502 0)
(0.00341812 -0.558722 0)
(-0.0066105 -0.538215 0)
)
;

boundaryField
{
    leftWall
    {
        type            noSlip;
    }
    rightWall
    {
        type            noSlip;
    }
    lowerWall
    {
        type            noSlip;
    }
    atmosphere
    {
        type            pressureInletOutletVelocity;
        value           nonuniform List<vector> 
46
(
(0.00401046 0.320586 0)
(0.00373535 0.320169 0)
(0.00261314 0.31687 0)
(0.00358547 0.313595 0)
(0.00289764 0.311145 0)
(0.00377076 0.307122 0)
(0.00373562 0.302995 0)
(0.00436031 0.297882 0)
(0.00474703 0.292159 0)
(0.00529169 0.285601 0)
(0.00583965 0.278212 0)
(0.00642024 0.269914 0)
(0.00703772 0.26067 0)
(0.00767686 0.250431 0)
(0.00833508 0.239161 0)
(0.00899032 0.226797 0)
(0.00963033 0.213306 0)
(0.0102446 0.19865 0)
(0.0108066 0.182809 0)
(0.01129 0.165722 0)
(0.0117101 0.147381 0)
(0.0120034 0.127709 0)
(0.012196 0.106838 0)
(0.0123284 0.0908734 0)
(0.0124675 0.0800627 0)
(0.0125614 0.0688983 0)
(0.0126728 0.0573231 0)
(0.0127974 0.0368717 0)
(0.0127192 0.00642929 0)
(0 -0.0263299 0)
(0 -0.0613106 0)
(0 -0.0967622 0)
(0 -0.135088 0)
(0 -0.173493 0)
(0 -0.213453 0)
(0 -0.253553 0)
(0 -0.291396 0)
(0 -0.327383 0)
(0 -0.359266 0)
(0 -0.392705 0)
(0 -0.425712 0)
(0 -0.461651 0)
(0 -0.501945 0)
(0 -0.519502 0)
(0 -0.558722 0)
(0 -0.538215 0)
)
;
    }
    defaultFaces
    {
        type            empty;
    }
}


// ************************************************************************* //
