/*--------------------------------*- C++ -*----------------------------------*\
| =========                 |                                                 |
| \\      /  F ield         | OpenFOAM: The Open Source CFD Toolbox           |
|  \\    /   O peration     | Version:  5.x                                   |
|   \\  /    A nd           | Web:      www.OpenFOAM.org                      |
|    \\/     M anipulation  |                                                 |
\*---------------------------------------------------------------------------*/
FoamFile
{
    version     2.0;
    format      ascii;
    class       volScalarField;
    location    "0.05";
    object      p_rgh;
}
// * * * * * * * * * * * * * * * * * * * * * * * * * * * * * * * * * * * * * //

dimensions      [1 -1 -2 0 0 0 0];

internalField   nonuniform List<scalar> 
8000
(
-0.00262662
-0.00262666
-0.00262672
-0.00262678
-0.00262683
-0.00262688
-0.00262692
-0.00262696
-0.00262699
-0.00262701
-0.00262702
-0.00262702
-0.00262701
-0.00262699
-0.00262696
-0.00262691
-0.00262686
-0.00262679
-0.00262673
-0.0026267
-0.00788006
-0.00788014
-0.00788022
-0.00788032
-0.00788041
-0.00788049
-0.00788057
-0.00788065
-0.00788071
-0.00788076
-0.00788079
-0.00788081
-0.0078808
-0.00788076
-0.0078807
-0.00788062
-0.00788052
-0.00788041
-0.00788031
-0.00788029
-0.0131336
-0.0131337
-0.0131337
-0.0131338
-0.0131339
-0.013134
-0.0131341
-0.0131342
-0.0131343
-0.0131344
-0.0131344
-0.0131344
-0.0131344
-0.0131344
-0.0131343
-0.0131342
-0.0131341
-0.013134
-0.0131339
-0.013134
-0.0183871
-0.0183872
-0.0183873
-0.0183874
-0.0183875
-0.0183876
-0.0183877
-0.0183878
-0.0183879
-0.018388
-0.018388
-0.018388
-0.018388
-0.0183879
-0.0183879
-0.0183877
-0.0183876
-0.0183875
-0.0183874
-0.0183876
-0.0236405
-0.0236407
-0.0236407
-0.0236408
-0.0236409
-0.0236411
-0.0236412
-0.0236413
-0.0236414
-0.0236415
-0.0236415
-0.0236415
-0.0236415
-0.0236414
-0.0236413
-0.0236412
-0.0236411
-0.023641
-0.0236409
-0.0236411
-0.028894
-0.0288941
-0.0288942
-0.0288943
-0.0288944
-0.0288945
-0.0288946
-0.0288947
-0.0288948
-0.0288949
-0.0288949
-0.0288949
-0.0288949
-0.0288948
-0.0288947
-0.0288945
-0.0288944
-0.0288943
-0.0288942
-0.0288944
-0.0341474
-0.0341475
-0.0341475
-0.0341476
-0.0341477
-0.0341478
-0.034148
-0.0341481
-0.0341482
-0.0341482
-0.0341482
-0.0341482
-0.0341482
-0.0341481
-0.0341479
-0.0341478
-0.0341477
-0.0341476
-0.0341475
-0.0341476
-0.0394007
-0.0394008
-0.0394008
-0.0394009
-0.039401
-0.0394011
-0.0394012
-0.0394014
-0.0394014
-0.0394015
-0.0394015
-0.0394015
-0.0394014
-0.0394013
-0.0394012
-0.0394011
-0.0394009
-0.0394008
-0.0394008
-0.0394007
-0.0446541
-0.044654
-0.0446541
-0.0446542
-0.0446543
-0.0446544
-0.0446545
-0.0446546
-0.0446547
-0.0446547
-0.0446547
-0.0446547
-0.0446546
-0.0446545
-0.0446544
-0.0446543
-0.0446542
-0.0446541
-0.044654
-0.0446538
-0.0499075
-0.0499073
-0.0499073
-0.0499074
-0.0499075
-0.0499077
-0.0499078
-0.0499079
-0.049908
-0.049908
-0.049908
-0.0499079
-0.0499078
-0.0499077
-0.0499076
-0.0499075
-0.0499074
-0.0499073
-0.0499072
-0.049907
-0.0551608
-0.0551606
-0.0551607
-0.0551608
-0.0551609
-0.055161
-0.0551611
-0.0551612
-0.0551612
-0.0551613
-0.0551612
-0.0551612
-0.0551611
-0.055161
-0.0551609
-0.0551608
-0.0551607
-0.0551606
-0.0551605
-0.0551602
-0.0604141
-0.060414
-0.0604141
-0.0604142
-0.0604143
-0.0604144
-0.0604145
-0.0604145
-0.0604146
-0.0604145
-0.0604145
-0.0604144
-0.0604144
-0.0604143
-0.0604142
-0.0604141
-0.060414
-0.0604139
-0.0604138
-0.0604135
-0.0656674
-0.0656675
-0.0656676
-0.0656676
-0.0656677
-0.0656678
-0.0656678
-0.0656679
-0.0656679
-0.0656679
-0.0656678
-0.0656678
-0.0656677
-0.0656676
-0.0656675
-0.0656674
-0.0656673
-0.0656672
-0.0656671
-0.0656668
-0.0709208
-0.070921
-0.0709211
-0.0709211
-0.0709212
-0.0709212
-0.0709212
-0.0709212
-0.0709212
-0.0709212
-0.0709211
-0.0709211
-0.0709211
-0.070921
-0.0709209
-0.0709208
-0.0709207
-0.0709206
-0.0709205
-0.0709201
-0.0761742
-0.0761745
-0.0761745
-0.0761745
-0.0761746
-0.0761746
-0.0761746
-0.0761746
-0.0761745
-0.0761745
-0.0761745
-0.0761745
-0.0761744
-0.0761744
-0.0761743
-0.0761742
-0.0761741
-0.076174
-0.076174
-0.0761735
-0.0814276
-0.0814279
-0.0814279
-0.0814279
-0.0814279
-0.0814279
-0.0814279
-0.0814279
-0.0814279
-0.0814279
-0.0814279
-0.0814279
-0.0814278
-0.0814278
-0.0814277
-0.0814276
-0.0814275
-0.0814275
-0.0814274
-0.0814269
-0.086681
-0.0866813
-0.0866813
-0.0866813
-0.0866813
-0.0866813
-0.0866813
-0.0866813
-0.0866813
-0.0866813
-0.0866813
-0.0866813
-0.0866813
-0.0866812
-0.0866811
-0.0866811
-0.086681
-0.086681
-0.086681
-0.0866803
-0.0919346
-0.0919347
-0.0919347
-0.0919347
-0.0919347
-0.0919347
-0.0919348
-0.0919348
-0.0919348
-0.0919348
-0.0919348
-0.0919348
-0.0919347
-0.0919347
-0.0919347
-0.0919346
-0.0919347
-0.0919347
-0.0919348
-0.0919341
-0.0971882
-0.0971883
-0.0971883
-0.0971883
-0.0971883
-0.0971883
-0.0971884
-0.0971884
-0.0971884
-0.0971884
-0.0971883
-0.0971883
-0.0971883
-0.0971883
-0.0971883
-0.0971884
-0.0971884
-0.0971885
-0.0971886
-0.0971882
-0.102442
-0.102442
-0.102442
-0.102442
-0.102442
-0.102442
-0.102442
-0.102442
-0.102442
-0.102442
-0.102442
-0.102442
-0.102442
-0.102442
-0.102442
-0.102442
-0.102442
-0.102442
-0.102443
-0.102443
-0.107696
-0.107696
-0.107696
-0.107696
-0.107696
-0.107696
-0.107696
-0.107696
-0.107696
-0.107696
-0.107696
-0.107696
-0.107696
-0.107696
-0.107696
-0.107696
-0.107696
-0.107697
-0.107697
-0.107697
-0.11295
-0.11295
-0.11295
-0.11295
-0.11295
-0.11295
-0.11295
-0.11295
-0.11295
-0.11295
-0.11295
-0.11295
-0.11295
-0.11295
-0.11295
-0.11295
-0.112951
-0.112951
-0.112951
-0.112951
-0.118205
-0.118204
-0.118204
-0.118204
-0.118204
-0.118204
-0.118204
-0.118204
-0.118204
-0.118204
-0.118204
-0.118204
-0.118204
-0.118204
-0.118204
-0.118205
-0.118205
-0.118205
-0.118205
-0.118206
-0.123459
-0.123459
-0.123459
-0.123459
-0.123459
-0.123458
-0.123458
-0.123458
-0.123458
-0.123458
-0.123458
-0.123458
-0.123458
-0.123459
-0.123459
-0.123459
-0.123459
-0.123459
-0.123459
-0.12346
-0.128714
-0.128713
-0.128713
-0.128713
-0.128713
-0.128713
-0.128713
-0.128713
-0.128712
-0.128712
-0.128712
-0.128713
-0.128713
-0.128713
-0.128713
-0.128713
-0.128714
-0.128714
-0.128714
-0.128714
-0.133968
-0.133968
-0.133968
-0.133968
-0.133967
-0.133967
-0.133967
-0.133967
-0.133967
-0.133967
-0.133967
-0.133967
-0.133967
-0.133967
-0.133968
-0.133968
-0.133968
-0.133968
-0.133968
-0.133968
-0.139223
-0.139222
-0.139222
-0.139222
-0.139222
-0.139222
-0.139221
-0.139221
-0.139221
-0.139221
-0.139221
-0.139222
-0.139222
-0.139222
-0.139222
-0.139222
-0.139222
-0.139222
-0.139222
-0.139223
-0.144477
-0.144477
-0.144476
-0.144476
-0.144476
-0.144476
-0.144476
-0.144476
-0.144476
-0.144476
-0.144476
-0.144476
-0.144476
-0.144476
-0.144476
-0.144477
-0.144477
-0.144477
-0.144477
-0.144477
-0.149731
-0.149731
-0.149731
-0.149731
-0.149731
-0.149731
-0.14973
-0.14973
-0.14973
-0.14973
-0.14973
-0.149731
-0.149731
-0.149731
-0.149731
-0.149731
-0.149731
-0.149731
-0.149731
-0.149731
-0.154985
-0.154985
-0.154985
-0.154985
-0.154985
-0.154985
-0.154985
-0.154985
-0.154985
-0.154985
-0.154985
-0.154985
-0.154985
-0.154985
-0.154985
-0.154985
-0.154985
-0.154986
-0.154985
-0.154985
-0.16024
-0.16024
-0.16024
-0.16024
-0.16024
-0.160239
-0.160239
-0.160239
-0.160239
-0.160239
-0.160239
-0.160239
-0.16024
-0.16024
-0.16024
-0.16024
-0.16024
-0.16024
-0.16024
-0.160239
-0.165494
-0.165494
-0.165494
-0.165494
-0.165494
-0.165494
-0.165494
-0.165494
-0.165494
-0.165494
-0.165494
-0.165494
-0.165494
-0.165494
-0.165494
-0.165494
-0.165494
-0.165494
-0.165494
-0.165493
-0.170748
-0.170748
-0.170748
-0.170748
-0.170748
-0.170748
-0.170748
-0.170748
-0.170748
-0.170748
-0.170748
-0.170748
-0.170748
-0.170748
-0.170748
-0.170748
-0.170748
-0.170748
-0.170748
-0.170748
-0.176002
-0.176002
-0.176002
-0.176002
-0.176002
-0.176002
-0.176002
-0.176002
-0.176002
-0.176002
-0.176002
-0.176002
-0.176002
-0.176002
-0.176002
-0.176002
-0.176002
-0.176002
-0.176002
-0.176002
-0.181256
-0.181256
-0.181256
-0.181256
-0.181256
-0.181256
-0.181256
-0.181256
-0.181256
-0.181256
-0.181256
-0.181256
-0.181256
-0.181256
-0.181256
-0.181256
-0.181256
-0.181256
-0.181256
-0.181256
-0.18651
-0.18651
-0.18651
-0.18651
-0.18651
-0.18651
-0.18651
-0.18651
-0.18651
-0.18651
-0.18651
-0.18651
-0.18651
-0.18651
-0.18651
-0.18651
-0.18651
-0.18651
-0.18651
-0.18651
-0.191764
-0.191764
-0.191764
-0.191764
-0.191764
-0.191764
-0.191764
-0.191764
-0.191764
-0.191764
-0.191764
-0.191764
-0.191764
-0.191764
-0.191764
-0.191764
-0.191764
-0.191764
-0.191764
-0.191764
-0.197018
-0.197018
-0.197018
-0.197018
-0.197018
-0.197018
-0.197018
-0.197018
-0.197018
-0.197018
-0.197018
-0.197018
-0.197018
-0.197018
-0.197018
-0.197018
-0.197018
-0.197018
-0.197018
-0.197018
-0.202272
-0.202272
-0.202272
-0.202272
-0.202272
-0.202272
-0.202272
-0.202272
-0.202272
-0.202272
-0.202272
-0.202272
-0.202272
-0.202272
-0.202272
-0.202272
-0.202272
-0.202272
-0.202272
-0.202272
-0.207525
-0.207525
-0.207525
-0.207525
-0.207525
-0.207525
-0.207525
-0.207525
-0.207525
-0.207525
-0.207525
-0.207525
-0.207525
-0.207525
-0.207525
-0.207525
-0.207525
-0.207525
-0.207525
-0.207525
-0.212779
-0.212779
-0.212779
-0.212779
-0.212779
-0.212779
-0.212779
-0.212779
-0.212779
-0.212779
-0.212779
-0.212779
-0.212779
-0.212779
-0.212779
-0.212779
-0.212779
-0.212778
-0.212778
-0.212778
-0.218032
-0.218032
-0.218032
-0.218032
-0.218032
-0.218032
-0.218032
-0.218032
-0.218032
-0.218032
-0.218032
-0.218032
-0.218032
-0.218032
-0.218032
-0.218032
-0.218032
-0.218032
-0.218032
-0.218032
-0.223285
-0.223285
-0.223285
-0.223285
-0.223286
-0.223286
-0.223286
-0.223286
-0.223286
-0.223286
-0.223286
-0.223286
-0.223286
-0.223286
-0.223285
-0.223285
-0.223285
-0.223285
-0.223285
-0.223285
-0.228539
-0.228539
-0.228539
-0.228539
-0.228539
-0.228539
-0.228539
-0.228539
-0.228539
-0.228539
-0.228539
-0.228539
-0.228539
-0.228539
-0.228539
-0.228539
-0.228539
-0.228538
-0.228538
-0.228538
-0.233792
-0.233792
-0.233792
-0.233792
-0.233792
-0.233792
-0.233792
-0.233793
-0.233793
-0.233793
-0.233793
-0.233793
-0.233793
-0.233793
-0.233792
-0.233792
-0.233792
-0.233792
-0.233792
-0.233791
-0.239046
-0.239045
-0.239045
-0.239045
-0.239046
-0.239046
-0.239046
-0.239046
-0.239046
-0.239046
-0.239046
-0.239046
-0.239046
-0.239046
-0.239046
-0.239046
-0.239045
-0.239045
-0.239045
-0.239045
-0.244299
-0.244299
-0.244299
-0.244299
-0.244299
-0.244299
-0.244299
-0.2443
-0.2443
-0.2443
-0.2443
-0.2443
-0.2443
-0.244299
-0.244299
-0.244299
-0.244299
-0.244299
-0.244299
-0.244299
-0.249552
-0.249552
-0.249552
-0.249552
-0.249553
-0.249553
-0.249553
-0.249553
-0.249553
-0.249553
-0.249553
-0.249553
-0.249553
-0.249553
-0.249553
-0.249553
-0.249553
-0.249553
-0.249553
-0.249552
-0.254806
-0.254806
-0.254806
-0.254806
-0.254806
-0.254807
-0.254807
-0.254807
-0.254807
-0.254807
-0.254807
-0.254807
-0.254807
-0.254807
-0.254806
-0.254806
-0.254806
-0.254806
-0.254806
-0.254806
-0.26006
-0.26006
-0.26006
-0.26006
-0.26006
-0.260061
-0.260061
-0.260061
-0.260061
-0.260061
-0.260061
-0.260061
-0.260061
-0.26006
-0.26006
-0.26006
-0.26006
-0.26006
-0.26006
-0.26006
-0.265313
-0.265314
-0.265314
-0.265314
-0.265314
-0.265315
-0.265315
-0.265315
-0.265315
-0.265315
-0.265315
-0.265315
-0.265315
-0.265314
-0.265314
-0.265314
-0.265314
-0.265314
-0.265314
-0.265314
-0.270568
-0.270568
-0.270568
-0.270568
-0.270568
-0.270568
-0.270569
-0.270569
-0.270569
-0.270569
-0.270569
-0.270569
-0.270569
-0.270569
-0.270569
-0.270569
-0.270569
-0.270569
-0.270569
-0.270568
-0.275822
-0.275822
-0.275822
-0.275822
-0.275822
-0.275823
-0.275823
-0.275823
-0.275823
-0.275823
-0.275823
-0.275823
-0.275823
-0.275823
-0.275823
-0.275823
-0.275823
-0.275823
-0.275823
-0.275823
-0.281076
-0.281076
-0.281077
-0.281077
-0.281077
-0.281077
-0.281077
-0.281077
-0.281077
-0.281077
-0.281077
-0.281077
-0.281077
-0.281077
-0.281077
-0.281077
-0.281077
-0.281077
-0.281077
-0.281077
-0.28633
-0.286331
-0.286331
-0.286331
-0.286331
-0.286331
-0.286331
-0.286331
-0.286331
-0.286331
-0.286331
-0.286331
-0.286331
-0.286331
-0.286331
-0.286331
-0.286331
-0.286331
-0.286331
-0.286332
-0.291585
-0.291585
-0.291585
-0.291585
-0.291585
-0.291585
-0.291585
-0.291585
-0.291585
-0.291585
-0.291585
-0.291585
-0.291585
-0.291585
-0.291586
-0.291586
-0.291586
-0.291586
-0.291586
-0.291586
-0.296839
-0.296839
-0.296839
-0.296839
-0.296839
-0.296839
-0.296839
-0.296839
-0.296839
-0.296839
-0.29684
-0.29684
-0.29684
-0.29684
-0.29684
-0.29684
-0.29684
-0.29684
-0.29684
-0.29684
-0.302093
-0.302094
-0.302094
-0.302094
-0.302094
-0.302094
-0.302094
-0.302094
-0.302094
-0.302094
-0.302094
-0.302094
-0.302094
-0.302094
-0.302094
-0.302094
-0.302094
-0.302094
-0.302094
-0.302094
-0.307348
-0.307348
-0.307348
-0.307348
-0.307348
-0.307348
-0.307348
-0.307348
-0.307348
-0.307348
-0.307348
-0.307348
-0.307348
-0.307348
-0.307349
-0.307349
-0.307349
-0.307349
-0.307349
-0.307348
-0.312602
-0.312602
-0.312602
-0.312602
-0.312602
-0.312602
-0.312602
-0.312602
-0.312602
-0.312602
-0.312602
-0.312602
-0.312603
-0.312603
-0.312603
-0.312603
-0.312603
-0.312603
-0.312603
-0.312602
-0.317856
-0.317856
-0.317856
-0.317856
-0.317856
-0.317856
-0.317856
-0.317856
-0.317856
-0.317856
-0.317857
-0.317857
-0.317857
-0.317857
-0.317857
-0.317857
-0.317857
-0.317857
-0.317857
-0.317856
-0.32311
-0.32311
-0.32311
-0.32311
-0.32311
-0.32311
-0.32311
-0.32311
-0.32311
-0.323111
-0.323111
-0.323111
-0.323111
-0.323111
-0.323111
-0.323111
-0.323111
-0.323111
-0.323111
-0.323111
-0.328364
-0.328364
-0.328364
-0.328364
-0.328364
-0.328364
-0.328364
-0.328364
-0.328364
-0.328365
-0.328365
-0.328365
-0.328365
-0.328365
-0.328365
-0.328365
-0.328365
-0.328365
-0.328365
-0.328365
-0.333618
-0.333618
-0.333618
-0.333618
-0.333618
-0.333618
-0.333618
-0.333618
-0.333619
-0.333619
-0.333619
-0.333619
-0.333619
-0.333619
-0.333619
-0.333619
-0.333619
-0.333619
-0.333619
-0.333619
-0.338872
-0.338872
-0.338872
-0.338872
-0.338872
-0.338872
-0.338872
-0.338873
-0.338873
-0.338873
-0.338873
-0.338873
-0.338873
-0.338873
-0.338873
-0.338873
-0.338873
-0.338873
-0.338873
-0.338873
-0.344126
-0.344126
-0.344126
-0.344126
-0.344126
-0.344126
-0.344126
-0.344127
-0.344127
-0.344127
-0.344127
-0.344127
-0.344127
-0.344127
-0.344127
-0.344128
-0.344128
-0.344128
-0.344128
-0.344127
-0.34938
-0.34938
-0.34938
-0.34938
-0.34938
-0.349381
-0.349381
-0.349381
-0.349381
-0.349381
-0.349381
-0.349381
-0.349381
-0.349382
-0.349382
-0.349382
-0.349382
-0.349382
-0.349382
-0.349381
-0.354635
-0.354635
-0.354635
-0.354635
-0.354635
-0.354635
-0.354635
-0.354635
-0.354635
-0.354635
-0.354635
-0.354636
-0.354636
-0.354636
-0.354636
-0.354636
-0.354636
-0.354636
-0.354636
-0.354636
-0.359889
-0.359889
-0.359889
-0.359889
-0.359889
-0.359889
-0.359889
-0.359889
-0.35989
-0.35989
-0.35989
-0.35989
-0.35989
-0.35989
-0.35989
-0.35989
-0.35989
-0.35989
-0.35989
-0.35989
-0.365143
-0.365143
-0.365143
-0.365143
-0.365143
-0.365144
-0.365144
-0.365144
-0.365144
-0.365144
-0.365144
-0.365144
-0.365144
-0.365144
-0.365145
-0.365145
-0.365145
-0.365145
-0.365145
-0.365144
-0.370397
-0.370398
-0.370398
-0.370398
-0.370398
-0.370398
-0.370398
-0.370398
-0.370398
-0.370398
-0.370399
-0.370399
-0.370399
-0.370399
-0.370399
-0.370399
-0.370399
-0.370399
-0.370399
-0.370399
-0.375652
-0.375652
-0.375652
-0.375652
-0.375652
-0.375653
-0.375653
-0.375653
-0.375653
-0.375653
-0.375653
-0.375653
-0.375653
-0.375653
-0.375653
-0.375653
-0.375653
-0.375653
-0.375653
-0.375653
-0.380906
-0.380906
-0.380907
-0.380907
-0.380907
-0.380907
-0.380907
-0.380907
-0.380907
-0.380907
-0.380907
-0.380907
-0.380907
-0.380907
-0.380907
-0.380907
-0.380907
-0.380907
-0.380908
-0.380907
-0.386161
-0.386161
-0.386161
-0.386161
-0.386161
-0.386161
-0.386161
-0.386162
-0.386162
-0.386162
-0.386162
-0.386162
-0.386162
-0.386162
-0.386162
-0.386162
-0.386162
-0.386162
-0.386162
-0.386161
-0.391415
-0.391415
-0.391415
-0.391416
-0.391416
-0.391416
-0.391416
-0.391416
-0.391416
-0.391416
-0.391416
-0.391416
-0.391416
-0.391416
-0.391416
-0.391416
-0.391416
-0.391416
-0.391416
-0.391416
-0.396669
-0.39667
-0.39667
-0.39667
-0.39667
-0.39667
-0.39667
-0.39667
-0.39667
-0.39667
-0.39667
-0.39667
-0.39667
-0.39667
-0.39667
-0.39667
-0.396671
-0.396671
-0.396671
-0.39667
-0.401924
-0.401924
-0.401924
-0.401924
-0.401924
-0.401924
-0.401924
-0.401924
-0.401924
-0.401925
-0.401925
-0.401925
-0.401925
-0.401925
-0.401925
-0.401925
-0.401925
-0.401925
-0.401925
-0.401925
-0.407178
-0.407179
-0.407179
-0.407179
-0.407179
-0.407179
-0.407179
-0.407179
-0.407179
-0.407179
-0.407179
-0.407179
-0.407179
-0.407179
-0.407179
-0.407179
-0.407179
-0.407179
-0.407179
-0.40718
-0.412433
-0.412433
-0.412433
-0.412433
-0.412433
-0.412433
-0.412433
-0.412433
-0.412433
-0.412433
-0.412433
-0.412433
-0.412433
-0.412433
-0.412433
-0.412433
-0.412433
-0.412433
-0.412433
-0.412434
-0.417688
-0.417688
-0.417687
-0.417687
-0.417687
-0.417687
-0.417687
-0.417687
-0.417687
-0.417687
-0.417687
-0.417687
-0.417687
-0.417687
-0.417687
-0.417687
-0.417687
-0.417687
-0.417687
-0.417688
-0.422942
-0.422942
-0.422942
-0.422941
-0.422941
-0.422941
-0.422941
-0.422941
-0.422941
-0.422941
-0.422941
-0.422941
-0.422941
-0.422941
-0.422941
-0.422941
-0.422941
-0.422941
-0.422941
-0.422942
-0.428196
-0.428196
-0.428196
-0.428196
-0.428196
-0.428195
-0.428195
-0.428195
-0.428195
-0.428195
-0.428195
-0.428195
-0.428195
-0.428195
-0.428195
-0.428195
-0.428195
-0.428195
-0.428195
-0.428195
-0.433451
-0.43345
-0.43345
-0.43345
-0.43345
-0.43345
-0.43345
-0.433449
-0.433449
-0.433449
-0.433449
-0.433449
-0.433449
-0.433449
-0.433449
-0.433449
-0.433449
-0.433449
-0.433449
-0.43345
-0.438705
-0.438705
-0.438705
-0.438704
-0.438704
-0.438704
-0.438704
-0.438703
-0.438703
-0.438703
-0.438703
-0.438703
-0.438703
-0.438703
-0.438703
-0.438703
-0.438703
-0.438703
-0.438703
-0.438704
-0.443959
-0.443959
-0.443959
-0.443959
-0.443958
-0.443958
-0.443958
-0.443958
-0.443957
-0.443957
-0.443957
-0.443957
-0.443957
-0.443957
-0.443957
-0.443957
-0.443957
-0.443957
-0.443958
-0.443958
-0.449214
-0.449214
-0.449213
-0.449213
-0.449213
-0.449212
-0.449212
-0.449212
-0.449211
-0.449211
-0.449211
-0.449211
-0.449211
-0.449211
-0.449211
-0.449212
-0.449212
-0.449212
-0.449212
-0.449213
-0.454469
-0.454468
-0.454468
-0.454467
-0.454467
-0.454467
-0.454466
-0.454466
-0.454466
-0.454466
-0.454466
-0.454466
-0.454466
-0.454466
-0.454466
-0.454466
-0.454466
-0.454466
-0.454467
-0.454467
-0.459723
-0.459723
-0.459723
-0.459722
-0.459722
-0.459721
-0.459721
-0.459721
-0.459721
-0.45972
-0.45972
-0.45972
-0.45972
-0.459721
-0.459721
-0.459721
-0.459721
-0.459722
-0.459722
-0.459723
-0.464979
-0.464978
-0.464978
-0.464977
-0.464977
-0.464977
-0.464976
-0.464976
-0.464976
-0.464976
-0.464975
-0.464976
-0.464976
-0.464976
-0.464976
-0.464976
-0.464977
-0.464977
-0.464978
-0.464978
-0.470234
-0.470234
-0.470233
-0.470233
-0.470232
-0.470232
-0.470232
-0.470231
-0.470231
-0.470231
-0.470231
-0.470231
-0.470231
-0.470231
-0.470232
-0.470232
-0.470233
-0.470233
-0.470234
-0.470234
-0.47549
-0.47549
-0.475489
-0.475489
-0.475488
-0.475488
-0.475488
-0.475487
-0.475487
-0.475487
-0.475487
-0.475487
-0.475487
-0.475488
-0.475488
-0.475489
-0.475489
-0.47549
-0.47549
-0.475491
-0.480747
-0.480746
-0.480746
-0.480745
-0.480745
-0.480744
-0.480744
-0.480744
-0.480744
-0.480743
-0.480743
-0.480744
-0.480744
-0.480744
-0.480745
-0.480745
-0.480746
-0.480747
-0.480747
-0.480748
-0.486004
-0.486004
-0.486003
-0.486003
-0.486002
-0.486002
-0.486001
-0.486001
-0.486001
-0.486001
-0.486001
-0.486001
-0.486001
-0.486002
-0.486002
-0.486003
-0.486004
-0.486004
-0.486005
-0.486005
-0.491262
-0.491262
-0.491261
-0.491261
-0.49126
-0.49126
-0.491259
-0.491259
-0.491259
-0.491258
-0.491259
-0.491259
-0.491259
-0.49126
-0.49126
-0.491261
-0.491262
-0.491262
-0.491263
-0.491263
-0.496521
-0.496521
-0.49652
-0.496519
-0.496519
-0.496518
-0.496518
-0.496517
-0.496517
-0.496517
-0.496517
-0.496518
-0.496518
-0.496518
-0.496519
-0.49652
-0.496521
-0.496521
-0.496522
-0.496522
-0.50178
-0.50178
-0.50178
-0.501779
-0.501778
-0.501778
-0.501777
-0.501777
-0.501777
-0.501777
-0.501777
-0.501777
-0.501777
-0.501778
-0.501778
-0.501779
-0.50178
-0.501781
-0.501782
-0.501782
-0.507041
-0.507041
-0.50704
-0.507039
-0.507039
-0.507038
-0.507038
-0.507037
-0.507037
-0.507037
-0.507037
-0.507037
-0.507038
-0.507038
-0.507039
-0.50704
-0.507041
-0.507042
-0.507042
-0.507043
-0.512303
-0.512302
-0.512301
-0.512301
-0.5123
-0.512299
-0.512299
-0.512298
-0.512298
-0.512298
-0.512298
-0.512298
-0.512299
-0.512299
-0.5123
-0.512301
-0.512302
-0.512303
-0.512304
-0.512304
-0.517565
-0.517564
-0.517563
-0.517563
-0.517562
-0.517561
-0.517561
-0.517561
-0.51756
-0.51756
-0.51756
-0.517561
-0.517561
-0.517562
-0.517563
-0.517563
-0.517564
-0.517565
-0.517566
-0.517566
-0.522828
-0.522827
-0.522826
-0.522826
-0.522825
-0.522824
-0.522824
-0.522824
-0.522824
-0.522824
-0.522824
-0.522824
-0.522825
-0.522825
-0.522826
-0.522826
-0.522827
-0.522828
-0.522829
-0.522829
-0.528091
-0.52809
-0.52809
-0.528089
-0.528089
-0.528088
-0.528088
-0.528088
-0.528088
-0.528088
-0.528088
-0.528088
-0.528089
-0.528089
-0.52809
-0.52809
-0.528091
-0.528092
-0.528093
-0.528093
-0.533355
-0.533355
-0.533354
-0.533354
-0.533353
-0.533353
-0.533353
-0.533353
-0.533353
-0.533353
-0.533353
-0.533353
-0.533354
-0.533354
-0.533355
-0.533355
-0.533356
-0.533357
-0.533357
-0.533358
-0.53862
-0.53862
-0.538619
-0.538619
-0.538619
-0.538618
-0.538618
-0.538618
-0.538618
-0.538618
-0.538619
-0.538619
-0.538619
-0.53862
-0.53862
-0.538621
-0.538621
-0.538622
-0.538622
-0.538623
-0.543885
-0.543885
-0.543885
-0.543885
-0.543884
-0.543884
-0.543884
-0.543884
-0.543884
-0.543885
-0.543885
-0.543885
-0.543885
-0.543886
-0.543886
-0.543887
-0.543887
-0.543887
-0.543888
-0.543888
-0.549151
-0.549151
-0.54915
-0.54915
-0.54915
-0.54915
-0.54915
-0.54915
-0.549151
-0.549151
-0.549151
-0.549151
-0.549152
-0.549152
-0.549152
-0.549152
-0.549153
-0.549153
-0.549153
-0.549153
-0.554416
-0.554416
-0.554416
-0.554416
-0.554416
-0.554416
-0.554416
-0.554417
-0.554417
-0.554417
-0.554417
-0.554417
-0.554418
-0.554418
-0.554418
-0.554418
-0.554418
-0.554418
-0.554418
-0.554419
-0.559682
-0.559682
-0.559682
-0.559682
-0.559682
-0.559682
-0.559683
-0.559683
-0.559683
-0.559683
-0.559683
-0.559683
-0.559684
-0.559684
-0.559684
-0.559684
-0.559684
-0.559684
-0.559683
-0.559684
-0.564947
-0.564947
-0.564948
-0.564948
-0.564948
-0.564948
-0.564948
-0.564948
-0.564948
-0.564949
-0.564949
-0.564949
-0.564949
-0.564949
-0.564949
-0.564949
-0.564948
-0.564948
-0.564948
-0.564948
-0.570212
-0.570213
-0.570213
-0.570213
-0.570213
-0.570213
-0.570213
-0.570213
-0.570213
-0.570214
-0.570214
-0.570214
-0.570213
-0.570213
-0.570213
-0.570213
-0.570213
-0.570213
-0.570212
-0.570212
-0.575477
-0.575477
-0.575477
-0.575478
-0.575478
-0.575478
-0.575478
-0.575478
-0.575478
-0.575478
-0.575478
-0.575478
-0.575477
-0.575477
-0.575477
-0.575477
-0.575477
-0.575476
-0.575476
-0.575476
-0.580741
-0.580741
-0.580742
-0.580742
-0.580742
-0.580742
-0.580742
-0.580742
-0.580741
-0.580741
-0.580741
-0.580741
-0.580741
-0.58074
-0.58074
-0.58074
-0.58074
-0.58074
-0.580739
-0.580739
-0.586005
-0.586005
-0.586005
-0.586005
-0.586005
-0.586005
-0.586005
-0.586005
-0.586004
-0.586004
-0.586004
-0.586004
-0.586003
-0.586003
-0.586003
-0.586003
-0.586003
-0.586002
-0.586002
-0.586002
-0.591269
-0.591268
-0.591269
-0.591268
-0.591268
-0.591268
-0.591268
-0.591267
-0.591267
-0.591267
-0.591266
-0.591266
-0.591266
-0.591266
-0.591266
-0.591265
-0.591265
-0.591265
-0.591265
-0.591265
-0.596531
-0.596531
-0.596531
-0.596531
-0.596531
-0.596531
-0.59653
-0.59653
-0.59653
-0.596529
-0.596529
-0.596528
-0.596528
-0.596528
-0.596528
-0.596528
-0.596528
-0.596528
-0.596528
-0.596528
-0.601794
-0.601794
-0.601794
-0.601794
-0.601794
-0.601793
-0.601793
-0.601792
-0.601792
-0.601792
-0.601791
-0.601791
-0.601791
-0.601791
-0.601791
-0.601791
-0.601791
-0.601792
-0.601792
-0.601792
-0.607057
-0.607057
-0.607057
-0.607057
-0.607056
-0.607056
-0.607056
-0.607055
-0.607055
-0.607054
-0.607054
-0.607054
-0.607054
-0.607054
-0.607054
-0.607055
-0.607055
-0.607055
-0.607056
-0.607056
-0.61232
-0.61232
-0.61232
-0.61232
-0.612319
-0.612319
-0.612318
-0.612318
-0.612318
-0.612318
-0.612317
-0.612317
-0.612318
-0.612318
-0.612318
-0.612318
-0.612319
-0.612319
-0.612319
-0.61232
-0.617583
-0.617583
-0.617583
-0.617583
-0.617582
-0.617582
-0.617582
-0.617582
-0.617581
-0.617581
-0.617581
-0.617581
-0.617582
-0.617582
-0.617582
-0.617583
-0.617583
-0.617583
-0.617583
-0.617583
-0.622846
-0.622846
-0.622846
-0.622846
-0.622846
-0.622846
-0.622846
-0.622845
-0.622846
-0.622846
-0.622846
-0.622846
-0.622846
-0.622846
-0.622847
-0.622847
-0.622847
-0.622847
-0.622847
-0.622847
-0.62811
-0.62811
-0.62811
-0.62811
-0.62811
-0.62811
-0.62811
-0.62811
-0.62811
-0.62811
-0.62811
-0.628111
-0.628111
-0.628111
-0.628111
-0.628111
-0.628111
-0.628111
-0.628111
-0.628111
-0.633373
-0.633373
-0.633373
-0.633374
-0.633374
-0.633374
-0.633374
-0.633375
-0.633375
-0.633375
-0.633376
-0.633376
-0.633376
-0.633376
-0.633375
-0.633375
-0.633375
-0.633374
-0.633374
-0.633374
-0.638637
-0.638637
-0.638637
-0.638638
-0.638638
-0.638639
-0.638639
-0.63864
-0.63864
-0.63864
-0.638641
-0.638641
-0.638641
-0.63864
-0.638639
-0.638639
-0.638638
-0.638637
-0.638637
-0.638637
-0.643901
-0.643901
-0.643901
-0.643902
-0.643902
-0.643903
-0.643904
-0.643905
-0.643905
-0.643906
-0.643906
-0.643905
-0.643905
-0.643904
-0.643903
-0.643902
-0.643901
-0.6439
-0.6439
-0.6439
-0.649165
-0.649165
-0.649165
-0.649166
-0.649167
-0.649168
-0.649168
-0.649169
-0.64917
-0.64917
-0.64917
-0.64917
-0.649169
-0.649168
-0.649167
-0.649165
-0.649164
-0.649163
-0.649163
-0.649163
-0.654429
-0.654429
-0.654429
-0.65443
-0.654431
-0.654432
-0.654433
-0.654434
-0.654434
-0.654435
-0.654434
-0.654434
-0.654433
-0.654431
-0.65443
-0.654428
-0.654427
-0.654426
-0.654426
-0.654426
-0.659692
-0.659692
-0.659693
-0.659694
-0.659695
-0.659696
-0.659697
-0.659698
-0.659698
-0.659699
-0.659698
-0.659698
-0.659696
-0.659695
-0.659693
-0.659692
-0.659691
-0.65969
-0.65969
-0.65969
-0.664955
-0.664956
-0.664956
-0.664957
-0.664958
-0.66496
-0.664961
-0.664962
-0.664962
-0.664962
-0.664962
-0.664961
-0.66496
-0.664958
-0.664957
-0.664956
-0.664955
-0.664954
-0.664954
-0.664954
-0.670218
-0.670219
-0.67022
-0.670221
-0.670222
-0.670223
-0.670224
-0.670225
-0.670226
-0.670226
-0.670225
-0.670225
-0.670224
-0.670222
-0.670221
-0.67022
-0.670219
-0.670219
-0.670219
-0.670218
-0.675482
-0.675482
-0.675483
-0.675484
-0.675485
-0.675487
-0.675488
-0.675489
-0.675489
-0.675489
-0.675489
-0.675488
-0.675487
-0.675486
-0.675485
-0.675485
-0.675484
-0.675484
-0.675483
-0.675483
-0.680745
-0.680746
-0.680747
-0.680748
-0.680749
-0.68075
-0.680751
-0.680752
-0.680753
-0.680753
-0.680752
-0.680752
-0.680752
-0.680751
-0.68075
-0.680749
-0.680749
-0.680748
-0.680748
-0.680747
-0.686008
-0.686009
-0.68601
-0.686011
-0.686012
-0.686014
-0.686015
-0.686016
-0.686016
-0.686017
-0.686017
-0.686016
-0.686016
-0.686015
-0.686015
-0.686014
-0.686013
-0.686012
-0.686011
-0.686011
-0.691271
-0.691272
-0.691273
-0.691274
-0.691276
-0.691278
-0.691279
-0.69128
-0.691281
-0.691281
-0.691281
-0.691281
-0.691281
-0.69128
-0.691279
-0.691278
-0.691277
-0.691275
-0.691274
-0.691273
-0.696533
-0.696534
-0.696536
-0.696538
-0.69654
-0.696542
-0.696544
-0.696545
-0.696546
-0.696547
-0.696547
-0.696547
-0.696546
-0.696545
-0.696543
-0.696541
-0.696539
-0.696537
-0.696535
-0.696534
-0.701793
-0.701795
-0.701798
-0.701801
-0.701804
-0.701807
-0.701809
-0.701812
-0.701813
-0.701814
-0.701814
-0.701814
-0.701812
-0.70181
-0.701807
-0.701804
-0.701801
-0.701798
-0.701796
-0.701794
-0.707052
-0.707055
-0.707059
-0.707063
-0.707067
-0.707072
-0.707076
-0.707079
-0.707082
-0.707083
-0.707083
-0.707082
-0.70708
-0.707076
-0.707072
-0.707067
-0.707062
-0.707058
-0.707055
-0.707052
-0.71231
-0.712313
-0.712318
-0.712324
-0.712331
-0.712337
-0.712343
-0.712348
-0.712352
-0.712354
-0.712354
-0.712352
-0.712348
-0.712343
-0.712337
-0.71233
-0.712323
-0.712317
-0.712312
-0.712309
-0.717564
-0.717569
-0.717575
-0.717584
-0.717593
-0.717603
-0.717612
-0.71762
-0.717625
-0.717628
-0.717628
-0.717625
-0.717619
-0.717611
-0.717602
-0.717592
-0.717582
-0.717574
-0.717567
-0.717563
-0.722815
-0.722821
-0.72283
-0.722842
-0.722855
-0.722869
-0.722882
-0.722893
-0.722902
-0.722906
-0.722906
-0.722901
-0.722893
-0.722882
-0.722868
-0.722854
-0.722841
-0.722829
-0.722819
-0.722813
-0.72806
-0.728068
-0.728081
-0.728098
-0.728116
-0.728136
-0.728155
-0.728171
-0.728182
-0.728188
-0.728188
-0.728182
-0.72817
-0.728154
-0.728136
-0.728116
-0.728097
-0.72808
-0.728067
-0.728059
-0.733298
-0.733309
-0.733327
-0.73335
-0.733377
-0.733404
-0.73343
-0.733452
-0.733468
-0.733476
-0.733476
-0.733468
-0.733452
-0.73343
-0.733404
-0.733377
-0.73335
-0.733327
-0.733309
-0.733297
-0.738528
-0.738543
-0.738568
-0.738599
-0.738635
-0.738673
-0.738709
-0.738739
-0.738761
-0.738773
-0.738773
-0.738762
-0.73874
-0.738709
-0.738673
-0.738636
-0.738599
-0.738567
-0.738542
-0.738527
-0.743745
-0.743767
-0.7438
-0.743843
-0.743892
-0.743944
-0.743993
-0.744034
-0.744065
-0.744081
-0.744081
-0.744066
-0.744035
-0.743993
-0.743944
-0.743892
-0.743843
-0.743799
-0.743766
-0.743744
-0.748948
-0.748977
-0.749022
-0.74908
-0.749147
-0.749217
-0.749284
-0.749341
-0.749383
-0.749405
-0.749405
-0.749384
-0.749342
-0.749284
-0.749217
-0.749146
-0.749079
-0.74902
-0.748975
-0.748946
-0.754129
-0.754168
-0.754229
-0.754307
-0.754398
-0.754493
-0.754585
-0.754663
-0.75472
-0.754751
-0.754751
-0.754721
-0.754664
-0.754585
-0.754493
-0.754397
-0.754305
-0.754226
-0.754166
-0.754127
-0.759281
-0.759333
-0.759415
-0.759521
-0.759645
-0.759774
-0.7599
-0.760006
-0.760085
-0.760126
-0.760127
-0.760085
-0.760007
-0.7599
-0.759773
-0.759643
-0.759519
-0.759412
-0.759331
-0.759278
-0.764394
-0.764464
-0.764574
-0.764718
-0.764886
-0.765063
-0.765232
-0.765378
-0.765486
-0.765543
-0.765543
-0.765486
-0.765378
-0.765232
-0.765061
-0.764884
-0.764716
-0.764571
-0.764461
-0.764391
-0.769454
-0.769548
-0.769696
-0.769891
-0.770119
-0.770359
-0.77059
-0.77079
-0.770938
-0.771017
-0.771017
-0.770938
-0.77079
-0.770589
-0.770358
-0.770117
-0.769888
-0.769693
-0.769545
-0.76945
-0.774442
-0.774568
-0.774768
-0.775031
-0.775342
-0.775668
-0.775983
-0.776257
-0.77646
-0.776569
-0.776568
-0.776459
-0.776256
-0.775981
-0.775666
-0.775339
-0.775029
-0.774765
-0.774565
-0.774439
-0.779335
-0.779504
-0.779773
-0.780127
-0.780552
-0.780993
-0.781423
-0.781799
-0.782079
-0.782228
-0.782228
-0.782077
-0.781797
-0.78142
-0.78099
-0.780548
-0.780125
-0.779769
-0.779501
-0.779333
-0.784101
-0.784326
-0.784688
-0.785171
-0.785737
-0.78634
-0.786928
-0.787444
-0.78783
-0.788036
-0.788036
-0.787828
-0.787441
-0.786924
-0.786336
-0.785733
-0.785167
-0.784684
-0.784322
-0.784098
-0.788696
-0.788995
-0.789482
-0.790133
-0.790897
-0.791716
-0.792521
-0.793231
-0.793764
-0.79405
-0.794049
-0.793762
-0.793228
-0.792517
-0.791711
-0.790892
-0.790128
-0.789477
-0.788989
-0.788692
-0.793062
-0.793455
-0.794112
-0.794989
-0.79602
-0.797134
-0.798237
-0.799215
-0.799951
-0.800348
-0.800347
-0.799949
-0.799212
-0.798233
-0.797129
-0.796014
-0.794982
-0.794106
-0.793448
-0.793055
-0.797119
-0.797634
-0.798521
-0.799698
-0.801091
-0.802609
-0.804122
-0.805471
-0.806489
-0.807039
-0.807038
-0.806488
-0.805468
-0.804118
-0.802604
-0.801085
-0.799691
-0.798513
-0.797626
-0.797111
-0.800768
-0.801433
-0.802632
-0.804209
-0.806092
-0.808162
-0.81024
-0.812103
-0.813513
-0.814276
-0.814275
-0.813511
-0.8121
-0.810236
-0.808156
-0.806085
-0.804201
-0.802622
-0.801423
-0.800758
-0.803879
-0.804717
-0.806342
-0.808449
-0.810993
-0.813819
-0.81668
-0.819255
-0.821211
-0.822269
-0.822268
-0.821208
-0.819251
-0.816675
-0.813813
-0.810985
-0.808439
-0.80633
-0.804704
-0.803866
-0.806293
-0.807293
-0.809522
-0.81231
-0.81575
-0.819618
-0.823563
-0.82713
-0.829844
-0.831313
-0.831312
-0.829841
-0.827126
-0.823557
-0.819611
-0.815741
-0.8123
-0.809509
-0.807278
-0.806276
-0.807861
-0.808846
-0.812012
-0.815642
-0.820299
-0.82561
-0.831064
-0.836011
-0.839779
-0.841818
-0.841817
-0.839776
-0.836007
-0.831058
-0.825603
-0.820291
-0.81563
-0.811996
-0.808829
-0.807836
-0.808495
-0.808923
-0.813597
-0.818204
-0.824546
-0.83187
-0.839431
-0.8463
-0.851531
-0.854358
-0.854357
-0.851528
-0.846296
-0.839426
-0.831863
-0.824537
-0.818191
-0.813579
-0.808902
-0.808459
-0.806949
-0.806929
-0.813866
-0.81962
-0.828362
-0.838521
-0.849026
-0.858566
-0.86582
-0.869733
-0.869732
-0.865818
-0.858562
-0.849021
-0.838514
-0.828353
-0.819607
-0.813846
-0.806901
-0.806913
-0.79845
-0.801051
-0.811877
-0.819396
-0.831632
-0.845784
-0.860387
-0.873622
-0.883662
-0.88906
-0.889059
-0.883659
-0.873617
-0.860381
-0.845776
-0.831624
-0.819383
-0.811859
-0.801013
-0.798604
-0.801904
-0.790937
-0.807993
-0.817344
-0.834388
-0.85405
-0.87431
-0.892626
-0.90648
-0.913896
-0.913894
-0.906475
-0.89262
-0.874303
-0.854042
-0.83438
-0.817333
-0.807982
-0.790907
-0.801872
-0.804699
-0.772197
-0.80056
-0.812885
-0.836657
-0.863906
-0.891947
-0.917224
-0.936269
-0.946411
-0.946408
-0.936263
-0.917215
-0.891937
-0.863898
-0.836651
-0.812878
-0.800559
-0.772163
-0.804639
-0.682204
-0.736319
-0.7846
-0.806069
-0.838781
-0.87625
-0.914948
-0.949739
-0.975828
-0.989629
-0.989626
-0.975818
-0.949726
-0.914934
-0.876241
-0.838779
-0.806069
-0.78463
-0.736286
-0.682264
-0.731938
-0.682327
-0.683722
-0.800664
-0.842352
-0.892456
-0.945665
-0.993458
-1.02907
-1.04776
-1.04776
-1.02906
-0.993438
-0.945645
-0.892444
-0.84235
-0.800636
-0.683391
-0.682
-0.731781
-0.68947
-0.69722
-0.687488
-0.730162
-0.845012
-0.912318
-0.986981
-1.05292
-1.10144
-1.12666
-1.12666
-1.10142
-1.05289
-0.986951
-0.912303
-0.845042
-0.730056
-0.687361
-0.697014
-0.689289
-0.633532
-0.640933
-0.675157
-0.718982
-0.801281
-0.935866
-1.04338
-1.13466
-1.20059
-1.23442
-1.23441
-1.20056
-1.13462
-1.04332
-0.935845
-0.801012
-0.718901
-0.674885
-0.640706
-0.633325
-0.556781
-0.566275
-0.621255
-0.724046
-0.796257
-0.96683
-1.12344
-1.24825
-1.33709
-1.38212
-1.38211
-1.33705
-1.24817
-1.12331
-0.966686
-0.796148
-0.723832
-0.621018
-0.566048
-0.556562
-0.44436
-0.457169
-0.537925
-0.678415
-0.861734
-1.00009
-1.24245
-1.40808
-1.52559
-1.58474
-1.58473
-1.52555
-1.40799
-1.24228
-0.999751
-0.861603
-0.678212
-0.537704
-0.456944
-0.444137
-0.278002
-0.297578
-0.416652
-0.617268
-0.87354
-1.14264
-1.39725
-1.62978
-1.78372
-1.86141
-1.86139
-1.78367
-1.62972
-1.39697
-1.14239
-0.873354
-0.617061
-0.41643
-0.297351
-0.277775
-0.0408261
-0.0725124
-0.246413
-0.536992
-0.897463
-1.27943
-1.63158
-1.92791
-2.13374
-2.23609
-2.23608
-2.13369
-1.92781
-1.63137
-1.27928
-0.897267
-0.536776
-0.246185
-0.0722774
-0.0405896
0.304446
0.238533
-0.0131316
-0.430834
-0.937465
-1.46471
-1.94744
-2.33369
-2.60424
-2.73861
-2.73859
-2.60416
-2.33354
-1.94729
-1.46452
-0.937256
-0.430606
-0.0128909
0.23878
0.304694
0.806015
0.682124
0.307511
-0.278701
-0.987774
-1.71647
-2.3702
-2.87963
-3.22712
-3.40273
-3.40271
-3.22699
-2.87947
-2.37001
-1.71626
-0.987541
-0.278452
0.307767
0.682384
0.806275
1.52956
1.32559
0.781733
-0.0245372
-1.02009
-2.03912
-2.92898
-3.59276
-4.03628
-4.26375
-4.26372
-4.03611
-3.59256
-2.92875
-2.03887
-1.01982
-0.0242598
0.78201
1.32586
1.52983
2.5582
2.27253
1.5065
0.458111
-0.960556
-2.4257
-3.64976
-4.51776
-5.06814
-5.36076
-5.3607
-5.06795
-4.5175
-3.64948
-2.42541
-0.960257
0.458427
1.50679
2.27282
2.55849
3.98514
3.65578
2.67772
1.02417
-0.641063
-2.84568
-4.57644
-5.73042
-6.37517
-6.76321
-6.76312
-6.3749
-5.73006
-4.5761
-2.84535
-0.640748
1.02448
2.67801
3.65607
3.98544
5.62666
5.51122
4.8067
3.11493
0.354552
-3.05101
-5.7791
-7.55051
-8.09759
-8.64497
-8.64486
-8.09716
-7.54994
-5.77869
-3.05064
0.354863
3.1151
4.80694
5.51149
5.62699
7.02785
6.83542
6.26973
3.93559
0.737143
-3.14787
-7.76944
-10.8217
-11.9165
-13.7397
-13.7397
-11.9156
-10.8207
-7.76905
-3.14749
0.737435
3.93576
6.26997
6.83574
7.02826
8.77795
11.5826
13.0725
13.5176
3.16361
-17.8075
-22.7875
-10.1513
-1.18496
1.55939
1.55932
-1.18504
-10.1515
-22.7878
-17.8068
3.16461
13.5175
13.0726
11.5828
8.7785
6.46472
8.48444
5.16078
-15.8034
-25.0823
-5.19842
0.0495095
0.0202108
0.0475876
0.0764698
0.076469
0.0475838
0.0202074
0.0494885
-5.19902
-25.0826
-15.8032
5.16151
8.48478
6.46546
-1.49588
6.67374
-17.0439
-6.15192
-0.104668
-0.0170906
0.00886717
0.0346391
0.0523089
0.0626827
0.0626817
0.0523052
0.0346339
0.00886005
-0.0170998
-0.104712
-6.15271
-17.0433
6.67512
-1.49418
7.33073
1.24512
1.31127
0.197747
0.156031
0.110218
0.0693109
0.0504978
0.0520883
0.0550916
0.0550908
0.0520859
0.0504945
0.0693077
0.110217
0.156032
0.197773
1.31133
1.24532
7.33166
-2.78052
-2.86544
-0.502032
-0.158888
0.0163658
0.0370803
0.0422018
0.0416964
0.0468614
0.0493887
0.0493881
0.0468597
0.0416933
0.0421982
0.0370774
0.0163622
-0.158896
-0.50205
-2.86563
-2.78053
0.895522
-0.359463
0.0572111
0.024421
0.0289967
0.0356701
0.0403247
0.0429155
0.0448322
0.0462548
0.0462546
0.0448316
0.0429151
0.0403235
0.0356693
0.0289972
0.024425
0.0572156
-0.359476
0.895583
0.200752
-0.153609
0.0140483
-0.0066916
0.0254379
0.0350785
0.0392226
0.0415791
0.043343
0.0443892
0.0443891
0.0433428
0.0415791
0.0392223
0.0350783
0.0254379
-0.00669134
0.0140472
-0.153622
0.200743
0.214204
0.0277801
0.0462782
0.0369419
0.0376334
0.0385703
0.0401201
0.0415589
0.0428074
0.0435513
0.0435513
0.0428073
0.0415589
0.0401201
0.0385703
0.0376337
0.0369424
0.0462787
0.0277811
0.21421
0.13459
0.050253
0.0483788
0.0428053
0.0413901
0.0408802
0.0413243
0.042114
0.0428987
0.0433928
0.0433927
0.0428986
0.0421137
0.0413241
0.0408802
0.0413903
0.0428055
0.0483792
0.0502541
0.134594
0.0812204
0.0522215
0.0489831
0.045135
0.043257
0.0424562
0.0424335
0.0427847
0.0432209
0.0435274
0.0435273
0.0432206
0.0427843
0.0424331
0.0424561
0.0432572
0.0451354
0.0489837
0.0522224
0.0812224
0.0590534
0.0493945
0.0477274
0.0455497
0.0441289
0.0434097
0.0432175
0.0433167
0.0435205
0.0436917
0.0436915
0.0435201
0.0433161
0.043217
0.0434096
0.0441291
0.0455501
0.0477279
0.0493951
0.0590543
0.0498214
0.0468407
0.0462607
0.0452024
0.0443428
0.0438331
0.0436332
0.0436297
0.0437124
0.0438033
0.043803
0.0437117
0.0436289
0.0436328
0.0438331
0.044343
0.0452027
0.046261
0.0468411
0.0498219
0.0456725
0.0450892
0.0450669
0.0446349
0.0441887
0.0438864
0.0437452
0.0437223
0.0437602
0.0438162
0.0438159
0.0437594
0.0437215
0.0437448
0.0438863
0.0441888
0.044635
0.045067
0.0450895
0.0456728
0.0438309
0.0439838
0.0441871
0.0440731
0.0438818
0.0437332
0.043658
0.0436458
0.0436708
0.0437068
0.0437065
0.04367
0.0436451
0.0436574
0.0437328
0.0438816
0.044073
0.0441871
0.0439839
0.0438311
0.0430124
0.0433187
0.0435646
0.0435921
0.0435404
0.0434885
0.0434642
0.0434671
0.0434981
0.0435142
0.0435141
0.0434976
0.0434662
0.0434633
0.0434878
0.0435399
0.0435918
0.0435644
0.0433186
0.0430123
0.0426341
0.0429101
0.043124
0.0432008
0.0432161
0.0432174
0.0432247
0.0432408
0.0432758
0.0432836
0.0432835
0.0432754
0.04324
0.0432237
0.0432165
0.0432154
0.0432003
0.0431236
0.0429097
0.0426337
0.0424348
0.0426379
0.0428002
0.0428831
0.0429241
0.0429502
0.0429734
0.0429971
0.0430237
0.0430377
0.0430375
0.0430234
0.0429965
0.0429726
0.0429494
0.0429236
0.0428826
0.0427997
0.0426373
0.0424341
0.042298
0.0424328
0.0425464
0.0426177
0.0426635
0.0426974
0.0427263
0.0427521
0.0427741
0.0427883
0.0427881
0.0427737
0.0427517
0.0427259
0.042697
0.0426631
0.0426172
0.0425459
0.0424321
0.0422972
0.0421737
0.0422566
0.0423312
0.042386
0.0424269
0.0424599
0.0424885
0.0425131
0.0425326
0.0425441
0.0425439
0.0425324
0.042513
0.0424886
0.04246
0.0424268
0.0423857
0.0423307
0.0422558
0.0421728
0.0420418
0.0420889
0.042135
0.042174
0.0422068
0.0422351
0.0422602
0.0422816
0.042298
0.0423072
0.0423072
0.042298
0.0422818
0.0422606
0.0422355
0.042207
0.0421739
0.0421345
0.0420881
0.0420409
0.0418961
0.0419199
0.0419465
0.0419726
0.041997
0.0420194
0.0420398
0.0420572
0.0420704
0.0420777
0.0420777
0.0420706
0.0420576
0.0420402
0.0420198
0.0419971
0.0419723
0.0419459
0.041919
0.0418951
0.0417361
0.0417456
0.0417594
0.0417759
0.0417928
0.0418095
0.0418251
0.0418387
0.0418488
0.0418544
0.0418545
0.0418492
0.0418391
0.0418255
0.0418096
0.0417926
0.0417752
0.0417585
0.0417444
0.0417348
0.0415634
0.0415649
0.0415705
0.0415801
0.0415913
0.041603
0.0416144
0.0416244
0.041632
0.0416363
0.0416365
0.0416325
0.0416249
0.0416145
0.0416028
0.0415906
0.0415791
0.0415693
0.0415634
0.0415618
0.0413806
0.0413777
0.0413785
0.0413834
0.0413905
0.0413983
0.0414062
0.0414134
0.041419
0.0414221
0.0414223
0.0414193
0.0414136
0.041406
0.0413976
0.0413894
0.0413822
0.0413772
0.0413762
0.0413788
0.0411899
0.0411851
0.0411833
0.0411852
0.0411893
0.0411943
0.0411996
0.0412046
0.0412085
0.0412108
0.0412108
0.0412085
0.0412043
0.041199
0.0411933
0.0411881
0.0411839
0.041182
0.0411836
0.0411883
0.0409936
0.0409882
0.0409852
0.0409853
0.0409873
0.0409903
0.0409937
0.040997
0.0409997
0.0410012
0.0410011
0.0409994
0.0409965
0.040993
0.0409894
0.0409862
0.0409842
0.040984
0.0409868
0.040992
0.0407932
0.0407881
0.0407847
0.0407837
0.0407843
0.0407859
0.0407879
0.04079
0.0407918
0.0407927
0.0407926
0.0407915
0.0407897
0.0407875
0.0407854
0.0407836
0.0407828
0.0407835
0.0407866
0.0407916
0.0405901
0.0405856
0.0405822
0.0405807
0.0405804
0.0405809
0.040582
0.0405833
0.0405844
0.0405849
0.0405849
0.0405844
0.0405833
0.0405821
0.0405809
0.04058
0.0405799
0.0405809
0.040584
0.0405884
0.0403852
0.0403813
0.0403782
0.0403763
0.0403755
0.0403755
0.0403759
0.0403766
0.0403772
0.0403776
0.0403777
0.0403775
0.0403771
0.0403765
0.0403758
0.0403754
0.0403756
0.0403768
0.0403796
0.0403834
0.0401789
0.0401756
0.0401728
0.040171
0.0401699
0.0401695
0.0401695
0.0401698
0.0401701
0.0401704
0.0401706
0.0401707
0.0401706
0.0401703
0.04017
0.0401699
0.0401703
0.0401716
0.040174
0.0401772
0.0399716
0.0399689
0.0399665
0.0399649
0.0399638
0.0399631
0.0399629
0.0399629
0.0399631
0.0399634
0.0399636
0.0399638
0.0399638
0.0399637
0.0399636
0.0399638
0.0399644
0.0399656
0.0399677
0.0399703
0.0397638
0.0397617
0.0397597
0.0397583
0.0397573
0.0397566
0.0397563
0.0397561
0.0397562
0.0397564
0.0397566
0.0397567
0.0397568
0.0397568
0.0397569
0.0397572
0.0397579
0.0397591
0.0397609
0.0397629
0.0395558
0.0395542
0.0395526
0.0395515
0.0395506
0.03955
0.0395496
0.0395494
0.0395494
0.0395494
0.0395495
0.0395496
0.0395496
0.0395496
0.0395498
0.0395503
0.0395511
0.0395522
0.0395537
0.0395552
0.0393477
0.0393465
0.0393453
0.0393444
0.0393437
0.0393432
0.0393428
0.0393426
0.0393425
0.0393425
0.0393424
0.0393423
0.0393422
0.0393423
0.0393426
0.0393431
0.0393439
0.0393449
0.0393461
0.0393472
0.0391396
0.0391387
0.0391378
0.0391371
0.0391366
0.0391362
0.0391359
0.0391357
0.0391355
0.0391353
0.0391351
0.0391349
0.0391348
0.0391349
0.0391352
0.0391357
0.0391365
0.0391373
0.0391382
0.039139
0.0389312
0.0389306
0.0389299
0.0389295
0.0389292
0.038929
0.0389288
0.0389286
0.0389283
0.038928
0.0389277
0.0389274
0.0389273
0.0389274
0.0389277
0.0389282
0.0389288
0.0389294
0.0389301
0.0389307
0.0387229
0.0387224
0.038722
0.0387218
0.0387217
0.0387216
0.0387215
0.0387213
0.038721
0.0387206
0.0387203
0.03872
0.0387199
0.03872
0.0387202
0.0387206
0.038721
0.0387215
0.038722
0.0387224
0.0385147
0.0385144
0.0385142
0.0385142
0.0385142
0.0385142
0.0385141
0.0385139
0.0385136
0.0385132
0.0385128
0.0385126
0.0385125
0.0385125
0.0385127
0.0385129
0.0385132
0.0385135
0.0385139
0.0385143
0.0383068
0.0383067
0.0383066
0.0383067
0.0383067
0.0383067
0.0383066
0.0383063
0.038306
0.0383057
0.0383054
0.0383052
0.0383051
0.0383051
0.0383052
0.0383053
0.0383055
0.0383057
0.038306
0.0383063
0.0380992
0.0380991
0.0380992
0.0380992
0.0380992
0.0380991
0.0380989
0.0380986
0.0380983
0.0380981
0.0380979
0.0380978
0.0380977
0.0380977
0.0380977
0.0380978
0.0380979
0.0380981
0.0380983
0.0380985
0.0378917
0.0378916
0.0378916
0.0378916
0.0378915
0.0378913
0.037891
0.0378908
0.0378905
0.0378903
0.0378902
0.0378902
0.0378902
0.0378902
0.0378902
0.0378903
0.0378904
0.0378906
0.0378908
0.037891
0.0376841
0.037684
0.0376839
0.0376838
0.0376835
0.0376832
0.037683
0.0376827
0.0376826
0.0376825
0.0376825
0.0376825
0.0376825
0.0376826
0.0376827
0.0376828
0.037683
0.0376831
0.0376833
0.0376835
0.0374763
0.0374762
0.037476
0.0374757
0.0374754
0.0374751
0.0374749
0.0374747
0.0374746
0.0374746
0.0374746
0.0374747
0.0374748
0.0374749
0.0374751
0.0374753
0.0374755
0.0374757
0.0374759
0.037476
0.0372683
0.0372682
0.037268
0.0372677
0.0372673
0.037267
0.0372668
0.0372667
0.0372666
0.0372666
0.0372667
0.0372668
0.0372669
0.0372672
0.0372674
0.0372677
0.037268
0.0372682
0.0372683
0.0372684
0.0370604
0.0370602
0.03706
0.0370597
0.0370594
0.0370591
0.0370589
0.0370588
0.0370587
0.0370587
0.0370587
0.0370589
0.0370591
0.0370594
0.0370597
0.03706
0.0370603
0.0370605
0.0370607
0.0370607
0.0368525
0.0368524
0.0368522
0.0368519
0.0368517
0.0368514
0.0368512
0.0368511
0.0368509
0.0368509
0.0368509
0.0368511
0.0368513
0.0368516
0.0368519
0.0368523
0.0368526
0.0368527
0.0368528
0.0368528
0.0366447
0.0366447
0.0366445
0.0366444
0.0366441
0.0366439
0.0366436
0.0366434
0.0366433
0.0366432
0.0366432
0.0366433
0.0366435
0.0366438
0.0366441
0.0366444
0.0366447
0.0366448
0.0366449
0.0366449
0.0364371
0.036437
0.036437
0.0364368
0.0364366
0.0364363
0.0364361
0.0364358
0.0364356
0.0364356
0.0364356
0.0364357
0.0364359
0.0364361
0.0364363
0.0364365
0.0364367
0.0364368
0.0364368
0.0364368
0.0362293
0.0362294
0.0362293
0.0362292
0.0362289
0.0362287
0.0362284
0.0362282
0.036228
0.036228
0.036228
0.0362281
0.0362282
0.0362283
0.0362285
0.0362286
0.0362286
0.0362287
0.0362287
0.0362287
0.0360214
0.0360215
0.0360214
0.0360212
0.036021
0.0360208
0.0360206
0.0360205
0.0360204
0.0360204
0.0360204
0.0360205
0.0360205
0.0360206
0.0360206
0.0360206
0.0360206
0.0360206
0.0360206
0.0360206
0.0358133
0.0358133
0.0358132
0.035813
0.0358129
0.0358128
0.0358127
0.0358127
0.0358127
0.0358128
0.0358128
0.0358129
0.0358129
0.0358128
0.0358128
0.0358127
0.0358126
0.0358126
0.0358126
0.0358126
0.0356049
0.0356048
0.0356048
0.0356047
0.0356047
0.0356047
0.0356048
0.0356049
0.035605
0.0356051
0.0356052
0.0356052
0.0356052
0.0356051
0.035605
0.0356048
0.0356048
0.0356047
0.0356047
0.0356047
0.0353965
0.0353964
0.0353963
0.0353964
0.0353965
0.0353967
0.0353969
0.0353971
0.0353973
0.0353975
0.0353975
0.0353975
0.0353975
0.0353974
0.0353972
0.0353971
0.035397
0.035397
0.035397
0.035397
0.0351882
0.0351881
0.0351881
0.0351883
0.0351885
0.0351888
0.0351891
0.0351894
0.0351896
0.0351898
0.0351899
0.0351899
0.0351898
0.0351897
0.0351896
0.0351895
0.0351894
0.0351894
0.0351894
0.0351895
0.0349802
0.0349802
0.0349803
0.0349805
0.0349808
0.0349812
0.0349815
0.0349818
0.034982
0.0349821
0.0349822
0.0349822
0.0349822
0.0349821
0.034982
0.034982
0.034982
0.034982
0.034982
0.034982
0.0347725
0.0347726
0.0347727
0.034773
0.0347733
0.0347736
0.0347739
0.0347742
0.0347744
0.0347745
0.0347746
0.0347746
0.0347746
0.0347746
0.0347746
0.0347746
0.0347746
0.0347746
0.0347746
0.0347747
0.0345651
0.0345652
0.0345654
0.0345657
0.034566
0.0345662
0.0345664
0.0345666
0.0345667
0.0345668
0.0345669
0.034567
0.034567
0.0345671
0.0345671
0.0345672
0.0345672
0.0345672
0.0345673
0.0345673
0.0343579
0.034358
0.0343582
0.0343584
0.0343586
0.0343587
0.0343589
0.034359
0.0343591
0.0343591
0.0343592
0.0343593
0.0343594
0.0343595
0.0343596
0.0343597
0.0343598
0.0343598
0.0343598
0.0343598
0.0341506
0.0341507
0.0341509
0.034151
0.0341511
0.0341511
0.0341512
0.0341512
0.0341513
0.0341514
0.0341515
0.0341516
0.0341518
0.0341519
0.0341521
0.0341522
0.0341523
0.0341523
0.0341523
0.0341523
0.0339432
0.0339432
0.0339433
0.0339433
0.0339433
0.0339433
0.0339433
0.0339434
0.0339435
0.0339436
0.0339437
0.0339439
0.0339441
0.0339442
0.0339444
0.0339445
0.0339446
0.0339447
0.0339447
0.0339447
0.0337355
0.0337355
0.0337355
0.0337355
0.0337354
0.0337354
0.0337354
0.0337355
0.0337356
0.0337357
0.0337359
0.0337361
0.0337363
0.0337365
0.0337366
0.0337368
0.0337369
0.0337369
0.0337369
0.0337369
0.0335276
0.0335276
0.0335276
0.0335275
0.0335275
0.0335275
0.0335275
0.0335276
0.0335277
0.0335278
0.033528
0.0335282
0.0335284
0.0335286
0.0335288
0.0335289
0.033529
0.033529
0.033529
0.033529
0.0333197
0.0333197
0.0333196
0.0333196
0.0333196
0.0333196
0.0333196
0.0333197
0.0333199
0.03332
0.0333202
0.0333204
0.0333206
0.0333207
0.0333209
0.033321
0.0333211
0.0333211
0.0333211
0.0333211
0.0331118
0.0331118
0.0331117
0.0331117
0.0331118
0.0331118
0.0331119
0.033112
0.0331121
0.0331123
0.0331124
0.0331126
0.0331127
0.0331128
0.0331129
0.033113
0.0331131
0.0331131
0.0331131
0.0331131
0.0329041
0.0329041
0.032904
0.0329041
0.0329041
0.0329042
0.0329043
0.0329044
0.0329045
0.0329046
0.0329047
0.0329048
0.0329049
0.0329049
0.032905
0.032905
0.0329051
0.0329051
0.0329051
0.0329051
0.0326965
0.0326965
0.0326965
0.0326966
0.0326966
0.0326967
0.0326968
0.0326968
0.0326969
0.0326969
0.032697
0.032697
0.032697
0.0326971
0.0326971
0.0326971
0.0326971
0.0326971
0.0326971
0.032697
0.032489
0.0324891
0.0324891
0.0324892
0.0324892
0.0324893
0.0324893
0.0324893
0.0324893
0.0324893
0.0324893
0.0324893
0.0324892
0.0324892
0.0324892
0.0324891
0.0324891
0.0324891
0.032489
0.032489
0.0322816
0.0322817
0.0322818
0.0322818
0.0322818
0.0322818
0.0322818
0.0322818
0.0322817
0.0322817
0.0322816
0.0322815
0.0322814
0.0322813
0.0322812
0.0322812
0.0322811
0.0322811
0.032281
0.032281
0.0320742
0.0320743
0.0320743
0.0320743
0.0320743
0.0320743
0.0320742
0.0320741
0.032074
0.0320739
0.0320738
0.0320736
0.0320735
0.0320734
0.0320733
0.0320732
0.0320731
0.0320731
0.0320731
0.032073
0.0318666
0.0318667
0.0318667
0.0318667
0.0318666
0.0318665
0.0318664
0.0318663
0.0318662
0.031866
0.0318658
0.0318657
0.0318656
0.0318654
0.0318653
0.0318652
0.0318651
0.0318651
0.0318651
0.0318651
0.0316589
0.0316589
0.0316589
0.0316588
0.0316587
0.0316586
0.0316585
0.0316583
0.0316582
0.031658
0.0316578
0.0316577
0.0316575
0.0316574
0.0316573
0.0316572
0.0316571
0.0316571
0.0316571
0.0316571
0.0314509
0.0314509
0.0314509
0.0314508
0.0314507
0.0314505
0.0314504
0.0314502
0.0314501
0.0314499
0.0314498
0.0314496
0.0314495
0.0314494
0.0314493
0.0314492
0.0314492
0.0314491
0.0314491
0.0314491
0.0312428
0.0312428
0.0312427
0.0312426
0.0312425
0.0312423
0.0312422
0.031242
0.0312419
0.0312418
0.0312416
0.0312415
0.0312414
0.0312413
0.0312413
0.0312412
0.0312412
0.0312412
0.0312412
0.0312412
0.0310346
0.0310346
0.0310345
0.0310343
0.0310342
0.0310341
0.031034
0.0310338
0.0310337
0.0310336
0.0310336
0.0310335
0.0310334
0.0310334
0.0310333
0.0310333
0.0310333
0.0310333
0.0310334
0.0310334
0.0308264
0.0308263
0.0308262
0.0308261
0.030826
0.0308259
0.0308258
0.0308257
0.0308256
0.0308256
0.0308255
0.0308255
0.0308255
0.0308255
0.0308255
0.0308255
0.0308255
0.0308256
0.0308256
0.0308257
0.0306183
0.0306182
0.0306181
0.030618
0.0306179
0.0306178
0.0306178
0.0306177
0.0306177
0.0306177
0.0306177
0.0306177
0.0306177
0.0306177
0.0306177
0.0306178
0.0306178
0.0306179
0.030618
0.030618
0.0304104
0.0304103
0.0304102
0.0304101
0.03041
0.03041
0.0304099
0.0304099
0.0304099
0.0304099
0.03041
0.03041
0.03041
0.0304101
0.0304101
0.0304102
0.0304103
0.0304104
0.0304104
0.0304105
0.0302027
0.0302026
0.0302025
0.0302024
0.0302024
0.0302023
0.0302023
0.0302023
0.0302024
0.0302024
0.0302025
0.0302025
0.0302026
0.0302026
0.0302027
0.0302028
0.0302029
0.030203
0.030203
0.0302031
0.0299952
0.0299951
0.029995
0.029995
0.0299949
0.0299949
0.0299949
0.029995
0.029995
0.0299951
0.0299951
0.0299952
0.0299953
0.0299954
0.0299954
0.0299955
0.0299956
0.0299957
0.0299958
0.0299959
0.0297879
0.0297878
0.0297878
0.0297878
0.0297877
0.0297877
0.0297878
0.0297878
0.0297878
0.0297879
0.029788
0.0297881
0.0297881
0.0297882
0.0297883
0.0297884
0.0297885
0.0297886
0.0297886
0.0297887
0.0295808
0.0295808
0.0295808
0.0295807
0.0295807
0.0295807
0.0295808
0.0295808
0.0295809
0.0295809
0.029581
0.0295811
0.0295811
0.0295812
0.0295813
0.0295814
0.0295815
0.0295815
0.0295816
0.0295816
0.0293739
0.0293739
0.0293739
0.0293739
0.0293739
0.0293739
0.0293739
0.0293739
0.029374
0.029374
0.0293741
0.0293742
0.0293743
0.0293743
0.0293744
0.0293745
0.0293745
0.0293746
0.0293746
0.0293747
0.0291671
0.0291671
0.0291671
0.0291671
0.0291671
0.0291671
0.0291671
0.0291672
0.0291672
0.0291673
0.0291673
0.0291674
0.0291674
0.0291675
0.0291675
0.0291676
0.0291676
0.0291677
0.0291677
0.0291677
0.0289603
0.0289603
0.0289603
0.0289603
0.0289604
0.0289604
0.0289604
0.0289604
0.0289605
0.0289605
0.0289605
0.0289606
0.0289606
0.0289607
0.0289607
0.0289608
0.0289608
0.0289608
0.0289608
0.0289608
0.0287535
0.0287536
0.0287536
0.0287536
0.0287536
0.0287536
0.0287536
0.0287537
0.0287537
0.0287537
0.0287538
0.0287538
0.0287538
0.0287539
0.0287539
0.0287539
0.0287539
0.0287539
0.0287539
0.0287539
0.0285468
0.0285468
0.0285468
0.0285468
0.0285468
0.0285469
0.0285469
0.0285469
0.0285469
0.0285469
0.0285469
0.028547
0.028547
0.028547
0.028547
0.028547
0.028547
0.028547
0.028547
0.028547
0.0283399
0.0283399
0.02834
0.02834
0.02834
0.02834
0.02834
0.0283401
0.0283401
0.0283401
0.0283401
0.0283401
0.0283401
0.0283401
0.0283401
0.0283401
0.0283401
0.0283401
0.0283401
0.0283401
0.028133
0.028133
0.0281331
0.0281331
0.0281331
0.0281331
0.0281331
0.0281331
0.0281331
0.0281332
0.0281332
0.0281332
0.0281332
0.0281332
0.0281332
0.0281332
0.0281332
0.0281331
0.0281331
0.0281331
0.027926
0.027926
0.0279261
0.0279261
0.0279261
0.0279261
0.0279262
0.0279262
0.0279262
0.0279262
0.0279262
0.0279262
0.0279262
0.0279262
0.0279262
0.0279261
0.0279261
0.0279261
0.0279261
0.027926
0.0277189
0.027719
0.027719
0.027719
0.027719
0.0277191
0.0277191
0.0277191
0.0277191
0.0277191
0.0277191
0.0277191
0.0277191
0.0277191
0.0277191
0.027719
0.027719
0.027719
0.0277189
0.0277189
0.0275118
0.0275118
0.0275118
0.0275118
0.0275119
0.0275119
0.0275119
0.0275119
0.0275119
0.0275119
0.0275119
0.0275119
0.0275119
0.0275119
0.0275119
0.0275119
0.0275118
0.0275118
0.0275118
0.0275117
0.0273045
0.0273045
0.0273046
0.0273046
0.0273046
0.0273047
0.0273047
0.0273047
0.0273047
0.0273047
0.0273047
0.0273047
0.0273047
0.0273047
0.0273046
0.0273046
0.0273046
0.0273046
0.0273045
0.0273045
0.0270972
0.0270972
0.0270973
0.0270973
0.0270973
0.0270974
0.0270974
0.0270974
0.0270974
0.0270974
0.0270974
0.0270974
0.0270974
0.0270973
0.0270973
0.0270973
0.0270973
0.0270973
0.0270972
0.0270972
0.0268898
0.0268898
0.0268899
0.0268899
0.02689
0.02689
0.02689
0.02689
0.02689
0.02689
0.02689
0.02689
0.02689
0.02689
0.02689
0.0268899
0.0268899
0.0268899
0.0268899
0.0268899
0.0266824
0.0266824
0.0266825
0.0266825
0.0266825
0.0266825
0.0266826
0.0266826
0.0266826
0.0266826
0.0266826
0.0266826
0.0266826
0.0266826
0.0266825
0.0266825
0.0266825
0.0266825
0.0266825
0.0266825
0.026475
0.026475
0.026475
0.026475
0.026475
0.0264751
0.0264751
0.0264751
0.0264751
0.0264751
0.0264751
0.0264751
0.0264751
0.0264751
0.0264751
0.0264751
0.0264751
0.0264751
0.026475
0.026475
0.0262675
0.0262675
0.0262675
0.0262675
0.0262675
0.0262676
0.0262676
0.0262676
0.0262676
0.0262676
0.0262676
0.0262676
0.0262676
0.0262676
0.0262676
0.0262676
0.0262676
0.0262676
0.0262676
0.0262676
0.02606
0.02606
0.02606
0.02606
0.02606
0.0260601
0.0260601
0.0260601
0.0260601
0.0260601
0.0260601
0.0260601
0.0260601
0.0260601
0.0260601
0.0260601
0.0260601
0.0260601
0.0260601
0.02606
0.0258524
0.0258524
0.0258524
0.0258525
0.0258525
0.0258525
0.0258525
0.0258526
0.0258526
0.0258526
0.0258526
0.0258526
0.0258525
0.0258525
0.0258525
0.0258525
0.0258525
0.0258525
0.0258525
0.0258525
0.0256449
0.0256449
0.0256449
0.0256449
0.0256449
0.025645
0.025645
0.025645
0.025645
0.025645
0.025645
0.025645
0.025645
0.025645
0.025645
0.0256449
0.0256449
0.0256449
0.0256449
0.0256449
0.0254373
0.0254373
0.0254374
0.0254374
0.0254374
0.0254374
0.0254374
0.0254374
0.0254375
0.0254375
0.0254374
0.0254374
0.0254374
0.0254374
0.0254374
0.0254374
0.0254374
0.0254374
0.0254374
0.0254373
0.0252298
0.0252298
0.0252298
0.0252298
0.0252298
0.0252298
0.0252299
0.0252299
0.0252299
0.0252299
0.0252299
0.0252298
0.0252298
0.0252298
0.0252298
0.0252298
0.0252298
0.0252298
0.0252298
0.0252297
0.0250222
0.0250222
0.0250222
0.0250222
0.0250223
0.0250223
0.0250223
0.0250223
0.0250223
0.0250223
0.0250223
0.0250223
0.0250222
0.0250222
0.0250222
0.0250222
0.0250222
0.0250222
0.0250221
0.0250221
0.0248147
0.0248147
0.0248147
0.0248147
0.0248147
0.0248147
0.0248147
0.0248147
0.0248147
0.0248147
0.0248147
0.0248147
0.0248146
0.0248146
0.0248146
0.0248146
0.0248146
0.0248146
0.0248145
0.0248145
0.0246071
0.0246071
0.0246071
0.0246071
0.0246071
0.0246071
0.0246071
0.0246071
0.0246071
0.0246071
0.0246071
0.024607
0.024607
0.024607
0.024607
0.024607
0.024607
0.0246069
0.0246069
0.0246069
0.0243995
0.0243995
0.0243995
0.0243995
0.0243995
0.0243995
0.0243995
0.0243995
0.0243995
0.0243995
0.0243995
0.0243994
0.0243994
0.0243994
0.0243994
0.0243994
0.0243993
0.0243993
0.0243993
0.0243993
0.024192
0.024192
0.024192
0.024192
0.024192
0.0241919
0.0241919
0.0241919
0.0241919
0.0241919
0.0241918
0.0241918
0.0241918
0.0241918
0.0241918
0.0241917
0.0241917
0.0241917
0.0241917
0.0241917
0.0239844
0.0239844
0.0239844
0.0239844
0.0239844
0.0239843
0.0239843
0.0239843
0.0239843
0.0239843
0.0239842
0.0239842
0.0239842
0.0239842
0.0239841
0.0239841
0.0239841
0.0239841
0.0239841
0.023984
0.0237768
0.0237768
0.0237768
0.0237768
0.0237768
0.0237767
0.0237767
0.0237767
0.0237767
0.0237766
0.0237766
0.0237766
0.0237766
0.0237766
0.0237765
0.0237765
0.0237765
0.0237764
0.0237764
0.0237764
0.0235691
0.0235691
0.0235691
0.0235691
0.0235691
0.0235691
0.0235691
0.0235691
0.023569
0.023569
0.023569
0.023569
0.023569
0.0235689
0.0235689
0.0235689
0.0235688
0.0235688
0.0235688
0.0235688
0.0233615
0.0233615
0.0233615
0.0233615
0.0233615
0.0233615
0.0233615
0.0233614
0.0233614
0.0233614
0.0233614
0.0233614
0.0233613
0.0233613
0.0233613
0.0233613
0.0233612
0.0233612
0.0233612
0.0233612
0.0231539
0.0231539
0.0231539
0.0231539
0.0231539
0.0231538
0.0231538
0.0231538
0.0231538
0.0231538
0.0231538
0.0231537
0.0231537
0.0231537
0.0231537
0.0231536
0.0231536
0.0231536
0.0231536
0.0231536
0.0229463
0.0229463
0.0229463
0.0229462
0.0229462
0.0229462
0.0229462
0.0229462
0.0229462
0.0229461
0.0229461
0.0229461
0.0229461
0.0229461
0.0229461
0.022946
0.022946
0.022946
0.022946
0.022946
0.0227386
0.0227386
0.0227386
0.0227386
0.0227386
0.0227385
0.0227385
0.0227385
0.0227385
0.0227385
0.0227385
0.0227385
0.0227385
0.0227385
0.0227384
0.0227384
0.0227384
0.0227384
0.0227384
0.0227384
0.022531
0.022531
0.022531
0.0225309
0.0225309
0.0225309
0.0225309
0.0225309
0.0225309
0.0225309
0.0225309
0.0225309
0.0225309
0.0225308
0.0225308
0.0225308
0.0225308
0.0225308
0.0225308
0.0225308
0.0223233
0.0223233
0.0223233
0.0223233
0.0223233
0.0223233
0.0223233
0.0223233
0.0223233
0.0223232
0.0223232
0.0223232
0.0223232
0.0223232
0.0223232
0.0223232
0.0223232
0.0223232
0.0223232
0.0223232
0.0221157
0.0221156
0.0221156
0.0221156
0.0221156
0.0221156
0.0221156
0.0221156
0.0221156
0.0221156
0.0221156
0.0221156
0.0221156
0.0221156
0.0221156
0.0221156
0.0221156
0.0221156
0.0221156
0.0221156
0.021908
0.021908
0.021908
0.021908
0.021908
0.021908
0.021908
0.021908
0.021908
0.021908
0.021908
0.021908
0.021908
0.021908
0.021908
0.021908
0.021908
0.021908
0.021908
0.021908
0.0217003
0.0217003
0.0217003
0.0217003
0.0217004
0.0217004
0.0217004
0.0217004
0.0217004
0.0217004
0.0217004
0.0217004
0.0217004
0.0217004
0.0217004
0.0217004
0.0217004
0.0217004
0.0217004
0.0217004
0.0214927
0.0214927
0.0214927
0.0214927
0.0214927
0.0214927
0.0214927
0.0214927
0.0214927
0.0214927
0.0214927
0.0214927
0.0214927
0.0214927
0.0214928
0.0214928
0.0214928
0.0214928
0.0214928
0.0214928
0.0212851
0.0212851
0.0212851
0.0212851
0.0212851
0.0212851
0.0212851
0.0212851
0.0212851
0.0212851
0.0212851
0.0212851
0.0212851
0.0212851
0.0212851
0.0212851
0.0212852
0.0212852
0.0212852
0.0212852
0.0210775
0.0210775
0.0210775
0.0210775
0.0210775
0.0210775
0.0210775
0.0210775
0.0210775
0.0210775
0.0210775
0.0210775
0.0210775
0.0210775
0.0210775
0.0210775
0.0210775
0.0210776
0.0210776
0.0210776
0.0208698
0.0208698
0.0208699
0.0208699
0.0208699
0.0208699
0.0208699
0.0208699
0.0208699
0.0208699
0.0208699
0.0208699
0.0208699
0.0208699
0.0208699
0.0208699
0.0208699
0.02087
0.02087
0.02087
0.0206622
0.0206622
0.0206622
0.0206623
0.0206623
0.0206623
0.0206623
0.0206623
0.0206623
0.0206623
0.0206623
0.0206623
0.0206623
0.0206623
0.0206623
0.0206623
0.0206623
0.0206624
0.0206624
0.0206624
0.0204546
0.0204546
0.0204546
0.0204547
0.0204547
0.0204547
0.0204547
0.0204547
0.0204547
0.0204547
0.0204547
0.0204547
0.0204547
0.0204547
0.0204547
0.0204547
0.0204547
0.0204548
0.0204548
0.0204548
0.020247
0.020247
0.0202471
0.0202471
0.0202471
0.0202471
0.0202471
0.0202471
0.0202471
0.0202471
0.0202471
0.0202471
0.0202471
0.0202471
0.0202471
0.0202471
0.0202471
0.0202471
0.0202471
0.0202471
0.0200395
0.0200395
0.0200395
0.0200395
0.0200395
0.0200395
0.0200395
0.0200395
0.0200395
0.0200395
0.0200395
0.0200395
0.0200395
0.0200395
0.0200395
0.0200395
0.0200395
0.0200395
0.0200395
0.0200395
0.0198319
0.0198319
0.0198319
0.0198319
0.0198319
0.0198319
0.0198319
0.0198319
0.0198319
0.0198319
0.0198319
0.0198319
0.0198319
0.0198319
0.0198319
0.0198319
0.0198319
0.0198319
0.0198319
0.0198319
0.0196243
0.0196243
0.0196243
0.0196243
0.0196243
0.0196243
0.0196243
0.0196243
0.0196243
0.0196243
0.0196243
0.0196243
0.0196243
0.0196243
0.0196243
0.0196243
0.0196243
0.0196243
0.0196243
0.0196243
0.0194167
0.0194167
0.0194167
0.0194167
0.0194167
0.0194167
0.0194166
0.0194166
0.0194166
0.0194166
0.0194166
0.0194166
0.0194166
0.0194167
0.0194167
0.0194167
0.0194167
0.0194167
0.0194167
0.0194167
0.0192091
0.0192091
0.0192091
0.019209
0.019209
0.019209
0.019209
0.019209
0.019209
0.019209
0.019209
0.019209
0.019209
0.019209
0.019209
0.019209
0.019209
0.019209
0.019209
0.019209
0.0190014
0.0190014
0.0190014
0.0190014
0.0190014
0.0190014
0.0190014
0.0190014
0.0190014
0.0190014
0.0190014
0.0190014
0.0190014
0.0190014
0.0190014
0.0190014
0.0190014
0.0190014
0.0190014
0.0190014
0.0187938
0.0187938
0.0187938
0.0187938
0.0187938
0.0187938
0.0187938
0.0187937
0.0187937
0.0187937
0.0187937
0.0187937
0.0187938
0.0187938
0.0187938
0.0187938
0.0187938
0.0187938
0.0187938
0.0187938
0.0185862
0.0185862
0.0185862
0.0185862
0.0185861
0.0185861
0.0185861
0.0185861
0.0185861
0.0185861
0.0185861
0.0185861
0.0185861
0.0185861
0.0185861
0.0185861
0.0185861
0.0185861
0.0185861
0.0185861
0.0183786
0.0183786
0.0183785
0.0183785
0.0183785
0.0183785
0.0183785
0.0183784
0.0183784
0.0183784
0.0183784
0.0183785
0.0183785
0.0183785
0.0183785
0.0183785
0.0183785
0.0183785
0.0183785
0.0183785
0.0181709
0.0181709
0.0181709
0.0181709
0.0181709
0.0181708
0.0181708
0.0181708
0.0181708
0.0181708
0.0181708
0.0181708
0.0181708
0.0181708
0.0181708
0.0181709
0.0181709
0.0181709
0.0181709
0.0181709
0.0179633
0.0179633
0.0179633
0.0179632
0.0179632
0.0179632
0.0179632
0.0179632
0.0179632
0.0179632
0.0179632
0.0179632
0.0179632
0.0179632
0.0179632
0.0179632
0.0179632
0.0179632
0.0179632
0.0179632
0.0177557
0.0177556
0.0177556
0.0177556
0.0177556
0.0177556
0.0177556
0.0177556
0.0177555
0.0177556
0.0177556
0.0177556
0.0177556
0.0177556
0.0177556
0.0177556
0.0177556
0.0177556
0.0177556
0.0177556
0.017548
0.017548
0.017548
0.017548
0.017548
0.017548
0.017548
0.0175479
0.0175479
0.0175479
0.0175479
0.0175479
0.0175479
0.0175479
0.017548
0.017548
0.017548
0.017548
0.017548
0.017548
0.0173404
0.0173404
0.0173404
0.0173404
0.0173404
0.0173404
0.0173404
0.0173403
0.0173403
0.0173403
0.0173403
0.0173403
0.0173403
0.0173403
0.0173403
0.0173403
0.0173403
0.0173404
0.0173404
0.0173404
0.0171328
0.0171328
0.0171328
0.0171328
0.0171328
0.0171328
0.0171328
0.0171327
0.0171327
0.0171327
0.0171327
0.0171327
0.0171327
0.0171327
0.0171327
0.0171327
0.0171327
0.0171327
0.0171327
0.0171327
0.0169252
0.0169252
0.0169252
0.0169252
0.0169252
0.0169252
0.0169251
0.0169251
0.0169251
0.0169251
0.0169251
0.0169251
0.0169251
0.0169251
0.0169251
0.0169251
0.0169251
0.0169251
0.0169251
0.0169251
0.0167175
0.0167175
0.0167175
0.0167175
0.0167175
0.0167175
0.0167175
0.0167175
0.0167175
0.0167175
0.0167175
0.0167175
0.0167175
0.0167175
0.0167175
0.0167175
0.0167175
0.0167175
0.0167175
0.0167175
0.0165099
0.0165099
0.0165099
0.0165099
0.0165099
0.0165099
0.0165099
0.0165099
0.0165099
0.0165099
0.0165099
0.0165099
0.0165099
0.0165099
0.0165099
0.0165099
0.0165099
0.0165099
0.0165099
0.0165099
0.0163023
0.0163023
0.0163023
0.0163023
0.0163023
0.0163023
0.0163023
0.0163023
0.0163023
0.0163023
0.0163023
0.0163023
0.0163023
0.0163023
0.0163023
0.0163023
0.0163023
0.0163022
0.0163022
0.0163022
0.0160947
0.0160947
0.0160947
0.0160947
0.0160947
0.0160947
0.0160947
0.0160947
0.0160947
0.0160947
0.0160947
0.0160947
0.0160947
0.0160947
0.0160946
0.0160946
0.0160946
0.0160946
0.0160946
0.0160946
0.0158871
0.0158871
0.0158871
0.0158871
0.0158871
0.0158871
0.0158871
0.0158871
0.0158871
0.0158871
0.0158871
0.0158871
0.0158871
0.015887
0.015887
0.015887
0.015887
0.015887
0.015887
0.015887
0.0156794
0.0156795
0.0156795
0.0156795
0.0156795
0.0156795
0.0156795
0.0156795
0.0156795
0.0156795
0.0156795
0.0156795
0.0156794
0.0156794
0.0156794
0.0156794
0.0156794
0.0156794
0.0156794
0.0156794
0.0154718
0.0154718
0.0154718
0.0154718
0.0154718
0.0154719
0.0154719
0.0154719
0.0154719
0.0154719
0.0154718
0.0154718
0.0154718
0.0154718
0.0154718
0.0154718
0.0154718
0.0154718
0.0154717
0.0154717
0.0152642
0.0152642
0.0152642
0.0152642
0.0152642
0.0152642
0.0152642
0.0152642
0.0152642
0.0152642
0.0152642
0.0152642
0.0152642
0.0152642
0.0152642
0.0152642
0.0152641
0.0152641
0.0152641
0.0152641
0.0150566
0.0150566
0.0150566
0.0150566
0.0150566
0.0150566
0.0150566
0.0150566
0.0150566
0.0150566
0.0150566
0.0150566
0.0150566
0.0150566
0.0150566
0.0150565
0.0150565
0.0150565
0.0150565
0.0150565
0.014849
0.014849
0.014849
0.014849
0.014849
0.014849
0.014849
0.014849
0.014849
0.014849
0.014849
0.014849
0.014849
0.014849
0.014849
0.0148489
0.0148489
0.0148489
0.0148489
0.0148489
0.0146414
0.0146414
0.0146414
0.0146414
0.0146414
0.0146414
0.0146414
0.0146414
0.0146414
0.0146414
0.0146414
0.0146414
0.0146414
0.0146414
0.0146414
0.0146413
0.0146413
0.0146413
0.0146413
0.0146413
0.0144337
0.0144338
0.0144338
0.0144338
0.0144338
0.0144338
0.0144338
0.0144338
0.0144338
0.0144338
0.0144338
0.0144338
0.0144338
0.0144338
0.0144338
0.0144338
0.0144338
0.0144338
0.0144338
0.0144338
0.0142261
0.0142262
0.0142262
0.0142262
0.0142262
0.0142262
0.0142262
0.0142262
0.0142262
0.0142262
0.0142262
0.0142262
0.0142262
0.0142262
0.0142262
0.0142262
0.0142262
0.0142262
0.0142262
0.0142262
0.0140185
0.0140185
0.0140185
0.0140185
0.0140186
0.0140186
0.0140186
0.0140186
0.0140186
0.0140186
0.0140186
0.0140186
0.0140186
0.0140186
0.0140186
0.0140186
0.0140186
0.0140186
0.0140186
0.0140186
0.0138109
0.0138109
0.0138109
0.0138109
0.0138109
0.013811
0.013811
0.013811
0.013811
0.013811
0.013811
0.013811
0.013811
0.013811
0.013811
0.013811
0.013811
0.013811
0.013811
0.013811
0.0136033
0.0136033
0.0136033
0.0136033
0.0136033
0.0136034
0.0136034
0.0136034
0.0136034
0.0136034
0.0136034
0.0136034
0.0136034
0.0136034
0.0136034
0.0136034
0.0136034
0.0136034
0.0136034
0.0136034
0.0133957
0.0133957
0.0133957
0.0133957
0.0133957
0.0133958
0.0133958
0.0133958
0.0133958
0.0133958
0.0133958
0.0133958
0.0133958
0.0133959
0.0133959
0.0133959
0.0133959
0.0133959
0.0133959
0.0133959
0.0131881
0.0131881
0.0131881
0.0131881
0.0131881
0.0131882
0.0131882
0.0131882
0.0131882
0.0131882
0.0131882
0.0131882
0.0131883
0.0131883
0.0131883
0.0131883
0.0131883
0.0131883
0.0131883
0.0131883
0.0129805
0.0129805
0.0129805
0.0129805
0.0129805
0.0129806
0.0129806
0.0129806
0.0129806
0.0129806
0.0129806
0.0129806
0.0129807
0.0129807
0.0129807
0.0129807
0.0129807
0.0129807
0.0129807
0.0129807
0.0127729
0.0127729
0.0127729
0.0127729
0.012773
0.012773
0.012773
0.012773
0.012773
0.012773
0.012773
0.012773
0.0127731
0.0127731
0.0127731
0.0127731
0.0127731
0.0127731
0.0127731
0.0127731
0.0125653
0.0125653
0.0125654
0.0125654
0.0125654
0.0125654
0.0125654
0.0125654
0.0125654
0.0125654
0.0125654
0.0125654
0.0125655
0.0125655
0.0125655
0.0125655
0.0125655
0.0125655
0.0125655
0.0125655
0.0123578
0.0123578
0.0123578
0.0123578
0.0123578
0.0123578
0.0123578
0.0123578
0.0123578
0.0123578
0.0123578
0.0123578
0.0123579
0.0123579
0.0123579
0.0123579
0.0123579
0.0123579
0.0123579
0.0123579
0.0121502
0.0121502
0.0121502
0.0121502
0.0121502
0.0121502
0.0121502
0.0121502
0.0121502
0.0121502
0.0121502
0.0121502
0.0121503
0.0121503
0.0121503
0.0121503
0.0121503
0.0121503
0.0121503
0.0121503
0.0119426
0.0119426
0.0119426
0.0119426
0.0119426
0.0119426
0.0119426
0.0119426
0.0119426
0.0119426
0.0119426
0.0119426
0.0119426
0.0119427
0.0119427
0.0119427
0.0119427
0.0119427
0.0119427
0.0119427
0.0117351
0.0117351
0.0117351
0.0117351
0.0117351
0.011735
0.011735
0.011735
0.011735
0.011735
0.011735
0.011735
0.011735
0.0117351
0.0117351
0.0117351
0.0117351
0.0117351
0.0117351
0.0117351
0.0115275
0.0115275
0.0115275
0.0115275
0.0115275
0.0115275
0.0115275
0.0115275
0.0115275
0.0115275
0.0115275
0.0115275
0.0115275
0.0115275
0.0115275
0.0115275
0.0115275
0.0115275
0.0115275
0.0115276
0.01132
0.01132
0.01132
0.01132
0.0113199
0.0113199
0.0113199
0.0113199
0.0113199
0.0113199
0.0113199
0.0113199
0.0113199
0.0113199
0.0113199
0.0113199
0.0113199
0.0113199
0.01132
0.01132
0.0111124
0.0111124
0.0111124
0.0111124
0.0111124
0.0111124
0.0111124
0.0111123
0.0111123
0.0111123
0.0111123
0.0111123
0.0111123
0.0111123
0.0111123
0.0111123
0.0111123
0.0111124
0.0111124
0.0111124
0.0109048
0.0109049
0.0109048
0.0109048
0.0109048
0.0109048
0.0109048
0.0109048
0.0109048
0.0109047
0.0109047
0.0109047
0.0109047
0.0109047
0.0109047
0.0109048
0.0109048
0.0109048
0.0109048
0.0109047
0.0106973
0.0106973
0.0106973
0.0106972
0.0106972
0.0106972
0.0106972
0.0106972
0.0106972
0.0106972
0.0106972
0.0106972
0.0106972
0.0106972
0.0106972
0.0106972
0.0106972
0.0106971
0.0106971
0.0106971
0.0104897
0.0104897
0.0104897
0.0104896
0.0104896
0.0104896
0.0104896
0.0104896
0.0104896
0.0104896
0.0104896
0.0104896
0.0104896
0.0104896
0.0104896
0.0104896
0.0104895
0.0104895
0.0104895
0.0104895
0.0102821
0.010282
0.010282
0.010282
0.010282
0.010282
0.010282
0.010282
0.010282
0.010282
0.010282
0.010282
0.010282
0.010282
0.010282
0.0102819
0.0102819
0.0102819
0.0102819
0.0102819
0.0100744
0.0100744
0.0100744
0.0100744
0.0100744
0.0100744
0.0100744
0.0100744
0.0100744
0.0100744
0.0100744
0.0100744
0.0100744
0.0100744
0.0100744
0.0100743
0.0100743
0.0100743
0.0100743
0.0100743
0.0098668
0.0098668
0.0098668
0.00986681
0.00986681
0.00986682
0.00986682
0.00986682
0.00986681
0.00986681
0.0098668
0.00986679
0.00986678
0.00986677
0.00986676
0.00986675
0.00986674
0.00986673
0.00986673
0.00986673
0.00965917
0.00965917
0.00965918
0.00965918
0.00965919
0.00965919
0.0096592
0.0096592
0.0096592
0.0096592
0.00965919
0.00965919
0.00965918
0.00965917
0.00965916
0.00965915
0.00965914
0.00965913
0.00965913
0.00965913
0.00945153
0.00945154
0.00945154
0.00945155
0.00945155
0.00945156
0.00945157
0.00945158
0.00945158
0.00945158
0.00945159
0.00945158
0.00945158
0.00945157
0.00945156
0.00945155
0.00945154
0.00945154
0.00945153
0.00945153
0.0092439
0.0092439
0.0092439
0.00924391
0.00924392
0.00924393
0.00924394
0.00924395
0.00924396
0.00924397
0.00924398
0.00924398
0.00924398
0.00924397
0.00924396
0.00924396
0.00924395
0.00924394
0.00924393
0.00924393
0.00903626
0.00903626
0.00903626
0.00903627
0.00903628
0.0090363
0.00903631
0.00903633
0.00903634
0.00903636
0.00903637
0.00903637
0.00903637
0.00903637
0.00903636
0.00903636
0.00903635
0.00903634
0.00903634
0.00903633
0.00882862
0.00882862
0.00882862
0.00882864
0.00882865
0.00882867
0.00882869
0.00882871
0.00882873
0.00882874
0.00882875
0.00882876
0.00882876
0.00882876
0.00882876
0.00882875
0.00882874
0.00882874
0.00882873
0.00882873
0.00862098
0.00862099
0.008621
0.00862101
0.00862103
0.00862105
0.00862107
0.00862108
0.0086211
0.00862112
0.00862113
0.00862114
0.00862114
0.00862114
0.00862114
0.00862114
0.00862113
0.00862113
0.00862113
0.00862113
0.00841336
0.00841336
0.00841337
0.00841339
0.0084134
0.00841342
0.00841344
0.00841346
0.00841347
0.00841348
0.0084135
0.0084135
0.00841351
0.00841351
0.00841352
0.00841352
0.00841352
0.00841351
0.00841351
0.00841351
0.00820573
0.00820574
0.00820575
0.00820576
0.00820578
0.00820579
0.0082058
0.00820582
0.00820583
0.00820584
0.00820585
0.00820586
0.00820587
0.00820588
0.00820588
0.00820588
0.00820589
0.00820589
0.00820588
0.00820588
0.0079981
0.00799811
0.00799812
0.00799813
0.00799814
0.00799814
0.00799815
0.00799816
0.00799817
0.00799818
0.0079982
0.00799821
0.00799822
0.00799822
0.00799823
0.00799824
0.00799824
0.00799824
0.00799824
0.00799823
0.00779046
0.00779047
0.00779047
0.00779048
0.00779048
0.00779048
0.00779049
0.0077905
0.00779051
0.00779052
0.00779053
0.00779054
0.00779055
0.00779056
0.00779057
0.00779057
0.00779058
0.00779058
0.00779057
0.00779057
0.0075828
0.0075828
0.0075828
0.0075828
0.00758281
0.00758281
0.00758281
0.00758282
0.00758283
0.00758284
0.00758285
0.00758286
0.00758287
0.00758288
0.00758288
0.00758289
0.00758289
0.00758289
0.00758289
0.00758289
0.00737512
0.00737512
0.00737512
0.00737512
0.00737512
0.00737512
0.00737512
0.00737513
0.00737514
0.00737514
0.00737515
0.00737516
0.00737517
0.00737518
0.00737519
0.00737519
0.0073752
0.0073752
0.0073752
0.0073752
0.00716743
0.00716743
0.00716743
0.00716742
0.00716742
0.00716743
0.00716743
0.00716743
0.00716744
0.00716744
0.00716745
0.00716746
0.00716746
0.00716747
0.00716748
0.00716749
0.0071675
0.00716751
0.00716751
0.00716751
0.00695973
0.00695973
0.00695973
0.00695973
0.00695973
0.00695973
0.00695973
0.00695973
0.00695973
0.00695974
0.00695974
0.00695975
0.00695975
0.00695976
0.00695978
0.00695979
0.0069598
0.00695982
0.00695982
0.00695983
0.00675203
0.00675203
0.00675203
0.00675203
0.00675203
0.00675203
0.00675203
0.00675203
0.00675203
0.00675203
0.00675203
0.00675204
0.00675205
0.00675206
0.00675208
0.00675209
0.00675211
0.00675213
0.00675214
0.00675215
0.00654434
0.00654434
0.00654434
0.00654434
0.00654434
0.00654433
0.00654433
0.00654432
0.00654432
0.00654432
0.00654432
0.00654433
0.00654434
0.00654436
0.00654438
0.00654441
0.00654443
0.00654445
0.00654446
0.00654447
0.00633665
0.00633665
0.00633665
0.00633665
0.00633664
0.00633664
0.00633663
0.00633662
0.00633662
0.00633661
0.00633662
0.00633663
0.00633665
0.00633667
0.0063367
0.00633672
0.00633675
0.00633677
0.00633678
0.00633678
0.00612897
0.00612897
0.00612897
0.00612896
0.00612895
0.00612894
0.00612893
0.00612892
0.00612892
0.00612892
0.00612892
0.00612894
0.00612896
0.00612898
0.00612901
0.00612903
0.00612905
0.00612907
0.00612907
0.00612907
0.00592128
0.00592128
0.00592128
0.00592127
0.00592126
0.00592124
0.00592123
0.00592122
0.00592122
0.00592122
0.00592123
0.00592125
0.00592127
0.00592129
0.00592131
0.00592133
0.00592134
0.00592135
0.00592135
0.00592134
0.00571358
0.00571358
0.00571358
0.00571357
0.00571356
0.00571355
0.00571354
0.00571353
0.00571353
0.00571354
0.00571355
0.00571356
0.00571357
0.00571359
0.0057136
0.00571361
0.00571361
0.00571361
0.0057136
0.00571359
0.00550588
0.00550588
0.00550587
0.00550587
0.00550586
0.00550585
0.00550585
0.00550584
0.00550585
0.00550585
0.00550586
0.00550586
0.00550587
0.00550587
0.00550587
0.00550586
0.00550585
0.00550584
0.00550583
0.00550582
0.00529817
0.00529817
0.00529816
0.00529816
0.00529816
0.00529815
0.00529815
0.00529816
0.00529816
0.00529816
0.00529816
0.00529816
0.00529815
0.00529814
0.00529812
0.0052981
0.00529808
0.00529806
0.00529805
0.00529804
0.00509045
0.00509045
0.00509045
0.00509045
0.00509045
0.00509045
0.00509046
0.00509046
0.00509046
0.00509046
0.00509045
0.00509044
0.00509042
0.00509039
0.00509037
0.00509034
0.00509031
0.00509029
0.00509027
0.00509027
0.00488273
0.00488273
0.00488273
0.00488274
0.00488274
0.00488275
0.00488276
0.00488276
0.00488276
0.00488275
0.00488274
0.00488271
0.00488268
0.00488265
0.00488261
0.00488258
0.00488255
0.00488252
0.00488251
0.00488251
0.004675
0.004675
0.00467501
0.00467502
0.00467503
0.00467504
0.00467505
0.00467505
0.00467505
0.00467503
0.00467501
0.00467498
0.00467495
0.00467491
0.00467487
0.00467483
0.0046748
0.00467478
0.00467477
0.00467477
0.00446727
0.00446728
0.00446728
0.00446729
0.0044673
0.00446732
0.00446732
0.00446732
0.00446732
0.0044673
0.00446728
0.00446725
0.00446722
0.00446718
0.00446714
0.0044671
0.00446707
0.00446705
0.00446705
0.00446705
0.00425954
0.00425955
0.00425955
0.00425956
0.00425957
0.00425958
0.00425959
0.00425959
0.00425958
0.00425957
0.00425954
0.00425952
0.00425948
0.00425945
0.00425941
0.00425938
0.00425936
0.00425934
0.00425934
0.00425934
0.00405181
0.00405181
0.00405182
0.00405183
0.00405183
0.00405184
0.00405184
0.00405184
0.00405183
0.00405182
0.0040518
0.00405177
0.00405175
0.00405172
0.00405169
0.00405167
0.00405165
0.00405164
0.00405163
0.00405163
0.00384407
0.00384408
0.00384408
0.00384408
0.00384409
0.00384409
0.00384409
0.00384408
0.00384407
0.00384406
0.00384404
0.00384402
0.00384401
0.00384399
0.00384397
0.00384395
0.00384394
0.00384393
0.00384392
0.00384392
0.00363634
0.00363634
0.00363634
0.00363634
0.00363633
0.00363633
0.00363632
0.00363631
0.0036363
0.00363629
0.00363628
0.00363626
0.00363625
0.00363624
0.00363623
0.00363622
0.00363621
0.0036362
0.0036362
0.00363619
0.0034286
0.0034286
0.0034286
0.00342859
0.00342858
0.00342857
0.00342855
0.00342854
0.00342852
0.00342851
0.0034285
0.00342849
0.00342848
0.00342847
0.00342847
0.00342847
0.00342846
0.00342846
0.00342845
0.00342845
0.00322085
0.00322086
0.00322085
0.00322084
0.00322082
0.0032208
0.00322078
0.00322076
0.00322074
0.00322072
0.00322071
0.0032207
0.0032207
0.0032207
0.0032207
0.0032207
0.0032207
0.00322069
0.00322069
0.00322068
0.00301311
0.00301311
0.0030131
0.00301308
0.00301306
0.00301303
0.003013
0.00301298
0.00301295
0.00301293
0.00301292
0.00301291
0.00301291
0.00301291
0.00301291
0.00301292
0.00301292
0.00301292
0.00301292
0.00301291
0.00280535
0.00280535
0.00280534
0.00280532
0.00280529
0.00280526
0.00280522
0.00280519
0.00280517
0.00280514
0.00280513
0.00280512
0.00280512
0.00280512
0.00280512
0.00280513
0.00280513
0.00280513
0.00280513
0.00280513
0.00259759
0.00259759
0.00259757
0.00259754
0.00259751
0.00259748
0.00259744
0.00259741
0.00259738
0.00259736
0.00259735
0.00259734
0.00259734
0.00259734
0.00259734
0.00259734
0.00259735
0.00259735
0.00259735
0.00259735
0.0023898
0.0023898
0.00238978
0.00238976
0.00238973
0.0023897
0.00238966
0.00238963
0.00238961
0.00238959
0.00238957
0.00238957
0.00238956
0.00238956
0.00238956
0.00238956
0.00238957
0.00238957
0.00238957
0.00238957
0.00218201
0.002182
0.00218199
0.00218196
0.00218194
0.00218191
0.00218188
0.00218186
0.00218184
0.00218182
0.00218181
0.0021818
0.0021818
0.00218179
0.00218179
0.00218179
0.00218179
0.00218179
0.00218179
0.00218179
0.00197419
0.00197419
0.00197418
0.00197416
0.00197414
0.00197412
0.00197411
0.00197409
0.00197408
0.00197406
0.00197405
0.00197404
0.00197403
0.00197403
0.00197402
0.00197402
0.00197401
0.00197401
0.00197401
0.00197401
0.00176637
0.00176637
0.00176636
0.00176635
0.00176634
0.00176633
0.00176633
0.00176632
0.00176631
0.0017663
0.00176629
0.00176628
0.00176627
0.00176626
0.00176625
0.00176624
0.00176623
0.00176623
0.00176622
0.00176622
0.00155855
0.00155854
0.00155854
0.00155854
0.00155854
0.00155854
0.00155854
0.00155854
0.00155854
0.00155853
0.00155852
0.00155851
0.0015585
0.00155848
0.00155847
0.00155846
0.00155845
0.00155844
0.00155843
0.00155843
0.00135072
0.00135071
0.00135072
0.00135072
0.00135073
0.00135074
0.00135075
0.00135076
0.00135076
0.00135075
0.00135074
0.00135073
0.00135071
0.00135069
0.00135068
0.00135066
0.00135065
0.00135064
0.00135064
0.00135064
0.0011429
0.00114289
0.0011429
0.00114291
0.00114293
0.00114294
0.00114295
0.00114296
0.00114296
0.00114296
0.00114295
0.00114293
0.00114291
0.00114289
0.00114288
0.00114286
0.00114285
0.00114284
0.00114284
0.00114284
0.000935084
0.000935083
0.000935091
0.000935104
0.000935121
0.000935137
0.00093515
0.000935157
0.000935158
0.000935152
0.00093514
0.000935124
0.000935107
0.000935089
0.000935073
0.00093506
0.000935051
0.000935045
0.000935043
0.000935044
0.000727281
0.000727281
0.000727289
0.000727302
0.000727317
0.000727331
0.000727342
0.000727348
0.000727347
0.000727341
0.000727329
0.000727315
0.000727299
0.000727284
0.000727271
0.000727261
0.000727254
0.00072725
0.00072725
0.000727254
0.000519488
0.000519488
0.000519494
0.000519504
0.000519516
0.000519526
0.000519534
0.000519537
0.000519535
0.000519529
0.00051952
0.000519508
0.000519496
0.000519485
0.000519476
0.000519469
0.000519464
0.000519463
0.000519465
0.000519471
0.000311703
0.000311704
0.000311707
0.000311713
0.000311719
0.000311724
0.000311727
0.000311727
0.000311725
0.00031172
0.000311714
0.000311707
0.0003117
0.000311694
0.00031169
0.000311687
0.000311686
0.000311687
0.00031169
0.000311695
0.000103913
0.000103913
0.000103914
0.000103914
0.000103914
0.000103913
0.000103911
0.00010391
0.000103907
0.000103905
0.000103903
0.000103901
0.0001039
0.0001039
0.000103901
0.000103902
0.000103904
0.000103907
0.000103909
0.000103911
)
;

boundaryField
{
    inlet
    {
        type            fixedValue;
        value           uniform 0;
    }
    atmosphere
    {
        type            fixedValue;
        value           uniform 0;
    }
    walls
    {
        type            fixedFluxPressure;
        gradient        nonuniform List<scalar> 
800
(
-3.45991e-07
0.000130441
0.000738726
0.00576047
0.00661218
0.0113068
0.0133266
0.0170117
0.0173515
0.0179144
0.0160996
0.0125127
0.0082138
0.00453588
-0.00192659
-0.00600845
-0.00743705
-0.00772124
-0.00884316
-0.0126891
-0.0174316
-0.017182
-0.0128855
-0.00652827
-0.00427696
-0.00406801
-0.00322737
0.000501717
0.0100982
0.00887162
0.0107979
0.0114078
0.00896803
0.00483401
0.000170279
-0.00371097
-0.00431883
-0.00380125
-0.0028132
-0.00291917
-0.0051346
-0.00522529
-0.000464294
0.0144894
0.0166788
0.0165215
0.01878
0.0181561
0.0185693
0.0188758
0.0201375
0.0228413
0.0264007
0.0295552
0.0313801
0.0307979
0.0273083
0.0222608
0.0181585
0.0166521
0.0165147
0.0175479
0.016823
0.0163936
0.0183347
0.0172041
0.0170303
0.0183525
0.0191601
0.0186762
0.0169089
0.0149051
0.0118163
0.00632865
0.00158372
-0.00623363
-0.0145156
-0.0137631
-0.0107563
-0.0116416
-0.0145492
-0.015958
-0.0151532
-0.0113887
-0.00879366
-0.00687574
-0.00328268
-0.000258081
0.00980358
0.00866144
0.0104305
0.0110786
0.00113699
-0.000918053
-0.00660643
-0.012108
-0.00900162
-0.00120332
0.00155624
0.000688196
-0.00336273
-0.008204
-0.00761676
-0.00087008
0.0020312
0.00283314
0.00122729
0.000986226
0.0233692
0.0176681
0.0158801
0.0187236
0.0182723
0.0146585
0.00897603
0.0046359
0.00547082
0.00910682
0.0414778
0.0460156
0.00352124
0.0358219
0.0350146
0.0280146
0.0225594
0.0118433
-0.00624981
-0.0171521
-0.00346103
0.034117
0.0235239
0.0207038
0.0087138
-0.00397363
-0.0127478
-0.00378112
0.0265137
0.021006
0.0117958
0.00403063
-0.0162302
-0.0370485
-0.0191218
-0.000501242
0.00178224
1.46722e-05
-0.00458839
-0.0223071
-0.0405112
-0.0365156
-0.0129619
0.00394321
0.00946696
0.00396313
-0.0145405
-0.00919817
-0.0020877
0.0193424
-32.5826
-49.2469
4.7841
-5.76336
-814.598
-20.1864
0.00250268
-9.39521e-05
0.00989235
153.632
747.013
111.384
865.485
431.979
1034.18
1006.07
350.675
344.07
1138.65
231.784
-3669.07
4968.65
567238
-417944
-183377
-0.325167
-0.134319
-0.18088
-0.173912
-0.0230308
-0.0173087
-0.1615
-0.114753
-0.000169469
-2.92949e-22
-9.60327e-23
-5.30522e-23
-3.49226e-23
-2.53262e-23
-1.78358e-23
-1.01933e-23
-3.58393e-24
-8.32187e-25
-2.3435e-25
-7.80583e-26
-2.64396e-26
-7.49358e-27
-1.78926e-27
-3.78992e-28
-7.34912e-29
-1.33057e-29
-2.27581e-30
-3.70265e-31
-5.75718e-32
-8.59044e-33
-1.23318e-33
-1.70194e-34
-2.25077e-35
-2.84902e-36
-3.47386e-37
-4.2035e-38
-5.16499e-39
-6.4328e-40
-7.87938e-41
-9.1207e-42
-9.98415e-43
-1.16192e-43
-1.52855e-44
-2.19878e-45
-3.54514e-46
-5.68769e-47
-9.00079e-48
-1.30398e-48
-1.56696e-49
-1.54332e-50
-1.25903e-51
-7.34685e-53
-5.20836e-54
-5.82702e-55
-1.03434e-55
-2.38375e-56
-5.11516e-57
-1.13746e-57
-2.14075e-58
-3.36271e-59
-4.2638e-60
-4.10657e-61
-2.82116e-62
-1.40213e-63
-1.2581e-64
-1.60689e-65
-2.36193e-66
-3.55812e-67
-5.15076e-68
-6.5775e-69
-1.19798e-69
-4.28023e-70
-1.24819e-70
-2.74897e-71
-4.74388e-72
-6.6434e-73
-7.65511e-74
-8.61501e-75
-1.13587e-75
-1.48669e-76
-1.86214e-77
-2.36063e-78
-3.24161e-79
-4.71437e-80
-6.91132e-81
-1.02745e-81
-1.79087e-82
-3.78655e-83
-8.8369e-84
-1.94445e-84
-3.64257e-85
-5.72205e-86
-7.87172e-87
-1.02738e-87
-1.32006e-88
-1.58548e-89
-1.74947e-90
-1.8041e-91
-1.80443e-92
-1.75536e-93
-1.59541e-94
-1.30234e-95
-1.07195e-96
-1.00195e-97
-1.29216e-98
-1.65812e-99
-2.52818e-100
-3.44731e-101
-4.22058e-102
-4.42249e-103
-4.30349e-104
-4.47115e-105
-6.12522e-106
-9.86145e-107
-1.74025e-107
-2.78666e-108
-3.48202e-109
-3.98725e-110
-4.55261e-111
-4.83075e-112
-5.34933e-113
-5.89175e-114
-7.10189e-115
-1.05451e-115
-1.61431e-116
-2.10147e-117
-2.25897e-118
-2.23052e-119
-2.61609e-120
-3.95197e-121
-6.13184e-122
-8.61122e-123
-1.2219e-123
-1.72648e-124
-2.47267e-125
-3.786e-126
-5.93381e-127
-8.12275e-128
-1.04414e-128
-1.34633e-129
-1.70466e-130
-1.75868e-131
-1.6799e-132
-1.62682e-133
-2.71482e-134
-5.3033e-135
-8.46045e-136
-1.06785e-136
-1.30655e-137
-1.3919e-138
-1.12028e-139
-8.59815e-141
-8.43691e-142
-9.28424e-143
-8.5494e-144
-7.26576e-145
-6.38087e-146
-6.8442e-147
-6.86604e-148
-6.01113e-149
-6.8345e-150
-1.24451e-150
-2.01049e-151
-2.50138e-152
-2.56955e-153
-3.02791e-154
-7.39014e-155
-1.55228e-155
-2.46603e-156
-3.16877e-157
-4.07353e-158
-9.38743e-161
-7.41566e-162
-6.74009e-163
-7.83035e-164
-9.25562e-165
-9.79237e-166
-9.92233e-167
-1.02902e-167
-1.09646e-168
-1.22288e-169
-1.42684e-170
-1.69649e-171
-1.91141e-172
-1.68886e-173
-1.22919e-174
-8.73802e-176
-6.04229e-177
-3.78674e-178
-2.25661e-179
-1.44035e-180
-1.01789e-181
-8.134e-183
-9.9137e-184
-1.37143e-184
-1.76724e-185
-2.13606e-186
-3.09472e-187
-5.2862e-188
-9.75767e-189
-1.53023e-189
-2.05927e-190
-3.14815e-191
-6.55383e-192
-1.91654e-192
-7.39011e-193
-3.51257e-193
-1.98339e-193
-1.23341e-193
-7.98376e-194
-5.29992e-194
-3.50909e-194
-2.2313e-194
-1.29497e-194
-6.32427e-195
-2.19359e-195
-4.68587e-196
0.00132716
0.0162508
0.0167381
0.017913
0.0165624
0.0157732
0.0140853
0.0114572
0.0105794
0.0103911
0.00911278
0.00785198
0.00662919
0.00458559
0.00153316
-0.0035806
-0.0117037
-0.0126048
-0.00740461
0.000595413
0.0129405
0.0136966
0.0126104
0.0126849
0.0116372
0.011356
0.0120219
0.0129935
0.0136643
0.0126057
0.00922582
0.00435399
0.000709993
0.000780199
0.0163237
0.0113334
0.0108936
0.0114138
0.0106829
0.0101402
0.0106545
0.0114209
0.0106432
0.0073067
0.00262651
-0.00077365
0.00652474
0.00797072
0.0091953
0.0083125
0.0100794
0.0126347
0.0148409
0.0164245
0.0206176
0.0219963
0.0193661
0.0157979
0.0115183
0.00909896
0.0130717
0.0163771
0.0170036
0.0142098
0.00919429
0.00481097
0.00350945
0.0194123
0.019213
0.0109854
0.00902255
0.00378004
-0.0021729
-0.0145449
-0.0246405
-0.0220676
-0.0133614
-0.00582176
-0.0057409
-0.0107272
-0.01579
-0.0138538
-0.00216259
0.0138264
0.0120228
0.0116769
0.00825002
0.0157488
0.00297301
0.00931588
0.00582248
0.00518397
0.00227723
-0.00129133
-0.00107287
0.000298716
-0.000432496
-0.0105526
-0.015401
-0.00970019
-0.00251372
-0.000946022
-0.00233871
-0.012058
-0.0156126
-0.0096149
-0.00266622
0.000493114
0.00251282
0.0143089
0.0106472
0.00569647
0.0015891
-0.00473895
-0.00584617
0.000162058
0.0015151
-0.000106151
-0.0018595
0.00224134
0.021239
0.0168996
8.52088e-05
-0.000347918
0.00568349
-0.000433926
-0.00290734
-0.00601804
-0.00222797
0.00649492
0.0103592
0.00666746
0.000217492
-0.000679892
0.0304414
0.0245873
0.0164164
0.0395995
0.0160247
0.0134015
0.00310428
-0.00604062
-0.00812542
-0.0103468
-0.00921221
0.0303696
0.0205013
0.020478
0.0240518
0.00676133
0.0301932
0.0187175
0.0262598
0.0155966
0.0060813
0.0330074
-0.00607401
0.0293146
-31.996
-49.2544
4.63323
-6.55686
-812.328
-19.3314
0.000225635
-0.0023746
0.00239678
186.637
689.173
187.975
810.509
374.768
1024.23
1003.57
323.754
366.087
1140.05
224.709
-3675.06
4986.8
567209
-417909
-183392
-0.325159
-0.134317
-0.180851
-0.173896
-0.0230977
-0.017375
-0.161445
-0.114717
-0.000170245
-2.92967e-22
-1.75653e-22
-9.47509e-23
-6.18149e-23
-4.43697e-23
-3.12127e-23
-1.84706e-23
-7.06339e-24
-1.73112e-24
-4.85323e-25
-1.64707e-25
-5.25219e-26
-1.42221e-26
-3.3032e-27
-6.88133e-28
-1.32162e-28
-2.38026e-29
-4.06137e-30
-6.60709e-31
-1.02916e-31
-1.5394e-32
-2.21519e-33
-3.06951e-34
-4.09649e-35
-5.26495e-36
-6.51836e-37
-7.78769e-38
-9.03132e-39
-1.02749e-39
-1.18175e-40
-1.38631e-41
-1.64095e-42
-1.95872e-43
-2.44445e-44
-3.38253e-45
-5.14867e-46
-7.7924e-47
-1.1078e-47
-1.4433e-48
-1.69807e-49
-1.77966e-50
-1.63267e-51
-1.42477e-52
-1.29527e-53
-1.28209e-54
-1.36104e-55
-1.5875e-56
-2.0947e-57
-3.16713e-58
-4.61121e-59
-6.15507e-60
-7.58834e-61
-8.93153e-62
-1.19073e-62
-1.80447e-63
-2.75168e-64
-4.1018e-65
-5.8844e-66
-9.01765e-67
-1.51518e-67
-2.57836e-68
-4.75862e-69
-8.71147e-70
-1.48464e-70
-2.2994e-71
-3.15695e-72
-3.85669e-73
-4.99575e-74
-7.21285e-75
-1.03393e-75
-1.44255e-76
-1.9925e-77
-2.84945e-78
-4.25174e-79
-6.64657e-80
-1.08309e-80
-1.93475e-81
-3.98331e-82
-8.19621e-83
-1.57303e-83
-2.7393e-84
-4.36542e-85
-6.50895e-86
-9.17691e-87
-1.23491e-87
-1.56419e-88
-1.84633e-89
-2.06651e-90
-2.25194e-91
-2.45164e-92
-2.58083e-93
-2.481e-94
-2.17849e-95
-1.85652e-96
-1.77304e-97
-2.11601e-98
-2.72107e-99
-3.44785e-100
-3.82699e-101
-4.1838e-102
-5.61591e-103
-8.31126e-104
-1.0129e-104
-1.19325e-105
-1.36906e-106
-1.74647e-107
-1.89303e-108
-1.91809e-109
-2.77389e-110
-4.68813e-111
-6.48318e-112
-7.54102e-113
-1.12419e-113
-2.12438e-114
-3.74179e-115
-5.005e-116
-5.27001e-117
-4.95475e-118
-6.75595e-119
-1.33215e-119
-2.24031e-120
-2.6347e-121
-2.46068e-122
-2.30986e-123
-2.37854e-124
-2.3536e-125
-2.48844e-126
-3.46101e-127
-4.95571e-128
-5.84265e-129
-5.92759e-130
-6.45546e-131
-7.88259e-132
-1.13843e-132
-1.64893e-133
-2.50246e-134
-3.58871e-135
-5.16116e-136
-7.57277e-137
-9.66276e-138
-1.07502e-138
-1.05421e-139
-1.04705e-140
-1.12925e-141
-1.38275e-142
-1.66726e-143
-1.95496e-144
-2.4567e-145
-2.91613e-146
-3.21251e-147
-3.44739e-148
-3.89188e-149
-4.55436e-150
-5.22203e-151
-6.45527e-152
-8.30024e-153
-9.41301e-154
-9.23023e-155
-8.18884e-156
-7.12923e-157
-6.59239e-158
-1.66735e-160
-1.40616e-161
-1.1628e-162
-9.75654e-164
-8.68896e-165
-8.40322e-166
-8.51718e-167
-8.77141e-168
-9.79221e-169
-1.22396e-169
-1.389e-170
-1.41615e-171
-1.72764e-172
-2.15486e-173
-2.35031e-174
-2.12922e-175
-1.68908e-176
-1.40332e-177
-1.35645e-178
-1.35523e-179
-1.7103e-180
-2.64646e-181
-3.96259e-182
-5.96701e-183
-8.48296e-184
-1.21158e-184
-1.45946e-185
-1.39163e-186
-1.21882e-187
-1.66373e-188
-2.73721e-189
-4.72659e-190
-8.38756e-191
-1.49282e-191
-3.52488e-192
-1.3113e-192
-5.622e-193
-2.86471e-193
-1.74328e-193
-1.15803e-193
-7.90858e-194
-5.38202e-194
-3.50017e-194
-2.06624e-194
-1.01786e-194
-3.55103e-195
-7.60963e-196
)
;
        value           nonuniform List<scalar> 
800
(
-0.00262662
-0.00788006
-0.0131336
-0.0183869
-0.0236404
-0.0288937
-0.034147
-0.0394003
-0.0446537
-0.049907
-0.0551604
-0.0604137
-0.0656672
-0.0709207
-0.0761742
-0.0814277
-0.0866812
-0.0919348
-0.0971884
-0.102442
-0.107696
-0.11295
-0.118205
-0.123459
-0.128714
-0.133968
-0.139223
-0.144477
-0.149731
-0.154985
-0.160239
-0.165494
-0.170748
-0.176002
-0.181256
-0.18651
-0.191764
-0.197018
-0.202272
-0.207525
-0.212779
-0.218032
-0.223285
-0.228538
-0.233792
-0.239045
-0.244298
-0.249552
-0.254805
-0.260059
-0.265313
-0.270567
-0.275821
-0.281075
-0.28633
-0.291584
-0.296838
-0.302093
-0.307347
-0.312601
-0.317856
-0.32311
-0.328364
-0.333618
-0.338872
-0.344126
-0.34938
-0.354634
-0.359888
-0.365143
-0.370397
-0.375652
-0.380906
-0.386161
-0.391415
-0.396669
-0.401924
-0.407179
-0.412433
-0.417688
-0.422942
-0.428197
-0.433451
-0.438705
-0.44396
-0.449214
-0.454469
-0.459723
-0.464978
-0.470234
-0.47549
-0.480747
-0.486004
-0.491262
-0.496521
-0.50178
-0.507041
-0.512303
-0.517565
-0.522828
-0.528091
-0.533355
-0.53862
-0.543885
-0.549151
-0.554416
-0.559682
-0.564947
-0.570212
-0.575477
-0.580741
-0.586005
-0.591268
-0.596531
-0.601794
-0.607057
-0.61232
-0.617583
-0.622845
-0.628109
-0.633373
-0.638636
-0.6439
-0.649165
-0.654428
-0.659692
-0.664955
-0.670218
-0.675482
-0.680745
-0.686008
-0.69127
-0.696532
-0.701793
-0.707053
-0.71231
-0.717564
-0.722814
-0.72806
-0.733298
-0.738528
-0.743746
-0.748948
-0.754129
-0.759281
-0.764394
-0.769454
-0.774443
-0.779336
-0.784102
-0.788697
-0.793062
-0.797119
-0.800768
-0.80388
-0.806294
-0.807861
-0.808494
-0.807763
-0.799681
-0.801784
-0.804843
-0.702569
-0.732443
-0.68947
-0.633532
-0.556781
-0.440519
-0.259327
-0.0380415
0.326083
0.816815
1.55541
2.58335
3.99391
5.63527
7.05631
8.78375
6.37299
-1.37167
21.5117
-13.2291
-3.68889
0.200744
0.2142
0.134585
0.0812161
0.0590529
0.049821
0.0456685
0.0438281
0.0430124
0.0426341
0.0424348
0.042298
0.0421737
0.0420418
0.0418961
0.0417361
0.0415634
0.0413806
0.0411899
0.0409936
0.0407932
0.0405901
0.0403852
0.0401789
0.0399716
0.0397638
0.0395558
0.0393477
0.0391396
0.0389312
0.0387229
0.0385147
0.0383068
0.0380992
0.0378917
0.0376841
0.0374763
0.0372683
0.0370604
0.0368525
0.0366447
0.0364371
0.0362293
0.0360214
0.0358133
0.0356049
0.0353965
0.0351882
0.0349802
0.0347725
0.0345651
0.0343579
0.0341506
0.0339432
0.0337355
0.0335276
0.0333197
0.0331118
0.0329041
0.0326965
0.032489
0.0322816
0.0320742
0.0318666
0.0316589
0.0314509
0.0312428
0.0310346
0.0308264
0.0306183
0.0304104
0.0302027
0.0299952
0.0297879
0.0295808
0.0293739
0.0291671
0.0289603
0.0287535
0.0285468
0.0283399
0.028133
0.027926
0.0277189
0.0275118
0.0273045
0.0270972
0.0268898
0.0266824
0.026475
0.0262675
0.02606
0.0258524
0.0256449
0.0254373
0.0252298
0.0250222
0.0248147
0.0246071
0.0243995
0.024192
0.0239844
0.0237768
0.0235691
0.0233615
0.0231539
0.0229463
0.0227386
0.022531
0.0223233
0.0221157
0.021908
0.0217003
0.0214927
0.0212851
0.0210775
0.0208698
0.0206622
0.0204546
0.020247
0.0200395
0.0198319
0.0196243
0.0194167
0.0192091
0.0190014
0.0187938
0.0185862
0.0183786
0.0181709
0.0179633
0.0177557
0.017548
0.0173404
0.0171328
0.0169252
0.0167175
0.0165099
0.0163023
0.0160947
0.0158871
0.0156794
0.0154718
0.0152642
0.0150566
0.014849
0.0146414
0.0144337
0.0142261
0.0140185
0.0138109
0.0136033
0.0133957
0.0131881
0.0129805
0.0127729
0.0125653
0.0123578
0.0121502
0.0119426
0.0117351
0.0115275
0.01132
0.0111124
0.0109048
0.0106973
0.0104897
0.0102821
0.0100744
0.0098668
0.00965917
0.00945153
0.0092439
0.00903626
0.00882862
0.00862098
0.00841336
0.00820573
0.0079981
0.00779046
0.0075828
0.00737512
0.00716743
0.00695973
0.00675203
0.00654434
0.00633665
0.00612897
0.00592128
0.00571358
0.00550588
0.00529817
0.00509045
0.00488273
0.004675
0.00446727
0.00425954
0.00405181
0.00384407
0.00363634
0.0034286
0.00322085
0.00301311
0.00280535
0.00259759
0.0023898
0.00218201
0.00197419
0.00176637
0.00155855
0.00135072
0.0011429
0.000935084
0.000727281
0.000519488
0.000311703
0.000103913
-0.00262666
-0.00787988
-0.0131335
-0.0183871
-0.0236407
-0.028894
-0.0341473
-0.0394004
-0.0446536
-0.0499067
-0.05516
-0.0604133
-0.0656666
-0.07092
-0.0761735
-0.081427
-0.0866806
-0.0919344
-0.0971884
-0.102443
-0.107697
-0.112951
-0.118205
-0.12346
-0.128714
-0.133968
-0.139222
-0.144476
-0.149731
-0.154985
-0.160239
-0.165493
-0.170748
-0.176002
-0.181256
-0.18651
-0.191764
-0.197018
-0.202271
-0.207525
-0.212778
-0.218031
-0.223285
-0.228538
-0.233791
-0.239045
-0.244298
-0.249552
-0.254806
-0.26006
-0.265314
-0.270568
-0.275822
-0.281077
-0.286331
-0.291585
-0.29684
-0.302094
-0.307348
-0.312602
-0.317856
-0.32311
-0.328365
-0.333619
-0.338873
-0.344127
-0.349381
-0.354635
-0.35989
-0.365144
-0.370399
-0.375653
-0.380907
-0.386162
-0.391416
-0.396671
-0.401925
-0.40718
-0.412434
-0.417688
-0.422942
-0.428196
-0.43345
-0.438704
-0.443958
-0.449212
-0.454467
-0.459722
-0.464978
-0.470234
-0.475491
-0.480748
-0.486005
-0.491264
-0.496523
-0.501782
-0.507043
-0.512304
-0.517566
-0.522829
-0.528093
-0.533358
-0.538623
-0.543888
-0.549154
-0.554419
-0.559684
-0.564948
-0.570212
-0.575476
-0.580739
-0.586002
-0.591265
-0.596529
-0.601792
-0.607056
-0.61232
-0.617583
-0.622847
-0.62811
-0.633373
-0.638636
-0.6439
-0.649163
-0.654426
-0.65969
-0.664954
-0.670219
-0.675483
-0.680747
-0.68601
-0.691273
-0.696534
-0.701794
-0.707052
-0.712308
-0.717563
-0.722812
-0.728058
-0.733297
-0.738527
-0.743744
-0.748946
-0.754127
-0.759278
-0.76439
-0.76945
-0.774439
-0.779332
-0.784098
-0.788691
-0.793055
-0.79711
-0.800758
-0.803866
-0.806275
-0.807836
-0.808458
-0.807713
-0.799836
-0.801756
-0.804803
-0.702572
-0.732264
-0.689289
-0.633325
-0.556562
-0.439471
-0.260546
-0.0358902
0.324957
0.815644
1.55544
2.58357
3.99353
5.63614
7.05676
8.78412
6.37358
-1.36951
21.5119
-13.2282
-3.68923
0.200735
0.214207
0.13459
0.0812181
0.0590537
0.0498215
0.0456688
0.0438282
0.0430123
0.0426337
0.0424341
0.0422972
0.0421728
0.0420409
0.0418951
0.0417348
0.0415618
0.0413788
0.0411883
0.040992
0.0407916
0.0405884
0.0403834
0.0401772
0.0399703
0.0397629
0.0395552
0.0393472
0.039139
0.0389307
0.0387224
0.0385143
0.0383063
0.0380985
0.037891
0.0376835
0.037476
0.0372684
0.0370607
0.0368528
0.0366449
0.0364368
0.0362287
0.0360206
0.0358126
0.0356047
0.035397
0.0351895
0.034982
0.0347747
0.0345673
0.0343598
0.0341523
0.0339447
0.0337369
0.033529
0.0333211
0.0331131
0.0329051
0.032697
0.032489
0.032281
0.032073
0.0318651
0.0316571
0.0314491
0.0312412
0.0310334
0.0308257
0.030618
0.0304105
0.0302031
0.0299959
0.0297887
0.0295816
0.0293747
0.0291677
0.0289608
0.0287539
0.028547
0.0283401
0.0281331
0.027926
0.0277189
0.0275117
0.0273045
0.0270972
0.0268899
0.0266825
0.026475
0.0262676
0.02606
0.0258525
0.0256449
0.0254373
0.0252297
0.0250221
0.0248145
0.0246069
0.0243993
0.0241917
0.023984
0.0237764
0.0235688
0.0233612
0.0231536
0.022946
0.0227384
0.0225308
0.0223232
0.0221156
0.021908
0.0217004
0.0214928
0.0212852
0.0210776
0.02087
0.0206624
0.0204548
0.0202471
0.0200395
0.0198319
0.0196243
0.0194167
0.019209
0.0190014
0.0187938
0.0185861
0.0183785
0.0181709
0.0179632
0.0177556
0.017548
0.0173404
0.0171327
0.0169251
0.0167175
0.0165099
0.0163022
0.0160946
0.015887
0.0156794
0.0154717
0.0152641
0.0150565
0.0148489
0.0146413
0.0144338
0.0142262
0.0140186
0.013811
0.0136034
0.0133959
0.0131883
0.0129807
0.0127731
0.0125655
0.0123579
0.0121503
0.0119427
0.0117351
0.0115276
0.01132
0.0111124
0.0109047
0.0106971
0.0104895
0.0102819
0.0100743
0.00986673
0.00965913
0.00945153
0.00924393
0.00903633
0.00882873
0.00862113
0.00841351
0.00820588
0.00799823
0.00779057
0.00758289
0.0073752
0.00716751
0.00695983
0.00675215
0.00654447
0.00633678
0.00612907
0.00592134
0.00571359
0.00550582
0.00529804
0.00509027
0.00488251
0.00467477
0.00446705
0.00425934
0.00405163
0.00384392
0.00363619
0.00342845
0.00322068
0.00301291
0.00280513
0.00259735
0.00238957
0.00218179
0.00197401
0.00176622
0.00155843
0.00135064
0.00114284
0.000935044
0.000727254
0.000519471
0.000311695
0.000103911
)
;
    }
    frontAndBack
    {
        type            empty;
    }
}


// ************************************************************************* //
