/*--------------------------------*- C++ -*----------------------------------*\
| =========                 |                                                 |
| \\      /  F ield         | OpenFOAM: The Open Source CFD Toolbox           |
|  \\    /   O peration     | Version:  5.x                                   |
|   \\  /    A nd           | Web:      www.OpenFOAM.org                      |
|    \\/     M anipulation  |                                                 |
\*---------------------------------------------------------------------------*/
FoamFile
{
    version     2.0;
    format      ascii;
    class       volVectorField;
    location    "0.05";
    object      U;
}
// * * * * * * * * * * * * * * * * * * * * * * * * * * * * * * * * * * * * * //

dimensions      [0 1 -1 0 0 0 0];

internalField   nonuniform List<vector> 
2268
(
(0.0182444 -0.00862344 0)
(0.0557628 -0.00916033 0)
(0.0946223 -0.00923194 0)
(0.134475 -0.00962034 0)
(0.176343 -0.0102105 0)
(0.221157 -0.0110245 0)
(0.270033 -0.0121345 0)
(0.324072 -0.0136526 0)
(0.387608 -0.0157906 0)
(0.45319 -0.0187151 0)
(0.556626 -0.0238893 0)
(0.645041 -0.0296595 0)
(0.733058 -0.0402249 0)
(0.881709 -0.0613488 0)
(1.06362 -0.0632755 0)
(1.2131 -0.00013075 0)
(1.21556 0.0744471 0)
(0.879196 0.0460258 0)
(0.640382 0.035507 0)
(0.494172 0.0330915 0)
(0.34048 0.0330705 0)
(0.20036 0.0316724 0)
(0.0671831 0.0315654 0)
(0.0182111 -0.0258144 0)
(0.0556668 -0.027419 0)
(0.0944444 -0.0276385 0)
(0.134191 -0.0287964 0)
(0.175919 -0.0305522 0)
(0.220536 -0.0329703 0)
(0.26913 -0.0362629 0)
(0.322735 -0.040765 0)
(0.385662 -0.0470504 0)
(0.449748 -0.0558435 0)
(0.553348 -0.0705898 0)
(0.633377 -0.086412 0)
(0.711904 -0.115814 0)
(0.895954 -0.161918 0)
(1.22816 -0.16038 0)
(1.64409 0.0130974 0)
(1.65569 0.110645 0)
(1.3551 0.15095 0)
(0.9122 0.166877 0)
(0.586471 0.138642 0)
(0.383194 0.11159 0)
(0.224975 0.0998174 0)
(0.0761683 0.0984434 0)
(0.0181005 -0.0429772 0)
(0.0553169 -0.0456173 0)
(0.0938185 -0.045984 0)
(0.133246 -0.0478956 0)
(0.174591 -0.0507907 0)
(0.218712 -0.0547722 0)
(0.266637 -0.0601811 0)
(0.319291 -0.0675601 0)
(0.380815 -0.0777605 0)
(0.442451 -0.0922392 0)
(0.544414 -0.114766 0)
(0.613251 -0.140814 0)
(0.6855 -0.192507 0)
(0.87885 -0.253674 0)
(1.18082 -0.286748 0)
(1.44162 -0.0757736 0)
(1.41267 0.180713 0)
(1.10972 0.312029 0)
(0.718791 0.333473 0)
(0.504081 0.25196 0)
(0.351535 0.190316 0)
(0.213305 0.168522 0)
(0.07357 0.167914 0)
(0.0179388 -0.0600229 0)
(0.0547982 -0.0636591 0)
(0.09289 -0.0641679 0)
(0.131852 -0.0668027 0)
(0.172636 -0.0707861 0)
(0.216038 -0.0762524 0)
(0.262997 -0.0836542 0)
(0.314303 -0.0937063 0)
(0.373799 -0.107474 0)
(0.432318 -0.12702 0)
(0.530684 -0.155907 0)
(0.586611 -0.191647 0)
(0.641881 -0.269428 0)
(0.825413 -0.339539 0)
(1.04329 -0.326525 0)
(1.11929 -0.147616 0)
(0.956815 0.239497 0)
(0.68453 0.478869 0)
(0.512424 0.451718 0)
(0.425527 0.326079 0)
(0.322303 0.252389 0)
(0.205615 0.230452 0)
(0.0733121 0.235877 0)
(0.0177283 -0.0769018 0)
(0.0541175 -0.081483 0)
(0.0916712 -0.082125 0)
(0.130029 -0.0854436 0)
(0.170088 -0.090448 0)
(0.212567 -0.0972947 0)
(0.258296 -0.106524 0)
(0.307911 -0.118982 0)
(0.364871 -0.135877 0)
(0.41972 -0.159702 0)
(0.513084 -0.193652 0)
(0.554384 -0.236994 0)
(0.595041 -0.332226 0)
(0.762012 -0.40146 0)
(0.924713 -0.324267 0)
(0.855808 -0.0793401 0)
(0.538433 0.356917 0)
(0.395177 0.547881 0)
(0.393666 0.476242 0)
(0.372098 0.361201 0)
(0.300675 0.299355 0)
(0.203395 0.285649 0)
(0.0761214 0.303519 0)
(0.0174712 -0.0935272 0)
(0.0532839 -0.0989873 0)
(0.0901802 -0.0997509 0)
(0.127806 -0.103702 0)
(0.166992 -0.10964 0)
(0.20837 -0.117734 0)
(0.252647 -0.128587 0)
(0.300296 -0.14313 0)
(0.354337 -0.162629 0)
(0.405151 -0.18986 0)
(0.492642 -0.227316 0)
(0.51864 -0.276131 0)
(0.549949 -0.381206 0)
(0.701705 -0.444657 0)
(0.8175 -0.30557 0)
(0.616016 0.0436146 0)
(0.285643 0.433933 0)
(0.283164 0.534889 0)
(0.33943 0.464233 0)
(0.33663 0.37935 0)
(0.286373 0.335602 0)
(0.207941 0.334554 0)
(0.08306 0.374655 0)
(0.0171741 -0.109901 0)
(0.0523142 -0.116168 0)
(0.0884457 -0.117041 0)
(0.12523 -0.121571 0)
(0.16342 -0.128357 0)
(0.203553 -0.137567 0)
(0.24621 -0.149843 0)
(0.291709 -0.166167 0)
(0.342582 -0.187773 0)
(0.389279 -0.217657 0)
(0.470431 -0.256836 0)
(0.481296 -0.309269 0)
(0.506563 -0.419785 0)
(0.643374 -0.475472 0)
(0.720512 -0.255227 0)
(0.415494 0.17846 0)
(0.195084 0.462751 0)
(0.257157 0.504106 0)
(0.309496 0.448502 0)
(0.312478 0.39015 0)
(0.279386 0.362534 0)
(0.222754 0.374915 0)
(0.0997381 0.447064 0)
(0.0168466 -0.126216 0)
(0.0512262 -0.133239 0)
(0.0864945 -0.134213 0)
(0.12235 -0.139279 0)
(0.159448 -0.146837 0)
(0.198235 -0.157051 0)
(0.239162 -0.170576 0)
(0.282428 -0.188405 0)
(0.330023 -0.211706 0)
(0.372989 -0.243597 0)
(0.447877 -0.283178 0)
(0.444267 -0.33725 0)
(0.465398 -0.449512 0)
(0.58855 -0.49686 0)
(0.619277 -0.186036 0)
(0.274028 0.290156 0)
(0.187752 0.467861 0)
(0.250748 0.475143 0)
(0.288738 0.435077 0)
(0.296371 0.395589 0)
(0.278618 0.381123 0)
(0.250342 0.410879 0)
(0.100121 0.544865 0)
(0.0157345 -0.00656769 0)
(0.0446853 -0.00552256 0)
(0.066189 -0.0034646 0)
(0.0785019 -0.00172576 0)
(0.0836548 -0.000477996 0)
(0.0838821 0.000338642 0)
(0.0809816 0.000841647 0)
(0.0762328 0.00113577 0)
(0.0703991 0.00130261 0)
(0.0639681 0.0013907 0)
(0.0572337 0.00143126 0)
(0.0503741 0.00144402 0)
(0.0434927 0.0014415 0)
(0.0366449 0.00143125 0)
(0.0298563 0.00141777 0)
(0.0231325 0.00140416 0)
(0.0164679 0.00139246 0)
(0.00985265 0.00138369 0)
(0.00327397 0.00138454 0)
(0.0165674 -0.0201482 0)
(0.0469757 -0.0170473 0)
(0.069147 -0.0106107 0)
(0.0814468 -0.00523214 0)
(0.0863398 -0.00141826 0)
(0.0863984 0.00105571 0)
(0.0833894 0.00258903 0)
(0.0784844 0.00349403 0)
(0.0724653 0.00400704 0)
(0.0658337 0.00427776 0)
(0.0588924 0.00440244 0)
(0.0518249 0.00444158 0)
(0.0447377 0.00443299 0)
(0.0376883 0.00440019 0)
(0.0307024 0.0043577 0)
(0.0237855 0.00431528 0)
(0.0169311 0.00427919 0)
(0.0101283 0.00425283 0)
(0.00335952 0.00422139 0)
(0.017694 -0.0344245 0)
(0.0498188 -0.0289772 0)
(0.0723911 -0.0176682 0)
(0.0840462 -0.0084881 0)
(0.088128 -0.00213252 0)
(0.0874706 0.00193048 0)
(0.0839323 0.00443847 0)
(0.0786974 0.00591893 0)
(0.0724877 0.00675461 0)
(0.0657529 0.00719346 0)
(0.0587622 0.00739334 0)
(0.0516775 0.00745317 0)
(0.0445923 0.00743439 0)
(0.0375558 0.00737596 0)
(0.0305889 0.00730244 0)
(0.0236948 0.00723003 0)
(0.0168653 0.00716897 0)
(0.0100888 0.00712522 0)
(0.0033464 0.00707562 0)
(0.0195237 -0.0499447 0)
(0.0543822 -0.0416538 0)
(0.0774871 -0.0245473 0)
(0.0880049 -0.0112939 0)
(0.0907762 -0.0024361 0)
(0.0891203 0.00311077 0)
(0.0849178 0.00649129 0)
(0.0792586 0.00847013 0)
(0.0727879 0.0095788 0)
(0.0658958 0.0101551 0)
(0.0588127 0.0104112 0)
(0.0516759 0.0104798 0)
(0.0445634 0.0104437 0)
(0.0375152 0.0103556 0)
(0.0305465 0.0102489 0)
(0.023657 0.0101451 0)
(0.0168361 0.0100581 0)
(0.0100706 0.00999608 0)
(0.00334034 0.00992541 0)
(0.0219259 -0.0662373 0)
(0.0610579 -0.0553563 0)
(0.0847238 -0.0310346 0)
(0.0933817 -0.0133758 0)
(0.0942513 -0.00217549 0)
(0.0912393 0.00468799 0)
(0.086175 0.00880038 0)
(0.079975 0.0111796 0)
(0.0731736 0.0124991 0)
(0.0660821 0.013174 0)
(0.0588811 0.013462 0)
(0.0516771 0.0135244 0)
(0.044529 0.0134617 0)
(0.0374652 0.0133382 0)
(0.0304938 0.0131946 0)
(0.0236097 0.0130572 0)
(0.0167994 0.0129426 0)
(0.0100476 0.0128612 0)
(0.00333254 0.0127692 0)
(0.0244366 -0.0827222 0)
(0.069944 -0.0703892 0)
(0.094472 -0.0368712 0)
(0.100198 -0.0143933 0)
(0.0984613 -0.00117606 0)
(0.0937529 0.00677396 0)
(0.0876414 0.0114257 0)
(0.0808006 0.0140822 0)
(0.0736122 0.0155361 0)
(0.0662881 0.0162625 0)
(0.05895 0.0165532 0)
(0.0516681 0.0165911 0)
(0.0444794 0.0164905 0)
(0.0373986 0.0163243 0)
(0.0304252 0.0161392 0)
(0.0235488 0.0159649 0)
(0.0167523 0.0158209 0)
(0.010018 0.015719 0)
(0.00332255 0.0156054 0)
(0.0408418 -0.115117 0)
(0.0833723 -0.0885117 0)
(0.107137 -0.0415661 0)
(0.10843 -0.0139146 0)
(0.103252 0.000931793 0)
(0.0965535 0.00948194 0)
(0.0892403 0.0144166 0)
(0.0816892 0.0172055 0)
(0.0740755 0.0187064 0)
(0.0664967 0.0194305 0)
(0.0590087 0.0196908 0)
(0.0516423 0.0196833 0)
(0.0444105 0.0195315 0)
(0.0373127 0.0193142 0)
(0.0303391 0.0190819 0)
(0.0234733 0.0188673 0)
(0.0166943 0.0186915 0)
(0.00998177 0.018568 0)
(0.00331029 0.0184324 0)
(0.127797 -0.162501 0)
(0.119112 -0.10486 0)
(0.123857 -0.0423587 0)
(0.117887 -0.0114207 0)
(0.108388 0.00418789 0)
(0.0994439 0.0128395 0)
(0.0908878 0.0177934 0)
(0.0825967 0.0205631 0)
(0.0745388 0.0220201 0)
(0.0666938 0.0226859 0)
(0.0590494 0.0228804 0)
(0.0515954 0.0228051 0)
(0.0443196 0.0225874 0)
(0.0372059 0.0223092 0)
(0.0302344 0.0220234 0)
(0.0233825 0.0217643 0)
(0.0166249 0.0215543 0)
(0.00993863 0.0214077 0)
(0.00329575 0.0212496 0)
(0.0162661 -0.150395 0)
(0.0493186 -0.158384 0)
(0.0830984 -0.159473 0)
(0.117361 -0.165204 0)
(0.152605 -0.173693 0)
(0.189139 -0.185075 0)
(0.227236 -0.199991 0)
(0.26694 -0.219361 0)
(0.30948 -0.244286 0)
(0.347312 -0.277319 0)
(0.413002 -0.317506 0)
(0.392195 -0.370129 0)
(0.41084 -0.476684 0)
(0.51858 -0.497662 0)
(0.504274 -0.0396582 0)
(0.185485 0.386439 0)
(0.201353 0.457626 0)
(0.241351 0.445947 0)
(0.266844 0.419396 0)
(0.282296 0.393908 0)
(0.29172 0.385153 0)
(0.33438 0.408036 0)
(0.394262 0.53483 0)
(0.0153154 -0.18221 0)
(0.0462763 -0.191237 0)
(0.0777431 -0.192447 0)
(0.109519 -0.198892 0)
(0.141916 -0.208334 0)
(0.17507 -0.220855 0)
(0.209045 -0.237034 0)
(0.243662 -0.257648 0)
(0.279581 -0.283637 0)
(0.310031 -0.316625 0)
(0.364075 -0.356687 0)
(0.328124 -0.40559 0)
(0.35085 -0.503103 0)
(0.43867 -0.48193 0)
(0.351456 0.175031 0)
(0.157345 0.428402 0)
(0.199415 0.437066 0)
(0.225404 0.418086 0)
(0.246189 0.397737 0)
(0.267275 0.377396 0)
(0.291095 0.361841 0)
(0.330232 0.352363 0)
(0.407319 0.337316 0)
(0.0142664 -0.211931 0)
(0.0429457 -0.221582 0)
(0.0719217 -0.222848 0)
(0.101056 -0.229708 0)
(0.130495 -0.239643 0)
(0.160236 -0.252674 0)
(0.190195 -0.269274 0)
(0.220053 -0.29004 0)
(0.250127 -0.315647 0)
(0.274358 -0.347187 0)
(0.319168 -0.384348 0)
(0.274791 -0.42811 0)
(0.301883 -0.515894 0)
(0.373471 -0.422538 0)
(0.222136 0.287648 0)
(0.148071 0.432732 0)
(0.188016 0.417174 0)
(0.207406 0.395703 0)
(0.226344 0.376205 0)
(0.246434 0.355077 0)
(0.267698 0.331999 0)
(0.291183 0.303758 0)
(0.328319 0.259857 0)
(0.0131546 -0.239471 0)
(0.0394488 -0.249405 0)
(0.0658574 -0.250687 0)
(0.0923039 -0.257724 0)
(0.118793 -0.267804 0)
(0.145224 -0.280887 0)
(0.171419 -0.297332 0)
(0.196994 -0.317562 0)
(0.22207 -0.342008 0)
(0.241311 -0.371354 0)
(0.27886 -0.40494 0)
(0.230614 -0.443551 0)
(0.261373 -0.52293 0)
(0.31794 -0.333082 0)
(0.135952 0.3459 0)
(0.140941 0.420499 0)
(0.173145 0.396712 0)
(0.188815 0.376158 0)
(0.205825 0.357007 0)
(0.223154 0.335529 0)
(0.240103 0.311075 0)
(0.256806 0.281827 0)
(0.27359 0.245651 0)
(0.0120145 -0.264731 0)
(0.0358953 -0.274656 0)
(0.0597415 -0.275924 0)
(0.0835361 -0.282946 0)
(0.107172 -0.292894 0)
(0.130487 -0.305683 0)
(0.153256 -0.321564 0)
(0.175077 -0.340808 0)
(0.195974 -0.363651 0)
(0.211319 -0.390481 0)
(0.24314 -0.420431 0)
(0.193953 -0.454378 0)
(0.227196 -0.526796 0)
(0.271577 -0.209565 0)
(0.0927497 0.369907 0)
(0.130613 0.403594 0)
(0.156702 0.377986 0)
(0.170419 0.358966 0)
(0.185642 0.340503 0)
(0.200371 0.319805 0)
(0.21382 0.29642 0)
(0.225735 0.269393 0)
(0.234143 0.237647 0)
(0.0108747 -0.287688 0)
(0.0323729 -0.297366 0)
(0.0537222 -0.298607 0)
(0.0749595 -0.305466 0)
(0.0958955 -0.315086 0)
(0.116335 -0.327346 0)
(0.136035 -0.342406 0)
(0.154614 -0.360417 0)
(0.172051 -0.381471 0)
(0.184374 -0.405758 0)
(0.211586 -0.432329 0)
(0.163329 -0.462257 0)
(0.197792 -0.529023 0)
(0.233926 -0.1225 0)
(0.0643946 0.379495 0)
(0.117459 0.384926 0)
(0.140008 0.360749 0)
(0.152792 0.343566 0)
(0.166435 0.326275 0)
(0.178863 0.306942 0)
(0.189449 0.285264 0)
(0.197844 0.260814 0)
(0.202626 0.233279 0)
(0.00975805 -0.308366 0)
(0.0289475 -0.317618 0)
(0.0479059 -0.318829 0)
(0.0667179 -0.325424 0)
(0.0851364 -0.334586 0)
(0.102955 -0.346173 0)
(0.119935 -0.360275 0)
(0.135729 -0.37695 0)
(0.150305 -0.396196 0)
(0.160275 -0.418073 0)
(0.183694 -0.441634 0)
(0.137575 -0.468163 0)
(0.172138 -0.530183 0)
(0.198024 -0.0188791 0)
(0.0411848 0.373894 0)
(0.103074 0.365065 0)
(0.124373 0.344424 0)
(0.136613 0.329609 0)
(0.148745 0.314007 0)
(0.159139 0.296441 0)
(0.167463 0.276835 0)
(0.173504 0.255132 0)
(0.176383 0.231496 0)
(0.00868115 -0.326832 0)
(0.0256647 -0.335529 0)
(0.0423625 -0.336716 0)
(0.0589007 -0.342984 0)
(0.0749951 -0.351615 0)
(0.0904427 -0.36246 0)
(0.105019 -0.375553 0)
(0.118423 -0.390891 0)
(0.130621 -0.408409 0)
(0.138736 -0.428088 0)
(0.158951 -0.44903 0)
(0.115741 -0.472709 0)
(0.149455 -0.530716 0)
(0.168035 0.0863359 0)
(0.0345182 0.358371 0)
(0.0918387 0.34508 0)
(0.111366 0.329225 0)
(0.122596 0.31719 0)
(0.133 0.303616 0)
(0.141471 0.288005 0)
(0.14791 0.270518 0)
(0.152247 0.251322 0)
(0.153954 0.230772 0)
(0.00765456 -0.343177 0)
(0.0225517 -0.351237 0)
(0.0371308 -0.352413 0)
(0.0515536 -0.358323 0)
(0.0655148 -0.366395 0)
(0.0788236 -0.376482 0)
(0.0912778 -0.38858 0)
(0.102621 -0.402643 0)
(0.112825 -0.418569 0)
(0.11945 -0.436292 0)
(0.136898 -0.454985 0)
(0.0971016 -0.476261 0)
(0.129207 -0.53074 0)
(0.145748 0.172735 0)
(0.0431852 0.341314 0)
(0.0861103 0.32752 0)
(0.101774 0.31618 0)
(0.111017 0.30677 0)
(0.119317 0.2952 0)
(0.125829 0.281462 0)
(0.130554 0.265896 0)
(0.133509 0.248811 0)
(0.134383 0.230646 0)
(0.00668354 -0.357511 0)
(0.0196207 -0.364884 0)
(0.0322253 -0.366068 0)
(0.0446884 -0.371611 0)
(0.0566968 -0.379129 0)
(0.0680759 -0.388481 0)
(0.0786487 -0.399636 0)
(0.0882015 -0.412522 0)
(0.0967132 -0.427018 0)
(0.102121 -0.443031 0)
(0.117144 -0.459809 0)
(0.08109 -0.479058 0)
(0.111019 -0.530295 0)
(0.128611 0.224657 0)
(0.0551268 0.328482 0)
(0.0838265 0.314455 0)
(0.0948763 0.3062 0)
(0.101538 0.298789 0)
(0.107478 0.288905 0)
(0.111967 0.276756 0)
(0.11504 0.262776 0)
(0.116758 0.247358 0)
(0.116938 0.230981 0)
(0.00576928 -0.369931 0)
(0.0168731 -0.376595 0)
(0.0276431 -0.377807 0)
(0.0382937 -0.382993 0)
(0.0485147 -0.389982 0)
(0.0581492 -0.398643 0)
(0.0670442 -0.408928 0)
(0.0750257 -0.42075 0)
(0.0820804 -0.433982 0)
(0.0864691 -0.448516 0)
(0.099331 -0.463685 0)
(0.0672334 -0.481264 0)
(0.0945467 -0.529565 0)
(0.112806 0.254788 0)
(0.0629276 0.320177 0)
(0.0822222 0.305714 0)
(0.0895309 0.299383 0)
(0.0935966 0.293412 0)
(0.0970935 0.284824 0)
(0.0995101 0.273882 0)
(0.100943 0.26107 0)
(0.101485 0.246846 0)
(0.101017 0.231719 0)
(0.00491039 -0.380618 0)
(0.0143033 -0.38657 0)
(0.0233713 -0.387832 0)
(0.032345 -0.392683 0)
(0.0409267 -0.399184 0)
(0.0489778 -0.407219 0)
(0.0563665 -0.416725 0)
(0.062953 -0.427611 0)
(0.068733 -0.439747 0)
(0.0722353 -0.453013 0)
(0.0831185 -0.466845 0)
(0.0551064 -0.48302 0)
(0.0793478 -0.528578 0)
(0.0974577 0.267756 0)
(0.0673029 0.313505 0)
(0.0809301 0.299906 0)
(0.0853292 0.295393 0)
(0.0868266 0.290686 0)
(0.0877712 0.283063 0)
(0.0880261 0.272893 0)
(0.0877922 0.260761 0)
(0.0871826 0.247224 0)
(0.0861017 0.232836 0)
(0.00410212 -0.389837 0)
(0.0118972 -0.395074 0)
(0.0193833 -0.396408 0)
(0.0267996 -0.40096 0)
(0.0338671 -0.407023 0)
(0.0404662 -0.414509 0)
(0.0464884 -0.42334 0)
(0.0518202 -0.433426 0)
(0.056477 -0.444641 0)
(0.0591853 -0.456847 0)
(0.0682889 -0.469608 0)
(0.0444538 -0.484459 0)
(0.0650145 -0.527212 0)
(0.0840222 0.266511 0)
(0.0716547 0.30667 0)
(0.0810778 0.296227 0)
(0.0825703 0.294227 0)
(0.0810999 0.290887 0)
(0.0791275 0.283873 0)
(0.0770211 0.273927 0)
(0.0750574 0.261874 0)
(0.0733302 0.248452 0)
(0.0717064 0.234284 0)
(0.00334558 -0.396771 0)
(0.00964524 -0.4013 0)
(0.0156415 -0.402713 0)
(0.0215955 -0.40699 0)
(0.0272548 -0.412653 0)
(0.0325057 -0.419625 0)
(0.0372684 -0.427832 0)
(0.0414483 -0.437189 0)
(0.0450932 -0.447578 0)
(0.0470429 -0.458916 0)
(0.0547457 -0.47103 0)
(0.0351935 -0.484972 0)
(0.0507377 -0.526909 0)
(0.0831214 0.252453 0)
(0.0796511 0.299747 0)
(0.0844833 0.29515 0)
(0.0819297 0.296661 0)
(0.0763099 0.294619 0)
(0.0706377 0.287619 0)
(0.0658362 0.277108 0)
(0.0620939 0.264381 0)
(0.0593559 0.250427 0)
(0.0573464 0.235954 0)
(0.00263012 -0.400744 0)
(0.00755263 -0.404648 0)
(0.0121703 -0.406196 0)
(0.0167598 -0.410229 0)
(0.021141 -0.415563 0)
(0.025179 -0.422112 0)
(0.0288058 -0.429807 0)
(0.0319489 -0.438569 0)
(0.0346214 -0.448216 0)
(0.035646 -0.458802 0)
(0.0417148 -0.470604 0)
(0.0259495 -0.482527 0)
(0.0314572 -0.544007 0)
(0.0882715 0.214433 0)
(0.0917726 0.290805 0)
(0.0930369 0.299147 0)
(0.0838652 0.304641 0)
(0.0718992 0.302989 0)
(0.0614264 0.294825 0)
(0.0535706 0.282556 0)
(0.0481394 0.268175 0)
(0.0446561 0.252948 0)
(0.0425528 0.237635 0)
(0.00192341 -0.411289 0)
(0.0056541 -0.414439 0)
(0.00913815 -0.416275 0)
(0.0125751 -0.420227 0)
(0.0158559 -0.425466 0)
(0.018875 -0.431904 0)
(0.0215672 -0.439472 0)
(0.0239201 -0.448064 0)
(0.0256875 -0.457406 0)
(0.0259643 -0.467254 0)
(0.0291228 -0.478157 0)
(0.0142213 -0.477701 0)
(0.0141839 -0.592118 0)
(-0.000466283 0.170297 0)
(0.118111 0.285465 0)
(0.112833 0.313395 0)
(0.0879538 0.321699 0)
(0.0663198 0.317941 0)
(0.0499723 0.306101 0)
(0.0389333 0.29018 0)
(0.0322234 0.272897 0)
(0.0285516 0.255602 0)
(0.0268688 0.238952 0)
(0.00143439 -0.425463 0)
(0.00424748 -0.427885 0)
(0.00660409 -0.429824 0)
(0.00914173 -0.433539 0)
(0.0115171 -0.438423 0)
(0.0136886 -0.444394 0)
(0.0155985 -0.451355 0)
(0.0172508 -0.459133 0)
(0.0180684 -0.467676 0)
(0.0185288 -0.475366 0)
(0.0215627 -0.483669 0)
(0.00798325 -0.467667 0)
(0.0979947 -0.514719 0)
(-0.0184394 0.0319842 0)
(0.192132 0.264652 0)
(0.14948 0.345858 0)
(0.0911169 0.354471 0)
(0.0560159 0.341752 0)
(0.0333268 0.321662 0)
(0.0200372 0.299327 0)
(0.0132526 0.277741 0)
(0.0104231 0.257664 0)
(0.00995077 0.239333 0)
(0.000608732 -0.379234 0)
(0.00209199 -0.381381 0)
(0.00321938 -0.383171 0)
(0.00443766 -0.386239 0)
(0.00550529 -0.390226 0)
(0.00637733 -0.395053 0)
(0.0070228 -0.400569 0)
(0.00729487 -0.406621 0)
(0.00736524 -0.413372 0)
(0.00559682 -0.41956 0)
(0.0212679 -0.424662 0)
(0.0336043 -0.465753 0)
(0.250551 -0.40826 0)
(0.361178 -0.174049 0)
(0.271084 0.420493 0)
(0.202976 0.453642 0)
(0.0879403 0.40484 0)
(0.0335027 0.374415 0)
(0.00711032 0.33978 0)
(-0.00537893 0.308393 0)
(-0.00977864 0.281302 0)
(-0.0101626 0.258056 0)
(-0.0083531 0.238028 0)
(-0.00077083 -0.343948 0)
(-0.0058798 -0.345152 0)
(-0.00907841 -0.347712 0)
(-0.0129818 -0.351467 0)
(-0.0170634 -0.356476 0)
(-0.0212755 -0.362691 0)
(-0.0255387 -0.370169 0)
(-0.0287812 -0.379119 0)
(-0.027588 -0.389148 0)
(-0.0351919 -0.41223 0)
(0.0236399 -0.439608 0)
(0.130653 -0.685513 0)
(0.200901 -0.614857 0)
(0.49321 -0.40244 0)
(0.417955 0.259587 0)
(0.191753 0.562877 0)
(0.0357864 0.512083 0)
(-0.00945564 0.416569 0)
(-0.0332628 0.356568 0)
(-0.0387791 0.313859 0)
(-0.0374391 0.281154 0)
(-0.0331773 0.255249 0)
(-0.0278075 0.234106 0)
(-0.00356822 -0.52378 0)
(-0.0288983 -0.524583 0)
(-0.0453439 -0.527437 0)
(-0.0641187 -0.530633 0)
(-0.0829574 -0.535521 0)
(-0.101517 -0.542048 0)
(-0.11931 -0.551338 0)
(-0.1305 -0.564214 0)
(-0.130528 -0.579311 0)
(-0.133674 -0.644234 0)
(-0.0931957 -0.783548 0)
(0.149776 -0.827577 0)
(-0.243189 -1.15764 0)
(0.240241 0.0696482 0)
(-0.113929 0.495932 0)
(-0.20272 0.725545 0)
(-0.133544 0.566775 0)
(-0.110599 0.43513 0)
(-0.0949266 0.359161 0)
(-0.0811577 0.309401 0)
(-0.0687908 0.274145 0)
(-0.0575783 0.247616 0)
(-0.0475865 0.226696 0)
(-0.00971964 -0.354729 0)
(-0.0274457 -0.355616 0)
(-0.0456065 -0.357138 0)
(-0.0644384 -0.359601 0)
(-0.084122 -0.363252 0)
(-0.104918 -0.368828 0)
(-0.126948 -0.37752 0)
(-0.149647 -0.391261 0)
(-0.182467 -0.418515 0)
(-0.220196 -0.472726 0)
(-0.260463 -0.560112 0)
(-0.471956 -0.631246 0)
(-0.800265 -0.561974 0)
(-0.885055 -0.134406 0)
(-0.673135 0.581227 0)
(-0.531195 0.624767 0)
(-0.315117 0.489526 0)
(-0.217789 0.395209 0)
(-0.160015 0.332672 0)
(-0.124476 0.289324 0)
(-0.0997007 0.257962 0)
(-0.0810361 0.234157 0)
(-0.0662787 0.215345 0)
(-0.00960656 -0.36945 0)
(-0.0286297 -0.371628 0)
(-0.0478788 -0.372777 0)
(-0.0680368 -0.374873 0)
(-0.0892404 -0.377927 0)
(-0.112146 -0.382313 0)
(-0.137294 -0.388491 0)
(-0.166403 -0.397523 0)
(-0.20561 -0.411596 0)
(-0.25285 -0.427583 0)
(-0.32298 -0.459225 0)
(-0.484621 -0.519529 0)
(-0.714996 -0.481752 0)
(-0.826686 -0.154223 0)
(-0.729209 0.225071 0)
(-0.53779 0.350933 0)
(-0.372035 0.339986 0)
(-0.270225 0.312617 0)
(-0.202073 0.282126 0)
(-0.156562 0.25552 0)
(-0.124415 0.233504 0)
(-0.100594 0.215409 0)
(-0.0822312 0.200405 0)
(-0.00963929 -0.34405 0)
(-0.0290639 -0.345697 0)
(-0.0489522 -0.346232 0)
(-0.0697129 -0.347031 0)
(-0.0917375 -0.348253 0)
(-0.11573 -0.349987 0)
(-0.142497 -0.352339 0)
(-0.17389 -0.355661 0)
(-0.212567 -0.359502 0)
(-0.257385 -0.359831 0)
(-0.320721 -0.357599 0)
(-0.428354 -0.339966 0)
(-0.552059 -0.25529 0)
(-0.611527 -0.0908126 0)
(-0.562937 0.0730668 0)
(-0.450282 0.180552 0)
(-0.352386 0.221287 0)
(-0.276023 0.231737 0)
(-0.217461 0.226878 0)
(-0.173461 0.216498 0)
(-0.140127 0.204769 0)
(-0.114454 0.193409 0)
(-0.0943099 0.183005 0)
(-0.00958296 -0.32544 0)
(-0.0291506 -0.3269 0)
(-0.0492312 -0.32679 0)
(-0.0700729 -0.326544 0)
(-0.0922251 -0.326175 0)
(-0.116282 -0.325574 0)
(-0.143051 -0.32452 0)
(-0.173818 -0.322707 0)
(-0.209877 -0.318753 0)
(-0.252053 -0.310468 0)
(-0.306095 -0.297872 0)
(-0.375018 -0.268228 0)
(-0.438889 -0.19433 0)
(-0.465367 -0.0786421 0)
(-0.441143 0.0353111 0)
(-0.383332 0.108298 0)
(-0.320878 0.150156 0)
(-0.264772 0.171247 0)
(-0.217462 0.179037 0)
(-0.178853 0.179349 0)
(-0.147694 0.175799 0)
(-0.122572 0.170489 0)
(-0.102251 0.164546 0)
(-0.00948652 -0.305808 0)
(-0.0288011 -0.307026 0)
(-0.0485528 -0.306204 0)
(-0.0690495 -0.304946 0)
(-0.0907206 -0.303079 0)
(-0.114022 -0.30038 0)
(-0.139575 -0.296435 0)
(-0.168085 -0.290612 0)
(-0.200078 -0.281534 0)
(-0.236161 -0.267432 0)
(-0.278034 -0.246161 0)
(-0.323617 -0.210044 0)
(-0.360829 -0.15089 0)
(-0.374793 -0.0742494 0)
(-0.36141 0.00220473 0)
(-0.328597 0.0614198 0)
(-0.287757 0.101221 0)
(-0.246765 0.12596 0)
(-0.209339 0.1399 0)
(-0.176772 0.146651 0)
(-0.149087 0.148856 0)
(-0.125824 0.148321 0)
(-0.106403 0.146204 0)
(-0.00927396 -0.286966 0)
(-0.0279834 -0.287781 0)
(-0.0470595 -0.286381 0)
(-0.0668476 -0.284231 0)
(-0.08756 -0.281109 0)
(-0.109536 -0.276725 0)
(-0.13317 -0.270622 0)
(-0.15878 -0.262105 0)
(-0.186494 -0.250091 0)
(-0.216368 -0.233238 0)
(-0.248114 -0.209573 0)
(-0.27894 -0.175167 0)
(-0.302206 -0.127744 0)
(-0.310969 -0.071768 0)
(-0.303305 -0.0165642 0)
(-0.282997 0.0303529 0)
(-0.255572 0.0661145 0)
(-0.225765 0.0914226 0)
(-0.196666 0.108259 0)
(-0.169889 0.118785 0)
(-0.146055 0.124841 0)
(-0.125259 0.127836 0)
(-0.107368 0.128778 0)
(-0.00887932 -0.2688 0)
(-0.0267385 -0.269222 0)
(-0.0449186 -0.267411 0)
(-0.0636733 -0.264554 0)
(-0.0830958 -0.260462 0)
(-0.103407 -0.254846 0)
(-0.124806 -0.247282 0)
(-0.147371 -0.23716 0)
(-0.170985 -0.223672 0)
(-0.195322 -0.20583 0)
(-0.219497 -0.182314 0)
(-0.241243 -0.151492 0)
(-0.256846 -0.11317 0)
(-0.262889 -0.0702406 0)
(-0.258386 -0.0276908 0)
(-0.245211 0.0101951 0)
(-0.226249 0.0413159 0)
(-0.204371 0.0653533 0)
(-0.181849 0.0830388 0)
(-0.160135 0.0955274 0)
(-0.140017 0.103998 0)
(-0.121859 0.109467 0)
(-0.105795 0.112732 0)
(-0.00834558 -0.251413 0)
(-0.0251895 -0.251568 0)
(-0.0422973 -0.249457 0)
(-0.0597823 -0.246099 0)
(-0.0777156 -0.241339 0)
(-0.0962069 -0.234929 0)
(-0.115315 -0.226513 0)
(-0.134974 -0.215617 0)
(-0.154936 -0.20167 0)
(-0.174722 -0.184018 0)
(-0.193414 -0.161938 0)
(-0.209388 -0.134879 0)
(-0.22052 -0.103257 0)
(-0.225025 -0.0689736 0)
(-0.22237 -0.0348883 0)
(-0.213503 -0.00359293 0)
(-0.20006 0.0234668 0)
(-0.18381 0.0456234 0)
(-0.166347 0.063066 0)
(-0.148845 0.0763615 0)
(-0.132063 0.0862198 0)
(-0.116455 0.0933322 0)
(-0.102292 0.0982855 0)
(-0.00775051 -0.235075 0)
(-0.0234552 -0.235067 0)
(-0.0393424 -0.232731 0)
(-0.0554275 -0.229048 0)
(-0.0717811 -0.223885 0)
(-0.0884251 -0.217041 0)
(-0.105327 -0.208244 0)
(-0.122343 -0.197148 0)
(-0.13918 -0.18338 0)
(-0.155349 -0.166551 0)
(-0.170075 -0.146333 0)
(-0.182248 -0.122656 0)
(-0.190607 -0.0960488 0)
(-0.194181 -0.067793 0)
(-0.192663 -0.0396352 0)
(-0.186494 -0.0132154 0)
(-0.176755 0.0104056 0)
(-0.164561 0.030573 0)
(-0.150962 0.0472526 0)
(-0.13688 0.060669 0)
(-0.122976 0.0712225 0)
(-0.109698 0.0793599 0)
(-0.097373 0.0854916 0)
(-0.0071398 -0.219991 0)
(-0.0216101 -0.219873 0)
(-0.0361733 -0.217382 0)
(-0.0508125 -0.213514 0)
(-0.0655749 -0.208155 0)
(-0.0804239 -0.201149 0)
(-0.0952734 -0.192299 0)
(-0.10995 -0.181376 0)
(-0.124162 -0.168149 0)
(-0.137478 -0.152423 0)
(-0.149294 -0.134097 0)
(-0.158857 -0.113295 0)
(-0.165396 -0.0905104 0)
(-0.168345 -0.0666366 0)
(-0.167525 -0.0427961 0)
(-0.163192 -0.0200903 0)
(-0.156045 0.000631022 0)
(-0.146774 0.0189845 0)
(-0.136108 0.0347025 0)
(-0.12477 0.0478573 0)
(-0.113293 0.0586582 0)
(-0.102078 0.067381 0)
(-0.0914546 0.074299 0)
(-0.00652388 -0.206217 0)
(-0.019698 -0.206015 0)
(-0.0328906 -0.203446 0)
(-0.0460917 -0.199508 0)
(-0.0593008 -0.194107 0)
(-0.0724501 -0.187131 0)
(-0.0854286 -0.178447 0)
(-0.09806 -0.167915 0)
(-0.110081 -0.155412 0)
(-0.121133 -0.140863 0)
(-0.130765 -0.124291 0)
(-0.138462 -0.105889 0)
(-0.143737 -0.0860761 0)
(-0.146248 -0.0654964 0)
(-0.145903 -0.0449191 0)
(-0.142861 -0.0251099 0)
(-0.137471 -0.00669764 0)
(-0.13032 0.0100113 0)
(-0.121954 0.0247157 0)
(-0.112821 0.0374091 0)
(-0.103369 0.0481798 0)
(-0.0939459 0.0571861 0)
(-0.0848571 0.0645995 0)
(-0.00590137 -0.19374 0)
(-0.0177559 -0.193474 0)
(-0.0295801 -0.190896 0)
(-0.0413795 -0.186977 0)
(-0.0531004 -0.181646 0)
(-0.0646637 -0.174829 0)
(-0.0759532 -0.166445 0)
(-0.0868032 -0.156421 0)
(-0.0969878 -0.144707 0)
(-0.106221 -0.131303 0)
(-0.114169 -0.116294 0)
(-0.120476 -0.0998826 0)
(-0.124825 -0.0824183 0)
(-0.127003 -0.0643799 0)
(-0.126954 -0.0463184 0)
(-0.124784 -0.0287735 0)
(-0.120734 -0.01221 0)
(-0.115216 0.00299955 0)
(-0.108587 0.0167403 0)
(-0.101208 0.0288901 0)
(-0.0934336 0.0394694 0)
(-0.0855479 0.0485594 0)
(-0.0778208 0.0562595 0)
(-0.00527363 -0.182539 0)
(-0.0158199 -0.182223 0)
(-0.026311 -0.179689 0)
(-0.0367577 -0.175851 0)
(-0.0470682 -0.170664 0)
(-0.0571636 -0.164086 0)
(-0.0669322 -0.156077 0)
(-0.076226 -0.146609 0)
(-0.084857 -0.135681 0)
(-0.0926014 -0.123337 0)
(-0.0992122 -0.109687 0)
(-0.104442 -0.0949267 0)
(-0.108079 -0.0793434 0)
(-0.109986 -0.0633049 0)
(-0.110129 -0.047222 0)
(-0.108589 -0.0314991 0)
(-0.105538 -0.0164973 0)
(-0.101228 -0.00250846 0)
(-0.0959517 0.010356 0)
(-0.0900004 0.0219467 0)
(-0.0836207 0.03225 0)
(-0.0770495 0.0412979 0)
(-0.07052 0.0491394 0)
(-0.00464825 -0.172595 0)
(-0.0139219 -0.172245 0)
(-0.0231314 -0.169784 0)
(-0.0322805 -0.166064 0)
(-0.0412622 -0.161065 0)
(-0.0500022 -0.154768 0)
(-0.058398 -0.147162 0)
(-0.0663218 -0.138252 0)
(-0.0736201 -0.128066 0)
(-0.0801197 -0.116672 0)
(-0.0856381 -0.104189 0)
(-0.0900002 -0.0907961 0)
(-0.0930615 -0.0767322 0)
(-0.0947321 -0.0622877 0)
(-0.0949939 -0.047779 0)
(-0.0939053 -0.0335184 0)
(-0.0915911 -0.0197882 0)
(-0.0882218 -0.00681608 0)
(-0.0840322 0.0052497 0)
(-0.0792292 0.0162948 0)
(-0.0740067 0.0262871 0)
(-0.0685579 0.0352192 0)
(-0.0630776 0.0431051 0)
(-0.0040355 -0.163887 0)
(-0.0120841 -0.163517 0)
(-0.0200678 -0.161141 0)
(-0.0279774 -0.157558 0)
(-0.0357097 -0.152764 0)
(-0.0431959 -0.146761 0)
(-0.0503452 -0.139555 0)
(-0.0570499 -0.131173 0)
(-0.0631868 -0.121661 0)
(-0.0686226 -0.111099 0)
(-0.073222 -0.0996061 0)
(-0.0768597 -0.0873424 0)
(-0.0794357 -0.0745105 0)
(-0.0808902 -0.0613452 0)
(-0.0812137 -0.0480981 0)
(-0.0804504 -0.0350181 0)
(-0.0786898 -0.0223322 0)
(-0.0760557 -0.0102345 0)
(-0.0727459 0.00112201 0)
(-0.0688848 0.0116987 0)
(-0.064624 0.0213852 0)
(-0.0601368 0.0301656 0)
(-0.055577 0.0380347 0)
(-0.00344308 -0.156383 0)
(-0.0103168 -0.156005 0)
(-0.0171283 -0.153715 0)
(-0.0238569 -0.150273 0)
(-0.0304131 -0.145685 0)
(-0.0367344 -0.139965 0)
(-0.0427429 -0.133134 0)
(-0.0483497 -0.12523 0)
(-0.0534575 -0.116313 0)
(-0.0579642 -0.106465 0)
(-0.0617691 -0.0958009 0)
(-0.064782 -0.084465 0)
(-0.0669329 -0.0726306 0)
(-0.0681819 -0.0604928 0)
(-0.0685251 -0.0482576 0)
(-0.0679968 -0.0361287 0)
(-0.0666672 -0.0242947 0)
(-0.0646356 -0.0129217 0)
(-0.0619978 -0.00214767 0)
(-0.0588929 0.00799608 0)
(-0.0554703 0.0173901 0)
(-0.0518192 0.0260048 0)
(-0.0480718 0.0338214 0)
(-0.00287391 -0.150044 0)
(-0.00861979 -0.149667 0)
(-0.0143084 -0.14746 0)
(-0.0199116 -0.144151 0)
(-0.0253569 -0.139756 0)
(-0.0305895 -0.134295 0)
(-0.0355442 -0.127799 0)
(-0.04015 -0.120315 0)
(-0.0443306 -0.111906 0)
(-0.0480085 -0.102658 0)
(-0.0511089 -0.0926771 0)
(-0.0535667 -0.0820947 0)
(-0.0553331 -0.0710616 0)
(-0.0563814 -0.0597442 0)
(-0.0567112 -0.0483156 0)
(-0.0563489 -0.0369472 0)
(-0.0553468 -0.0257987 0)
(-0.0537768 -0.0150101 0)
(-0.0517184 -0.00469498 0)
(-0.0492752 0.0050501 0)
(-0.0465481 0.0141753 0)
(-0.0436214 0.0226268 0)
(-0.0405948 0.0303737 0)
(-0.00232702 -0.144817 0)
(-0.00698655 -0.144448 0)
(-0.0115956 -0.142317 0)
(-0.0161234 -0.139129 0)
(-0.0205142 -0.134905 0)
(-0.0247216 -0.129671 0)
(-0.0286935 -0.123464 0)
(-0.0323742 -0.116335 0)
(-0.0357054 -0.10835 0)
(-0.0386289 -0.0995919 0)
(-0.0410899 -0.0901629 0)
(-0.0430421 -0.0801818 0)
(-0.0444516 -0.0697829 0)
(-0.0453011 -0.0591113 0)
(-0.0455917 -0.0483168 0)
(-0.0453442 -0.0375475 0)
(-0.0445972 -0.0269426 0)
(-0.043404 -0.0166267 0)
(-0.0418275 -0.00670634 0)
(-0.0399468 0.00273373 0)
(-0.0378277 0.0116348 0)
(-0.0355407 0.0199409 0)
(-0.0331617 0.0276155 0)
(-0.00179959 -0.140615 0)
(-0.00540779 -0.140258 0)
(-0.00897472 -0.138192 0)
(-0.0124702 -0.13511 0)
(-0.0158534 -0.131033 0)
(-0.0190874 -0.125992 0)
(-0.0221325 -0.120027 0)
(-0.0249466 -0.11319 0)
(-0.0274865 -0.105549 0)
(-0.02971 -0.0971832 0)
(-0.0315782 -0.0881901 0)
(-0.0330592 -0.0786791 0)
(-0.0341302 -0.0687718 0)
(-0.0347804 -0.058598 0)
(-0.0350121 -0.0482909 0)
(-0.034841 -0.0379818 0)
(-0.0342958 -0.0277955 0)
(-0.0334155 -0.0178455 0)
(-0.0322469 -0.00823126 0)
(-0.0308537 0.000967415 0)
(-0.0292756 0.00969029 0)
(-0.027564 0.0178768 0)
(-0.0257764 0.0254863 0)
(-0.00128711 -0.137674 0)
(-0.00387311 -0.137324 0)
(-0.006432 -0.135302 0)
(-0.0089327 -0.132293 0)
(-0.0113478 -0.128318 0)
(-0.0136505 -0.123411 0)
(-0.0158122 -0.117614 0)
(-0.0178034 -0.110981 0)
(-0.0195942 -0.10358 0)
(-0.0211559 -0.0954893 0)
(-0.022463 -0.0868021 0)
(-0.0234948 -0.0776218 0)
(-0.0242375 -0.0680613 0)
(-0.0246852 -0.0582398 0)
(-0.0248408 -0.0482787 0)
(-0.0247164 -0.038298 0)
(-0.0243324 -0.0284119 0)
(-0.0237167 -0.0187257 0)
(-0.0229016 -0.00933443 0)
(-0.02194 -0.000320821 0)
(-0.0208529 0.00828314 0)
(-0.0196707 0.0163824 0)
(-0.0184349 0.02394 0)
(-0.000776068 -0.136587 0)
(-0.00235367 -0.136221 0)
(-0.00392426 -0.134216 0)
(-0.00545158 -0.131233 0)
(-0.00692174 -0.127295 0)
(-0.00831873 -0.122437 0)
(-0.00962533 -0.116703 0)
(-0.0108235 -0.110152 0)
(-0.0118954 -0.102849 0)
(-0.012824 -0.0948755 0)
(-0.0135949 -0.0863225 0)
(-0.0141967 -0.0772911 0)
(-0.0146223 -0.0678906 0)
(-0.0148694 -0.0582352 0)
(-0.0149411 -0.0484409 0)
(-0.014846 -0.0386221 0)
(-0.014598 -0.0288876 0)
(-0.0142167 -0.0193377 0)
(-0.0137273 -0.0100626 0)
(-0.0131459 -0.00114296 0)
(-0.0125057 0.00738696 0)
(-0.0118351 0.0154286 0)
(-0.0111287 0.0229488 0)
(-0.000246755 -0.133895 0)
(-0.0007749 -0.133476 0)
(-0.00131752 -0.131548 0)
(-0.00183653 -0.128664 0)
(-0.00233397 -0.124852 0)
(-0.00280604 -0.120148 0)
(-0.00324716 -0.114596 0)
(-0.00365115 -0.108249 0)
(-0.00401179 -0.101173 0)
(-0.00432323 -0.0934424 0)
(-0.00458044 -0.0851433 0)
(-0.00477952 -0.0763705 0)
(-0.00491807 -0.0672261 0)
(-0.00499539 -0.0578172 0)
(-0.0050127 -0.0482525 0)
(-0.00497325 -0.0386396 0)
(-0.00488243 -0.0290811 0)
(-0.00474815 -0.0196711 0)
(-0.00458199 -0.0104908 0)
(-0.00439526 -0.00160623 0)
(-0.00419704 0.00687785 0)
(-0.0039887 0.0148804 0)
(-0.00377067 0.0223736 0)
(0.4987 0.30894 0)
(0.441947 0.122014 0)
(0.380773 0.0235522 0)
(0.374208 -0.000535727 0)
(0.465676 0.211552 0)
(0.449058 0.109787 0)
(0.409143 0.0573498 0)
(0.373876 0.033513 0)
(0.351379 0.204633 0)
(0.3501 0.162662 0)
(0.332873 0.128779 0)
(0.311125 0.102447 0)
(0.281515 0.210759 0)
(0.280012 0.183343 0)
(0.272168 0.157585 0)
(0.261138 0.135684 0)
(0.236754 0.210278 0)
(0.235125 0.190675 0)
(0.230615 0.172148 0)
(0.224022 0.155458 0)
(0.20351 0.211379 0)
(0.201939 0.196483 0)
(0.198721 0.182199 0)
(0.194224 0.168835 0)
(0.176525 0.213249 0)
(0.175074 0.201111 0)
(0.172616 0.189402 0)
(0.169356 0.178244 0)
(0.153727 0.21508 0)
(0.152443 0.20477 0)
(0.150502 0.194801 0)
(0.14802 0.185188 0)
(0.133924 0.216827 0)
(0.132786 0.207799 0)
(0.131199 0.199044 0)
(0.12923 0.190533 0)
(0.116276 0.218522 0)
(0.115243 0.210404 0)
(0.113902 0.202504 0)
(0.112288 0.194782 0)
(0.100157 0.220201 0)
(0.099192 0.21272 0)
(0.0980274 0.205415 0)
(0.0966774 0.198246 0)
(0.0850618 0.2219 0)
(0.0841463 0.214827 0)
(0.0831227 0.207905 0)
(0.0819918 0.201099 0)
(0.0705343 0.223602 0)
(0.0696814 0.216734 0)
(0.068803 0.210014 0)
(0.067886 0.203411 0)
(0.056154 0.225222 0)
(0.0554229 0.218379 0)
(0.0547376 0.211702 0)
(0.0540689 0.205167 0)
(0.0415372 0.226575 0)
(0.0410401 0.219603 0)
(0.0406378 0.212838 0)
(0.040296 0.206262 0)
(0.0263581 0.227339 0)
(0.0262633 0.220123 0)
(0.0262878 0.213183 0)
(0.0263954 0.206499 0)
(0.0104061 0.227057 0)
(0.0109393 0.219549 0)
(0.011582 0.212406 0)
(0.0122966 0.205606 0)
(-0.0063545 0.225154 0)
(-0.00492221 0.217411 0)
(-0.00344072 0.210136 0)
(-0.0019401 0.203286 0)
(-0.0236447 0.220944 0)
(-0.0210455 0.213162 0)
(-0.0185192 0.20593 0)
(-0.0160701 0.199166 0)
(-0.040816 0.213905 0)
(-0.0368871 0.206428 0)
(-0.0331973 0.199527 0)
(-0.0297153 0.193084 0)
(-0.0568892 0.203782 0)
(-0.0516531 0.197045 0)
(-0.0468272 0.190821 0)
(-0.0423471 0.184991 0)
(-0.0707718 0.190864 0)
(-0.0644786 0.185262 0)
(-0.058719 0.180034 0)
(-0.0534102 0.17509 0)
(-0.0816614 0.175941 0)
(-0.0747096 0.171709 0)
(-0.0683396 0.167679 0)
(-0.0624672 0.163801 0)
(-0.0892722 0.16001 0)
(-0.0820737 0.157191 0)
(-0.0754401 0.154412 0)
(-0.0692951 0.151664 0)
(-0.093749 0.143975 0)
(-0.0866425 0.142469 0)
(-0.0800433 0.140877 0)
(-0.073886 0.13922 0)
(-0.0954703 0.128506 0)
(-0.0886974 0.128137 0)
(-0.0823558 0.127598 0)
(-0.0763898 0.126927 0)
(-0.0949019 0.114037 0)
(-0.0886152 0.114608 0)
(-0.0826794 0.114956 0)
(-0.0770478 0.115133 0)
(-0.092511 0.100812 0)
(-0.0867911 0.102128 0)
(-0.0813468 0.103196 0)
(-0.0761388 0.104074 0)
(-0.0887195 0.0889302 0)
(-0.0835951 0.0908188 0)
(-0.0786802 0.092454 0)
(-0.0739423 0.0938925 0)
(-0.0838846 0.0783978 0)
(-0.0793493 0.0807137 0)
(-0.0749687 0.0827819 0)
(-0.0707159 0.0846573 0)
(-0.0782955 0.0691601 0)
(-0.0743218 0.0717858 0)
(-0.070459 0.0741765 0)
(-0.066685 0.0763839 0)
(-0.0721785 0.0611304 0)
(-0.0687276 0.063974 0)
(-0.0653536 0.0665986 0)
(-0.0620387 0.0690522 0)
(-0.0657055 0.0542077 0)
(-0.0627341 0.0571994 0)
(-0.059814 0.0599892 0)
(-0.056931 0.0626208 0)
(-0.0590038 0.0482892 0)
(-0.0564685 0.0513771 0)
(-0.0539657 0.05428 0)
(-0.0514846 0.057037 0)
(-0.0521648 0.0432772 0)
(-0.0500248 0.046424 0)
(-0.0479041 0.0494013 0)
(-0.0457946 0.0522438 0)
(-0.045252 0.0390834 0)
(-0.0434709 0.0422632 0)
(-0.0417 0.045287 0)
(-0.0399336 0.0481854 0)
(-0.0383079 0.0356307 0)
(-0.0368541 0.0388259 0)
(-0.0354048 0.0418769 0)
(-0.0339559 0.0448098 0)
(-0.0313588 0.032854 0)
(-0.0302061 0.0360537 0)
(-0.0290543 0.0391186 0)
(-0.0279011 0.0420708 0)
(-0.0244191 0.0307002 0)
(-0.0235466 0.0338982 0)
(-0.0226733 0.0369689 0)
(-0.0217976 0.0399299 0)
(-0.0174949 0.0291286 0)
(-0.0168872 0.032322 0)
(-0.0162778 0.0353932 0)
(-0.0156658 0.0383558 0)
(-0.0105875 0.0281145 0)
(-0.0102342 0.0313023 0)
(-0.00987882 0.0343712 0)
(-0.00952054 0.0373301 0)
(-0.00360075 0.0275197 0)
(-0.00348811 0.0307022 0)
(-0.00337408 0.0337677 0)
(-0.00325837 0.0367196 0)
(0.332082 -0.101978 0)
(0.203891 -0.0754068 0)
(0.15327 -0.0259456 0)
(0.132524 -0.000807121 0)
(0.116515 0.012261 0)
(0.104007 0.0197331 0)
(0.0934923 0.0240202 0)
(0.084046 0.0263718 0)
(0.0752855 0.0275347 0)
(0.0670114 0.0279731 0)
(0.0591093 0.0279805 0)
(0.0515079 0.0277458 0)
(0.0441566 0.0273909 0)
(0.0370149 0.0269954 0)
(0.030047 0.0266117 0)
(0.0232196 0.026274 0)
(0.0165004 0.0260048 0)
(0.00986103 0.0258187 0)
(0.00326955 0.0256237 0)
(0.309268 -0.00749622 0)
(0.224339 -0.00629034 0)
(0.172503 0.0091015 0)
(0.143979 0.0194288 0)
(0.123909 0.026497 0)
(0.108491 0.0310461 0)
(0.0960206 0.0336776 0)
(0.085335 0.035007 0)
(0.0758003 0.0354868 0)
(0.0670554 0.035434 0)
(0.0588812 0.0350677 0)
(0.0511384 0.0345369 0)
(0.0437319 0.0339425 0)
(0.0365921 0.0333525 0)
(0.029664 0.0328124 0)
(0.0229015 0.0323528 0)
(0.0162635 0.0319939 0)
(0.00971555 0.0317487 0)
(0.00322067 0.031501 0)
(0.271192 0.0652311 0)
(0.217493 0.0436748 0)
(0.176207 0.0407517 0)
(0.14792 0.0415919 0)
(0.126911 0.0429219 0)
(0.110432 0.0439645 0)
(0.0970239 0.0444272 0)
(0.0856479 0.0443549 0)
(0.0756499 0.0438858 0)
(0.0666196 0.0431607 0)
(0.058291 0.0422979 0)
(0.0504868 0.0413885 0)
(0.0430839 0.0404992 0)
(0.0359923 0.0396775 0)
(0.0291429 0.0389564 0)
(0.0224795 0.0383588 0)
(0.0159543 0.0378998 0)
(0.00952731 0.0375894 0)
(0.00315771 0.0372869 0)
(0.237551 0.105191 0)
(0.202346 0.0800452 0)
(0.170792 0.068506 0)
(0.145819 0.0627406 0)
(0.125962 0.05946 0)
(0.109787 0.0573161 0)
(0.0963227 0.0556022 0)
(0.084807 0.0540256 0)
(0.0746927 0.0524943 0)
(0.0656001 0.0509999 0)
(0.0572654 0.0495658 0)
(0.0495028 0.0482228 0)
(0.0421785 0.0469995 0)
(0.0351928 0.0459188 0)
(0.0284687 0.0449983 0)
(0.0219442 0.0442503 0)
(0.0155667 0.0436834 0)
(0.00929313 0.0433032 0)
(0.00307964 0.0429442 0)
(0.208738 0.130942 0)
(0.184463 0.10652 0)
(0.160547 0.091243 0)
(0.139655 0.0815232 0)
(0.121934 0.0749703 0)
(0.106886 0.0702717 0)
(0.0940012 0.0666428 0)
(0.0828007 0.0636497 0)
(0.0728863 0.061068 0)
(0.0639515 0.0587874 0)
(0.0557654 0.0567577 0)
(0.048156 0.0549581 0)
(0.0409933 0.053382 0)
(0.0341776 0.0520285 0)
(0.0276306 0.0508985 0)
(0.0212883 0.0499935 0)
(0.0150964 0.0493144 0)
(0.00901057 0.0488618 0)
(0.00298569 0.0484455 0)
(0.183695 0.14844 0)
(0.166341 0.12582 0)
(0.148123 0.109377 0)
(0.131038 0.0975658 0)
(0.115726 0.088888 0)
(0.102204 0.0823127 0)
(0.0902899 0.0771415 0)
(0.0797302 0.0729254 0)
(0.0702686 0.0693888 0)
(0.0616821 0.066366 0)
(0.0537878 0.0637589 0)
(0.0464395 0.0615091 0)
(0.0395214 0.0595815 0)
(0.0329414 0.0579546 0)
(0.0266246 0.0566145 0)
(0.020509 0.0555518 0)
(0.0145417 0.05476 0)
(0.00867867 0.0542348 0)
(0.00287554 0.0537619 0)
(0.161768 0.160835 0)
(0.148963 0.140169 0)
(0.134928 0.123745 0)
(0.121068 0.110987 0)
(0.108084 0.101038 0)
(0.0962127 0.0931735 0)
(0.0854697 0.0868383 0)
(0.0757556 0.0816326 0)
(0.0669281 0.0772813 0)
(0.0588402 0.0735996 0)
(0.0513583 0.0704646 0)
(0.0443673 0.0677943 0)
(0.0377708 0.0655338 0)
(0.0314886 0.0636455 0)
(0.0254535 0.062103 0)
(0.0196084 0.060888 0)
(0.0139037 0.0599873 0)
(0.00829815 0.0593917 0)
(0.00274943 0.058864 0)
(0.142327 0.169976 0)
(0.132614 0.151065 0)
(0.121665 0.135147 0)
(0.110445 0.122095 0)
(0.0995615 0.111458 0)
(0.0893134 0.102761 0)
(0.0798123 0.095594 0)
(0.0710548 0.0896286 0)
(0.0629787 0.0846177 0)
(0.0554982 0.0803805 0)
(0.0485233 0.0767864 0)
(0.0419696 0.0737421 0)
(0.0357614 0.0711804 0)
(0.0298328 0.0690525 0)
(0.0241266 0.0673232 0)
(0.0185926 0.0659666 0)
(0.0131866 0.0649641 0)
(0.00787134 0.0643027 0)
(0.00260812 0.0637234 0)
(0.124815 0.176941 0)
(0.11729 0.159492 0)
(0.108662 0.144229 0)
(0.0995879 0.13123 0)
(0.090545 0.120279 0)
(0.0818188 0.111084 0)
(0.073554 0.103353 0)
(0.0657983 0.0968331 0)
(0.0585407 0.0913134 0)
(0.0517398 0.0866296 0)
(0.0453412 0.082655 0)
(0.0392871 0.079293 0)
(0.0335219 0.0764706 0)
(0.0279945 0.0741328 0)
(0.0226584 0.0722379 0)
(0.0174719 0.0707549 0)
(0.0123971 0.0696611 0)
(0.00740204 0.0689404 0)
(0.00245285 0.0683136 0)
(0.108782 0.182375 0)
(0.102872 0.166094 0)
(0.0960414 0.151479 0)
(0.088729 0.138696 0)
(0.081289 0.12766 0)
(0.073961 0.118198 0)
(0.0668876 0.110113 0)
(0.0601374 0.10321 0)
(0.0537291 0.0973182 0)
(0.0476512 0.0922938 0)
(0.0418756 0.0880192 0)
(0.036367 0.0844004 0)
(0.0310873 0.0813633 0)
(0.0259993 0.0788498 0)
(0.0210676 0.0768148 0)
(0.0162594 0.075224 0)
(0.0115439 0.0740518 0)
(0.00689531 0.0732801 0)
(0.00228527 0.0726109 0)
(0.0938637 0.186677 0)
(0.0892056 0.17129 0)
(0.083821 0.157248 0)
(0.077989 0.14474 0)
(0.071956 0.13375 0)
(0.0659066 0.124181 0)
(0.0599644 0.115897 0)
(0.0542006 0.108752 0)
(0.0486484 0.102608 0)
(0.043315 0.0973403 0)
(0.0381912 0.0928441 0)
(0.033259 0.0890303 0)
(0.0284954 0.0858266 0)
(0.0238758 0.0831745 0)
(0.0193755 0.0810276 0)
(0.0149704 0.0793497 0)
(0.0106374 0.0781139 0)
(0.00635715 0.0773004 0)
(0.00210736 0.0765946 0)
(0.0797494 0.190084 0)
(0.0761282 0.175347 0)
(0.0719678 0.161776 0)
(0.0674216 0.149548 0)
(0.0626465 0.138678 0)
(0.0577741 0.129108 0)
(0.0529019 0.120743 0)
(0.0480949 0.113469 0)
(0.0433909 0.107175 0)
(0.038808 0.101753 0)
(0.0343503 0.0971083 0)
(0.0300129 0.0931597 0)
(0.0257854 0.0898377 0)
(0.0216545 0.087085 0)
(0.017605 0.0848556 0)
(0.0136217 0.0831129 0)
(0.00968901 0.0818292 0)
(0.00579425 0.0809844 0)
(0.0019213 0.0802482 0)
(0.0661711 0.192714 0)
(0.0634882 0.178416 0)
(0.0604279 0.165213 0)
(0.0570449 0.153249 0)
(0.0534235 0.14254 0)
(0.0496487 0.133045 0)
(0.0457923 0.124689 0)
(0.0419089 0.117381 0)
(0.0380368 0.111024 0)
(0.0341999 0.105526 0)
(0.0304115 0.100802 0)
(0.026677 0.0967752 0)
(0.0229964 0.0933818 0)
(0.0193661 0.0905666 0)
(0.01578 0.0882845 0)
(0.012231 0.0864998 0)
(0.00871092 0.0851846 0)
(0.00521368 0.0843189 0)
(0.00172943 0.0835589 0)
(0.0529057 0.19459 0)
(0.0511546 0.180563 0)
(0.049148 0.167644 0)
(0.0468638 0.155925 0)
(0.0443304 0.145408 0)
(0.0415956 0.136047 0)
(0.0387098 0.127775 0)
(0.0357179 0.12051 0)
(0.0326565 0.114168 0)
(0.0295537 0.108664 0)
(0.0264293 0.103922 0)
(0.0232972 0.0998716 0)
(0.0201661 0.0964518 0)
(0.0170411 0.0936109 0)
(0.0139243 0.0913057 0)
(0.010816 0.0895015 0)
(0.00771546 0.0881715 0)
(0.00462272 0.0872957 0)
(0.00153413 0.0865184 0)
(0.039776 0.195656 0)
(0.0390273 0.181782 0)
(0.0380897 0.169094 0)
(0.0368853 0.15762 0)
(0.0354047 0.147326 0)
(0.0336707 0.138154 0)
(0.0317188 0.130032 0)
(0.0295875 0.122882 0)
(0.0273129 0.116623 0)
(0.0249265 0.111178 0)
(0.0224542 0.106475 0)
(0.0199168 0.102451 0)
(0.0173308 0.0990472 0)
(0.014709 0.0962159 0)
(0.0120611 0.0939161 0)
(0.00939451 0.0921146 0)
(0.00671492 0.0907859 0)
(0.0040286 0.0899105 0)
(0.00133779 0.0891226 0)
(0.0266659 0.195784 0)
(0.0270517 0.182014 0)
(0.0272427 0.169553 0)
(0.0271304 0.158348 0)
(0.0266882 0.148323 0)
(0.0259278 0.139398 0)
(0.0248786 0.131492 0)
(0.0235777 0.124521 0)
(0.0220633 0.118409 0)
(0.0203711 0.113082 0)
(0.0185329 0.108472 0)
(0.0165762 0.104521 0)
(0.0145246 0.101173 0)
(0.0123981 0.0983851 0)
(0.010213 0.0961179 0)
(0.00798345 0.0943404 0)
(0.00572124 0.0930285 0)
(0.00343836 0.0921639 0)
(0.00114271 0.0913717 0)
(0.0135435 0.194788 0)
(0.0152338 0.181165 0)
(0.0166356 0.168981 0)
(0.0176428 0.158109 0)
(0.0182331 0.148417 0)
(0.0184243 0.139806 0)
(0.0182481 0.132182 0)
(0.0177457 0.125456 0)
(0.0169613 0.119551 0)
(0.0159363 0.114397 0)
(0.0147088 0.10993 0)
(0.0133133 0.106095 0)
(0.0117799 0.102841 0)
(0.0101349 0.100127 0)
(0.00840133 0.0979182 0)
(0.0065991 0.0961847 0)
(0.00474583 0.0949044 0)
(0.00285877 0.0940602 0)
(0.000951126 0.0932699 0)
(0.00048405 0.192474 0)
(0.00365024 0.179128 0)
(0.00634268 0.167331 0)
(0.00849342 0.156898 0)
(0.0101059 0.147622 0)
(0.0112245 0.139402 0)
(0.0118879 0.132134 0)
(0.0121471 0.125716 0)
(0.0120579 0.120077 0)
(0.011668 0.115149 0)
(0.0110226 0.110871 0)
(0.0101632 0.107191 0)
(0.00912634 0.104066 0)
(0.00794433 0.101456 0)
(0.00664594 0.0993286 0)
(0.00525668 0.0976578 0)
(0.00379939 0.0964228 0)
(0.00229614 0.095608 0)
(0.000765118 0.0948255 0)
(-0.0123282 0.188652 0)
(-0.00755515 0.175823 0)
(-0.00351212 0.164593 0)
(-0.000216309 0.154702 0)
(0.00238446 0.145955 0)
(0.00439995 0.138213 0)
(0.00586093 0.131387 0)
(0.0068361 0.125336 0)
(0.00740189 0.120019 0)
(0.00760931 0.115367 0)
(0.0075117 0.11132 0)
(0.00715852 0.107834 0)
(0.00659168 0.104869 0)
(0.00584914 0.102389 0)
(0.00496517 0.100365 0)
(0.00397022 0.0987736 0)
(0.0028918 0.0975966 0)
(0.00175634 0.0968196 0)
(0.000586608 0.0960501 0)
(-0.024584 0.183199 0)
(-0.0181512 0.171202 0)
(-0.0127949 0.160754 0)
(-0.00839151 0.151562 0)
(-0.00482909 0.143468 0)
(-0.00196502 0.136304 0)
(0.000235524 0.129963 0)
(0.00186272 0.124353 0)
(0.00304035 0.119413 0)
(0.00380071 0.115087 0)
(0.00421029 0.111309 0)
(0.00432886 0.10805 0)
(0.004201 0.105275 0)
(0.00386995 0.102948 0)
(0.00337556 0.101047 0)
(0.0027524 0.0995501 0)
(0.00203203 0.0984424 0)
(0.00124465 0.0977105 0)
(0.000417322 0.0969589 0)
(-0.0358918 0.176111 0)
(-0.0278893 0.165288 0)
(-0.0213049 0.155853 0)
(-0.0158784 0.147552 0)
(-0.0114391 0.140221 0)
(-0.00782927 0.133723 0)
(-0.00495556 0.127935 0)
(-0.00270934 0.122828 0)
(-0.000978115 0.118312 0)
(0.00028084 0.114341 0)
(0.0011478 0.11087 0)
(0.00170112 0.107869 0)
(0.00197682 0.105312 0)
(0.00202484 0.103158 0)
(0.00189174 0.101396 0)
(0.00161449 0.100008 0)
(0.00122808 0.0989797 0)
(0.000765709 0.0982996 0)
(0.000258716 0.0975699 0)
(-0.0458432 0.167549 0)
(-0.0365045 0.158217 0)
(-0.0288641 0.150011 0)
(-0.0225549 0.142744 0)
(-0.0173588 0.136285 0)
(-0.0130948 0.130527 0)
(-0.00963145 0.125386 0)
(-0.00684912 0.12082 0)
(-0.00463941 0.116767 0)
(-0.00293057 0.113182 0)
(-0.00164239 0.110052 0)
(-0.000698199 0.107333 0)
(-6.0028e-05 0.105006 0)
(0.000328674 0.103046 0)
(0.000526349 0.101439 0)
(0.000566288 0.100171 0)
(0.000487093 0.0992307 0)
(0.000323415 0.098609 0)
(0.000111807 0.0979034 0)
(-0.0541096 0.15782 0)
(-0.0437796 0.150208 0)
(-0.0353245 0.143392 0)
(-0.0283158 0.137271 0)
(-0.0225077 0.131768 0)
(-0.0177023 0.126817 0)
(-0.0137473 0.122367 0)
(-0.0105145 0.118383 0)
(-0.00789331 0.114828 0)
(-0.00579681 0.111671 0)
(-0.00414463 0.108897 0)
(-0.00286348 0.10648 0)
(-0.0019013 0.104397 0)
(-0.00120096 0.102646 0)
(-0.000708899 0.101206 0)
(-0.000383369 0.100066 0)
(-0.000183923 0.0992194 0)
(-7.92978e-05 0.0986591 0)
(-2.34361e-05 0.0979821 0)
(-0.0605064 0.147323 0)
(-0.0495799 0.141539 0)
(-0.0405875 0.136198 0)
(-0.0330876 0.13129 0)
(-0.0268296 0.126795 0)
(-0.0216097 0.122694 0)
(-0.0172694 0.118965 0)
(-0.013676 0.115592 0)
(-0.0107162 0.112558 0)
(-0.00829832 0.109847 0)
(-0.00634044 0.107447 0)
(-0.00477056 0.105346 0)
(-0.00352887 0.103529 0)
(-0.00255834 0.101993 0)
(-0.00180727 0.100726 0)
(-0.00123026 0.0997225 0)
(-0.000785093 0.0989734 0)
(-0.000439453 0.0984866 0)
(-0.000143763 0.0978238 0)
(-0.0650027 0.13647 0)
(-0.0538644 0.132504 0)
(-0.0446138 0.128648 0)
(-0.036836 0.124968 0)
(-0.0302946 0.1215 0)
(-0.0247943 0.118265 0)
(-0.0201782 0.11527 0)
(-0.0163152 0.112523 0)
(-0.0130942 0.110022 0)
(-0.0104223 0.107766 0)
(-0.00821761 0.105751 0)
(-0.00640887 0.103975 0)
(-0.00493403 0.102432 0)
(-0.00373591 0.101119 0)
(-0.00276306 0.100032 0)
(-0.00196903 0.0991679 0)
(-0.00131066 0.0985218 0)
(-0.000753591 0.0981126 0)
(-0.00024785 0.0974653 0)
(-0.0676902 0.125633 0)
(-0.0566744 0.123384 0)
(-0.0474207 0.120955 0)
(-0.0395659 0.118471 0)
(-0.032902 0.116014 0)
(-0.0272516 0.113636 0)
(-0.0224678 0.111374 0)
(-0.0184265 0.109252 0)
(-0.0150218 0.107286 0)
(-0.012163 0.105487 0)
(-0.00976986 0.103861 0)
(-0.00777368 0.102414 0)
(-0.00611249 0.101146 0)
(-0.00472875 0.10006 0)
(-0.00357238 0.0991565 0)
(-0.00259664 0.0984342 0)
(-0.00175795 0.0978931 0)
(-0.0010207 0.0975617 0)
(-0.000335948 0.0969333 0)
(-0.0687405 0.115112 0)
(-0.0581125 0.114416 0)
(-0.0490707 0.11331 0)
(-0.0413158 0.111955 0)
(-0.0346755 0.110462 0)
(-0.0289963 0.108913 0)
(-0.0241471 0.107362 0)
(-0.0200148 0.105853 0)
(-0.0165013 0.104413 0)
(-0.0135208 0.103065 0)
(-0.0109976 0.101825 0)
(-0.00886496 0.100704 0)
(-0.00706269 0.0997114 0)
(-0.00553523 0.0988524 0)
(-0.00423361 0.0981319 0)
(-0.00311179 0.0975525 0)
(-0.00212615 0.0971168 0)
(-0.00124069 0.0968619 0)
(-0.000408364 0.0962558 0)
(-0.0683659 0.105128 0)
(-0.0583189 0.105791 0)
(-0.049658 0.105873 0)
(-0.0421498 0.105552 0)
(-0.035659 0.104959 0)
(-0.030059 0.10419 0)
(-0.0252376 0.103318 0)
(-0.0210952 0.102396 0)
(-0.0175434 0.101465 0)
(-0.0145036 0.100555 0)
(-0.0119054 0.0996915 0)
(-0.00968565 0.0988906 0)
(-0.00778709 0.0981673 0)
(-0.00615709 0.0975318 0)
(-0.00474784 0.0969919 0)
(-0.00351471 0.096554 0)
(-0.0024155 0.0962225 0)
(-0.00141385 0.0960417 0)
(-0.000465286 0.0954612 0)
(-0.066789 0.0958289 0)
(-0.0574513 0.0976473 0)
(-0.0492956 0.098769 0)
(-0.0421488 0.0993736 0)
(-0.035911 0.0995994 0)
(-0.0304825 0.0995524 0)
(-0.0257708 0.0993138 0)
(-0.021691 0.0989463 0)
(-0.0181656 0.0984984 0)
(-0.0151243 0.0980083 0)
(-0.0125029 0.0975056 0)
(-0.0102431 0.0970139 0)
(-0.00829125 0.0965515 0)
(-0.00659799 0.0961329 0)
(-0.00511768 0.0957692 0)
(-0.00380761 0.0954692 0)
(-0.00262741 0.0952393 0)
(-0.00154102 0.0951296 0)
(-0.000507023 0.0945774 0)
(-0.0642235 0.0873001 0)
(-0.0556698 0.090079 0)
(-0.0481032 0.0920908 0)
(-0.0414027 0.0935071 0)
(-0.0354993 0.094465 0)
(-0.0303182 0.0950728 0)
(-0.0257859 0.0954161 0)
(-0.0218323 0.0955628 0)
(-0.0183911 0.095567 0)
(-0.0154008 0.0954715 0)
(-0.0128041 0.0953111 0)
(-0.010548 0.0951132 0)
(-0.00858333 0.0949002 0)
(-0.00686416 0.0946895 0)
(-0.00534776 0.0944951 0)
(-0.00399387 0.0943277 0)
(-0.0027642 0.0941959 0)
(-0.00162359 0.0941531 0)
(-0.000534049 0.0936315 0)
(-0.0608627 0.0795806 0)
(-0.0531263 0.0831422 0)
(-0.0461997 0.085902 0)
(-0.0400039 0.0880174 0)
(-0.0344958 0.0896183 0)
(-0.0296222 0.0908105 0)
(-0.0253269 0.0916799 0)
(-0.0215536 0.0922966 0)
(-0.0182472 0.0927172 0)
(-0.0153547 0.0929883 0)
(-0.0128261 0.0931475 0)
(-0.010614 0.0932255 0)
(-0.00867392 0.0932474 0)
(-0.00696389 0.0932333 0)
(-0.00544444 0.0931993 0)
(-0.0040781 0.093158 0)
(-0.00282903 0.0931194 0)
(-0.00166344 0.0931392 0)
(-0.000546993 0.0926497 0)
(-0.0568739 0.0726754 0)
(-0.0499586 0.0768636 0)
(-0.0436969 0.080242 0)
(-0.0380427 0.0829502 0)
(-0.0329731 0.0851073 0)
(-0.0284528 0.0868132 0)
(-0.0244407 0.0881513 0)
(-0.0208928 0.0891912 0)
(-0.0177642 0.0899905 0)
(-0.0150106 0.090597 0)
(-0.0125887 0.0910507 0)
(-0.0104569 0.0913842 0)
(-0.00857563 0.0916246 0)
(-0.00690712 0.0917939 0)
(-0.00541537 0.09191 0)
(-0.00406597 0.0919869 0)
(-0.00282584 0.0920359 0)
(-0.00166289 0.0921133 0)
(-0.000546628 0.0916566 0)
(-0.052398 0.0665669 0)
(-0.0462873 0.0712489 0)
(-0.0406966 0.0751313 0)
(-0.0356039 0.078335 0)
(-0.0310013 0.0809665 0)
(-0.0268678 0.0831177 0)
(-0.0231747 0.0848676 0)
(-0.0198888 0.0862834 0)
(-0.0169743 0.087422 0)
(-0.0143947 0.0883316 0)
(-0.0121132 0.0890529 0)
(-0.0100942 0.0896197 0)
(-0.00830266 0.0900605 0)
(-0.00670516 0.0903987 0)
(-0.00526935 0.0906533 0)
(-0.00396408 0.0908396 0)
(-0.00275919 0.0909696 0)
(-0.00162464 0.0910992 0)
(-0.000533845 0.0906757 0)
(-0.0475504 0.0612235 0)
(-0.0422159 0.066289 0)
(-0.0372889 0.0705765 0)
(-0.0327649 0.0741888 0)
(-0.0286464 0.0772194 0)
(-0.024923 0.0797515 0)
(-0.021576 0.0818582 0)
(-0.018581 0.0836032 0)
(-0.0159104 0.0850417 0)
(-0.0135344 0.0862211 0)
(-0.0114227 0.0871821 0)
(-0.00954469 0.087959 0)
(-0.00787039 0.0885811 0)
(-0.00637039 0.0890724 0)
(-0.0050161 0.089453 0)
(-0.00377971 0.0897389 0)
(-0.00263415 0.089943 0)
(-0.00155168 0.0901191 0)
(-0.000509636 0.0897285 0)
(-0.0424238 0.0566066 0)
(-0.0378306 0.0619655 0)
(-0.0335521 0.0665742 0)
(-0.0295951 0.070519 0)
(-0.0259689 0.073881 0)
(-0.0226708 0.0767342 0)
(-0.0196895 0.0791455 0)
(-0.017008 0.0811747 0)
(-0.0146052 0.0828743 0)
(-0.0124577 0.0842903 0)
(-0.0105404 0.0854626 0)
(-0.00882808 0.0864258 0)
(-0.00729503 0.087209 0)
(-0.00591596 0.0878371 0)
(-0.00466598 0.0883305 0)
(-0.00352069 0.0887058 0)
(-0.00245622 0.0889764 0)
(-0.00144725 0.0891932 0)
(-0.000475071 0.0888347 0)
(-0.0370914 0.0526755 0)
(-0.0332026 0.0582552 0)
(-0.0295528 0.063115 0)
(-0.0261555 0.0673265 0)
(-0.0230239 0.0709593 0)
(-0.02016 0.0740791 0)
(-0.0175582 0.0767465 0)
(-0.0152072 0.0790168 0)
(-0.0130913 0.0809398 0)
(-0.0111923 0.0825596 0)
(-0.0094903 0.0839152 0)
(-0.00796441 0.0850404 0)
(-0.00659329 0.0859645 0)
(-0.00535552 0.0867124 0)
(-0.00422986 0.0873049 0)
(-0.0031953 0.0877589 0)
(-0.00223117 0.0880882 0)
(-0.00131479 0.0883397 0)
(-0.000431278 0.0880121 0)
(-0.0316102 0.0493903 0)
(-0.02839 0.0551333 0)
(-0.0253475 0.060186 0)
(-0.0224995 0.0646076 0)
(-0.0198603 0.0684579 0)
(-0.0174352 0.0717948 0)
(-0.0152222 0.0746732 0)
(-0.0132141 0.0771441 0)
(-0.0113998 0.0792543 0)
(-0.00976565 0.081046 0)
(-0.00829591 0.0825568 0)
(-0.00697387 0.08382 0)
(-0.00578216 0.0848644 0)
(-0.00470308 0.0857151 0)
(-0.00371891 0.0863927 0)
(-0.00281204 0.0869146 0)
(-0.00196501 0.0872943 0)
(-0.00115786 0.0875747 0)
(-0.000379434 0.0872762 0)
(-0.0260237 0.0467146 0)
(-0.0234395 0.0525754 0)
(-0.0209836 0.0577729 0)
(-0.0186732 0.0623562 0)
(-0.0165222 0.0663769 0)
(-0.0145373 0.0698863 0)
(-0.0127188 0.0729341 0)
(-0.0110626 0.0755674 0)
(-0.00956118 0.0778303 0)
(-0.00820447 0.0797629 0)
(-0.00698061 0.0814016 0)
(-0.00587659 0.0827789 0)
(-0.00487868 0.0839233 0)
(-0.00397275 0.0848595 0)
(-0.0031445 0.0856082 0)
(-0.00237962 0.0861867 0)
(-0.00166389 0.0866088 0)
(-0.000980111 0.086912 0)
(-0.000320749 0.0866405 0)
(-0.0203652 0.044617 0)
(-0.0183891 0.0505596 0)
(-0.016501 0.0558619 0)
(-0.0147168 0.0605653 0)
(-0.0130487 0.0647147 0)
(-0.0115035 0.068356 0)
(-0.0100828 0.0715346 0)
(-0.00878466 0.0742944 0)
(-0.00760431 0.0766769 0)
(-0.00653471 0.0787207 0)
(-0.00556731 0.0804607 0)
(-0.00469247 0.0819288 0)
(-0.00389986 0.0831529 0)
(-0.00317871 0.0841574 0)
(-0.00251806 0.0849631 0)
(-0.00190685 0.0855871 0)
(-0.00133405 0.0860431 0)
(-0.000785295 0.0863632 0)
(-0.00025647 0.0861164 0)
(-0.0146601 0.0430714 0)
(-0.0132696 0.049067 0)
(-0.0119337 0.0544403 0)
(-0.0106655 0.0592274 0)
(-0.00947504 0.0634681 0)
(-0.008368 0.0672042 0)
(-0.00734671 0.0704778 0)
(-0.00641063 0.0733303 0)
(-0.00555704 0.075801 0)
(-0.0047815 0.077927 0)
(-0.00407837 0.0797424 0)
(-0.00344109 0.0812782 0)
(-0.0028625 0.0825621 0)
(-0.00233508 0.0836179 0)
(-0.00185105 0.0844665 0)
(-0.00140256 0.0851248 0)
(-0.000981778 0.0856065 0)
(-0.000577229 0.0859376 0)
(-0.000187898 0.0857127 0)
(-0.00892909 0.0420624 0)
(-0.00810758 0.0480868 0)
(-0.00731199 0.0535021 0)
(-0.00655183 0.0583403 0)
(-0.00583419 0.0626381 0)
(-0.00516352 0.0664345 0)
(-0.00454205 0.0697693 0)
(-0.00397018 0.0726818 0)
(-0.00344687 0.0752101 0)
(-0.00296993 0.0773903 0)
(-0.0025363 0.0792555 0)
(-0.00214228 0.0808363 0)
(-0.00178374 0.0821599 0)
(-0.00145625 0.0832501 0)
(-0.00115517 0.0841274 0)
(-0.000875803 0.0848087 0)
(-0.000613502 0.0853077 0)
(-0.000359954 0.0856443 0)
(-0.000116485 0.0854373 0)
(-0.00306612 0.041461 0)
(-0.00279683 0.047498 0)
(-0.00253279 0.0529345 0)
(-0.00227799 0.0578006 0)
(-0.00203535 0.0621305 0)
(-0.00180687 0.0659616 0)
(-0.00159373 0.069332 0)
(-0.00139645 0.0722802 0)
(-0.00121498 0.074843 0)
(-0.00104884 0.0770558 0)
(-0.000897166 0.0789514 0)
(-0.000758863 0.0805597 0)
(-0.000632621 0.0819077 0)
(-0.000516997 0.083019 0)
(-0.000410458 0.0839141 0)
(-0.000311423 0.0846097 0)
(-0.000218362 0.0851195 0)
(-0.000127792 0.0854572 0)
(-4.10407e-05 0.0852653 0)
)
;

boundaryField
{
    leftWall
    {
        type            noSlip;
    }
    rightWall
    {
        type            noSlip;
    }
    lowerWall
    {
        type            noSlip;
    }
    atmosphere
    {
        type            pressureInletOutletVelocity;
        value           nonuniform List<vector> 
46
(
(0 -0.133895 0)
(0 -0.133476 0)
(0 -0.131548 0)
(0 -0.128664 0)
(0 -0.124852 0)
(0 -0.120148 0)
(0 -0.114596 0)
(0 -0.108249 0)
(0 -0.101173 0)
(0 -0.0934424 0)
(0 -0.0851433 0)
(0 -0.0763705 0)
(0 -0.0672261 0)
(0 -0.0578172 0)
(0 -0.0482525 0)
(0 -0.0386396 0)
(0 -0.0290811 0)
(0 -0.0196711 0)
(0 -0.0104908 0)
(0 -0.00160623 0)
(-0.00419704 0.00687785 0)
(-0.0039887 0.0148804 0)
(-0.00377067 0.0223736 0)
(-0.00360075 0.0275197 0)
(-0.00348811 0.0307022 0)
(-0.00337408 0.0337677 0)
(-0.00325837 0.0367196 0)
(-0.00306612 0.041461 0)
(-0.00279683 0.047498 0)
(-0.00253279 0.0529345 0)
(-0.00227799 0.0578006 0)
(-0.00203535 0.0621305 0)
(-0.00180687 0.0659616 0)
(-0.00159373 0.069332 0)
(-0.00139645 0.0722802 0)
(-0.00121498 0.074843 0)
(-0.00104884 0.0770558 0)
(-0.000897166 0.0789514 0)
(-0.000758863 0.0805597 0)
(-0.000632621 0.0819077 0)
(-0.000516997 0.083019 0)
(-0.000410458 0.0839141 0)
(-0.000311423 0.0846097 0)
(-0.000218362 0.0851195 0)
(-0.000127792 0.0854572 0)
(-4.10407e-05 0.0852653 0)
)
;
    }
    defaultFaces
    {
        type            empty;
    }
}


// ************************************************************************* //
