/*--------------------------------*- C++ -*----------------------------------*\
| =========                 |                                                 |
| \\      /  F ield         | OpenFOAM: The Open Source CFD Toolbox           |
|  \\    /   O peration     | Version:  5.x                                   |
|   \\  /    A nd           | Web:      www.OpenFOAM.org                      |
|    \\/     M anipulation  |                                                 |
\*---------------------------------------------------------------------------*/
FoamFile
{
    version     2.0;
    format      ascii;
    class       surfaceScalarField;
    location    "0.55";
    object      phi;
}
// * * * * * * * * * * * * * * * * * * * * * * * * * * * * * * * * * * * * * //

dimensions      [0 3 -1 0 0 0 0];

internalField   nonuniform List<scalar> 
4432
(
-3.44226e-06
3.44226e-06
-5.52097e-06
2.07871e-06
-4.81137e-06
-7.09603e-07
-2.23561e-06
-2.57576e-06
1.79706e-06
-4.03267e-06
6.63117e-06
-4.83412e-06
1.12811e-05
-4.64996e-06
1.49537e-05
-3.67258e-06
1.73719e-05
-2.41819e-06
1.86506e-05
-1.2787e-06
1.90107e-05
-3.60116e-07
1.8609e-05
4.01728e-07
1.75279e-05
1.08109e-06
1.58127e-05
1.71523e-06
1.33293e-05
2.4834e-06
9.74349e-06
3.58579e-06
4.76691e-06
4.97657e-06
-1.2375e-06
6.00441e-06
-5.26596e-06
4.02845e-06
-9.75277e-06
4.48682e-06
-1.77175e-05
7.96473e-06
-1.53599e-05
-2.3576e-06
-1.53599e-05
-3.8425e-06
7.28476e-06
-5.1981e-06
3.4343e-06
-4.20583e-06
-1.70187e-06
-1.7191e-06
-5.0625e-06
2.1264e-06
-7.87817e-06
6.88137e-06
-9.58909e-06
1.15054e-05
-9.27393e-06
1.51362e-05
-7.30338e-06
1.74974e-05
-4.77944e-06
1.87501e-05
-2.5314e-06
1.92067e-05
-8.16736e-07
1.91641e-05
4.44357e-07
1.88461e-05
1.39915e-06
1.83363e-05
2.22503e-06
1.76554e-05
3.16432e-06
1.65986e-05
4.64254e-06
1.45256e-05
7.04956e-06
1.02722e-05
1.02579e-05
3.15511e-06
1.11455e-05
-5.80677e-06
1.34487e-05
-1.2072e-05
1.423e-05
-9.63313e-06
-4.79651e-06
-2.4993e-05
-3.03529e-06
1.03201e-05
-3.94828e-06
4.34729e-06
-3.1001e-06
-2.55005e-06
-1.06567e-06
-7.09693e-06
2.30573e-06
-1.12496e-05
6.85714e-06
-1.41405e-05
1.143e-05
-1.38468e-05
1.49876e-05
-1.0861e-05
1.72209e-05
-7.01277e-06
1.83494e-05
-3.65984e-06
1.87049e-05
-1.17229e-06
1.85489e-05
6.00407e-07
1.80529e-05
1.89506e-06
1.73753e-05
2.90266e-06
1.66818e-05
3.85786e-06
1.62068e-05
5.11751e-06
1.61145e-05
7.14189e-06
1.55478e-05
1.08245e-05
1.20088e-05
1.46845e-05
5.46566e-06
1.99919e-05
-1.54536e-06
2.1241e-05
-1.95118e-06
-4.39069e-06
-2.69442e-05
-1.85376e-06
1.21738e-05
-2.1471e-06
4.64062e-06
-1.44359e-06
-3.25356e-06
8.90835e-08
-8.6296e-06
2.92155e-06
-1.4082e-05
7.07222e-06
-1.82912e-05
1.13565e-05
-1.81311e-05
1.46717e-05
-1.41761e-05
1.67107e-05
-9.05185e-06
1.77153e-05
-4.66441e-06
1.80312e-05
-1.48822e-06
1.79051e-05
7.2656e-07
1.74955e-05
2.30471e-06
1.69105e-05
3.48758e-06
1.62502e-05
4.51816e-06
1.56685e-05
5.69919e-06
1.55279e-05
7.28249e-06
1.62372e-05
1.01153e-05
1.66396e-05
1.4282e-05
1.55511e-05
2.10804e-05
1.31748e-05
2.36173e-05
7.33466e-06
1.44942e-06
-1.96095e-05
-2.93875e-07
1.24677e-05
5.22019e-07
3.82473e-06
1.49256e-06
-4.2241e-06
3.02173e-06
-1.01588e-05
5.62381e-06
-1.66841e-05
8.9573e-06
-2.16246e-05
1.22035e-05
-2.13773e-05
1.46304e-05
-1.66031e-05
1.61106e-05
-1.05321e-05
1.68837e-05
-5.43744e-06
1.71885e-05
-1.79303e-06
1.71573e-05
7.57713e-07
1.69047e-05
2.5573e-06
1.65231e-05
3.86926e-06
1.60964e-05
4.9448e-06
1.57055e-05
6.09013e-06
1.55135e-05
7.47444e-06
1.60625e-05
9.56633e-06
1.77276e-05
1.26169e-05
2.03088e-05
1.84992e-05
2.09327e-05
2.29935e-05
1.37547e-05
8.62736e-06
-5.85482e-06
1.93594e-06
1.05317e-05
4.46301e-06
1.29766e-06
6.72977e-06
-6.49085e-06
9.2273e-06
-1.26563e-05
1.17335e-05
-1.91903e-05
1.35769e-05
-2.3468e-05
1.47993e-05
-2.25997e-05
1.55247e-05
-1.73284e-05
1.58899e-05
-1.08973e-05
1.61084e-05
-5.6559e-06
1.62885e-05
-1.97318e-06
1.63667e-05
6.79516e-07
1.63104e-05
2.61355e-06
1.61557e-05
4.02396e-06
1.59745e-05
5.12602e-06
1.58319e-05
6.23278e-06
1.58762e-05
7.43013e-06
1.63596e-05
9.0829e-06
1.77121e-05
1.12643e-05
2.09301e-05
1.52813e-05
2.324e-05
2.06836e-05
1.6747e-05
1.51203e-05
1.08922e-05
4.42428e-06
6.10747e-06
9.60696e-06
-3.88501e-06
1.45266e-05
-1.14105e-05
1.8545e-05
-1.66747e-05
2.04174e-05
-2.10627e-05
1.99391e-05
-2.29897e-05
1.86012e-05
-2.12618e-05
1.74197e-05
-1.61469e-05
1.65471e-05
-1.00248e-05
1.60066e-05
-5.11541e-06
1.57274e-05
-1.69389e-06
1.57455e-05
6.61324e-07
1.57818e-05
2.57724e-06
1.58289e-05
3.97687e-06
1.58973e-05
5.05767e-06
1.59791e-05
6.15094e-06
1.62615e-05
7.14779e-06
1.69379e-05
8.40651e-06
1.79853e-05
1.02169e-05
2.04331e-05
1.28335e-05
2.30395e-05
1.80772e-05
1.91648e-05
1.8995e-05
3.0057e-05
6.81591e-06
-7.08441e-07
1.57005e-05
-1.27696e-05
2.37297e-05
-1.94397e-05
2.79935e-05
-2.09385e-05
2.76414e-05
-2.07106e-05
2.44539e-05
-1.98023e-05
2.12402e-05
-1.80481e-05
1.90788e-05
-1.39855e-05
1.77484e-05
-8.69433e-06
1.69446e-05
-4.31166e-06
1.6477e-05
-1.22626e-06
1.60191e-05
1.11926e-06
1.57358e-05
2.86048e-06
1.56381e-05
4.07462e-06
1.57481e-05
4.94761e-06
1.59653e-05
5.93374e-06
1.65036e-05
6.60948e-06
1.74975e-05
7.41264e-06
1.87238e-05
8.99067e-06
2.05793e-05
1.09781e-05
2.27159e-05
1.59406e-05
1.99197e-05
2.17912e-05
4.99766e-05
2.90196e-05
-2.90196e-05
8.01175e-05
-5.10978e-05
0.000153264
-7.31468e-05
0.000188373
-3.51089e-05
0.000177317
1.10561e-05
1.93536e-05
0.000157964
-0.000112129
0.000131482
-0.000207707
9.55779e-05
-0.000235333
2.76268e-05
-0.000224666
-1.06678e-05
-0.000206679
-1.79863e-05
-0.000193417
-1.32624e-05
-0.000179936
-1.3481e-05
-0.000165745
-1.41909e-05
-0.00014835
-1.73946e-05
-0.000128849
-1.95015e-05
-0.000103256
-2.55926e-05
-3.86014e-05
-6.46549e-05
-3.86014e-05
-5.22586e-07
-2.84971e-05
2.2166e-05
-7.37864e-05
9.36752e-05
-0.000144656
0.000154728
-9.61617e-05
0.000153898
1.18866e-05
-4.24696e-05
0.000354331
-0.000259847
0.000348859
-0.000357577
0.000193308
-0.000359726
2.97758e-05
-0.000355147
-1.52459e-05
-0.000333268
-3.98653e-05
-0.000297173
-4.93574e-05
-0.000270818
-3.98364e-05
-0.0002481
-3.69088e-05
-0.000215925
-4.95688e-05
-0.000174408
-6.10189e-05
-0.000129265
-7.07353e-05
-4.64041e-05
-0.000147516
-8.50055e-05
-1.68666e-05
-1.16304e-05
-1.80861e-06
-8.88444e-05
2.45576e-05
-0.000171022
6.77306e-05
-0.000139335
5.20114e-05
2.76059e-05
-0.000113939
0.000520281
-0.000248762
0.000483683
-0.000301091
0.000245636
-0.000338777
6.7462e-05
-0.000366511
1.24874e-05
-0.00038135
-2.50257e-05
-0.000370456
-6.02518e-05
-0.000352046
-5.82466e-05
-0.000335094
-5.38604e-05
-0.000300459
-8.42037e-05
-0.000247862
-0.000113616
-0.000177031
-0.000141566
-5.63954e-05
-0.000268152
-0.000141401
-9.71541e-06
-1.915e-06
5.13446e-06
-0.000103694
1.05045e-05
-0.000176392
4.16107e-05
-0.000170441
3.08488e-05
3.83678e-05
-0.00014963
0.00070076
-0.000212012
0.000546064
-0.000240401
0.000274026
-0.000294727
0.000121789
-0.00033235
5.01106e-05
-0.000323786
-3.35901e-05
-0.000285312
-9.87254e-05
-0.000246556
-9.70021e-05
-0.000234644
-6.57719e-05
-0.000228029
-9.08192e-05
-0.000224305
-0.000117341
-0.000178389
-0.000187482
-5.82545e-05
-0.000388286
-0.000199655
1.87629e-06
-3.79129e-06
1.62904e-05
-0.000118108
1.44537e-05
-0.000174556
3.34574e-05
-0.000189445
2.59155e-05
4.59098e-05
-0.0001214
0.000848075
-0.000166733
0.000591397
-0.000203081
0.000310374
-0.000287599
0.000206306
-0.000333102
9.56149e-05
-0.000327117
-3.95754e-05
-0.000267469
-0.000158373
-0.000168748
-0.000195723
-9.1529e-05
-0.000142991
-7.72644e-05
-0.000105084
-0.000112793
-8.18115e-05
-0.000107073
-0.000193203
-4.51025e-05
-0.000450257
-0.000244758
1.35526e-05
-1.73439e-05
2.69576e-05
-0.000131513
2.53458e-05
-0.000172944
2.83206e-05
-0.00019242
3.71693e-05
3.7061e-05
-5.29283e-05
0.000938173
-0.000127812
0.000666281
-0.000180195
0.000362757
-0.000266109
0.000292219
-0.000315034
0.00014454
-0.000320971
-3.36389e-05
-0.000276417
-0.000202926
-0.000188588
-0.000283552
-8.55415e-05
-0.000246038
7.21042e-06
-0.000197836
-1.99121e-06
-7.261e-05
-5.74587e-05
-0.000137735
-3.38359e-05
-0.00047388
-0.000278594
2.79813e-05
-4.53252e-05
3.74089e-05
-0.000140941
3.28385e-05
-0.000168373
2.38224e-05
-0.000183403
6.46297e-05
-3.74634e-06
1.24595e-05
0.000990343
-7.81135e-05
0.000756854
-0.000153931
0.000438574
-0.000227083
0.000365371
-0.000270711
0.000188169
-0.000279562
-2.47883e-05
-0.000245379
-0.000237109
-0.000173494
-0.000355437
-9.47345e-05
-0.000324798
-2.93055e-05
-0.000263265
1.72363e-05
-0.000119152
-1.18351e-05
-0.000108664
-2.74035e-05
-0.000458311
-0.000305997
4.335e-05
-8.86752e-05
4.57706e-05
-0.000143362
3.6413e-05
-0.000159016
2.60647e-05
-0.000173055
8.34855e-05
-6.11671e-05
5.72973e-05
0.00101653
-1.08667e-05
0.000825018
-8.93866e-05
0.000517094
-0.000160465
0.000436449
-0.000209242
0.000236946
-0.000221904
-1.21266e-05
-0.000194889
-0.000264124
-0.000128818
-0.000421508
-7.53085e-05
-0.000378307
-4.23844e-05
-0.000296189
3.03826e-05
-0.000191919
5.36908e-05
-0.000131972
-1.78254e-05
-0.000386795
-0.000323823
2.18385e-05
-2.2547e-05
4.927e-05
-4.02011e-05
6.36579e-05
-3.38276e-05
6.08252e-05
-1.81058e-05
5.13123e-05
-1.11976e-05
4.20717e-05
-1.05617e-05
3.56665e-05
-1.16429e-05
3.29421e-05
-1.12611e-05
3.32631e-05
-9.01531e-06
3.4816e-05
-5.86458e-06
3.62985e-05
-2.70869e-06
3.74285e-05
-1.08198e-08
3.75052e-05
2.7838e-06
3.69974e-05
4.58242e-06
3.63281e-05
5.61694e-06
3.5491e-05
6.77079e-06
3.58885e-05
6.21202e-06
3.80159e-05
5.28527e-06
4.14314e-05
5.57516e-06
4.67077e-05
5.70169e-06
5.64747e-05
6.17365e-06
7.25226e-05
5.74322e-06
1.44389e-05
0.00010806
3.02588e-05
-5.28058e-05
4.75592e-05
-5.75015e-05
2.20105e-05
-8.27896e-06
-5.62837e-06
9.53312e-06
-9.89436e-06
-6.93166e-06
-1.07268e-05
-9.7292e-06
-1.37677e-05
-8.60207e-06
-1.30427e-05
-1.19861e-05
-6.11803e-06
-1.59399e-05
3.15115e-06
-1.51338e-05
1.45062e-05
-1.40637e-05
2.7704e-05
-1.32086e-05
3.66549e-05
-6.16709e-06
4.02362e-05
1.0011e-06
4.04016e-05
5.45151e-06
3.81735e-05
8.99894e-06
3.80478e-05
6.33772e-06
4.00524e-05
3.28066e-06
4.28131e-05
2.81444e-06
4.74325e-05
1.0823e-06
5.53847e-05
-1.77851e-06
6.53327e-05
-4.20483e-06
-6.15423e-06
8.59258e-05
1.45811e-06
-5.42639e-05
-2.75818e-05
-2.84617e-05
-5.73965e-05
2.15356e-05
-7.08409e-05
2.29774e-05
-8.18422e-05
4.06964e-06
-0.00010582
1.42486e-05
-0.000132231
1.7809e-05
-0.000152151
7.93394e-06
-0.000163043
-5.04813e-06
-0.000157958
-2.02187e-05
-0.000129665
-4.23565e-05
-7.93874e-05
-6.34867e-05
-2.69007e-05
-5.86538e-05
-4.09202e-07
-2.54904e-05
1.25861e-05
-7.54382e-06
2.44369e-05
-2.85179e-06
3.75671e-05
-6.79253e-06
4.48368e-05
-3.98905e-06
4.66909e-05
9.60394e-07
4.92915e-05
-1.51837e-06
5.49197e-05
-7.40669e-06
6.24647e-05
-1.17499e-05
-1.70273e-05
7.33378e-05
-2.69559e-05
-2.73081e-05
-4.62604e-05
-9.1573e-06
-4.51911e-05
2.04661e-05
-3.30299e-05
1.08161e-05
-3.41248e-05
5.16444e-06
-4.05338e-05
2.06575e-05
-4.60111e-05
2.32863e-05
-5.31998e-05
1.51226e-05
-6.65752e-05
8.32718e-06
-8.74676e-05
6.73654e-07
-0.000115797
-1.40268e-05
-0.000141185
-3.80993e-05
-0.000154451
-4.5387e-05
-0.000144793
-3.51491e-05
-0.00012168
-3.06563e-05
-8.11213e-05
-4.34107e-05
-4.01274e-05
-4.77865e-05
-4.46432e-06
-3.96521e-05
1.46985e-05
-1.82024e-05
3.20555e-05
-1.88754e-05
4.85275e-05
-2.38787e-05
5.85415e-05
-2.17639e-05
-2.412e-05
6.56342e-05
-2.25021e-05
-4.80615e-06
-2.07653e-05
-1.08942e-05
-9.31755e-06
9.01824e-06
-5.0738e-06
6.57227e-06
-6.79508e-06
6.88564e-06
-2.72524e-06
1.65876e-05
4.0794e-06
1.64816e-05
8.97863e-06
1.02234e-05
1.15181e-05
5.78769e-06
8.22375e-06
3.96795e-06
-9.93485e-06
4.13174e-06
-4.16825e-05
-6.35165e-06
-6.62004e-05
-2.08691e-05
-6.68182e-05
-3.45313e-05
-6.06766e-05
-3.67979e-05
-6.73373e-05
-3.67501e-05
-7.94126e-05
-3.57112e-05
-8.72458e-05
-3.18188e-05
-7.9896e-05
-2.55521e-05
-6.24953e-05
-3.62761e-05
-2.17478e-05
-6.46263e-05
2.65069e-06
-4.61623e-05
-3.72913e-05
1.5822e-05
-8.60163e-06
3.79539e-06
-1.06793e-05
-8.81664e-06
-7.13541e-06
5.4742e-06
-6.90914e-06
6.34592e-06
-7.79977e-06
7.77622e-06
-3.96213e-06
1.27499e-05
-1.2495e-06
1.37689e-05
-1.13987e-06
1.01137e-05
1.32206e-06
3.32572e-06
8.67494e-06
-3.38497e-06
1.8645e-05
-5.83835e-06
1.58497e-05
-3.55633e-06
-1.64743e-06
-3.37202e-06
-1.2186e-05
-2.39927e-05
-1.00704e-05
-3.89135e-05
-1.01822e-05
-3.66382e-05
-1.38184e-05
-3.20749e-05
-1.44368e-05
-3.12004e-05
-9.88043e-06
-3.01085e-05
-9.24617e-06
-3.69103e-05
-2.0837e-05
-5.30354e-05
-3.18386e-05
-3.51608e-05
-5.66835e-06
-6.34616e-05
-6.07001e-06
9.86532e-06
-7.42418e-06
-7.46257e-06
-5.28632e-06
3.33627e-06
-4.81819e-06
5.87774e-06
-4.65774e-06
7.61574e-06
-1.95423e-06
1.00464e-05
1.071e-06
1.07437e-05
2.47297e-06
8.71167e-06
1.65294e-06
4.14571e-06
-1.65708e-07
-1.56638e-06
9.61893e-07
-6.96598e-06
5.56478e-06
-8.15922e-06
8.29428e-06
-6.1015e-06
2.13702e-06
-1.78354e-05
-4.64845e-06
-3.2128e-05
-5.88247e-06
-3.54041e-05
-3.51706e-06
-3.44403e-05
1.99706e-06
-3.67145e-05
1.31599e-05
-4.12714e-05
2.518e-05
-4.89304e-05
3.39345e-05
-6.17899e-05
5.44247e-05
-5.56508e-05
-1.69891e-05
6.57461e-05
-4.34152e-06
1.42068e-05
-5.18833e-06
-6.61584e-06
-4.32232e-06
2.47021e-06
-3.72133e-06
5.27673e-06
-2.66173e-06
6.55612e-06
-6.08891e-07
7.99353e-06
1.31451e-06
8.82025e-06
2.26698e-06
7.75917e-06
2.24031e-06
4.17233e-06
1.80178e-06
-1.1279e-06
8.1408e-07
-5.97831e-06
2.59394e-06
-9.93907e-06
7.2938e-06
-1.08013e-05
7.86295e-06
-1.84045e-05
4.23108e-06
-2.84961e-05
1.06719e-06
-3.22402e-05
5.46152e-07
-3.39192e-05
3.05084e-06
-3.92192e-05
9.00314e-06
-4.72236e-05
1.49815e-05
-5.49087e-05
2.24322e-05
-6.92406e-05
3.90606e-05
-7.22794e-05
-4.89179e-05
7.0989e-05
-3.2389e-06
1.74456e-05
-3.79485e-06
-6.05995e-06
-2.89957e-06
1.57489e-06
-2.31727e-06
4.69441e-06
-1.34735e-06
5.5862e-06
3.92447e-07
6.25373e-06
2.51882e-06
6.69386e-06
4.17655e-06
6.10141e-06
4.39885e-06
3.94999e-06
3.06885e-06
2.02075e-07
1.92712e-06
-4.83659e-06
1.62858e-06
-9.6405e-06
4.54182e-06
-1.37146e-05
5.84467e-06
-1.97073e-05
3.68978e-06
-2.63412e-05
1.72541e-06
-3.02758e-05
9.68181e-07
-3.3162e-05
8.7551e-07
-3.91264e-05
2.3752e-06
-4.87232e-05
6.17273e-06
-5.87061e-05
8.27186e-06
-7.13396e-05
1.56466e-05
-7.9654e-05
-6.63838e-05
3.31127e-05
-2.09704e-06
1.95426e-05
-2.55148e-06
-5.60557e-06
-2.14887e-06
1.17226e-06
-1.64921e-06
4.19475e-06
-8.43163e-07
4.78016e-06
4.7108e-07
4.9395e-06
2.22057e-06
4.94437e-06
3.94952e-06
4.37245e-06
5.24226e-06
2.65723e-06
5.76413e-06
-3.19799e-07
5.32761e-06
-4.40005e-06
4.58938e-06
-8.90224e-06
4.33164e-06
-1.34568e-05
3.07334e-06
-1.8449e-05
3.5793e-07
-2.36257e-05
-2.52604e-06
-2.73919e-05
-4.69405e-06
-3.0994e-05
-6.57791e-06
-3.72425e-05
-8.0071e-06
-4.7294e-05
-8.30317e-06
-5.841e-05
-1.0755e-05
-6.88877e-05
-1.33477e-05
-7.70612e-05
-7.03411e-05
-9.39058e-06
-1.24958e-06
2.07922e-05
-1.72269e-06
-5.13251e-06
-1.55575e-06
1.0053e-06
-1.22395e-06
3.86297e-06
-6.44835e-07
4.20107e-06
2.51043e-07
4.04366e-06
1.50862e-06
3.68683e-06
2.94394e-06
2.93715e-06
4.14707e-06
1.45412e-06
4.80176e-06
-9.74474e-07
4.66911e-06
-4.26736e-06
3.82579e-06
-8.05888e-06
2.42668e-06
-1.20577e-05
1.9774e-07
-1.622e-05
-3.02877e-06
-2.03993e-05
-6.35078e-06
-2.40699e-05
-9.39556e-06
-2.79492e-05
-1.27415e-05
-3.38966e-05
-1.71049e-05
-4.29304e-05
-2.23141e-05
-5.32009e-05
-2.88059e-05
-6.23959e-05
-3.78707e-05
-6.79965e-05
-6.31558e-05
-4.5056e-05
-6.68588e-07
2.14607e-05
-1.16958e-06
-4.63155e-06
-1.21042e-06
1.04614e-06
-1.06479e-06
3.71737e-06
-7.428e-07
3.87912e-06
-2.39093e-07
3.54002e-06
4.54302e-07
2.99351e-06
1.28613e-06
2.10537e-06
2.02324e-06
7.17077e-07
2.33561e-06
-1.28678e-06
1.97476e-06
-3.90644e-06
8.73481e-07
-6.95755e-06
-9.31714e-07
-1.02524e-05
-3.52893e-06
-1.36228e-05
-6.76996e-06
-1.71582e-05
-1.01638e-05
-2.06761e-05
-1.37036e-05
-2.44094e-05
-1.82405e-05
-2.93596e-05
-2.49496e-05
-3.62213e-05
-3.36313e-05
-4.45191e-05
-4.32839e-05
-5.27432e-05
-5.36767e-05
-5.76037e-05
-5.4336e-05
-6.24965e-05
-3.15904e-07
2.17766e-05
-8.45973e-07
-4.10149e-06
-1.05371e-06
1.25388e-06
-1.09327e-06
3.75697e-06
-1.0052e-06
3.79112e-06
-8.31584e-07
3.3665e-06
-5.89964e-07
2.75198e-06
-3.41318e-07
1.85681e-06
-2.1032e-07
5.86165e-07
-3.96466e-07
-1.10055e-06
-1.10745e-06
-3.19538e-06
-2.44895e-06
-5.61599e-06
-4.43578e-06
-8.26557e-06
-6.99895e-06
-1.10596e-05
-1.01324e-05
-1.40248e-05
-1.37102e-05
-1.70983e-05
-1.7758e-05
-2.03615e-05
-2.30334e-05
-2.40842e-05
-3.07175e-05
-2.85372e-05
-4.12654e-05
-3.39712e-05
-5.423e-05
-3.97786e-05
-6.84546e-05
-4.3379e-05
-4.10326e-05
-8.1758e-05
-1.41014e-07
2.19176e-05
-6.87534e-07
-3.55497e-06
-1.04205e-06
1.60842e-06
-1.24356e-06
3.95853e-06
-1.35879e-06
3.90643e-06
-1.43941e-06
3.44723e-06
-1.53571e-06
2.84839e-06
-1.7021e-06
2.0233e-06
-2.02933e-06
9.13502e-07
-2.63955e-06
-4.90227e-07
-3.65676e-06
-2.17808e-06
-5.16373e-06
-4.10895e-06
-7.2003e-06
-6.22896e-06
-9.77541e-06
-8.48453e-06
-1.29618e-05
-1.08385e-05
-1.67957e-05
-1.32644e-05
-2.13556e-05
-1.58016e-05
-2.69682e-05
-1.84716e-05
-3.43241e-05
-2.11814e-05
-4.44427e-05
-2.38526e-05
-5.81157e-05
-2.61056e-05
-7.49613e-05
-2.65335e-05
-2.2914e-05
-9.308e-05
-8.83759e-08
2.2006e-05
-6.61151e-07
-2.98218e-06
-1.12106e-06
2.06836e-06
-1.4593e-06
4.29681e-06
-1.74506e-06
4.19227e-06
-2.03491e-06
3.73718e-06
-2.37289e-06
3.18648e-06
-2.81678e-06
2.46729e-06
-3.43806e-06
1.53487e-06
-4.31319e-06
3.84998e-07
-5.52645e-06
-9.64742e-07
-7.14571e-06
-2.48964e-06
-9.22842e-06
-4.14624e-06
-1.18275e-05
-5.88549e-06
-1.50197e-05
-7.64624e-06
-1.89096e-05
-9.37452e-06
-2.3634e-05
-1.10772e-05
-2.93388e-05
-1.27668e-05
-3.62448e-05
-1.42754e-05
-4.4939e-05
-1.51585e-05
-5.63175e-05
-1.47271e-05
-7.07714e-05
-1.20796e-05
-6.38806e-06
-8.72974e-05
-1.07741e-07
2.21137e-05
-7.09178e-07
-2.38074e-06
-1.25842e-06
2.61763e-06
-1.70873e-06
4.74716e-06
-2.13153e-06
4.61513e-06
-2.58241e-06
4.18814e-06
-3.10382e-06
3.70796e-06
-3.73606e-06
3.09961e-06
-4.53966e-06
2.33855e-06
-5.57882e-06
1.42423e-06
-6.91441e-06
3.70911e-07
-8.60799e-06
-7.95994e-07
-1.07152e-05
-2.03902e-06
-1.32897e-05
-3.31094e-06
-1.63898e-05
-4.54619e-06
-2.00845e-05
-5.67982e-06
-2.44947e-05
-6.66686e-06
-2.98026e-05
-7.4589e-06
-3.61744e-05
-7.90361e-06
-4.36913e-05
-7.6415e-06
-5.23346e-05
-6.0839e-06
-6.19973e-05
-2.41691e-06
4.01743e-06
-7.24028e-05
-1.57314e-07
2.22711e-05
-7.99637e-07
-1.73841e-06
-1.42206e-06
3.24006e-06
-1.95219e-06
5.27732e-06
-2.48608e-06
5.14906e-06
-3.0652e-06
4.76731e-06
-3.72343e-06
4.36623e-06
-4.49232e-06
3.86855e-06
-5.42256e-06
3.26884e-06
-6.56564e-06
2.56735e-06
-7.97349e-06
1.77879e-06
-9.69818e-06
9.28721e-07
-1.17911e-05
5.39138e-08
-1.42989e-05
-8.03138e-07
-1.72714e-05
-1.57368e-06
-2.076e-05
-2.19116e-06
-2.48333e-05
-2.59345e-06
-2.959e-05
-2.70224e-06
-3.51391e-05
-2.35439e-06
-4.15285e-05
-1.25209e-06
-4.85795e-05
9.6706e-07
-5.58851e-05
4.88875e-06
1.10426e-05
-6.29103e-05
-2.16033e-07
2.24871e-05
-9.01924e-07
-1.05252e-06
-1.58081e-06
3.91895e-06
-2.18152e-06
5.87804e-06
-2.79706e-06
5.76463e-06
-3.4711e-06
5.44137e-06
-4.22268e-06
5.11784e-06
-5.09113e-06
4.73703e-06
-6.10675e-06
4.28448e-06
-7.31204e-06
3.77267e-06
-8.75061e-06
3.2174e-06
-1.0465e-05
2.64312e-06
-1.24922e-05
2.08118e-06
-1.48772e-05
1.58194e-06
-1.76525e-05
1.2016e-06
-2.0855e-05
1.01134e-06
-2.45272e-05
1.07885e-06
-2.87021e-05
1.47268e-06
-3.33922e-05
2.3357e-06
-3.85518e-05
3.90756e-06
-4.40671e-05
6.48248e-06
-4.95924e-05
1.04141e-05
1.60528e-05
-5.46026e-05
-2.71922e-07
2.2759e-05
-1.00194e-06
-3.22522e-07
-1.72511e-06
4.6421e-06
-2.37694e-06
6.52987e-06
-3.05057e-06
6.43827e-06
-3.78825e-06
6.17907e-06
-4.60831e-06
5.93792e-06
-5.53516e-06
5.6639e-06
-6.59909e-06
5.34844e-06
-7.8303e-06
5.00389e-06
-9.26069e-06
4.64781e-06
-1.09249e-05
4.30736e-06
-1.28569e-05
4.0132e-06
-1.50798e-05
3.80487e-06
-1.76199e-05
3.7418e-06
-2.04886e-05
3.88002e-06
-2.37098e-05
4.30013e-06
-2.72922e-05
5.05513e-06
-3.12184e-05
6.26198e-06
-3.54105e-05
8.09963e-06
-3.97127e-05
1.07848e-05
-4.38366e-05
1.4538e-05
1.9568e-05
-4.73518e-05
-3.16784e-07
2.30758e-05
-1.0888e-06
4.49482e-07
-1.8439e-06
5.3972e-06
-2.53052e-06
7.2165e-06
-3.24317e-06
7.15095e-06
-4.02219e-06
6.9581e-06
-4.87854e-06
6.79429e-06
-5.83458e-06
6.61996e-06
-6.91245e-06
6.42632e-06
-8.13691e-06
6.22837e-06
-9.53298e-06
6.04391e-06
-1.11243e-05
5.89877e-06
-1.29305e-05
5.81941e-06
-1.49746e-05
5.84905e-06
-1.72659e-05
6.03304e-06
-1.98141e-05
6.42833e-06
-2.26117e-05
7.09773e-06
-2.56473e-05
8.09081e-06
-2.88778e-05
9.4925e-06
-3.22237e-05
1.14456e-05
-3.55346e-05
1.40958e-05
-3.85711e-05
1.75746e-05
2.20042e-05
-4.10073e-05
-3.47085e-07
2.34229e-05
-1.15678e-06
1.25917e-06
-1.93333e-06
6.17376e-06
-2.64019e-06
7.92339e-06
-3.37735e-06
7.88815e-06
-4.17421e-06
7.755e-06
-5.04605e-06
7.66617e-06
-6.00864e-06
7.58259e-06
-7.07613e-06
7.49384e-06
-8.26877e-06
7.42104e-06
-9.60462e-06
7.37979e-06
-1.11007e-05
7.39489e-06
-1.27736e-05
7.49237e-06
-1.46321e-05
7.70756e-06
-1.66789e-05
8.07983e-06
-1.89063e-05
8.65577e-06
-2.13055e-05
9.4969e-06
-2.38469e-05
1.06322e-05
-2.64854e-05
1.21311e-05
-2.91281e-05
1.40884e-05
-3.16463e-05
1.6614e-05
-3.38448e-05
1.97731e-05
2.3645e-05
-3.54856e-05
-3.6226e-07
2.37851e-05
-1.20104e-06
2.09796e-06
-1.98841e-06
6.96116e-06
-2.70429e-06
8.63931e-06
-3.44928e-06
8.63319e-06
-4.25192e-06
8.55769e-06
-5.12119e-06
8.5355e-06
-6.06638e-06
8.52784e-06
-7.10483e-06
8.53233e-06
-8.2483e-06
8.56452e-06
-9.5108e-06
8.64229e-06
-1.09027e-05
8.78675e-06
-1.24333e-05
9.02299e-06
-1.41058e-05
9.38013e-06
-1.59162e-05
9.89021e-06
-1.7854e-05
1.05935e-05
-1.98937e-05
1.15367e-05
-2.20082e-05
1.27467e-05
-2.41425e-05
1.42656e-05
-2.62141e-05
1.616e-05
-2.81081e-05
1.85081e-05
-2.96764e-05
2.13415e-05
2.47054e-05
-3.07368e-05
-3.64123e-07
2.41493e-05
-1.22102e-06
2.95487e-06
-2.00791e-06
7.74808e-06
-2.72247e-06
9.35391e-06
-3.46476e-06
9.3755e-06
-4.25885e-06
9.35182e-06
-5.11074e-06
9.38743e-06
-6.02867e-06
9.44581e-06
-7.02383e-06
9.52752e-06
-8.106e-06
9.64671e-06
-9.28408e-06
9.82037e-06
-1.05648e-05
1.00675e-05
-1.19522e-05
1.04104e-05
-1.34445e-05
1.08725e-05
-1.50334e-05
1.14791e-05
-1.6704e-05
1.22641e-05
-1.843e-05
1.32626e-05
-2.01769e-05
1.44937e-05
-2.18979e-05
1.59866e-05
-2.35145e-05
1.77768e-05
-2.49307e-05
1.99243e-05
-2.6034e-05
2.24448e-05
2.53631e-05
-2.66918e-05
-3.54741e-07
2.4504e-05
-1.21374e-06
3.81388e-06
-1.98915e-06
8.52351e-06
-2.69402e-06
1.00588e-05
-3.42346e-06
1.0105e-05
-4.19901e-06
1.01274e-05
-5.02374e-06
1.02122e-05
-5.90422e-06
1.03263e-05
-6.84852e-06
1.04719e-05
-7.86329e-06
1.06615e-05
-8.95333e-06
1.09104e-05
-1.01217e-05
1.12359e-05
-1.13686e-05
1.16573e-05
-1.26898e-05
1.21937e-05
-1.40764e-05
1.28657e-05
-1.55102e-05
1.36979e-05
-1.69638e-05
1.47162e-05
-1.8408e-05
1.59379e-05
-1.97929e-05
1.73715e-05
-2.10518e-05
1.90358e-05
-2.21052e-05
2.09777e-05
-2.2871e-05
2.32107e-05
2.57456e-05
-2.32536e-05
-3.35251e-07
2.48393e-05
-1.17831e-06
4.65695e-06
-1.93025e-06
9.27546e-06
-2.61818e-06
1.07468e-05
-3.32655e-06
1.08134e-05
-4.07497e-06
1.08759e-05
-4.86483e-06
1.10021e-05
-5.70029e-06
1.11618e-05
-6.58754e-06
1.13591e-05
-7.52983e-06
1.16038e-05
-8.53086e-06
1.19115e-05
-9.59116e-06
1.22962e-05
-1.07084e-05
1.27746e-05
-1.18734e-05
1.33587e-05
-1.30794e-05
1.40717e-05
-1.43073e-05
1.49257e-05
-1.55302e-05
1.59391e-05
-1.67216e-05
1.71293e-05
-1.78362e-05
1.84861e-05
-1.88211e-05
2.00208e-05
-1.96056e-05
2.17621e-05
-2.01315e-05
2.37366e-05
2.5952e-05
-2.0338e-05
-3.04455e-07
2.51437e-05
-1.11416e-06
5.46664e-06
-1.83288e-06
9.99417e-06
-2.49574e-06
1.14096e-05
-3.17765e-06
1.14953e-05
-3.8904e-06
1.15886e-05
-4.63969e-06
1.17514e-05
-5.42495e-06
1.19471e-05
-6.25285e-06
1.21871e-05
-7.12411e-06
1.24751e-05
-8.03893e-06
1.28263e-05
-8.99615e-06
1.32535e-05
-9.99116e-06
1.37697e-05
-1.10187e-05
1.43863e-05
-1.20651e-05
1.51182e-05
-1.31153e-05
1.59759e-05
-1.41481e-05
1.69718e-05
-1.51303e-05
1.81115e-05
-1.60362e-05
1.9392e-05
-1.68134e-05
2.0798e-05
-1.74079e-05
2.23566e-05
-1.77699e-05
2.40986e-05
2.60515e-05
-1.78695e-05
-2.57972e-07
2.54017e-05
-1.02436e-06
6.23299e-06
-1.70269e-06
1.06725e-05
-2.33312e-06
1.20401e-05
-2.97767e-06
1.21399e-05
-3.65159e-06
1.22625e-05
-4.35189e-06
1.24516e-05
-5.08527e-06
1.26804e-05
-5.85033e-06
1.29521e-05
-6.64945e-06
1.32742e-05
-7.48164e-06
1.36586e-05
-8.34351e-06
1.41154e-05
-9.22924e-06
1.46554e-05
-1.01318e-05
1.52888e-05
-1.10418e-05
1.60282e-05
-1.1943e-05
1.68771e-05
-1.28135e-05
1.78423e-05
-1.36372e-05
1.89351e-05
-1.43807e-05
2.01355e-05
-1.50105e-05
2.14279e-05
-1.54744e-05
2.28203e-05
-1.57399e-05
2.43642e-05
2.61005e-05
-1.5789e-05
-1.91444e-07
2.55931e-05
-9.14479e-07
6.95603e-06
-1.54804e-06
1.13061e-05
-2.13979e-06
1.26319e-05
-2.74029e-06
1.27404e-05
-3.3643e-06
1.28866e-05
-4.01166e-06
1.3099e-05
-4.68491e-06
1.33536e-05
-5.38393e-06
1.36511e-05
-6.10917e-06
1.39994e-05
-6.8585e-06
1.44079e-05
-7.6284e-06
1.48853e-05
-8.41409e-06
1.54412e-05
-9.20456e-06
1.60793e-05
-9.99506e-06
1.68187e-05
-1.07704e-05
1.76524e-05
-1.15139e-05
1.85857e-05
-1.22057e-05
1.96269e-05
-1.28305e-05
2.07603e-05
-1.33565e-05
2.19539e-05
-1.37491e-05
2.32129e-05
-1.39721e-05
2.45871e-05
2.61439e-05
-1.40155e-05
-9.36475e-08
2.56868e-05
-7.90025e-07
7.65244e-06
-1.37852e-06
1.18947e-05
-1.92515e-06
1.31785e-05
-2.47447e-06
1.32898e-05
-3.04495e-06
1.34571e-05
-3.6308e-06
1.36848e-05
-4.23778e-06
1.39606e-05
-4.86503e-06
1.42783e-05
-5.51222e-06
1.46466e-05
-6.17248e-06
1.50681e-05
-6.85126e-06
1.55641e-05
-7.5364e-06
1.61263e-05
-8.22626e-06
1.67692e-05
-8.90491e-06
1.74973e-05
-9.56658e-06
1.83141e-05
-1.02008e-05
1.922e-05
-1.07828e-05
2.02089e-05
-1.13106e-05
2.1288e-05
-1.17688e-05
2.2412e-05
-1.21242e-05
2.35682e-05
-1.2342e-05
2.48048e-05
2.6224e-05
-1.24221e-05
3.70332e-08
2.56497e-05
-6.61363e-07
8.35087e-06
-1.20768e-06
1.2441e-05
-1.70343e-06
1.36743e-05
-2.19801e-06
1.37845e-05
-2.70952e-06
1.39686e-05
-3.23071e-06
1.4206e-05
-3.76646e-06
1.44963e-05
-4.31512e-06
1.4827e-05
-4.87525e-06
1.52067e-05
-5.44844e-06
1.56413e-05
-6.02782e-06
1.61435e-05
-6.61197e-06
1.67105e-05
-7.18888e-06
1.73461e-05
-7.75914e-06
1.80676e-05
-8.30977e-06
1.88647e-05
-8.83114e-06
1.97413e-05
-9.31496e-06
2.06927e-05
-9.75036e-06
2.17234e-05
-1.01393e-05
2.28009e-05
-1.04571e-05
2.3886e-05
-1.06846e-05
2.50322e-05
2.63391e-05
-1.07997e-05
1.96359e-07
2.54534e-05
-5.28126e-07
9.07535e-06
-1.04381e-06
1.29566e-05
-1.48845e-06
1.4119e-05
-1.92842e-06
1.42245e-05
-2.37957e-06
1.44198e-05
-2.84075e-06
1.46672e-05
-3.30414e-06
1.49597e-05
-3.77316e-06
1.52959e-05
-4.24782e-06
1.56813e-05
-4.72807e-06
1.61215e-05
-5.20711e-06
1.66225e-05
-5.67874e-06
1.71821e-05
-6.14727e-06
1.78147e-05
-6.59613e-06
1.85165e-05
-7.02846e-06
1.92971e-05
-7.42933e-06
2.01422e-05
-7.79629e-06
2.10597e-05
-8.11416e-06
2.20412e-05
-8.39716e-06
2.30838e-05
-8.64505e-06
2.41339e-05
-8.82785e-06
2.5215e-05
2.64373e-05
-8.92608e-06
3.56871e-07
2.50965e-05
-3.97767e-07
9.82992e-06
-8.95938e-07
1.34547e-05
-1.2995e-06
1.45226e-05
-1.69078e-06
1.46158e-05
-2.09415e-06
1.48232e-05
-2.49536e-06
1.50684e-05
-2.89532e-06
1.53596e-05
-3.29301e-06
1.56935e-05
-3.68787e-06
1.60761e-05
-4.07775e-06
1.65114e-05
-4.45836e-06
1.70032e-05
-4.83151e-06
1.75553e-05
-5.18754e-06
1.81707e-05
-5.52229e-06
1.88513e-05
-5.8229e-06
1.95977e-05
-6.09025e-06
2.04096e-05
-6.31043e-06
2.12798e-05
-6.4943e-06
2.22251e-05
-6.62525e-06
2.32148e-05
-6.71722e-06
2.42258e-05
-6.76435e-06
2.52621e-05
2.64099e-05
-6.73702e-06
5.17471e-07
2.4579e-05
-2.81494e-07
1.06288e-05
-7.77536e-07
1.39508e-05
-1.14573e-06
1.48908e-05
-1.50265e-06
1.49728e-05
-1.86928e-06
1.51899e-05
-2.23061e-06
1.54298e-05
-2.58176e-06
1.57107e-05
-2.92084e-06
1.60325e-05
-3.25463e-06
1.64098e-05
-3.57618e-06
1.68329e-05
-3.88197e-06
1.7309e-05
-4.16782e-06
1.78412e-05
-4.42615e-06
1.84291e-05
-4.65124e-06
1.90764e-05
-4.83658e-06
1.9783e-05
-4.97281e-06
2.05458e-05
-5.05989e-06
2.13669e-05
-5.07815e-06
2.22433e-05
-5.02783e-06
2.31644e-05
-4.9072e-06
2.41051e-05
-4.72719e-06
2.5082e-05
2.61403e-05
-4.45764e-06
6.74266e-07
2.39047e-05
-1.798e-07
1.14827e-05
-6.83784e-07
1.44547e-05
-1.0297e-06
1.52367e-05
-1.37568e-06
1.53188e-05
-1.7177e-06
1.5532e-05
-2.05016e-06
1.57622e-05
-2.37176e-06
1.60322e-05
-2.68411e-06
1.63448e-05
-2.97875e-06
1.67044e-05
-3.25606e-06
1.71102e-05
-3.51093e-06
1.75638e-05
-3.73802e-06
1.80683e-05
-3.93261e-06
1.86237e-05
-4.08546e-06
1.92292e-05
-4.1856e-06
1.98832e-05
-4.22663e-06
2.05868e-05
-4.19521e-06
2.13355e-05
-4.07781e-06
2.21259e-05
-3.85527e-06
2.29418e-05
-3.54444e-06
2.37941e-05
-3.12009e-06
2.46575e-05
2.55814e-05
-2.56124e-06
8.05662e-07
2.3099e-05
-9.85204e-08
1.23868e-05
-6.11897e-07
1.49681e-05
-9.49286e-07
1.55741e-05
-1.29093e-06
1.56605e-05
-1.62297e-06
1.5864e-05
-1.94228e-06
1.60815e-05
-2.25235e-06
1.63422e-05
-2.54738e-06
1.66398e-05
-2.82518e-06
1.69821e-05
-3.08356e-06
1.73686e-05
-3.31812e-06
1.77984e-05
-3.52159e-06
1.82717e-05
-3.68826e-06
1.87903e-05
-3.80631e-06
1.93472e-05
-3.86672e-06
1.99436e-05
-3.85863e-06
2.05788e-05
-3.7661e-06
2.1243e-05
-3.57163e-06
2.19314e-05
-3.26831e-06
2.26384e-05
-2.82663e-06
2.33523e-05
-2.23527e-06
2.4066e-05
2.48171e-05
-1.47108e-06
8.99314e-07
2.21996e-05
-3.39252e-08
1.33199e-05
-5.49552e-07
1.54837e-05
-8.81222e-07
1.59058e-05
-1.22326e-06
1.60025e-05
-1.54852e-06
1.61892e-05
-1.86327e-06
1.63962e-05
-2.16428e-06
1.66432e-05
-2.45316e-06
1.69286e-05
-2.72685e-06
1.72558e-05
-2.98065e-06
1.76223e-05
-3.2133e-06
1.80309e-05
-3.4135e-06
1.84718e-05
-3.57726e-06
1.89539e-05
-3.69603e-06
1.94659e-05
-3.75377e-06
2.00013e-05
-3.74478e-06
2.05698e-05
-3.65118e-06
2.11494e-05
-3.45364e-06
2.17339e-05
-3.14089e-06
2.23256e-05
-2.68176e-06
2.28931e-05
-2.0589e-06
2.3443e-05
2.40008e-05
-1.24266e-06
9.53355e-07
2.12461e-05
1.66995e-08
1.42565e-05
-4.87886e-07
1.59882e-05
-8.08668e-07
1.62265e-05
-1.14365e-06
1.63375e-05
-1.45858e-06
1.65041e-05
-1.76179e-06
1.66993e-05
-2.05546e-06
1.69368e-05
-2.33669e-06
1.72098e-05
-2.6066e-06
1.75257e-05
-2.85681e-06
1.78725e-05
-3.0926e-06
1.82666e-05
-3.28989e-06
1.8669e-05
-3.46354e-06
1.91275e-05
-3.59849e-06
1.96008e-05
-3.6667e-06
2.00695e-05
-3.68562e-06
2.05887e-05
-3.62272e-06
2.10866e-05
-3.46612e-06
2.15773e-05
-3.20169e-06
2.2061e-05
-2.81536e-06
2.25066e-05
-2.25528e-06
2.28828e-05
2.32699e-05
-1.52447e-06
9.31803e-07
2.03143e-05
4.1224e-08
1.51469e-05
-4.14842e-07
1.64442e-05
-7.13248e-07
1.65249e-05
-1.03607e-06
1.66602e-05
-1.32104e-06
1.6789e-05
-1.60646e-06
1.69847e-05
-1.88468e-06
1.7215e-05
-2.14028e-06
1.74653e-05
-2.3994e-06
1.77847e-05
-2.63269e-06
1.81057e-05
-2.85448e-06
1.84883e-05
-3.06774e-06
1.88822e-05
-3.22893e-06
1.92886e-05
-3.3693e-06
1.97411e-05
-3.46631e-06
2.01665e-05
-3.50703e-06
2.06295e-05
-3.48248e-06
2.1062e-05
-3.3871e-06
2.14818e-05
-3.18483e-06
2.18587e-05
-2.8824e-06
2.2204e-05
-2.46319e-06
2.24635e-05
2.26791e-05
-1.87246e-06
8.21919e-07
1.94923e-05
4.88925e-08
1.59199e-05
-3.33744e-07
1.68267e-05
-5.92326e-07
1.67834e-05
-8.67769e-07
1.69356e-05
-1.11943e-06
1.70407e-05
-1.36096e-06
1.72262e-05
-1.60056e-06
1.74546e-05
-1.83288e-06
1.76976e-05
-2.04972e-06
1.80015e-05
-2.26454e-06
1.83204e-05
-2.46596e-06
1.86897e-05
-2.64365e-06
1.90598e-05
-2.81408e-06
1.9459e-05
-2.94057e-06
1.98676e-05
-3.0525e-06
2.02785e-05
-3.10828e-06
2.06853e-05
-3.11972e-06
2.10734e-05
-3.06244e-06
2.14245e-05
-2.95434e-06
2.17505e-05
-2.7398e-06
2.19894e-05
-2.42945e-06
2.21531e-05
2.22455e-05
-1.996e-06
6.54228e-07
1.8838e-05
6.54258e-08
1.65086e-05
-2.27233e-07
1.71194e-05
-4.30088e-07
1.69862e-05
-6.3717e-07
1.71427e-05
-8.2898e-07
1.72325e-05
-1.02041e-06
1.74176e-05
-1.20002e-06
1.76342e-05
-1.37769e-06
1.78753e-05
-1.55383e-06
1.81777e-05
-1.71958e-06
1.84862e-05
-1.879e-06
1.8849e-05
-2.02766e-06
1.92084e-05
-2.16808e-06
1.95994e-05
-2.28735e-06
1.99869e-05
-2.38944e-06
2.03806e-05
-2.45809e-06
2.0754e-05
-2.49723e-06
2.11126e-05
-2.48701e-06
2.14142e-05
-2.42394e-06
2.16873e-05
-2.31079e-06
2.18761e-05
-2.12742e-06
2.19696e-05
2.19731e-05
-1.85506e-06
4.34741e-07
1.84032e-05
6.75698e-08
1.68757e-05
-1.13322e-07
1.73002e-05
-2.41413e-07
1.71143e-05
-3.7194e-07
1.72732e-05
-4.92538e-07
1.73531e-05
-6.17496e-07
1.75426e-05
-7.24741e-07
1.77414e-05
-8.43828e-07
1.79944e-05
-9.55501e-07
1.82893e-05
-1.07071e-06
1.86013e-05
-1.17568e-06
1.8954e-05
-1.28757e-06
1.93203e-05
-1.38041e-06
1.96923e-05
-1.47838e-06
2.00849e-05
-1.55307e-06
2.04553e-05
-1.62473e-06
2.08257e-05
-1.6681e-06
2.11559e-05
-1.69054e-06
2.14366e-05
-1.68969e-06
2.16864e-05
-1.65354e-06
2.18399e-05
-1.5805e-06
2.18965e-05
2.18458e-05
-1.45332e-06
1.86929e-07
4.93142e-08
-2.05893e-08
-5.71027e-08
-1.06491e-07
-1.48245e-07
-1.8005e-07
-2.22959e-07
-2.62876e-07
-2.98144e-07
-3.40516e-07
-3.78969e-07
-4.15596e-07
-4.5973e-07
-4.93573e-07
-5.34235e-07
-5.62957e-07
-5.90987e-07
-6.22445e-07
-6.30902e-07
-6.29314e-07
-6.15615e-07
-5.77493e-07
0.000104899
3.16142e-06
0.000106601
-1.70237e-06
0.000114996
-8.39455e-06
-1.2965e-05
0.000127961
9.54591e-05
-6.37184e-06
0.000104103
-1.03458e-05
0.00011067
-1.49623e-05
-1.96363e-05
0.000117342
7.78958e-05
-1.09299e-05
8.13943e-05
-1.38443e-05
8.38489e-05
-1.74168e-05
-2.0875e-05
8.50876e-05
6.79963e-05
-1.32919e-05
6.95702e-05
-1.54183e-05
7.08682e-05
-1.87148e-05
-2.17428e-05
7.1736e-05
1.59112e-05
-1.33811e-05
1.10209e-05
-1.05279e-05
6.52608e-06
-1.42199e-05
-2.42178e-05
9.00107e-06
-8.78019e-05
1.09587e-05
-0.000112975
1.46452e-05
-0.000126282
-9.13554e-07
-3.0229e-05
-0.000120271
6.489e-05
1.18153e-05
5.54859e-05
2.40498e-05
3.42478e-05
2.03248e-05
6.46345e-06
-2.44456e-06
9.09636e-05
-8.1598e-06
0.000109787
5.22605e-06
0.000115304
1.4808e-05
2.69669e-05
9.48003e-05
4.52712e-05
-2.03182e-05
6.08015e-05
-1.03041e-05
7.47576e-05
8.51851e-07
1.98443e-05
8.18802e-05
-6.05642e-06
-2.36524e-05
-1.99669e-06
-1.43639e-05
3.90109e-06
-5.046e-06
7.95663e-06
1.57887e-05
-4.69837e-05
-2.17248e-05
-4.75022e-05
-1.38454e-05
-4.61804e-05
-6.36785e-06
7.57916e-07
-3.89817e-05
-6.34217e-05
-2.07996e-05
-6.14824e-05
-1.57847e-05
-5.71987e-05
-1.06516e-05
-5.57238e-06
-5.08685e-05
-8.6635e-05
-1.59227e-05
-8.9976e-05
-1.24437e-05
-9.20813e-05
-8.54637e-06
-4.13924e-06
-9.35145e-05
-0.000101264
-7.73829e-06
-0.000109033
-4.67486e-06
-0.000116457
-1.12321e-06
2.67435e-06
-0.00012327
-9.48739e-05
-1.61847e-07
-0.000101742
2.19335e-06
-0.000107737
4.872e-06
7.75906e-06
-0.000112822
-7.76641e-05
5.09944e-06
-8.29474e-05
7.47662e-06
-8.79318e-05
9.85638e-06
1.21612e-05
-9.23339e-05
-6.59437e-05
8.13284e-06
-6.87677e-05
1.03007e-05
-7.14022e-05
1.24908e-05
1.45805e-05
-7.38215e-05
-5.65958e-05
1.0126e-05
-5.82999e-05
1.20048e-05
-5.97273e-05
1.39182e-05
1.57639e-05
-6.09107e-05
-4.8655e-05
1.14292e-05
-4.96768e-05
1.30266e-05
-5.04269e-05
1.46682e-05
1.62702e-05
-5.09333e-05
-4.1837e-05
1.22588e-05
-4.24062e-05
1.35957e-05
-4.2707e-05
1.4969e-05
1.63261e-05
-4.2763e-05
-3.5985e-05
1.27581e-05
-3.62623e-05
1.3873e-05
-3.62947e-05
1.50013e-05
1.61196e-05
-3.60882e-05
-3.1008e-05
1.30293e-05
-3.11011e-05
1.39661e-05
-3.09876e-05
1.48878e-05
1.5787e-05
-3.0655e-05
-2.68078e-05
1.31453e-05
-2.67814e-05
1.39397e-05
-2.65877e-05
1.4694e-05
1.54047e-05
-2.62055e-05
-2.32708e-05
1.31625e-05
-2.31682e-05
1.38371e-05
-2.29272e-05
1.4453e-05
1.50051e-05
-2.25277e-05
-2.02975e-05
1.31219e-05
-2.01523e-05
1.36918e-05
-1.98876e-05
1.41883e-05
1.46045e-05
-1.9487e-05
-1.78048e-05
1.30572e-05
-1.76489e-05
1.35359e-05
-1.73883e-05
1.39276e-05
1.42261e-05
-1.70099e-05
-1.57247e-05
1.29929e-05
-1.55854e-05
1.33966e-05
-1.53569e-05
1.36991e-05
1.38984e-05
-1.50292e-05
-1.3972e-05
1.29494e-05
-1.3872e-05
1.32966e-05
-1.37014e-05
1.35286e-05
1.36515e-05
-1.34546e-05
-1.24113e-05
1.29386e-05
-1.23649e-05
1.32503e-05
-1.22751e-05
1.34389e-05
1.351e-05
-1.21335e-05
-1.08179e-05
1.29568e-05
-1.08186e-05
1.3251e-05
-1.08039e-05
1.34242e-05
1.34767e-05
-1.07705e-05
-8.9461e-06
1.29769e-05
-8.95744e-06
1.32624e-05
-8.97763e-06
1.34444e-05
1.35128e-05
-9.01373e-06
-6.69926e-06
1.29391e-05
-6.65311e-06
1.32163e-05
-6.62371e-06
1.34151e-05
1.35181e-05
-6.62897e-06
-4.29819e-06
1.27796e-05
-4.12212e-06
1.30402e-05
-3.95082e-06
1.32438e-05
1.33719e-05
-3.80456e-06
-2.25157e-06
1.24699e-05
-1.9054e-06
1.26941e-05
-1.53901e-06
1.28775e-05
1.30003e-05
-1.16736e-06
-1.04502e-06
1.20438e-05
-5.71167e-07
1.22202e-05
-4.81628e-08
1.23545e-05
1.24474e-05
5.04786e-07
-7.81913e-07
1.1583e-05
-2.61469e-07
1.16998e-05
3.16312e-07
1.17767e-05
1.18189e-05
9.4481e-07
-1.10388e-06
1.11624e-05
-6.23197e-07
1.12191e-05
-8.87743e-08
1.12423e-05
1.12359e-05
4.94196e-07
-1.52193e-06
1.08118e-05
-1.12258e-06
1.08197e-05
-6.80278e-07
1.07999e-05
1.07517e-05
-1.96099e-07
-1.73249e-06
1.05482e-05
-1.43087e-06
1.0518e-05
-1.09578e-06
1.04648e-05
1.03873e-05
-7.31428e-07
-1.67689e-06
1.03699e-05
-1.47348e-06
1.03146e-05
-1.24184e-06
1.02331e-05
1.01259e-05
-9.80502e-07
-1.3498e-06
1.02664e-05
-1.22684e-06
1.01915e-05
-1.09148e-06
1.00977e-05
9.98889e-06
-9.5454e-07
-5.4587e-07
-5.12509e-07
-4.72516e-07
-4.13209e-07
0.000119883
-8.05971e-05
9.95972e-05
-0.000123076
7.67702e-05
-0.000136189
6.70875e-05
-0.000163372
0.000164122
-0.000158201
0.000148844
0.00103181
0.000114872
0.00085899
8.64491e-07
0.000631102
-8.33938e-05
0.000520707
-0.000189312
0.000342864
-0.000257144
5.57055e-05
-0.000261435
-0.000259833
-0.000137643
-0.0005453
-6.32544e-05
-0.000452696
-3.179e-05
-0.000327653
5.06721e-05
-0.000274381
0.000138128
-0.000219429
-4.05502e-06
-0.000244612
-0.000327878
0.000107596
-7.08511e-05
8.40039e-05
-9.94844e-05
6.02948e-05
-0.00011248
4.26047e-05
-0.000145682
0.000105488
-0.000221085
0.000208481
0.000928816
0.000254692
0.000812778
0.000227301
0.000658493
0.000193738
0.000554269
0.000129229
0.000407374
2.80341e-05
0.0001569
-5.6985e-05
-0.000174814
-2.07643e-05
-0.00058152
3.06132e-05
-0.000504073
1.02548e-05
-0.000307295
2.87074e-06
-0.000266997
5.07673e-05
-0.000267325
1.90198e-05
-0.000212864
-0.000308858
7.70749e-05
-6.28384e-05
5.83677e-05
-8.07772e-05
3.72285e-05
-9.13403e-05
1.35481e-05
-0.000122002
2.3502e-05
-0.000231039
0.000239154
0.000713164
0.000387
0.000664932
0.000439447
0.000606046
0.000424209
0.000569507
0.000347249
0.000484334
0.000229585
0.000274564
0.000102579
-4.7808e-05
1.73635e-05
-0.000496305
6.0535e-05
-0.000547244
2.57716e-05
-0.000272532
1.38931e-06
-0.000242615
3.28979e-05
-0.000298834
1.74641e-05
-0.00019743
-0.000291394
6.6886e-05
-5.79885e-05
4.9666e-05
-6.35572e-05
2.51159e-05
-6.67902e-05
-6.57708e-06
-9.03091e-05
-0.000121744
-0.000115872
0.000185369
0.000406052
0.000434318
0.000415984
0.000557039
0.000483325
0.000552609
0.000573937
0.000472407
0.000564536
0.000351408
0.000395563
0.000202983
0.000100616
2.99619e-05
-0.000323283
5.44258e-05
-0.000571708
4.98308e-05
-0.000267937
3.70648e-05
-0.000229849
2.68219e-05
-0.000288591
1.88552e-05
-0.000189463
-0.000272539
2.7744e-05
-7.67313e-05
3.31798e-05
-6.89931e-05
1.56172e-05
-4.92276e-05
-3.23774e-05
-4.23146e-05
-6.26987e-05
-8.5551e-05
0.000179777
0.000163576
0.000346374
0.000249386
0.000472491
0.000357209
0.000523751
0.000522677
0.000503939
0.000584348
0.000433702
0.000465799
0.000318331
0.000215988
0.000136848
-0.0001418
6.96404e-05
-0.0005045
0.000116243
-0.000314539
0.000109514
-0.00022312
3.39124e-05
-0.000212989
2.38853e-05
-0.000179436
-0.000248653
-6.88217e-05
-0.000128181
-1.14488e-05
-0.000126366
8.36342e-06
-6.90398e-05
-2.57978e-05
-8.15334e-06
-9.64332e-05
-1.49156e-05
7.57235e-05
-8.58046e-06
0.000199873
0.000125237
0.000325109
0.000231972
0.000414485
0.000433302
0.000459874
0.000538959
0.000447815
0.000477858
0.00039349
0.000270313
0.000298513
-4.68225e-05
0.000165566
-0.000371554
0.000152177
-0.00030115
0.000130047
-0.00020099
5.78136e-05
-0.000140756
3.23589e-05
-0.000153981
-0.000216295
-6.48631e-05
-6.57623e-05
-7.57639e-05
-0.000115465
-1.92823e-05
-0.000125521
6.4033e-06
-3.3839e-05
-3.6724e-05
2.82118e-05
-8.42209e-05
3.89164e-05
-2.79097e-05
6.89258e-05
0.000155655
4.84075e-05
0.000295696
0.00029326
0.000395042
0.000439613
0.000433123
0.000439776
0.000433723
0.000269713
0.000410848
-2.39478e-05
0.000296861
-0.000257567
0.00019745
-0.000201739
0.00013768
-0.000141219
7.69631e-05
-8.00393e-05
4.62738e-05
-0.000123292
-0.000170021
3.83458e-06
2.52035e-05
-5.69951e-05
-5.46355e-05
-8.6277e-05
-9.62395e-05
-2.03245e-05
-9.97915e-05
1.37084e-05
-5.82111e-06
-5.21299e-06
5.78377e-05
-8.81129e-06
7.25242e-05
-4.03937e-05
7.99899e-05
0.000105976
0.00014689
0.000309312
0.000236278
0.000434746
0.000314343
0.000480997
0.000223461
0.000478969
-2.19195e-05
0.000349023
-0.000127622
0.000230007
-8.27226e-05
0.000140089
-5.13007e-05
0.000108904
-4.88541e-05
6.71798e-05
-8.15683e-05
-0.000102841
6.07125e-05
4.63711e-05
4.2215e-06
1.85537e-06
-4.91751e-05
-4.28429e-05
-8.17092e-05
-6.72575e-05
-1.48299e-05
-7.27004e-05
3.30537e-05
9.95413e-06
3.28207e-05
7.27572e-05
2.78815e-05
8.4929e-05
7.5554e-05
9.92178e-05
0.000171936
0.000139895
0.000303295
0.000182983
0.000412671
0.000114085
0.000373526
1.7226e-05
0.000260456
-1.45519e-05
0.000184974
-7.24065e-06
0.000146255
-1.25816e-05
0.000129005
-3.16048e-05
8.03479e-05
-3.29108e-05
-2.2493e-05
2.99536e-05
3.22062e-05
2.48714e-05
6.93741e-06
-2.33252e-06
-1.56391e-05
-4.10319e-05
-2.85582e-05
-6.61017e-05
-4.76307e-05
-5.16046e-06
-5.09872e-05
4.67455e-05
2.08512e-05
5.52416e-05
7.6433e-05
5.94784e-05
9.4981e-05
8.93241e-05
0.00011005
0.000150041
0.000122267
0.000178507
8.56189e-05
0.000161847
3.38864e-05
0.000145172
2.12245e-06
0.000158274
-2.03419e-05
0.000168708
-2.30158e-05
0.000141542
-4.43841e-06
7.54656e-05
3.31651e-05
5.29727e-05
-2.12628e-05
1.44872e-05
-1.63833e-05
2.05781e-06
-1.44853e-05
-1.75372e-05
-3.74038e-05
-5.63981e-06
-6.6947e-05
-1.80876e-05
-6.31778e-05
-5.47564e-05
-1.08403e-05
-3.14863e-05
5.4967e-05
1.06256e-05
6.9673e-05
8.0275e-05
7.09157e-05
0.000108807
8.35475e-05
0.000109635
9.42571e-05
7.49093e-05
0.000110249
1.78945e-05
0.00013867
-2.6299e-05
0.000154651
-3.63227e-05
0.000146449
-1.48131e-05
9.1297e-05
5.07132e-05
3.73904e-05
8.70717e-05
9.0363e-05
-3.82415e-05
1.86012e-06
-5.42763e-05
1.80925e-05
-0.000109061
3.72477e-05
-0.000179144
6.44432e-05
-0.000247609
5.03776e-05
-0.000276296
-2.60699e-05
-0.000211385
-9.63974e-05
-0.000123945
-7.68146e-05
-9.44173e-05
5.07477e-05
-0.000124583
0.000138972
-0.000144623
0.000129675
-0.000140807
7.10936e-05
-0.000110067
-1.28457e-05
-7.31756e-05
-6.31903e-05
-3.56965e-05
-7.38018e-05
-8.29678e-06
-4.22128e-05
7.28168e-06
3.51347e-05
5.59158e-06
8.87618e-05
9.59546e-05
-9.95541e-05
7.89966e-06
-0.000115872
3.44106e-05
-0.000148105
6.94805e-05
-0.000192989
0.000109327
-0.000258176
0.000115564
-0.000345732
6.14869e-05
-0.000424525
-1.7605e-05
-0.000467543
-3.37963e-05
-0.000432967
1.61719e-05
-0.000350937
5.6942e-05
-0.000259549
3.82868e-05
-0.000204319
1.58636e-05
-0.000170608
-4.65569e-05
-0.000126597
-0.000107201
-8.16903e-05
-0.000118709
-5.00718e-05
-7.38312e-05
-2.58e-05
1.08629e-05
-1.34197e-05
7.63815e-05
8.2535e-05
-0.000135458
2.0087e-05
-0.000142669
4.16218e-05
-0.00014309
6.99017e-05
-0.000139857
0.000106094
-0.000153599
0.000129306
-0.000210192
0.000118081
-0.000306822
7.90245e-05
-0.000382507
4.18892e-05
-0.000393151
2.68159e-05
-0.000348132
1.19234e-05
-0.000301758
-8.08799e-06
-0.000256106
-2.97878e-05
-0.00022065
-8.20135e-05
-0.000148777
-0.000179073
-9.09438e-05
-0.000176542
-5.55917e-05
-0.000109183
-3.13055e-05
-1.34233e-05
-1.54794e-05
6.05554e-05
6.70555e-05
-0.000122983
3.02477e-05
-0.000128085
4.67243e-05
-0.000122356
6.41725e-05
-0.000102154
8.58926e-05
-8.12408e-05
0.000108392
-8.72146e-05
0.000124054
-0.000135563
0.000127373
-0.000203524
0.00010985
-0.000249079
7.23704e-05
-0.000267385
3.02301e-05
-0.000264193
-1.128e-05
-0.000236113
-5.78685e-05
-0.000190154
-0.000127972
-0.000157527
-0.0002117
-9.73514e-05
-0.000236717
-5.87924e-05
-0.000147742
-3.03127e-05
-4.19031e-05
-1.01411e-05
4.03839e-05
5.69144e-05
-9.93909e-05
3.73048e-05
-0.00010183
4.91636e-05
-9.74765e-05
5.98188e-05
-8.26202e-05
7.10364e-05
-5.85424e-05
8.43143e-05
-3.58053e-05
0.000101317
-3.01016e-05
0.000121669
-5.46728e-05
0.000134421
-0.000100632
0.000118329
-0.00014258
7.21783e-05
-0.0001703
1.64404e-05
-0.000164363
-6.38055e-05
-0.000155579
-0.000136756
-0.000143744
-0.000223535
-0.000115906
-0.000264556
-7.54288e-05
-0.000188219
-3.9751e-05
-7.75808e-05
-1.5058e-05
1.56909e-05
4.18564e-05
-7.80897e-05
4.15731e-05
-7.91459e-05
5.02197e-05
-7.56487e-05
5.63217e-05
-6.62795e-05
6.16672e-05
-5.04217e-05
6.84565e-05
-2.88079e-05
7.97034e-05
-5.83271e-06
9.86943e-05
4.2852e-06
0.000124304
-1.88603e-05
0.000141475
-6.68357e-05
0.000120154
-0.000109761
5.93662e-05
-0.000138416
-3.51505e-05
-0.000141371
-0.000133801
-0.000137891
-0.000227015
-0.000135488
-0.000266958
-0.000108007
-0.000215701
-6.42792e-05
-0.000121309
-2.65778e-05
-2.20105e-05
1.52786e-05
-6.26518e-05
4.33141e-05
-6.25267e-05
5.00947e-05
-5.94345e-05
5.32294e-05
-5.22955e-05
5.45283e-05
-4.12172e-05
5.73782e-05
-2.69593e-05
6.54454e-05
-9.70571e-06
8.14407e-05
7.65019e-06
0.000106948
9.8012e-06
0.000139324
-2.26272e-05
0.000152582
-7.42109e-05
0.00011095
-0.000133621
2.42593e-05
-0.000166083
-0.000101338
-0.000155588
-0.00023751
-0.000144772
-0.000277774
-0.000127557
-0.000232915
-8.94614e-05
-0.000159405
-3.09235e-05
-8.05483e-05
-1.56449e-05
-5.12199e-05
4.36007e-05
-5.02349e-05
4.91097e-05
-4.74631e-05
5.04575e-05
-4.18294e-05
4.88946e-05
-3.30075e-05
4.85562e-05
-2.22522e-05
5.46901e-05
-1.13157e-05
7.05042e-05
-3.82301e-07
9.60143e-05
7.76978e-06
0.000131172
-7.60737e-06
0.00016796
-5.99754e-05
0.000163318
-0.000132188
9.64724e-05
-0.000178254
-5.52732e-05
-0.000189363
-0.0002264
-0.000161333
-0.000305804
-0.000135477
-0.000258772
-0.000105582
-0.000189299
-5.09153e-05
-0.000135215
-6.65602e-05
-4.21227e-05
4.29604e-05
-4.0585e-05
4.7572e-05
-3.81135e-05
4.79859e-05
-3.3861e-05
4.4642e-05
-2.698e-05
4.1675e-05
-1.79587e-05
4.56689e-05
-9.07123e-06
6.16167e-05
-2.54138e-06
8.94845e-05
1.41397e-06
0.000127216
-6.54488e-06
0.000175918
-4.94531e-05
0.000206226
-0.000115376
0.000162395
-0.000170502
-1.46429e-07
-0.000214215
-0.000182688
-0.0002185
-0.00030152
-0.000161045
-0.000316226
-9.81622e-05
-0.000252183
-4.5801e-05
-0.000187576
-0.000112361
-3.48627e-05
4.17348e-05
-3.29228e-05
4.5632e-05
-3.05937e-05
4.56568e-05
-2.73549e-05
4.14032e-05
-2.21918e-05
3.65119e-05
-1.47855e-05
3.82626e-05
-6.41752e-06
5.32487e-05
-3.93288e-08
8.31063e-05
2.35458e-06
0.000124823
-1.03248e-06
0.000179306
-2.524e-05
0.000230434
-6.86261e-05
0.000205781
-0.000125934
5.71614e-05
-0.000179757
-0.000128864
-0.000210037
-0.000271241
-0.000195386
-0.000330877
-0.000119264
-0.000328305
-3.01907e-05
-0.000276649
-0.000142552
-2.91452e-05
4.0225e-05
-2.69441e-05
4.34307e-05
-2.45595e-05
4.32721e-05
-2.18066e-05
3.86502e-05
-1.77738e-05
3.24791e-05
-1.17756e-05
3.22643e-05
-4.009e-06
4.54821e-05
4.08717e-06
7.50102e-05
9.01774e-06
0.000119892
1.01674e-05
0.000178156
1.4796e-06
0.000239122
-2.04599e-05
0.000227721
-5.7729e-05
9.44304e-05
-0.000106019
-8.05741e-05
-0.000143625
-0.000233635
-0.000146024
-0.000328478
-0.000127768
-0.00034656
-4.51161e-05
-0.000359302
-0.000187668
-2.46215e-05
3.8641e-05
-2.23113e-05
4.11205e-05
-1.97881e-05
4.07489e-05
-1.70709e-05
3.59329e-05
-1.34266e-05
2.88347e-05
-8.10747e-06
2.69452e-05
-8.78464e-07
3.82532e-05
8.39878e-06
6.57329e-05
1.76576e-05
0.000110633
2.52415e-05
0.000170572
3.16206e-05
0.000232743
2.69029e-05
0.000232438
5.7097e-06
0.000115624
-2.29711e-05
-5.18933e-05
-4.61759e-05
-0.00021043
-4.95978e-05
-0.000325056
-5.4121e-05
-0.000342037
-3.18359e-05
-0.000381587
-0.000219504
-2.0972e-05
3.70852e-05
-1.87083e-05
3.88568e-05
-1.61423e-05
3.81828e-05
-1.33246e-05
3.31152e-05
-9.559e-06
2.50691e-05
-4.08163e-06
2.14679e-05
3.47796e-06
3.06936e-05
1.33524e-05
5.58585e-05
2.67053e-05
9.72804e-05
4.17394e-05
0.000155538
5.91551e-05
0.000215327
6.91731e-05
0.00022242
5.69226e-05
0.000127874
2.95084e-05
-2.44791e-05
2.65457e-06
-0.000183576
-3.74466e-06
-0.000318657
-1.23089e-05
-0.000333473
-1.95113e-05
-0.000374384
-0.000239015
-1.80076e-05
3.56058e-05
-1.58757e-05
3.67248e-05
-1.34219e-05
3.5729e-05
-1.06014e-05
3.02946e-05
-6.58962e-06
2.10574e-05
-5.95359e-07
1.54736e-05
7.5456e-06
2.25526e-05
1.82656e-05
4.51384e-05
3.41545e-05
8.13915e-05
5.53376e-05
0.000134355
7.97971e-05
0.000190867
9.78345e-05
0.000204383
9.42343e-05
0.000131474
6.97467e-05
8.4613e-09
4.02298e-05
-0.000154059
1.87521e-05
-0.000297179
4.64377e-06
-0.000319365
-1.76614e-05
-0.000352079
-0.000256677
-1.5653e-05
3.42489e-05
-1.37107e-05
3.47824e-05
-1.1444e-05
3.34623e-05
-8.69799e-06
2.75486e-05
-4.46045e-06
1.68198e-05
2.02914e-06
8.984e-06
1.02655e-05
1.43163e-05
2.1194e-05
3.421e-05
3.73549e-05
6.52307e-05
6.0878e-05
0.000110832
8.83879e-05
0.000163358
0.000109272
0.000183499
0.000109127
0.00013162
9.01051e-05
1.90299e-05
5.82098e-05
-0.000122164
3.23059e-05
-0.000271275
2.32801e-05
-0.000310339
-2.0361e-06
-0.000326763
-0.000258713
-1.38723e-05
3.30921e-05
-1.22512e-05
3.31614e-05
-1.0314e-05
3.15251e-05
-7.77878e-06
2.50133e-05
-3.58855e-06
1.26296e-05
2.66735e-06
2.72811e-06
1.02249e-05
6.75887e-06
1.99683e-05
2.44666e-05
3.43927e-05
5.08064e-05
5.58017e-05
8.94227e-05
8.1999e-05
0.00013716
0.000102266
0.000163231
0.000104043
0.000129843
8.69477e-05
3.61255e-05
5.72528e-05
-9.24689e-05
3.41832e-05
-0.000248205
3.00051e-05
-0.000306161
1.51574e-05
-0.000311915
-0.000243555
-1.26147e-05
3.22522e-05
-1.14946e-05
3.20413e-05
-1.02767e-05
3.03072e-05
-8.52528e-06
2.32618e-05
-5.05101e-06
9.15538e-06
2.10527e-07
-2.53334e-06
6.12082e-06
8.487e-07
1.33139e-05
1.72737e-05
2.42498e-05
3.98707e-05
4.08237e-05
7.28489e-05
6.21034e-05
0.00011588
7.9366e-05
0.000145969
8.23811e-05
0.000126828
6.87438e-05
4.97627e-05
4.96677e-05
-7.33928e-05
4.50668e-05
-0.000243605
4.75619e-05
-0.000308656
4.45836e-05
-0.000308937
-0.000198972
-1.16701e-05
3.17889e-05
-1.12231e-05
3.15942e-05
-1.1109e-05
3.01932e-05
-1.09478e-05
2.31007e-05
-9.10606e-06
7.3137e-06
-5.04443e-06
-6.59484e-06
-1.22049e-06
-2.97509e-06
2.16084e-06
1.38924e-05
7.97026e-06
3.40614e-05
1.88475e-05
6.19718e-05
3.39308e-05
0.000100797
4.77762e-05
0.000132123
5.36101e-05
0.000120994
4.14856e-05
6.18872e-05
4.79564e-05
-7.98636e-05
5.39764e-05
-0.000249625
5.12856e-05
-0.000305965
4.38412e-05
-0.000301492
-0.000155131
-1.06933e-05
3.17117e-05
-1.08374e-05
3.17384e-05
-1.17528e-05
3.11086e-05
-1.35603e-05
2.49082e-05
-1.45317e-05
8.28521e-06
-1.28959e-05
-8.23051e-06
-1.08909e-05
-4.97991e-06
-1.07942e-05
1.37958e-05
-9.54943e-06
3.28167e-05
-4.8439e-06
5.72663e-05
4.73438e-06
9.12189e-05
1.69492e-05
0.000119909
2.76565e-05
0.000110286
2.01662e-05
6.93774e-05
5.38113e-05
-0.000113509
5.91212e-05
-0.000254935
4.1607e-05
-0.000288451
2.05672e-05
-0.000280453
-0.000134563
-9.19173e-06
3.18897e-05
-9.64694e-06
3.21937e-05
-1.10487e-05
3.25104e-05
-1.46029e-05
2.84625e-05
-1.9728e-05
1.34104e-05
-2.24514e-05
-5.50705e-06
-2.21704e-05
-5.26087e-06
-2.30148e-05
1.46402e-05
-2.51836e-05
3.49855e-05
-2.46669e-05
5.67495e-05
-1.85865e-05
8.51385e-05
-5.60799e-06
0.00010693
6.3333e-06
9.8345e-05
2.54865e-05
5.02242e-05
6.85597e-05
-0.000156582
6.50829e-05
-0.000251458
3.81349e-05
-0.000261503
1.03316e-05
-0.000252649
-0.000124232
-6.78438e-06
3.20452e-05
-7.16384e-06
3.25733e-05
-8.21208e-06
3.35587e-05
-1.20116e-05
3.2262e-05
-2.09076e-05
2.23065e-05
-2.99257e-05
3.51117e-06
-3.19931e-05
-3.19344e-06
-3.12369e-05
1.38839e-05
-3.4078e-05
3.78267e-05
-3.57928e-05
5.84644e-05
-2.99023e-05
7.9248e-05
-1.04133e-05
8.7441e-05
2.04016e-05
6.75302e-05
6.05371e-05
1.00886e-05
8.12887e-05
-0.000177334
7.34347e-05
-0.000243604
4.96262e-05
-0.000237694
1.33515e-05
-0.000216374
-0.00011088
-3.56414e-06
3.18048e-05
-3.44039e-06
3.24496e-05
-3.43206e-06
3.35504e-05
-5.11897e-06
3.39489e-05
-1.2917e-05
3.01044e-05
-2.6629e-05
1.72231e-05
-3.50349e-05
5.21248e-06
-3.31444e-05
1.19934e-05
-3.09626e-05
3.56449e-05
-2.99707e-05
5.74724e-05
-2.18513e-05
7.11286e-05
3.97829e-06
6.16114e-05
4.72685e-05
2.42399e-05
8.63708e-05
-2.90138e-05
9.2549e-05
-0.000183512
8.29355e-05
-0.00023399
6.79241e-05
-0.000222683
2.59638e-05
-0.000174414
-8.49165e-05
-2.78141e-07
3.09156e-05
6.45144e-07
3.15263e-05
1.87964e-06
3.23159e-05
2.787e-06
3.30415e-05
3.40479e-07
3.25509e-05
-9.05262e-06
2.66161e-05
-2.13244e-05
1.74842e-05
-2.44294e-05
1.50984e-05
-1.73673e-05
2.85827e-05
-8.4062e-06
4.85114e-05
6.51404e-06
5.62084e-05
3.19691e-05
3.61563e-05
6.09815e-05
-4.77247e-06
9.34004e-05
-6.14326e-05
9.21789e-05
-0.00018229
8.79752e-05
-0.000229787
7.86444e-05
-0.000213352
3.36818e-05
-0.000129451
-5.12346e-05
1.98116e-06
2.94392e-05
3.67913e-06
2.98283e-05
5.87358e-06
3.01214e-05
8.49613e-06
3.04188e-05
1.09455e-05
3.01014e-05
9.55577e-06
2.80058e-05
3.5929e-06
2.3447e-05
-3.42419e-07
1.90337e-05
4.96396e-06
2.32763e-05
1.8963e-05
3.45123e-05
3.828e-05
3.68914e-05
5.62755e-05
1.81607e-05
6.66314e-05
-1.51284e-05
8.23107e-05
-7.71119e-05
8.29572e-05
-0.000182937
7.76905e-05
-0.00022452
5.10531e-05
-0.000186715
2.11786e-05
-9.95769e-05
-3.0056e-05
2.66604e-06
2.7718e-05
4.75527e-06
2.77389e-05
7.35307e-06
2.75235e-05
1.05785e-05
2.71933e-05
1.46945e-05
2.59853e-05
1.82343e-05
2.4466e-05
1.95843e-05
2.2097e-05
2.09755e-05
1.76425e-05
2.83389e-05
1.59128e-05
4.2393e-05
2.04582e-05
5.78288e-05
2.14556e-05
6.66285e-05
9.36106e-06
6.91543e-05
-1.76543e-05
7.29251e-05
-8.08828e-05
6.04183e-05
-0.00017043
4.00647e-05
-0.000204166
-2.73325e-06
-0.000143917
-1.38565e-05
-8.84537e-05
-4.39126e-05
2.10771e-06
2.61045e-05
4.10048e-06
2.57461e-05
6.52478e-06
2.50991e-05
9.5574e-06
2.41606e-05
1.3319e-05
2.22236e-05
1.78214e-05
1.99636e-05
2.20089e-05
1.79095e-05
2.71741e-05
1.24772e-05
3.6785e-05
6.30183e-06
4.99685e-05
7.27463e-06
6.11802e-05
1.02439e-05
6.70647e-05
3.47651e-06
7.13234e-05
-2.1913e-05
6.99553e-05
-7.95148e-05
3.92461e-05
-0.000139721
3.00578e-06
-0.000167926
-3.95976e-05
-0.000101313
-3.97086e-05
-8.83427e-05
-8.36212e-05
1.11494e-06
2.47934e-05
2.73252e-06
2.41284e-05
4.67855e-06
2.3153e-05
7.15412e-06
2.1685e-05
9.90789e-06
1.94699e-05
1.35821e-05
1.62894e-05
1.77766e-05
1.3715e-05
2.27917e-05
7.46209e-06
3.12893e-05
-2.1959e-06
4.36954e-05
-5.13151e-06
5.58886e-05
-1.94933e-06
6.43671e-05
-5.00208e-06
7.01964e-05
-2.77423e-05
6.7467e-05
-7.67853e-05
3.20425e-05
-0.000104296
4.28897e-07
-0.000136313
-4.86419e-05
-5.22426e-05
-9.10017e-05
-4.59828e-05
-0.000174623
2.41202e-07
2.38207e-05
1.43672e-06
2.29328e-05
2.87843e-06
2.17112e-05
4.7291e-06
1.98343e-05
6.74423e-06
1.74547e-05
9.45958e-06
1.3574e-05
1.32218e-05
9.95275e-06
1.75143e-05
3.16957e-06
2.31202e-05
-7.8019e-06
3.23711e-05
-1.43825e-05
4.46233e-05
-1.42015e-05
5.57504e-05
-1.61292e-05
6.25531e-05
-3.45449e-05
6.16654e-05
-7.58977e-05
4.9594e-05
-9.2225e-05
4.04552e-05
-0.000127174
2.84453e-05
-4.02327e-05
1.63258e-05
-3.38631e-05
-0.000158297
-3.40592e-07
2.31807e-05
4.36433e-07
2.21558e-05
1.41914e-06
2.07284e-05
2.69198e-06
1.85615e-05
4.22597e-06
1.59208e-05
6.11008e-06
1.16899e-05
8.85281e-06
7.20995e-06
1.20263e-05
-3.99312e-09
1.41701e-05
-9.94573e-06
1.79067e-05
-1.81191e-05
2.60392e-05
-2.2334e-05
3.60449e-05
-2.61349e-05
4.43069e-05
-4.28069e-05
4.2802e-05
-7.43927e-05
5.31253e-05
-0.000102548
5.26549e-05
-0.000126703
5.94452e-05
-4.70229e-05
0.000107142
-8.15597e-05
-5.11553e-05
-5.90798e-07
2.28169e-05
-1.3046e-07
2.16954e-05
4.74738e-07
2.01232e-05
1.21223e-06
1.7824e-05
2.14618e-06
1.49869e-05
3.20192e-06
1.06341e-05
4.69166e-06
5.72014e-06
6.39815e-06
-1.71055e-06
7.2875e-06
-1.08351e-05
8.32209e-06
-1.91537e-05
1.23524e-05
-2.63643e-05
1.90689e-05
-3.28512e-05
2.57496e-05
-4.94876e-05
1.95825e-05
-6.82256e-05
2.61979e-05
-0.000109164
-2.58855e-05
-7.46197e-05
1.86995e-05
-9.16079e-05
0.00015166
-0.00021452
0.000100505
-2.9869e-07
-1.43151e-07
7.12842e-08
3.55594e-07
7.19298e-07
1.13842e-06
1.70251e-06
2.33942e-06
2.7043e-06
2.98372e-06
4.15898e-06
6.62602e-06
9.17014e-06
9.0976e-06
9.9618e-06
6.22312e-06
3.11676e-05
0.000100726
)
;

boundaryField
{
    leftWall
    {
        type            calculated;
        value           uniform 0;
    }
    rightWall
    {
        type            calculated;
        value           uniform 0;
    }
    lowerWall
    {
        type            calculated;
        value           uniform 0;
    }
    atmosphere
    {
        type            calculated;
        value           nonuniform List<scalar> 
46
(
1.82162e-05
1.70133e-05
1.73701e-05
1.71508e-05
1.73226e-05
1.73948e-05
1.75744e-05
1.77843e-05
1.80343e-05
1.83246e-05
1.86437e-05
1.89924e-05
1.93569e-05
1.97364e-05
2.01188e-05
2.0496e-05
2.08544e-05
2.11839e-05
2.1468e-05
2.16948e-05
2.18383e-05
2.18828e-05
2.18077e-05
1.02347e-05
1.01582e-05
1.00577e-05
9.92957e-06
2.27023e-05
2.15398e-05
1.99088e-05
1.75397e-05
1.46231e-05
1.0215e-05
5.15603e-06
-2.34748e-06
-1.12e-05
-1.94331e-05
-2.75395e-05
-3.53182e-05
-5.20317e-05
-6.8153e-05
-0.000110028
-7.0881e-05
-0.000116552
-0.000284079
0.000201231
)
;
    }
    defaultFaces
    {
        type            empty;
        value           nonuniform 0();
    }
}


// ************************************************************************* //
