/*--------------------------------*- C++ -*----------------------------------*\
| =========                 |                                                 |
| \\      /  F ield         | OpenFOAM: The Open Source CFD Toolbox           |
|  \\    /   O peration     | Version:  5.x                                   |
|   \\  /    A nd           | Web:      www.OpenFOAM.org                      |
|    \\/     M anipulation  |                                                 |
\*---------------------------------------------------------------------------*/
FoamFile
{
    version     2.0;
    format      ascii;
    class       surfaceScalarField;
    location    "0.45";
    object      phi;
}
// * * * * * * * * * * * * * * * * * * * * * * * * * * * * * * * * * * * * * //

dimensions      [0 3 -1 0 0 0 0];

internalField   nonuniform List<scalar> 
4432
(
-3.80971e-06
3.80971e-06
-4.28889e-06
4.79182e-07
-8.92417e-07
-3.39648e-06
4.64682e-06
-5.53924e-06
1.09172e-05
-6.27041e-06
1.67183e-05
-5.80111e-06
2.1424e-05
-4.70564e-06
2.49094e-05
-3.48543e-06
2.73128e-05
-2.40344e-06
2.88534e-05
-1.54054e-06
2.97306e-05
-8.77174e-07
3.00698e-05
-3.39248e-07
2.98516e-05
2.18233e-07
2.88838e-05
9.67776e-07
2.68388e-05
2.04498e-06
2.31739e-05
3.6649e-06
1.72306e-05
5.94329e-06
8.91501e-06
8.31563e-06
4.44856e-07
8.47015e-06
-6.3842e-06
6.82906e-06
-1.5606e-05
9.22181e-06
-1.54235e-05
-1.82494e-07
-1.54235e-05
-3.9608e-06
7.77051e-06
-3.98895e-06
5.07324e-07
-4.73489e-07
-6.91194e-06
5.04879e-06
-1.10615e-05
1.12647e-05
-1.24864e-05
1.6987e-05
-1.15234e-05
2.16102e-05
-9.32878e-06
2.50294e-05
-6.90467e-06
2.74035e-05
-4.77749e-06
2.89593e-05
-3.09641e-06
2.98961e-05
-1.81394e-06
3.03618e-05
-8.04932e-07
3.04953e-05
8.4697e-08
3.04459e-05
1.01718e-06
3.02283e-05
2.26262e-06
2.96702e-05
4.22297e-06
2.80643e-05
7.54925e-06
2.37232e-05
1.26567e-05
1.45672e-05
1.76261e-05
1.27057e-06
2.01257e-05
-8.79556e-06
1.92879e-05
-8.95027e-06
-2.77557e-08
-2.43738e-05
-3.52386e-06
1.12944e-05
-3.37259e-06
3.56058e-07
1.81915e-07
-1.04665e-05
5.64633e-06
-1.65259e-05
1.17017e-05
-1.85418e-05
1.72152e-05
-1.70368e-05
2.16162e-05
-1.37297e-05
2.48465e-05
-1.0135e-05
2.71034e-05
-7.03441e-06
2.86254e-05
-4.61835e-06
2.96009e-05
-2.78951e-06
3.0148e-05
-1.35195e-06
3.03175e-05
-8.47954e-08
3.0112e-05
1.22263e-06
2.9563e-05
2.81167e-06
2.88218e-05
4.9641e-06
2.82204e-05
8.15066e-06
2.75202e-05
1.33569e-05
2.43793e-05
2.0767e-05
1.61777e-05
2.83273e-05
6.54223e-06
2.89234e-05
1.33188e-06
5.18262e-06
-2.30419e-05
-2.88688e-06
1.41812e-05
-2.46192e-06
-6.89093e-08
1.01806e-06
-1.39464e-05
6.33966e-06
-2.18476e-05
1.21673e-05
-2.43694e-05
1.7421e-05
-2.22905e-05
2.15439e-05
-1.78527e-05
2.45395e-05
-1.31307e-05
2.66613e-05
-9.15614e-06
2.81619e-05
-6.11896e-06
2.92113e-05
-3.83893e-06
2.98982e-05
-2.03882e-06
3.02485e-05
-4.35157e-07
3.02382e-05
1.23298e-06
2.98371e-05
3.21275e-06
2.90591e-05
5.74209e-06
2.81257e-05
9.08404e-06
2.77373e-05
1.37454e-05
2.79067e-05
2.05976e-05
2.64704e-05
2.97637e-05
2.15234e-05
3.38704e-05
1.11583e-05
1.55477e-05
-1.18836e-05
-2.06833e-06
1.62496e-05
-1.21881e-06
-9.18437e-07
2.06011e-06
-1.72254e-05
7.01699e-06
-2.68044e-05
1.25387e-05
-2.98911e-05
1.75128e-05
-2.72647e-05
2.13507e-05
-2.16906e-05
2.41152e-05
-1.58951e-05
2.61205e-05
-1.11614e-05
2.7631e-05
-7.62946e-06
2.87922e-05
-5.00022e-06
2.96582e-05
-2.90473e-06
3.02232e-05
-1.00022e-06
3.04487e-05
1.0075e-06
3.03093e-05
3.35217e-06
2.98097e-05
6.24167e-06
2.90128e-05
9.8809e-06
2.82952e-05
1.4463e-05
2.86552e-05
2.02377e-05
3.00534e-05
2.83654e-05
2.86202e-05
3.53036e-05
1.79636e-05
2.62043e-05
6.07996e-06
-1.01322e-06
1.72628e-05
4.29944e-07
-2.36161e-06
3.45846e-06
-2.02539e-05
7.93873e-06
-3.12847e-05
1.3001e-05
-3.49533e-05
1.75655e-05
-3.18292e-05
2.10513e-05
-2.51764e-05
2.35839e-05
-1.84277e-05
2.55163e-05
-1.30938e-05
2.70969e-05
-9.21005e-06
2.8428e-05
-6.33123e-06
2.95195e-05
-3.99623e-06
3.03309e-05
-1.81168e-06
3.07948e-05
5.43611e-07
3.08864e-05
3.2606e-06
3.06352e-05
6.49286e-06
3.0133e-05
1.03831e-05
2.94866e-05
1.51094e-05
2.9216e-05
2.05083e-05
3.03974e-05
2.7184e-05
3.04556e-05
3.52455e-05
2.12839e-05
3.5376e-05
2.73638e-05
2.90019e-07
1.69728e-05
2.61196e-06
-4.68355e-06
5.887e-06
-2.35289e-05
9.95053e-06
-3.53482e-05
1.42262e-05
-3.9229e-05
1.80004e-05
-3.56034e-05
2.08991e-05
-2.80751e-05
2.31029e-05
-2.06314e-05
2.49425e-05
-1.49335e-05
2.66063e-05
-1.08739e-05
2.81317e-05
-7.8566e-06
2.94775e-05
-5.34207e-06
3.05661e-05
-2.90024e-06
3.13101e-05
-2.00415e-07
3.16393e-05
2.93136e-06
3.15915e-05
6.54071e-06
3.12787e-05
1.06959e-05
3.08299e-05
1.55582e-05
3.03131e-05
2.10251e-05
3.05078e-05
2.69893e-05
3.04978e-05
3.52555e-05
2.37437e-05
4.213e-05
5.11076e-05
2.287e-06
1.46858e-05
5.89149e-06
-8.28804e-06
1.01355e-05
-2.77729e-05
1.38017e-05
-3.90144e-05
1.67528e-05
-4.21802e-05
1.92189e-05
-3.80695e-05
2.12892e-05
-3.01454e-05
2.30968e-05
-2.2439e-05
2.48105e-05
-1.66472e-05
2.65009e-05
-1.25642e-05
2.81343e-05
-9.48998e-06
2.96348e-05
-6.84262e-06
3.09081e-05
-4.17346e-06
3.18497e-05
-1.1421e-06
3.24178e-05
2.36329e-06
3.26318e-05
6.32671e-06
3.25329e-05
1.07948e-05
3.22464e-05
1.58447e-05
3.18265e-05
2.14449e-05
3.14707e-05
2.73452e-05
3.08719e-05
3.58542e-05
2.52932e-05
4.77087e-05
7.64008e-05
3.22578e-05
-3.22578e-05
0.000116578
-8.43199e-05
0.00015058
-3.4002e-05
0.000121011
2.9569e-05
7.29243e-05
4.8087e-05
4.47295e-05
2.81947e-05
3.15459e-05
1.31837e-05
2.0636e-05
1.09097e-05
9.291e-06
1.1345e-05
-2.15068e-06
1.14417e-05
-1.34643e-05
1.13136e-05
-2.5182e-05
1.17177e-05
-3.75593e-05
1.23774e-05
-5.06613e-05
1.31021e-05
-6.25449e-05
1.18837e-05
-6.65343e-05
3.98949e-06
-5.46034e-05
-1.19312e-05
-2.62172e-05
-2.83865e-05
-2.62174e-05
3.53654e-05
-6.76231e-05
0.000111202
-0.000160157
0.000154934
-7.77331e-05
0.000145586
3.89171e-05
0.000105829
8.78433e-05
6.76822e-05
6.63416e-05
4.05002e-05
4.03658e-05
2.18392e-05
2.95706e-05
7.82326e-06
2.53606e-05
-3.98264e-06
2.32476e-05
-1.51033e-05
2.24345e-05
-2.66698e-05
2.32844e-05
-3.90821e-05
2.47899e-05
-5.2323e-05
2.63431e-05
-6.44252e-05
2.39857e-05
-6.90713e-05
8.63543e-06
-5.7097e-05
-2.39056e-05
-2.72101e-05
-5.82736e-05
-5.34277e-05
3.70646e-05
-0.000104688
9.09001e-05
-0.000213992
0.00013084
-0.000117673
0.000132903
3.68539e-05
0.000100178
0.000120569
6.40679e-05
0.000102451
3.6514e-05
6.79197e-05
1.88092e-05
4.72755e-05
6.4976e-06
3.7672e-05
-3.97706e-06
3.37222e-05
-1.43366e-05
3.27943e-05
-2.56311e-05
3.45792e-05
-3.81202e-05
3.72792e-05
-5.22014e-05
4.04242e-05
-6.67415e-05
3.85253e-05
-7.43287e-05
1.62223e-05
-6.2648e-05
-3.55864e-05
-2.93471e-05
-9.15747e-05
-8.27749e-05
3.65459e-05
-0.000141233
5.51589e-05
-0.000232605
8.54989e-05
-0.000148013
9.8604e-05
2.37489e-05
8.15471e-05
0.000137626
5.32165e-05
0.000130782
3.06925e-05
9.04434e-05
1.66634e-05
6.13047e-05
6.07168e-06
4.82637e-05
-3.85499e-06
4.36488e-05
-1.40069e-05
4.2946e-05
-2.53066e-05
4.58789e-05
-3.79885e-05
4.99613e-05
-5.3003e-05
5.54389e-05
-7.04727e-05
5.59951e-05
-8.24718e-05
2.82208e-05
-7.14331e-05
-4.66253e-05
-3.26642e-05
-0.000130344
-0.000115439
3.14087e-05
-0.000172642
3.01736e-05
-0.00023137
5.46398e-05
-0.000172479
6.44627e-05
1.39259e-05
5.82767e-05
0.000143812
3.99447e-05
0.000149114
2.50408e-05
0.000105347
1.47499e-05
7.15955e-05
5.4533e-06
5.75605e-05
-3.95473e-06
5.30571e-05
-1.371e-05
5.27014e-05
-2.48292e-05
5.69982e-05
-3.75382e-05
6.26701e-05
-5.35355e-05
7.1436e-05
-7.49204e-05
7.73803e-05
-9.35823e-05
4.68826e-05
-8.35151e-05
-5.66929e-05
-3.71072e-05
-0.000176752
-0.000152547
1.41304e-05
-0.000186772
-4.92938e-06
-0.00021231
1.35233e-05
-0.000190932
2.84226e-05
-9.73434e-07
3.20617e-05
0.000140173
2.63362e-05
0.000154839
1.97178e-05
0.000111966
1.26945e-05
7.86186e-05
4.5279e-06
6.57271e-05
-4.16397e-06
6.17492e-05
-1.32604e-05
6.17979e-05
-2.40005e-05
6.77384e-05
-3.65455e-05
7.52149e-05
-5.34451e-05
8.83351e-05
-7.95138e-05
0.000103449
-0.000106745
7.41137e-05
-9.66655e-05
-6.67722e-05
-4.11817e-05
-0.000232235
-0.000193728
-2.35563e-05
-0.000163216
-4.28013e-05
-0.000193065
-2.98467e-05
-0.000203886
-4.09042e-06
-2.67294e-05
8.83235e-06
0.00012725
1.45088e-05
0.000149163
1.47126e-05
0.000111762
1.02419e-05
8.30892e-05
3.4186e-06
7.25503e-05
-4.21292e-06
6.93808e-05
-1.24563e-05
7.00414e-05
-2.27461e-05
7.80287e-05
-3.47711e-05
8.72403e-05
-5.21614e-05
0.000105725
-8.29772e-05
0.000134265
-0.000117989
0.000109126
-0.000104721
-8.00409e-05
-4.17212e-05
-0.000295235
-0.00023545
-3.08297e-05
-0.000132386
-4.9647e-05
-0.000174248
-5.06829e-05
-0.000202851
-2.96061e-05
-4.78064e-05
-8.08777e-06
0.000105732
5.89942e-06
0.000135175
1.07216e-05
0.00010694
8.30826e-06
8.55027e-05
2.75244e-06
7.81062e-05
-3.92855e-06
7.6062e-05
-1.1205e-05
7.73177e-05
-2.06794e-05
8.75031e-05
-3.15477e-05
9.81092e-05
-4.85485e-05
0.000122726
-8.28317e-05
0.000168548
-0.000120331
0.000146625
-0.000102392
-9.79799e-05
-4.03724e-05
-0.000357254
-0.000275822
1.25208e-05
2.16499e-06
2.817e-05
-2.39372e-05
4.09571e-05
-4.056e-05
4.53888e-05
-4.34462e-05
4.53309e-05
-4.21223e-05
4.54414e-05
-3.818e-05
4.73896e-05
-3.20936e-05
5.0776e-05
-2.58254e-05
5.48571e-05
-2.07283e-05
5.909e-05
-1.67972e-05
6.30524e-05
-1.34523e-05
6.64625e-05
-1.02528e-05
6.91659e-05
-6.87683e-06
7.10047e-05
-2.98095e-06
7.18042e-05
1.56387e-06
7.23863e-05
5.74455e-06
7.26173e-05
1.05638e-05
7.26004e-05
1.58615e-05
7.2718e-05
2.13274e-05
7.3114e-05
2.69491e-05
7.49321e-05
3.40361e-05
8.14937e-05
4.11471e-05
5.56935e-05
0.000102201
2.36123e-05
-2.14473e-05
5.14504e-05
-5.17753e-05
6.63274e-05
-5.5437e-05
6.13723e-05
-3.8491e-05
5.10764e-05
-3.18265e-05
4.51514e-05
-3.2255e-05
4.50563e-05
-3.19986e-05
4.9125e-05
-2.9894e-05
5.52944e-05
-2.68977e-05
6.20658e-05
-2.35687e-05
6.83149e-05
-1.97014e-05
7.31921e-05
-1.513e-05
7.628e-05
-9.96476e-06
7.79291e-05
-4.63004e-06
7.9074e-05
4.19022e-07
7.86924e-05
6.12609e-06
7.82356e-05
1.10206e-05
7.77857e-05
1.63115e-05
7.85587e-05
2.05544e-05
8.1134e-05
2.43739e-05
8.63373e-05
2.88328e-05
9.5556e-05
3.19284e-05
3.72942e-05
0.000113955
3.3607e-05
-5.50543e-05
6.23245e-05
-8.04929e-05
6.22978e-05
-5.54103e-05
4.00824e-05
-1.62756e-05
2.44128e-05
-1.61569e-05
1.83322e-05
-2.61744e-05
1.64201e-05
-3.00865e-05
1.89735e-05
-3.24474e-05
2.52283e-05
-3.31524e-05
3.37246e-05
-3.2065e-05
4.34289e-05
-2.94056e-05
5.35135e-05
-2.52145e-05
6.36979e-05
-2.01492e-05
7.50018e-05
-1.59339e-05
8.2884e-05
-7.46313e-06
8.62342e-05
2.77583e-06
8.44406e-05
1.28142e-05
8.04727e-05
2.02794e-05
7.97264e-05
2.13007e-05
8.20474e-05
2.20529e-05
8.63987e-05
2.44814e-05
9.21915e-05
2.61356e-05
2.72469e-05
0.000102239
2.53976e-05
-8.04519e-05
1.21663e-05
-6.72615e-05
-4.67906e-06
-3.85648e-05
-1.50548e-05
-5.8997e-06
-1.82698e-05
-1.29417e-05
-2.37473e-05
-2.06968e-05
-3.33746e-05
-2.0459e-05
-4.37432e-05
-2.20789e-05
-5.52004e-05
-2.16953e-05
-6.71246e-05
-2.0141e-05
-8.02296e-05
-1.63007e-05
-9.17351e-05
-1.37091e-05
-8.50196e-05
-2.68647e-05
-4.35536e-05
-5.73999e-05
2.35226e-05
-7.45394e-05
5.7521e-05
-3.12226e-05
7.12334e-05
-8.98181e-07
7.88564e-05
1.26564e-05
8.68378e-05
1.33193e-05
9.00082e-05
1.88825e-05
9.1069e-05
2.34207e-05
9.36028e-05
2.36018e-05
2.35622e-05
9.72876e-05
-1.9406e-05
-6.10459e-05
-3.18343e-05
-5.4833e-05
-3.95433e-05
-3.08555e-05
-2.39691e-05
-2.14737e-05
-1.57997e-05
-2.1111e-05
-1.62319e-05
-2.02645e-05
-1.83694e-05
-1.83218e-05
-2.2469e-05
-1.79796e-05
-2.63239e-05
-1.78408e-05
-2.80065e-05
-1.84588e-05
-2.98488e-05
-1.44587e-05
-3.9573e-05
-3.98514e-06
-6.2898e-05
-3.53987e-06
-9.01266e-05
-3.01714e-05
-0.000103712
-6.09544e-05
-7.34015e-05
-6.15327e-05
-4.20236e-05
-3.2276e-05
1.27469e-05
-4.21141e-05
5.74639e-05
-3.13978e-05
7.53365e-05
1.00987e-06
8.6472e-05
1.22851e-05
9.60725e-05
1.40012e-05
1.88549e-05
0.00010078
-2.57111e-05
-3.53346e-05
-2.87196e-05
-5.18243e-05
-2.30335e-05
-3.65413e-05
-1.8251e-05
-2.62559e-05
-1.70462e-05
-2.23157e-05
-1.73275e-05
-1.99832e-05
-1.82631e-05
-1.73862e-05
-2.01919e-05
-1.60509e-05
-2.09658e-05
-1.70672e-05
-1.97409e-05
-1.96839e-05
-1.61403e-05
-1.80595e-05
-1.38995e-05
-6.22614e-06
-2.37489e-05
6.30934e-06
-4.00089e-05
-1.39116e-05
-3.89926e-05
-6.19709e-05
-2.6243e-05
-7.42824e-05
-5.53048e-06
-5.29886e-05
6.97941e-06
-5.4624e-05
1.85574e-05
-4.29757e-05
3.03775e-05
-1.08102e-05
2.58809e-05
1.67818e-05
6.61753e-05
-2.62931e-05
-1.24944e-06
8.62797e-05
-1.15881e-05
-2.37464e-05
-1.51316e-05
-4.82807e-05
-1.68906e-05
-3.47822e-05
-1.62934e-05
-2.6853e-05
-1.58324e-05
-2.27767e-05
-1.56335e-05
-2.01821e-05
-1.56525e-05
-1.73674e-05
-1.59581e-05
-1.57455e-05
-1.63062e-05
-1.67193e-05
-1.64354e-05
-1.9555e-05
-1.45581e-05
-1.9937e-05
-8.39133e-06
-1.23931e-05
-5.57183e-07
-1.525e-06
-1.39529e-06
-1.30737e-05
-7.51323e-06
-5.58531e-05
-1.18635e-05
-6.99322e-05
-3.64286e-06
-6.12092e-05
7.57056e-06
-6.58373e-05
2.6523e-05
-6.19281e-05
6.72162e-05
-5.15032e-05
0.000106163
-2.21653e-05
0.000100163
-2.02931e-05
1.66735e-05
8.22403e-05
-6.77091e-06
-1.69754e-05
-1.09598e-05
-4.40918e-05
-1.27313e-05
-3.30106e-05
-1.29174e-05
-2.66667e-05
-1.2387e-05
-2.3307e-05
-1.17681e-05
-2.0801e-05
-1.11123e-05
-1.80233e-05
-1.08193e-05
-1.60387e-05
-1.12764e-05
-1.62625e-05
-1.227e-05
-1.85616e-05
-1.16398e-05
-2.05675e-05
-4.76803e-06
-1.92652e-05
8.21371e-06
-1.4507e-05
1.65058e-05
-2.13659e-05
8.9633e-06
-4.83107e-05
-1.79861e-07
-6.0789e-05
-2.25177e-07
-6.11638e-05
6.1156e-06
-7.2178e-05
2.08656e-05
-7.6678e-05
4.65734e-05
-7.7211e-05
8.93952e-05
-6.49871e-05
0.000109954
-4.08516e-05
8.49067e-06
0.000118137
-5.02937e-06
-1.19459e-05
-8.17647e-06
-4.09446e-05
-9.31377e-06
-3.18733e-05
-9.79622e-06
-2.61842e-05
-9.56715e-06
-2.35359e-05
-8.93719e-06
-2.14309e-05
-7.88923e-06
-1.90713e-05
-6.81525e-06
-1.71127e-05
-6.33206e-06
-1.67458e-05
-6.58321e-06
-1.83107e-05
-6.38546e-06
-2.07656e-05
-2.54933e-06
-2.31016e-05
8.00645e-06
-2.5063e-05
1.69449e-05
-3.03045e-05
1.37725e-05
-4.51383e-05
8.3056e-06
-5.5322e-05
7.86311e-06
-6.07211e-05
7.20557e-06
-7.15203e-05
1.37338e-05
-8.32061e-05
2.29783e-05
-8.64556e-05
4.07589e-05
-8.27678e-05
6.56635e-05
-6.57562e-05
-2.14835e-05
9.56376e-05
-3.11577e-06
-8.83014e-06
-5.64037e-06
-3.842e-05
-6.89675e-06
-3.06169e-05
-7.43765e-06
-2.56432e-05
-7.38461e-06
-2.35889e-05
-6.79816e-06
-2.20173e-05
-5.56211e-06
-2.03074e-05
-3.87128e-06
-1.88037e-05
-2.29186e-06
-1.83254e-05
-1.17112e-06
-1.94317e-05
-7.82436e-08
-2.18587e-05
2.07346e-06
-2.52535e-05
6.64414e-06
-2.96338e-05
1.12867e-05
-3.49471e-05
1.06074e-05
-4.44588e-05
7.6858e-06
-5.24003e-05
5.87128e-06
-5.89065e-05
2.63613e-06
-6.8285e-05
-3.93961e-07
-8.0176e-05
-1.55199e-06
-8.52976e-05
-1.09535e-06
-8.32246e-05
6.14738e-06
-7.29989e-05
-4.42953e-05
2.89593e-05
-1.84131e-06
-6.98884e-06
-3.89537e-06
-3.6366e-05
-5.11329e-06
-2.93989e-05
-5.67289e-06
-2.50836e-05
-5.70957e-06
-2.35521e-05
-5.23871e-06
-2.24881e-05
-4.13235e-06
-2.14137e-05
-2.42034e-06
-2.05158e-05
-4.59803e-07
-2.02862e-05
1.32896e-06
-2.12207e-05
2.89519e-06
-2.34251e-05
4.37822e-06
-2.67366e-05
5.77233e-06
-3.10279e-05
6.98762e-06
-3.61623e-05
5.38178e-06
-4.28529e-05
2.00921e-06
-4.90275e-05
-2.05139e-06
-5.48457e-05
-7.7318e-06
-6.26046e-05
-1.50608e-05
-7.28471e-05
-2.08006e-05
-7.9558e-05
-2.46109e-05
-7.94145e-05
-2.86198e-05
-6.89901e-05
-4.63715e-05
-2.65438e-05
-1.09512e-06
-5.89374e-06
-2.76048e-06
-3.47007e-05
-3.84742e-06
-2.83119e-05
-4.40961e-06
-2.45213e-05
-4.54883e-06
-2.34128e-05
-4.27721e-06
-2.27597e-05
-3.51435e-06
-2.21765e-05
-2.22651e-06
-2.18037e-05
-6.00497e-07
-2.19123e-05
1.01195e-06
-2.28332e-05
2.3133e-06
-2.47265e-05
3.11113e-06
-2.75344e-05
3.22371e-06
-3.11404e-05
2.4188e-06
-3.53572e-05
-1.36134e-07
-4.02978e-05
-4.0057e-06
-4.51579e-05
-9.14496e-06
-4.97064e-05
-1.63526e-05
-5.53971e-05
-2.59947e-05
-6.32052e-05
-3.48324e-05
-7.07204e-05
-4.02092e-05
-7.40377e-05
-4.17394e-05
-6.746e-05
-4.9765e-05
-3.83458e-05
-6.53144e-07
-5.24064e-06
-2.02675e-06
-3.33272e-05
-3.00939e-06
-2.73293e-05
-3.57008e-06
-2.39605e-05
-3.80446e-06
-2.31783e-05
-3.73928e-06
-2.28248e-05
-3.35154e-06
-2.25643e-05
-2.62771e-06
-2.25276e-05
-1.65929e-06
-2.28808e-05
-6.91207e-07
-2.38013e-05
-1.74761e-08
-2.54002e-05
1.20468e-07
-2.76722e-05
-4.96316e-07
-3.05234e-05
-2.0137e-06
-3.38396e-05
-4.7109e-06
-3.76004e-05
-8.43062e-06
-4.14381e-05
-1.30642e-05
-4.50729e-05
-1.95556e-05
-4.89058e-05
-2.94078e-05
-5.33532e-05
-4.20192e-05
-5.81092e-05
-5.51002e-05
-6.09568e-05
-6.4646e-05
-5.79142e-05
-4.77164e-05
-6.66947e-05
-4.32325e-07
-4.80837e-06
-1.57789e-06
-3.21817e-05
-2.46817e-06
-2.64391e-05
-3.03888e-06
-2.33898e-05
-3.36221e-06
-2.2855e-05
-3.47835e-06
-2.27088e-05
-3.40009e-06
-2.26426e-05
-3.14874e-06
-2.2779e-05
-2.79288e-06
-2.32366e-05
-2.49226e-06
-2.41019e-05
-2.45025e-06
-2.5442e-05
-2.86469e-06
-2.72576e-05
-3.88403e-06
-2.95039e-05
-5.61712e-06
-3.21064e-05
-8.24757e-06
-3.49699e-05
-1.17548e-05
-3.79309e-05
-1.59726e-05
-4.08553e-05
-2.1146e-05
-4.37325e-05
-2.82281e-05
-4.62712e-05
-3.83289e-05
-4.80086e-05
-5.12177e-05
-4.8068e-05
-6.3983e-05
-4.51489e-05
-3.86757e-05
-7.30236e-05
-3.39323e-07
-4.46911e-06
-1.32045e-06
-3.12006e-05
-2.14403e-06
-2.56155e-05
-2.72662e-06
-2.28073e-05
-3.13343e-06
-2.24483e-05
-3.40104e-06
-2.24412e-05
-3.55543e-06
-2.24883e-05
-3.63685e-06
-2.26976e-05
-3.71299e-06
-2.31604e-05
-3.88502e-06
-2.39297e-05
-4.29115e-06
-2.50356e-05
-5.06823e-06
-2.64803e-05
-6.34218e-06
-2.82297e-05
-8.22916e-06
-3.02193e-05
-1.08457e-05
-3.23534e-05
-1.42794e-05
-3.44974e-05
-1.86094e-05
-3.65254e-05
-2.39843e-05
-3.83578e-05
-3.04688e-05
-3.97867e-05
-3.8088e-05
-4.03893e-05
-4.67179e-05
-3.94382e-05
-5.55901e-05
-3.62767e-05
-3.0985e-05
-6.32808e-05
-3.12235e-07
-4.15698e-06
-1.18611e-06
-3.03269e-05
-1.96877e-06
-2.48329e-05
-2.56673e-06
-2.22094e-05
-3.04555e-06
-2.19696e-05
-3.43903e-06
-2.20479e-05
-3.77165e-06
-2.21557e-05
-4.08421e-06
-2.2385e-05
-4.43834e-06
-2.28061e-05
-4.91427e-06
-2.34535e-05
-5.60847e-06
-2.43412e-05
-6.62336e-06
-2.54652e-05
-8.05982e-06
-2.67932e-05
-1.00081e-05
-2.8271e-05
-1.25551e-05
-2.98064e-05
-1.57625e-05
-3.129e-05
-1.96916e-05
-3.25964e-05
-2.44426e-05
-3.36069e-05
-3.0073e-05
-3.41562e-05
-3.64691e-05
-3.39932e-05
-4.32258e-05
-3.26814e-05
-4.96871e-05
-2.98153e-05
-2.54447e-05
-5.52274e-05
-3.15714e-07
-3.84129e-06
-1.12603e-06
-2.95166e-05
-1.88658e-06
-2.40724e-05
-2.50261e-06
-2.15935e-05
-3.0417e-06
-2.14306e-05
-3.53767e-06
-2.1552e-05
-4.01127e-06
-2.16821e-05
-4.49626e-06
-2.18999e-05
-5.04434e-06
-2.22578e-05
-5.72133e-06
-2.27762e-05
-6.60147e-06
-2.34608e-05
-7.76393e-06
-2.43025e-05
-9.29276e-06
-2.52643e-05
-1.12508e-05
-2.6313e-05
-1.37035e-05
-2.73538e-05
-1.66968e-05
-2.82967e-05
-2.0258e-05
-2.90353e-05
-2.44108e-05
-2.9454e-05
-2.91436e-05
-2.94233e-05
-3.436e-05
-2.87768e-05
-3.9792e-05
-2.72493e-05
-4.5008e-05
-2.45993e-05
-2.09303e-05
-4.95224e-05
-3.28493e-07
-3.51283e-06
-1.10768e-06
-2.87375e-05
-1.86057e-06
-2.33196e-05
-2.49382e-06
-2.09603e-05
-3.0808e-06
-2.08437e-05
-3.6559e-06
-2.09769e-05
-4.23695e-06
-2.1101e-05
-4.85193e-06
-2.12847e-05
-5.5411e-06
-2.15683e-05
-6.35662e-06
-2.19604e-05
-7.35874e-06
-2.24584e-05
-8.60999e-06
-2.30512e-05
-1.0159e-05
-2.37152e-05
-1.20782e-05
-2.43938e-05
-1.43999e-05
-2.50321e-05
-1.71529e-05
-2.55437e-05
-2.03516e-05
-2.58366e-05
-2.39857e-05
-2.58197e-05
-2.80129e-05
-2.53961e-05
-3.23236e-05
-2.44661e-05
-3.67097e-05
-2.28631e-05
-4.08926e-05
-2.04163e-05
-1.7225e-05
-4.45978e-05
-3.40742e-07
-3.17211e-06
-1.11066e-06
-2.79675e-05
-1.86263e-06
-2.25677e-05
-2.51036e-06
-2.03126e-05
-3.13339e-06
-2.02207e-05
-3.76604e-06
-2.03442e-05
-4.4245e-06
-2.04424e-05
-5.1295e-06
-2.05794e-05
-5.91565e-06
-2.07819e-05
-6.82224e-06
-2.10535e-05
-7.88968e-06
-2.13908e-05
-9.16875e-06
-2.1772e-05
-1.07126e-05
-2.21714e-05
-1.25448e-05
-2.25615e-05
-1.47048e-05
-2.28721e-05
-1.72079e-05
-2.30406e-05
-2.00389e-05
-2.30055e-05
-2.31892e-05
-2.26693e-05
-2.6608e-05
-2.19771e-05
-3.0205e-05
-2.0869e-05
-3.38203e-05
-1.92479e-05
-3.72634e-05
-1.69731e-05
-1.41305e-05
-4.03579e-05
-3.42777e-07
-2.82932e-06
-1.119e-06
-2.71913e-05
-1.87399e-06
-2.18127e-05
-2.53185e-06
-1.96548e-05
-3.17917e-06
-1.95733e-05
-3.8498e-06
-1.96734e-05
-4.55576e-06
-1.97362e-05
-5.31652e-06
-1.98184e-05
-6.15712e-06
-1.9941e-05
-7.10934e-06
-2.01011e-05
-8.20904e-06
-2.0291e-05
-9.48894e-06
-2.0492e-05
-1.09729e-05
-2.06874e-05
-1.27028e-05
-2.08316e-05
-1.46901e-05
-2.08848e-05
-1.69395e-05
-2.07911e-05
-1.94493e-05
-2.04956e-05
-2.21881e-05
-1.99305e-05
-2.5108e-05
-1.90572e-05
-2.81313e-05
-1.78456e-05
-3.11523e-05
-1.62268e-05
-3.40296e-05
-1.40957e-05
-1.1514e-05
-3.6646e-05
-3.33568e-07
-2.49573e-06
-1.12467e-06
-2.64002e-05
-1.88368e-06
-2.10537e-05
-2.54583e-06
-1.89926e-05
-3.20742e-06
-1.89116e-05
-3.89911e-06
-1.89815e-05
-4.63204e-06
-1.90029e-05
-5.42174e-06
-1.90284e-05
-6.2891e-06
-1.90734e-05
-7.25416e-06
-1.91359e-05
-8.34437e-06
-1.92007e-05
-9.58486e-06
-1.92515e-05
-1.10034e-05
-1.92688e-05
-1.26157e-05
-1.92193e-05
-1.44317e-05
-1.90688e-05
-1.64479e-05
-1.87749e-05
-1.86587e-05
-1.82848e-05
-2.10321e-05
-1.75571e-05
-2.35343e-05
-1.6555e-05
-2.61056e-05
-1.52744e-05
-2.86573e-05
-1.36751e-05
-3.1091e-05
-1.1662e-05
-9.2776e-06
-3.33274e-05
-3.13084e-07
-2.18261e-06
-1.12291e-06
-2.55903e-05
-1.88051e-06
-2.0296e-05
-2.54088e-06
-1.83321e-05
-3.20529e-06
-1.8247e-05
-3.90501e-06
-1.82815e-05
-4.64657e-06
-1.82611e-05
-5.44194e-06
-1.82328e-05
-6.30689e-06
-1.82082e-05
-7.26141e-06
-1.81812e-05
-8.32377e-06
-1.81382e-05
-9.51159e-06
-1.80636e-05
-1.08434e-05
-1.7937e-05
-1.23312e-05
-1.77315e-05
-1.39808e-05
-1.74193e-05
-1.57837e-05
-1.6972e-05
-1.77288e-05
-1.63397e-05
-1.97951e-05
-1.54909e-05
-2.19407e-05
-1.44095e-05
-2.41327e-05
-1.30823e-05
-2.6307e-05
-1.15008e-05
-2.83878e-05
-9.5811e-06
-7.34445e-06
-3.0321e-05
-2.86506e-07
-1.89609e-06
-1.10946e-06
-2.47673e-05
-1.85997e-06
-1.95454e-05
-2.51199e-06
-1.76799e-05
-3.17176e-06
-1.75871e-05
-3.86728e-06
-1.75858e-05
-4.60321e-06
-1.75249e-05
-5.38861e-06
-1.74472e-05
-6.23612e-06
-1.73606e-05
-7.16021e-06
-1.7257e-05
-8.17508e-06
-1.71232e-05
-9.29398e-06
-1.69447e-05
-1.05293e-05
-1.67017e-05
-1.1888e-05
-1.6373e-05
-1.33692e-05
-1.59382e-05
-1.4972e-05
-1.53692e-05
-1.668e-05
-1.46319e-05
-1.84715e-05
-1.36995e-05
-2.03256e-05
-1.25554e-05
-2.22091e-05
-1.11988e-05
-2.4074e-05
-9.63595e-06
-2.58654e-05
-7.78987e-06
-5.65787e-06
-2.75522e-05
-2.53907e-07
-1.64217e-06
-1.07772e-06
-2.39434e-05
-1.81415e-06
-1.88089e-05
-2.45225e-06
-1.70417e-05
-3.09981e-06
-1.69394e-05
-3.78181e-06
-1.69036e-05
-4.50111e-06
-1.68055e-05
-5.26486e-06
-1.66833e-05
-6.08325e-06
-1.65421e-05
-6.96706e-06
-1.63731e-05
-7.92489e-06
-1.61653e-05
-8.96541e-06
-1.59041e-05
-1.00965e-05
-1.55707e-05
-1.13232e-05
-1.51463e-05
-1.26466e-05
-1.4615e-05
-1.40625e-05
-1.39535e-05
-1.55572e-05
-1.31374e-05
-1.71133e-05
-1.21435e-05
-1.87161e-05
-1.09527e-05
-2.03282e-05
-9.58681e-06
-2.19314e-05
-8.03276e-06
-2.34787e-05
-6.2427e-06
-4.1804e-06
-2.49564e-05
-2.16271e-07
-1.42588e-06
-1.02504e-06
-2.31346e-05
-1.73602e-06
-1.80979e-05
-2.35599e-06
-1.64216e-05
-2.98472e-06
-1.63106e-05
-3.64506e-06
-1.62432e-05
-4.33839e-06
-1.61121e-05
-5.07001e-06
-1.59516e-05
-5.84735e-06
-1.57647e-05
-6.67789e-06
-1.55424e-05
-7.56939e-06
-1.52738e-05
-8.5288e-06
-1.49448e-05
-9.56125e-06
-1.45383e-05
-1.06621e-05
-1.40456e-05
-1.18372e-05
-1.344e-05
-1.30808e-05
-1.27099e-05
-1.4383e-05
-1.18353e-05
-1.57309e-05
-1.07956e-05
-1.70978e-05
-9.58587e-06
-1.84837e-05
-8.20091e-06
-1.98585e-05
-6.6581e-06
-2.11927e-05
-4.90852e-06
-2.89256e-06
-2.24806e-05
-1.69754e-07
-1.25609e-06
-9.46567e-07
-2.23578e-05
-1.62528e-06
-1.74191e-05
-2.22139e-06
-1.58255e-05
-2.82512e-06
-1.57069e-05
-3.45682e-06
-1.56115e-05
-4.1172e-06
-1.54517e-05
-4.81027e-06
-1.52584e-05
-5.54143e-06
-1.50334e-05
-6.31585e-06
-1.4768e-05
-7.13855e-06
-1.44511e-05
-8.01333e-06
-1.40702e-05
-8.94164e-06
-1.36102e-05
-9.92571e-06
-1.30617e-05
-1.09617e-05
-1.24042e-05
-1.20468e-05
-1.1625e-05
-1.31721e-05
-1.07102e-05
-1.43223e-05
-9.64566e-06
-1.54959e-05
-8.4124e-06
-1.667e-05
-7.02694e-06
-1.78478e-05
-5.48037e-06
-1.89855e-05
-3.77083e-06
-1.78381e-06
-2.00943e-05
-1.0961e-07
-1.14645e-06
-8.43258e-07
-2.16241e-05
-1.48386e-06
-1.67785e-05
-2.0509e-06
-1.52585e-05
-2.623e-06
-1.51348e-05
-3.21899e-06
-1.50156e-05
-3.83933e-06
-1.48313e-05
-4.48711e-06
-1.46106e-05
-5.16617e-06
-1.43543e-05
-5.88003e-06
-1.40541e-05
-6.63197e-06
-1.36993e-05
-7.42485e-06
-1.32774e-05
-8.25245e-06
-1.27827e-05
-9.12156e-06
-1.21927e-05
-1.00271e-05
-1.14988e-05
-1.0965e-05
-1.06872e-05
-1.19259e-05
-9.74945e-06
-1.29102e-05
-8.66151e-06
-1.38933e-05
-7.42947e-06
-1.48886e-05
-6.03169e-06
-1.58706e-05
-4.49843e-06
-1.68342e-05
-2.80727e-06
-8.40748e-07
-1.77773e-05
-3.01867e-08
-1.11625e-06
-7.18016e-07
-2.09363e-05
-1.32113e-06
-1.61754e-05
-1.85252e-06
-1.47272e-05
-2.38563e-06
-1.46018e-05
-2.9387e-06
-1.44626e-05
-3.51154e-06
-1.42585e-05
-4.10652e-06
-1.40156e-05
-4.72632e-06
-1.37345e-05
-5.37318e-06
-1.34073e-05
-6.0493e-06
-1.30233e-05
-6.75203e-06
-1.25748e-05
-7.48435e-06
-1.20504e-05
-8.24246e-06
-1.14346e-05
-9.02279e-06
-1.07185e-05
-9.81907e-06
-9.89106e-06
-1.06297e-05
-8.93891e-06
-1.1443e-05
-7.84837e-06
-1.226e-05
-6.61247e-06
-1.30777e-05
-5.21393e-06
-1.38837e-05
-3.69236e-06
-1.46799e-05
-2.01104e-06
-7.5919e-08
-1.54447e-05
7.48876e-08
-1.19112e-06
-5.8026e-07
-2.02812e-05
-1.14471e-06
-1.5611e-05
-1.63724e-06
-1.42347e-05
-2.12539e-06
-1.41137e-05
-2.62864e-06
-1.39593e-05
-3.14656e-06
-1.37405e-05
-3.6812e-06
-1.3481e-05
-4.23417e-06
-1.31817e-05
-4.80711e-06
-1.28345e-05
-5.39744e-06
-1.24331e-05
-6.00787e-06
-1.19644e-05
-6.63724e-06
-1.1421e-05
-7.27974e-06
-1.07921e-05
-7.93279e-06
-1.00655e-05
-8.59138e-06
-9.23265e-06
-9.25329e-06
-8.27718e-06
-9.90064e-06
-7.2011e-06
-1.05428e-05
-5.97028e-06
-1.11689e-05
-4.58766e-06
-1.17976e-05
-3.0635e-06
-1.24116e-05
-1.39701e-06
5.08364e-07
-1.29957e-05
1.94821e-07
-1.38595e-06
-4.40724e-07
-1.96457e-05
-9.72173e-07
-1.50797e-05
-1.42022e-06
-1.37867e-05
-1.85894e-06
-1.36749e-05
-2.31027e-06
-1.35078e-05
-2.76896e-06
-1.32817e-05
-3.23547e-06
-1.30145e-05
-3.71302e-06
-1.27042e-05
-4.2022e-06
-1.23454e-05
-4.70326e-06
-1.1932e-05
-5.21227e-06
-1.14553e-05
-5.72922e-06
-1.09039e-05
-6.24918e-06
-1.0272e-05
-6.76746e-06
-9.5473e-06
-7.27799e-06
-8.7223e-06
-7.77415e-06
-7.78115e-06
-8.25341e-06
-6.72188e-06
-8.70643e-06
-5.51722e-06
-9.13247e-06
-4.16158e-06
-9.54304e-06
-2.65293e-06
-9.9247e-06
-1.01539e-06
8.53174e-07
-1.02695e-05
3.29323e-07
-1.71532e-06
-3.09826e-07
-1.90067e-05
-8.13227e-07
-1.45764e-05
-1.21755e-06
-1.33824e-05
-1.60767e-06
-1.32847e-05
-2.00307e-06
-1.31123e-05
-2.40152e-06
-1.28832e-05
-2.80304e-06
-1.2613e-05
-3.20676e-06
-1.23005e-05
-3.61168e-06
-1.19405e-05
-4.01839e-06
-1.15251e-05
-4.42583e-06
-1.10475e-05
-4.82608e-06
-1.05034e-05
-5.22137e-06
-9.87669e-06
-5.59722e-06
-9.17153e-06
-5.95647e-06
-8.36314e-06
-6.2781e-06
-7.45952e-06
-6.56616e-06
-6.43376e-06
-6.803e-06
-5.28036e-06
-6.98751e-06
-3.97712e-06
-7.11475e-06
-2.52579e-06
-7.19234e-06
-9.37873e-07
8.52274e-07
-7.1915e-06
4.76509e-07
-2.19191e-06
-1.95208e-07
-1.83352e-05
-6.81918e-07
-1.40898e-05
-1.04386e-06
-1.30204e-05
-1.39051e-06
-1.29379e-05
-1.74216e-06
-1.27605e-05
-2.08943e-06
-1.25359e-05
-2.43156e-06
-1.22709e-05
-2.76858e-06
-1.19635e-05
-3.09947e-06
-1.16095e-05
-3.42203e-06
-1.12023e-05
-3.73321e-06
-1.07361e-05
-4.03061e-06
-1.02059e-05
-4.30305e-06
-9.60432e-06
-4.54996e-06
-8.92475e-06
-4.75005e-06
-8.16308e-06
-4.9043e-06
-7.3052e-06
-4.99601e-06
-6.34196e-06
-5.01082e-06
-5.26554e-06
-4.92692e-06
-4.06111e-06
-4.73545e-06
-2.71734e-06
-4.44052e-06
-1.23284e-06
4.21362e-07
-4.00964e-06
6.32475e-07
-2.82451e-06
-1.03271e-07
-1.75997e-05
-5.85764e-07
-1.36073e-05
-9.15796e-07
-1.26903e-05
-1.23279e-06
-1.26208e-05
-1.55139e-06
-1.24418e-05
-1.86116e-06
-1.22261e-05
-2.16067e-06
-1.19714e-05
-2.44861e-06
-1.16756e-05
-2.72391e-06
-1.1334e-05
-2.98423e-06
-1.09418e-05
-3.2238e-06
-1.04964e-05
-3.43914e-06
-9.99063e-06
-3.61725e-06
-9.42638e-06
-3.75122e-06
-8.7909e-06
-3.83227e-06
-8.08201e-06
-3.84171e-06
-7.2957e-06
-3.75984e-06
-6.42386e-06
-3.56753e-06
-5.45798e-06
-3.24061e-06
-4.38814e-06
-2.75227e-06
-3.20572e-06
-2.07137e-06
-1.91378e-06
-4.73257e-07
-1.17685e-06
7.82766e-07
-3.60744e-06
-3.64391e-08
-1.67807e-05
-5.24395e-07
-1.31194e-05
-8.3329e-07
-1.23813e-05
-1.13527e-06
-1.23187e-05
-1.43532e-06
-1.21417e-05
-1.72313e-06
-1.19383e-05
-1.99825e-06
-1.16962e-05
-2.25919e-06
-1.14145e-05
-2.50355e-06
-1.10895e-05
-2.72682e-06
-1.07183e-05
-2.92559e-06
-1.02977e-05
-3.09022e-06
-9.82616e-06
-3.21437e-06
-9.30237e-06
-3.28475e-06
-8.72051e-06
-3.28232e-06
-8.08436e-06
-3.19383e-06
-7.38421e-06
-2.9967e-06
-6.62118e-06
-2.66255e-06
-5.79233e-06
-2.15516e-06
-4.89557e-06
-1.43718e-06
-3.92362e-06
-4.75183e-07
-2.87576e-06
-1.73751e-06
7.88918e-07
9.05062e-07
-4.51267e-06
-2.41777e-09
-1.58734e-05
-4.88218e-07
-1.26336e-05
-7.8366e-07
-1.20858e-05
-1.08407e-06
-1.20182e-05
-1.37422e-06
-1.18516e-05
-1.65194e-06
-1.16607e-05
-1.9167e-06
-1.14315e-05
-2.16624e-06
-1.11649e-05
-2.39821e-06
-1.08574e-05
-2.60895e-06
-1.05076e-05
-2.79184e-06
-1.0115e-05
-2.93913e-06
-9.67907e-06
-3.04125e-06
-9.20032e-06
-3.08126e-06
-8.68041e-06
-3.04811e-06
-8.11747e-06
-2.91955e-06
-7.51291e-06
-2.67123e-06
-6.86975e-06
-2.27216e-06
-6.19151e-06
-1.68595e-06
-5.48165e-06
-8.66668e-07
-4.74273e-06
2.3444e-07
-3.97688e-06
-3.19088e-06
1.68762e-06
9.90343e-07
-5.50312e-06
1.36045e-08
-1.48967e-05
-4.60277e-07
-1.21597e-05
-7.45018e-07
-1.18011e-05
-1.0432e-06
-1.17201e-05
-1.32636e-06
-1.15686e-05
-1.59848e-06
-1.13887e-05
-1.85735e-06
-1.11726e-05
-2.10231e-06
-1.09198e-05
-2.33074e-06
-1.06289e-05
-2.5383e-06
-1.03002e-05
-2.71875e-06
-9.9348e-06
-2.86365e-06
-9.53437e-06
-2.96242e-06
-9.10159e-06
-3.00321e-06
-8.63958e-06
-2.96951e-06
-8.15127e-06
-2.84125e-06
-7.64141e-06
-2.59361e-06
-7.11757e-06
-2.19681e-06
-6.58824e-06
-1.61449e-06
-6.06377e-06
-8.01663e-07
-5.5555e-06
2.96072e-07
-5.07482e-06
-4.6454e-06
1.7503e-06
1.03146e-06
-6.53461e-06
2.36729e-08
-1.38889e-05
-4.25023e-07
-1.1711e-05
-6.95355e-07
-1.15308e-05
-9.86086e-07
-1.14295e-05
-1.25651e-06
-1.12983e-05
-1.51675e-06
-1.11285e-05
-1.76553e-06
-1.09238e-05
-2.00208e-06
-1.06832e-05
-2.22383e-06
-1.04073e-05
-2.42638e-06
-1.00979e-05
-2.60347e-06
-9.75794e-06
-2.74738e-06
-9.39055e-06
-2.84855e-06
-9.00037e-06
-2.89576e-06
-8.59237e-06
-2.87399e-06
-8.1732e-06
-2.76427e-06
-7.75133e-06
-2.54312e-06
-7.33875e-06
-2.18442e-06
-6.94674e-06
-1.65371e-06
-6.59429e-06
-9.10665e-07
-6.29858e-06
9.75223e-08
-6.08323e-06
-5.97852e-06
1.43052e-06
9.91546e-07
-7.52617e-06
2.42923e-08
-1.29216e-05
-3.73072e-07
-1.13137e-05
-6.21004e-07
-1.1283e-05
-8.88307e-07
-1.11624e-05
-1.13506e-06
-1.10517e-05
-1.37303e-06
-1.08906e-05
-1.60101e-06
-1.06958e-05
-1.81809e-06
-1.04662e-05
-2.02202e-06
-1.02035e-05
-2.20876e-06
-9.91136e-06
-2.37317e-06
-9.5936e-06
-2.50797e-06
-9.25565e-06
-2.60514e-06
-8.9031e-06
-2.65492e-06
-8.54267e-06
-2.64444e-06
-8.18391e-06
-2.55723e-06
-7.83872e-06
-2.37167e-06
-7.52422e-06
-2.06585e-06
-7.25228e-06
-1.61065e-06
-7.04931e-06
-9.6854e-07
-6.94076e-06
-9.25738e-08
-6.95931e-06
-7.13513e-06
1.06407e-06
8.47107e-07
-8.37327e-06
2.19277e-08
-1.20965e-05
-2.94832e-07
-1.0997e-05
-5.08201e-07
-1.10698e-05
-7.31619e-07
-1.09392e-05
-9.39268e-07
-1.08442e-05
-1.13934e-06
-1.06905e-05
-1.33066e-06
-1.05045e-05
-1.51266e-06
-1.02843e-05
-1.68331e-06
-1.0033e-05
-1.83968e-06
-9.75508e-06
-1.97761e-06
-9.45563e-06
-2.09185e-06
-9.14131e-06
-2.17529e-06
-8.81966e-06
-2.22022e-06
-8.49792e-06
-2.21615e-06
-8.18817e-06
-2.14878e-06
-7.90609e-06
-2.00701e-06
-7.6658e-06
-1.76717e-06
-7.49197e-06
-1.40691e-06
-7.40966e-06
-8.9725e-07
-7.45064e-06
-1.98364e-07
-7.65829e-06
-8.06548e-06
7.32109e-07
6.39587e-07
-9.01286e-06
3.24829e-08
-1.14894e-05
-1.87173e-07
-1.07775e-05
-3.49721e-07
-1.09075e-05
-5.10821e-07
-1.07783e-05
-6.62265e-07
-1.06928e-05
-8.06374e-07
-1.05464e-05
-9.44108e-07
-1.03668e-05
-1.07444e-06
-1.0154e-05
-1.19607e-06
-9.91145e-06
-1.30746e-06
-9.64368e-06
-1.40543e-06
-9.35757e-06
-1.48632e-06
-9.06036e-06
-1.54733e-06
-8.7587e-06
-1.58105e-06
-8.46433e-06
-1.57998e-06
-8.18931e-06
-1.536e-06
-7.95005e-06
-1.43714e-06
-7.7646e-06
-1.27163e-06
-7.65748e-06
-1.02163e-06
-7.65971e-06
-6.68949e-07
-7.80335e-06
-1.94308e-07
-8.13292e-06
-8.70185e-06
4.42186e-07
4.30265e-07
-9.44315e-06
5.17643e-08
-1.1111e-05
-7.49138e-08
-1.06509e-05
-1.71823e-07
-1.08107e-05
-2.62211e-07
-1.06879e-05
-3.466e-07
-1.06084e-05
-4.25895e-07
-1.04671e-05
-5.01067e-07
-1.02916e-05
-5.72181e-07
-1.00829e-05
-6.37969e-07
-9.84564e-06
-6.9742e-07
-9.58416e-06
-7.49199e-07
-9.30573e-06
-7.9185e-07
-9.01774e-06
-8.21941e-07
-8.72875e-06
-8.3767e-07
-8.44873e-06
-8.34114e-07
-8.19286e-06
-8.0597e-07
-7.97803e-06
-7.47054e-07
-7.82335e-06
-6.49638e-07
-7.75486e-06
-5.10008e-07
-7.7994e-06
-3.12589e-07
-8.00078e-06
-4.64629e-08
-8.39891e-06
-9.05606e-06
3.07892e-07
1.9564e-07
3.73761e-08
-5.64429e-09
-3.33517e-08
-5.80308e-08
-8.04282e-08
-1.01137e-07
-1.20327e-07
-1.38004e-07
-1.53912e-07
-1.67641e-07
-1.78805e-07
-1.87007e-07
-1.91515e-07
-1.91103e-07
-1.84483e-07
-1.7031e-07
-1.46871e-07
-1.11961e-07
-6.20476e-08
5.19527e-09
9.61488e-08
2.15712e-07
7.68316e-05
2.53694e-05
5.61748e-05
2.06568e-05
4.36668e-05
1.2508e-05
5.95277e-07
4.30715e-05
0.000119746
1.95784e-05
0.000121824
1.85796e-05
0.000119108
1.52238e-05
1.093e-05
0.000108773
0.000108981
1.28359e-05
0.0001149
1.26609e-05
0.00011798
1.21441e-05
1.15965e-05
0.000117313
9.90017e-05
1.11218e-05
0.000100815
1.08472e-05
0.000102454
1.05056e-05
1.02462e-05
0.000103804
0.000101206
1.06954e-05
0.000100844
1.1209e-05
0.000100224
1.11261e-05
1.10619e-05
9.9408e-05
9.1448e-05
5.52706e-06
9.59544e-05
6.70266e-06
0.000100278
6.80217e-06
9.29805e-06
0.000102042
7.3062e-05
1.47053e-05
7.0615e-05
9.14961e-06
7.78375e-05
-4.20323e-07
5.50203e-06
8.16336e-05
0.000114325
1.85171e-05
0.000101092
2.23822e-05
8.23416e-05
1.83304e-05
1.77166e-05
7.01271e-05
0.000105221
8.93331e-06
0.000108947
1.86565e-05
0.000104947
2.23302e-05
2.36641e-05
9.89995e-05
4.12819e-05
-3.38916e-06
5.36126e-05
6.32585e-06
6.19067e-05
1.40363e-05
1.82754e-05
6.72954e-05
-1.93854e-05
-1.05476e-05
-9.90024e-06
-3.15932e-06
1.20101e-06
2.93496e-06
7.47122e-06
1.20052e-05
-3.39075e-05
-1.49859e-05
-2.74088e-05
-9.65793e-06
-1.96577e-05
-4.81617e-06
-1.04138e-06
-1.11451e-05
-6.43164e-05
-1.73642e-05
-5.98299e-05
-1.41444e-05
-5.37413e-05
-1.09049e-05
-7.93021e-06
-4.68524e-05
-7.50221e-05
-1.53658e-05
-7.59131e-05
-1.32533e-05
-7.57927e-05
-1.10253e-05
-8.83819e-06
-7.48847e-05
-6.62331e-05
-1.24134e-05
-6.8679e-05
-1.08074e-05
-7.05988e-05
-9.10543e-06
-7.37077e-06
-7.20661e-05
-5.74103e-05
-1.02305e-05
-5.93155e-05
-8.90208e-06
-6.09182e-05
-7.50266e-06
-6.03932e-06
-6.22496e-05
-5.13162e-05
-8.4365e-06
-5.28595e-05
-7.35869e-06
-5.41573e-05
-6.20477e-06
-4.9704e-06
-5.52262e-05
-4.6116e-05
-6.91819e-06
-4.74634e-05
-6.01126e-06
-4.86327e-05
-5.03538e-06
-3.98348e-06
-4.96196e-05
-4.16576e-05
-5.61836e-06
-4.28307e-05
-4.83813e-06
-4.38724e-05
-3.99369e-06
-3.0816e-06
-4.47743e-05
-3.77625e-05
-4.50184e-06
-3.87843e-05
-3.81629e-06
-3.97064e-05
-3.07174e-06
-2.26705e-06
-4.0521e-05
-3.42961e-05
-3.53335e-06
-3.51957e-05
-2.91678e-06
-3.60213e-05
-2.24618e-06
-1.51931e-06
-3.6769e-05
-3.11723e-05
-2.68213e-06
-3.19773e-05
-2.11193e-06
-3.27322e-05
-1.49142e-06
-8.16795e-07
-3.34347e-05
-2.83105e-05
-1.92403e-06
-2.90442e-05
-1.37842e-06
-2.97496e-05
-7.86027e-07
-1.44834e-07
-3.04216e-05
-2.56386e-05
-1.24198e-06
-2.63121e-05
-7.04914e-07
-2.69755e-05
-1.22649e-07
4.96822e-07
-2.76172e-05
-2.30909e-05
-6.31776e-07
-2.37076e-05
-8.81984e-08
-2.43271e-05
4.96889e-07
1.10271e-06
-2.4933e-05
-2.06325e-05
-9.35293e-08
-2.11837e-05
4.63033e-07
-2.17458e-05
1.05897e-06
1.65344e-06
-2.22965e-05
-1.82361e-05
3.65279e-07
-1.87116e-05
9.38493e-07
-1.91993e-05
1.54656e-06
2.13561e-06
-1.96815e-05
-1.58276e-05
7.48136e-07
-1.62237e-05
1.33457e-06
-1.66173e-05
1.9401e-06
2.53702e-06
-1.70186e-05
-1.32778e-05
1.03026e-06
-1.35676e-05
1.62431e-06
-1.38669e-05
2.23931e-06
2.82254e-06
-1.41523e-05
-1.04228e-05
1.18351e-06
-1.0583e-05
1.78448e-06
-1.07264e-05
2.38273e-06
2.94174e-06
-1.08456e-05
-7.17773e-06
1.16966e-06
-7.12709e-06
1.73379e-06
-7.04751e-06
2.3032e-06
2.85428e-06
-6.9599e-06
-3.75645e-06
9.16414e-07
-3.44293e-06
1.42019e-06
-3.07343e-06
1.93374e-06
2.44076e-06
-2.65976e-06
-6.64194e-07
4.03605e-07
-7.78085e-08
8.33696e-07
5.88771e-07
1.26718e-06
1.68424e-06
1.34537e-06
1.50992e-06
-3.17625e-07
2.32412e-06
1.94202e-08
3.2622e-06
3.29237e-07
6.30515e-07
4.31606e-06
2.514e-06
-1.14414e-06
3.45775e-06
-9.24332e-07
4.52922e-06
-7.42072e-07
-5.67289e-07
5.72704e-06
2.59029e-06
-1.98422e-06
3.55072e-06
-1.88469e-06
4.63728e-06
-1.82853e-06
-1.78166e-06
5.85166e-06
2.21545e-06
-2.7691e-06
3.11248e-06
-2.78154e-06
4.12403e-06
-2.83996e-06
-2.91492e-06
5.25731e-06
1.74381e-06
-3.44862e-06
2.51938e-06
-3.55693e-06
3.39003e-06
-3.71055e-06
-3.89292e-06
4.36799e-06
1.27118e-06
-3.98749e-06
1.88577e-06
-4.17146e-06
2.57333e-06
-4.3981e-06
-4.66415e-06
3.3447e-06
8.29914e-07
-4.37511e-06
1.26954e-06
-4.61099e-06
1.76331e-06
-4.89183e-06
-5.22169e-06
2.32101e-06
5.4056e-07
-4.60767e-06
8.03079e-07
-4.87353e-06
1.10089e-06
-5.18965e-06
-5.56319e-06
1.44265e-06
2.96959e-07
3.8829e-07
4.91823e-07
6.10571e-07
-3.11124e-05
-5.82026e-05
-5.41253e-05
-0.000151235
-0.000106297
-0.000150678
-8.31963e-05
-7.09072e-05
-3.6198e-05
5.87341e-05
-6.16369e-07
9.95937e-05
1.40998e-05
9.22238e-05
1.22006e-05
8.74021e-05
5.20314e-06
8.51035e-05
-5.1869e-06
8.64523e-05
-1.7108e-05
8.92388e-05
-3.55732e-05
0.000105968
-5.28715e-05
0.000115408
-7.80016e-05
0.000147856
-0.000139632
0.000230178
-0.00020948
0.000216473
-0.000173285
-0.000134175
-8.75981e-05
-0.000442941
-0.00036342
5.74901e-05
-6.91961e-06
-1.85479e-05
-7.51966e-05
-4.5087e-05
-0.000124139
-3.51955e-05
-8.07989e-05
-1.51554e-05
3.86942e-05
-3.20387e-06
8.76426e-05
1.01663e-06
8.80032e-05
1.16734e-06
8.72517e-05
-5.39414e-06
9.16651e-05
-1.23997e-05
9.34582e-05
-1.55401e-05
9.23793e-05
-2.91191e-05
0.000119547
-3.52238e-05
0.000121512
-1.93938e-05
0.000132026
-3.32049e-05
0.000243989
-5.91695e-05
0.000242437
-8.6363e-05
-0.000106982
-7.57397e-05
-0.000453564
-0.000439159
9.09654e-05
1.94282e-05
2.97518e-05
-1.3983e-05
2.77117e-07
-9.46645e-05
-1.11426e-05
-6.93792e-05
2.3737e-05
3.81403e-06
2.62091e-05
8.51702e-05
1.6153e-05
9.80589e-05
1.17561e-05
9.16491e-05
-3.91126e-06
0.000107333
-2.19444e-05
0.000111492
-3.54794e-05
0.000105915
-5.17045e-05
0.000135772
-3.83698e-05
0.000108177
5.42018e-05
3.94536e-05
0.000106819
0.000191372
0.00011759
0.000231666
0.000116891
-0.000106283
9.30354e-06
-0.000345977
-0.000429856
9.6057e-05
2.71754e-05
5.77515e-05
2.43225e-05
-3.40308e-05
-2.8822e-06
-4.1453e-05
-6.19568e-05
-1.09758e-05
-2.66631e-05
2.83281e-05
4.58665e-05
4.8978e-05
7.74082e-05
3.87284e-05
0.000101898
2.34411e-05
0.00012262
1.19527e-05
0.00012298
-1.99304e-05
0.000137798
-3.84007e-05
0.000154242
-2.57337e-05
9.55105e-05
0.000106749
-9.3029e-05
0.000192167
0.000105954
0.000246663
0.000177171
0.00024207
-0.000101691
4.13567e-05
-0.000145263
-0.000388499
9.70759e-05
2.95075e-05
8.22179e-05
3.91806e-05
3.5412e-05
4.39237e-05
-5.65504e-05
3.00055e-05
-0.000109154
2.59404e-05
-0.000100215
3.69289e-05
-2.87648e-05
5.95737e-06
-1.01686e-05
8.33026e-05
-3.94943e-05
0.000151946
-4.3247e-05
0.000126733
-1.87813e-06
9.64292e-05
6.0889e-05
9.14743e-05
7.94362e-05
7.69634e-05
3.81292e-05
-5.17222e-05
9.06001e-05
5.34827e-05
0.000146631
0.00012114
6.01915e-05
-1.52522e-05
5.86838e-05
-0.000143756
-0.000329815
0.000102813
2.87369e-05
0.000102984
3.90092e-05
9.3533e-05
5.3375e-05
5.81722e-05
6.53663e-05
1.14343e-05
7.26777e-05
-2.61656e-05
7.45287e-05
-9.67956e-05
7.65874e-05
-0.000102041
8.85479e-05
-5.0117e-05
0.000100022
-1.3644e-05
9.02597e-05
2.95201e-06
7.98334e-05
2.33627e-05
7.10636e-05
3.5483e-05
6.48435e-05
-4.97256e-05
3.34863e-05
-3.85544e-05
4.23114e-05
6.10722e-05
2.15139e-05
7.39565e-05
-2.81365e-05
6.06405e-05
-0.00013044
-0.000269175
9.67147e-05
1.36558e-05
0.000109666
2.60578e-05
0.00011897
4.40707e-05
0.000122833
6.15035e-05
0.000119927
7.55834e-05
0.000112705
8.17511e-05
0.000106486
8.2807e-05
0.000109797
8.52364e-05
0.000123909
8.591e-05
0.000135157
7.90121e-05
0.000144028
7.09626e-05
0.000151362
6.37293e-05
0.000158133
5.80723e-05
0.000142025
4.95949e-05
0.000139818
4.45179e-05
0.000136056
2.52755e-05
0.000120771
-1.28509e-05
7.90112e-05
-8.86799e-05
-0.000190164
3.96674e-05
4.41155e-05
8.71597e-05
-2.14345e-05
0.000112045
1.9185e-05
0.000131591
4.19579e-05
0.000148809
5.83649e-05
0.000162081
6.84792e-05
0.000173347
7.15416e-05
0.000185535
7.30485e-05
0.000198721
7.27231e-05
0.000209756
6.79775e-05
0.000219261
6.14572e-05
0.000227049
5.59413e-05
0.000232488
5.26341e-05
0.000231321
5.07614e-05
0.000224687
5.11521e-05
0.0002036
4.63627e-05
0.000168348
2.2401e-05
0.000101822
-2.2154e-05
-8.83418e-05
9.00705e-05
5.30446e-05
7.00894e-05
-1.45345e-06
6.31687e-05
2.61056e-05
0.000105754
-6.27907e-07
0.000134658
2.9461e-05
0.00015636
4.67775e-05
0.000174323
5.35789e-05
0.000189991
5.73805e-05
0.000204459
5.82549e-05
0.000216937
5.54996e-05
0.000227716
5.0678e-05
0.000237308
4.635e-05
0.000245031
4.49105e-05
0.000248081
4.7712e-05
0.000241198
5.80351e-05
0.000213143
7.44172e-05
0.000161442
7.41021e-05
9.06467e-05
4.86414e-05
2.30484e-06
7.55067e-05
4.48332e-05
5.62278e-05
1.78254e-05
6.54328e-05
1.69005e-05
6.99502e-05
-5.14541e-06
9.43777e-05
5.03345e-06
0.000118116
2.30392e-05
0.000144904
2.67913e-05
0.000167653
3.46315e-05
0.000186978
3.89294e-05
0.000201987
4.04905e-05
0.000213578
3.90871e-05
0.000223433
3.64948e-05
0.000231939
3.6405e-05
0.000234901
4.475e-05
0.000217194
7.57419e-05
0.000173888
0.000117723
0.000124273
0.000123717
7.03602e-05
0.000102554
7.26651e-05
3.03752e-05
2.64631e-05
3.03744e-05
1.78261e-05
3.75155e-05
9.75934e-06
3.53697e-05
-2.99952e-06
4.22465e-05
-1.84333e-06
5.61405e-05
9.14525e-06
6.72461e-05
1.56858e-05
8.09928e-05
2.08849e-05
9.2954e-05
2.69682e-05
0.000101265
3.21793e-05
0.000105772
3.45808e-05
0.000112168
3.00986e-05
0.000127822
2.07509e-05
0.000129904
4.26681e-05
9.98444e-05
0.000105801
5.93976e-05
0.00015817
5.85721e-05
0.000124543
4.14672e-05
0.000119659
0.000114132
8.63795e-06
6.67995e-06
2.21694e-05
4.29455e-06
3.06129e-05
1.3158e-06
2.57984e-05
1.81493e-06
1.23662e-05
1.15891e-05
8.92468e-07
2.06193e-05
-5.63235e-06
2.22108e-05
-5.05212e-06
2.0305e-05
4.84311e-06
1.70731e-05
2.07426e-05
1.62798e-05
3.1225e-05
2.40981e-05
2.65148e-05
3.48085e-05
-9.57044e-06
5.68361e-05
-6.24512e-05
9.55488e-05
-9.34777e-05
0.000136828
-2.04099e-05
8.51023e-05
1.61493e-05
8.79832e-05
2.03551e-05
0.000115453
0.000134487
-3.02199e-05
-9.95251e-06
-2.28289e-05
-3.09646e-06
-2.68275e-05
5.31455e-06
-3.9879e-05
1.48664e-05
-5.04693e-05
2.21796e-05
-5.42064e-05
2.43565e-05
-5.27263e-05
2.07309e-05
-4.66798e-05
1.42585e-05
-3.76102e-05
8.00363e-06
-2.76874e-05
6.35721e-06
-2.40869e-05
2.04977e-05
-4.10084e-05
5.17299e-05
-9.01761e-05
0.000106004
-0.000139641
0.000145014
-9.83976e-05
9.55843e-05
-4.10414e-05
2.77462e-05
-4.60364e-06
5.15455e-05
8.36905e-06
0.00010248
0.000142856
-7.17037e-05
-1.31335e-05
-7.24576e-05
-2.34249e-06
-7.4823e-05
7.68021e-06
-7.6527e-05
1.65707e-05
-7.44362e-05
2.00891e-05
-6.72928e-05
1.72131e-05
-5.72461e-05
1.06843e-05
-4.7836e-05
4.84854e-06
-4.29227e-05
3.09021e-06
-4.38798e-05
7.3143e-06
-5.08531e-05
2.74711e-05
-7.73817e-05
7.82585e-05
-0.000115359
0.000143981
-0.000125795
0.00015545
-0.000110351
8.01398e-05
-5.61744e-05
-2.643e-05
-1.73511e-05
1.27222e-05
5.7328e-06
7.93965e-05
0.000148589
-7.48608e-05
-1.03386e-05
-7.6134e-05
-1.06923e-06
-7.66617e-05
8.20798e-06
-7.39761e-05
1.3885e-05
-6.782e-05
1.3933e-05
-5.93637e-05
8.75697e-06
-5.03409e-05
1.6617e-06
-4.27639e-05
-2.72832e-06
-3.96026e-05
-7.10146e-08
-4.35998e-05
1.13115e-05
-5.25241e-05
3.63956e-05
-6.65323e-05
9.22669e-05
-8.63709e-05
0.000163819
-8.82146e-05
0.000157294
-0.00010759
9.95151e-05
-5.97289e-05
-7.4291e-05
-1.56826e-05
-3.13241e-05
9.85129e-06
5.38626e-05
0.000158441
-6.44877e-05
-8.10051e-06
-6.56914e-05
1.34551e-07
-6.50153e-05
7.53185e-06
-6.23814e-05
1.12511e-05
-5.78988e-05
9.45013e-06
-5.17873e-05
2.64537e-06
-4.4554e-05
-5.57159e-06
-3.8169e-05
-9.11332e-06
-3.56158e-05
-2.624e-06
-3.88275e-05
1.45231e-05
-4.48293e-05
4.23974e-05
-4.23809e-05
8.98184e-05
-2.99079e-05
0.000151346
-3.36584e-05
0.000161045
-3.81021e-05
0.000103959
-2.10579e-05
-9.13352e-05
-3.05987e-06
-4.93222e-05
7.13374e-06
4.36689e-05
0.000165574
-5.68837e-05
-6.44301e-06
-5.74211e-05
6.71985e-07
-5.66435e-05
6.75419e-06
-5.46925e-05
9.30012e-06
-5.13851e-05
6.14286e-06
-4.63668e-05
-2.373e-06
-4.0117e-05
-1.18214e-05
-3.4603e-05
-1.46274e-05
-3.24184e-05
-4.80871e-06
-3.48827e-05
1.69872e-05
-3.9939e-05
4.74536e-05
-3.7911e-05
8.77902e-05
-2.48585e-05
0.000138294
-1.19825e-05
0.000148169
1.18411e-05
8.01353e-05
-4.92868e-06
-7.45653e-05
-1.176e-05
-4.24908e-05
-1.02136e-05
4.21225e-05
0.000155361
-5.11747e-05
-4.88807e-06
-5.15734e-05
1.07061e-06
-5.08602e-05
6.04071e-06
-4.92665e-05
7.70628e-06
-4.66904e-05
3.56682e-06
-4.2788e-05
-6.27527e-06
-3.78916e-05
-1.67178e-05
-3.3681e-05
-1.88379e-05
-3.2224e-05
-6.26581e-06
-3.47212e-05
1.94843e-05
-4.13925e-05
5.41247e-05
-5.03381e-05
9.67357e-05
-5.7201e-05
0.000145157
-5.2859e-05
0.000143826
-7.92499e-06
3.52013e-05
-1.80916e-05
-6.43986e-05
-3.2554e-05
-2.80284e-05
-3.32736e-05
4.28421e-05
0.000122087
-4.62221e-05
-3.44032e-06
-4.6623e-05
1.47147e-06
-4.60315e-05
5.44902e-06
-4.48845e-05
6.55921e-06
-4.33579e-05
2.04011e-06
-4.09839e-05
-8.64925e-06
-3.7867e-05
-1.98351e-05
-3.54957e-05
-2.12094e-05
-3.5346e-05
-6.41561e-06
-3.7987e-05
2.2125e-05
-4.4812e-05
6.09494e-05
-5.85392e-05
0.000110463
-7.24025e-05
0.00015902
-6.53372e-05
0.000136761
-4.74714e-05
1.73358e-05
-3.19168e-05
-7.99532e-05
-4.37511e-05
-1.61941e-05
-4.76201e-05
4.67112e-05
7.44671e-05
-4.18835e-05
-2.078e-06
-4.23512e-05
1.93926e-06
-4.19964e-05
5.09437e-06
-4.1371e-05
5.93395e-06
-4.08782e-05
1.54725e-06
-4.00979e-05
-9.42942e-06
-3.89566e-05
-2.09765e-05
-3.86852e-05
-2.14811e-05
-4.00888e-05
-5.01205e-06
-4.23309e-05
2.4367e-05
-4.61428e-05
6.47612e-05
-5.30064e-05
0.000117327
-6.1153e-05
0.000167167
-6.81031e-05
0.000143712
-7.8734e-05
2.79668e-05
-4.07637e-05
-0.000117923
-4.14548e-05
-1.5503e-05
-2.7888e-05
3.31446e-05
4.65792e-05
-3.81165e-05
-7.30459e-07
-3.87664e-05
2.58913e-06
-3.873e-05
5.05804e-06
-3.85843e-05
5.78835e-06
-3.88452e-05
1.80806e-06
-3.93266e-05
-8.94826e-06
-3.9857e-05
-2.04461e-05
-4.15003e-05
-1.98379e-05
-4.45499e-05
-1.96244e-06
-4.6631e-05
2.64483e-05
-4.77379e-05
6.58682e-05
-4.98828e-05
0.000119472
-5.34267e-05
0.000170711
-6.2779e-05
0.000153064
-6.39668e-05
2.91548e-05
-5.73652e-05
-0.000124525
-3.60348e-05
-3.68334e-05
-3.38761e-05
3.09859e-05
1.27029e-05
-3.48004e-05
6.35327e-07
-3.56658e-05
3.45457e-06
-3.60091e-05
5.40117e-06
-3.62896e-05
6.06865e-06
-3.70043e-05
2.52259e-06
-3.81882e-05
-7.7646e-06
-3.98523e-05
-1.87819e-05
-4.26543e-05
-1.70361e-05
-4.70912e-05
2.47435e-06
-5.02259e-05
2.95833e-05
-5.28706e-05
6.85132e-05
-6.05586e-05
0.00012716
-7.28374e-05
0.00018299
-9.282e-05
0.000173047
-0.000107023
4.33575e-05
-9.34902e-05
-0.000138057
-2.08468e-05
-0.000109477
7.34897e-06
2.79015e-06
2.00519e-05
-3.1807e-05
2.0208e-06
-3.27863e-05
4.43398e-06
-3.34485e-05
6.06327e-06
-3.41735e-05
6.79337e-06
-3.52369e-05
3.58588e-06
-3.67216e-05
-6.28035e-06
-3.89918e-05
-1.65117e-05
-4.24703e-05
-1.35574e-05
-4.75351e-05
7.53888e-06
-5.33686e-05
3.54168e-05
-6.15886e-05
7.67334e-05
-7.94061e-05
0.000144977
-0.000105869
0.000209453
-0.000130637
0.000197814
-0.000140957
5.36781e-05
-0.000141594
-0.00013742
-4.56757e-05
-0.000205395
1.90242e-05
-6.19098e-05
3.90761e-05
-2.89587e-05
3.36221e-06
-3.00712e-05
5.54637e-06
-3.09682e-05
6.95983e-06
-3.21274e-05
7.95204e-06
-3.36662e-05
5.12463e-06
-3.53748e-05
-4.57176e-06
-3.7918e-05
-1.39686e-05
-4.21164e-05
-9.35873e-06
-4.78975e-05
1.33199e-05
-5.66153e-05
4.41345e-05
-6.95244e-05
8.96424e-05
-8.93492e-05
0.000164802
-0.00011135
0.000231454
-0.000123748
0.000210213
-0.00012908
5.90099e-05
-0.000118253
-0.000148247
-9.20745e-05
-0.000231574
-2.45535e-05
-0.000129431
1.45226e-05
-2.62199e-05
4.64897e-06
-2.73302e-05
6.65642e-06
-2.83539e-05
7.98367e-06
-2.97264e-05
9.32431e-06
-3.1795e-05
7.19308e-06
-3.37531e-05
-2.61369e-06
-3.61668e-05
-1.15553e-05
-4.09771e-05
-4.54838e-06
-4.75863e-05
1.99294e-05
-5.79368e-05
5.4485e-05
-7.14205e-05
0.000103126
-8.33097e-05
0.000176692
-8.9038e-05
0.000237182
-8.93215e-05
0.000210497
-9.34332e-05
6.31217e-05
-0.000101662
-0.000140019
-8.64426e-05
-0.000246793
-3.94016e-05
-0.000176472
-2.4879e-05
-2.34671e-05
5.81936e-06
-2.45669e-05
7.75592e-06
-2.56966e-05
9.11337e-06
-2.71965e-05
1.08244e-05
-2.94329e-05
9.42945e-06
-3.13094e-05
-7.37105e-07
-3.32419e-05
-9.62298e-06
-3.78561e-05
6.5692e-08
-4.48783e-05
2.69516e-05
-5.46464e-05
6.42531e-05
-6.48073e-05
0.000113287
-6.61421e-05
0.000178026
-5.4815e-05
0.000225855
-4.11031e-05
0.000196785
-4.10262e-05
6.30448e-05
-7.66777e-05
-0.000104367
-5.69643e-05
-0.000266506
-3.54589e-05
-0.000197977
-6.03379e-05
-2.06768e-05
6.81469e-06
-2.17503e-05
8.82947e-06
-2.2923e-05
1.02862e-05
-2.45178e-05
1.24194e-05
-2.67557e-05
1.16673e-05
-2.84484e-05
9.5568e-07
-2.98543e-05
-8.21698e-06
-3.41658e-05
4.37725e-06
-4.06361e-05
3.34222e-05
-4.81554e-05
7.17724e-05
-5.22311e-05
0.000117363
-4.30022e-05
0.000168797
-1.53443e-05
0.000198197
1.82837e-05
0.000163157
2.76953e-05
5.36331e-05
1.29869e-05
-8.96584e-05
-1.18547e-05
-0.000241664
1.75971e-06
-0.000211591
-5.85782e-05
-1.78979e-05
7.69413e-06
-1.87518e-05
9.68353e-06
-2.01336e-05
1.1668e-05
-2.19855e-05
1.42716e-05
-2.46151e-05
1.42968e-05
-2.64709e-05
2.81144e-06
-2.66599e-05
-8.0278e-06
-3.04904e-05
8.20796e-06
-3.64074e-05
3.93393e-05
-4.16444e-05
7.7009e-05
-4.02599e-05
0.000115978
-2.15264e-05
0.000150064
1.70643e-05
0.000159606
6.79131e-05
0.000112308
9.5216e-05
2.63304e-05
8.01794e-05
-7.46215e-05
1.75586e-05
-0.000179043
-1.63398e-06
-0.000192399
-6.02122e-05
-1.47903e-05
8.33238e-06
-1.55757e-05
1.04694e-05
-1.70596e-05
1.3152e-05
-1.89799e-05
1.61919e-05
-2.23136e-05
1.76308e-05
-2.52183e-05
5.7162e-06
-2.37705e-05
-9.47558e-06
-2.43626e-05
8.80002e-06
-3.04075e-05
4.5384e-05
-3.39361e-05
8.05374e-05
-2.99955e-05
0.000112038
-6.77976e-06
0.000126848
4.01064e-05
0.00011272
0.000117008
3.5406e-05
0.00016783
-2.44904e-05
0.0001534
-6.01925e-05
7.98894e-05
-0.000105532
2.13782e-05
-0.000133888
-3.8834e-05
-1.11614e-05
8.64824e-06
-1.16899e-05
1.09984e-05
-1.30185e-05
1.44808e-05
-1.46683e-05
1.78416e-05
-1.80841e-05
2.10466e-05
-2.28058e-05
1.0438e-05
-2.27496e-05
-9.53175e-06
-1.81863e-05
4.23662e-06
-2.07216e-05
4.79192e-05
-2.25276e-05
8.23435e-05
-1.69886e-05
0.000106499
8.48748e-06
0.000101372
7.43658e-05
4.68414e-05
0.000155153
-4.53809e-05
0.00019673
-6.60681e-05
0.000196191
-5.9653e-05
0.00015323
-6.25715e-05
6.82911e-05
-4.8949e-05
2.94571e-05
-6.74052e-06
8.42888e-06
-6.75573e-06
1.10139e-05
-7.29691e-06
1.50222e-05
-8.48907e-06
1.90336e-05
-1.10451e-05
2.36027e-05
-1.7495e-05
1.6888e-05
-2.26141e-05
-4.41289e-06
-1.70987e-05
-1.2789e-06
-1.14836e-05
4.23042e-05
-9.36244e-06
8.02228e-05
-8.57178e-07
9.79937e-05
3.35105e-05
6.70044e-05
9.89745e-05
-1.86229e-05
0.000154502
-0.000100908
0.000161523
-7.30893e-05
0.000144839
-4.29695e-05
0.00010761
-2.53419e-05
5.28088e-05
5.85192e-06
8.22659e-05
-1.59949e-06
7.36874e-06
-7.17928e-07
1.01323e-05
2.5552e-07
1.40489e-05
8.04524e-07
1.84845e-05
3.80469e-07
2.40266e-05
-5.17306e-06
2.24418e-05
-1.44332e-05
4.84707e-06
-1.33879e-05
-2.32426e-06
-1.68452e-06
3.06009e-05
1.22548e-05
6.62836e-05
4.33386e-05
6.69097e-05
9.92633e-05
1.10794e-05
0.000148581
-6.79407e-05
0.000146139
-9.84653e-05
0.000149211
-7.61614e-05
0.000157795
-5.15537e-05
0.000139382
-6.92945e-06
4.95729e-05
9.56613e-05
0.000131839
3.40242e-06
5.3119e-06
5.65464e-06
7.87985e-06
8.58694e-06
1.11165e-05
1.18516e-05
1.52199e-05
1.57119e-05
2.01663e-05
1.62512e-05
2.19024e-05
8.75929e-06
1.23389e-05
5.26122e-06
1.17379e-06
1.73403e-05
1.85219e-05
4.42299e-05
3.93938e-05
9.04295e-05
2.07097e-05
0.000143848
-4.23396e-05
0.000178855
-0.000102947
0.000179154
-9.87645e-05
0.000170743
-6.77503e-05
0.00014913
-2.99406e-05
9.91564e-05
4.30438e-05
3.15518e-05
0.000163266
0.000163391
7.17566e-06
2.45254e-06
1.07692e-05
4.28618e-06
1.54036e-05
6.48175e-06
2.13395e-05
9.2839e-06
2.91955e-05
1.23105e-05
3.65117e-05
1.45862e-05
3.87083e-05
1.01422e-05
3.90575e-05
8.24348e-07
5.10403e-05
6.53891e-06
7.78394e-05
1.25945e-05
0.000115903
-1.7354e-05
0.000156676
-8.31129e-05
0.000177548
-0.000123819
0.000172925
-9.41416e-05
0.000159855
-5.46798e-05
0.000126166
3.74844e-06
7.52513e-05
9.39581e-05
2.51818e-05
0.000213335
0.000188573
9.09961e-06
-9.20135e-07
1.3435e-05
-4.93749e-08
1.90201e-05
8.96899e-07
2.63676e-05
1.93638e-06
3.6207e-05
2.47101e-06
4.73543e-05
3.43864e-06
5.76122e-05
-1.15965e-07
6.70979e-05
-8.66156e-06
8.10942e-05
-7.45766e-06
0.000102135
-8.4464e-06
0.000132726
-4.79447e-05
0.000166905
-0.000117292
0.000174397
-0.000131311
0.000161473
-8.12178e-05
0.00014208
-3.52871e-05
0.000110364
3.5465e-05
6.50538e-05
0.000139268
2.4787e-05
0.000253602
0.00021336
9.28378e-06
-4.3524e-06
1.37263e-05
-4.49201e-06
1.9446e-05
-4.82257e-06
2.69735e-05
-5.59117e-06
3.68047e-05
-7.36057e-06
4.90915e-05
-8.84866e-06
6.25105e-05
-1.35352e-05
7.68416e-05
-2.29927e-05
9.37323e-05
-2.43485e-05
0.00011128
-2.59947e-05
0.000135415
-7.20787e-05
0.000162907
-0.000144785
0.000165796
-0.000134199
0.000151182
-6.66042e-05
0.000134899
-1.90038e-05
0.000111249
5.91151e-05
7.80906e-05
0.000172426
3.62174e-05
0.000295475
0.000249577
8.42386e-06
-7.51908e-06
1.25061e-05
-8.57435e-06
1.77578e-05
-1.00742e-05
2.45747e-05
-1.24082e-05
3.30296e-05
-1.58157e-05
4.43147e-05
-2.01337e-05
5.6974e-05
-2.61946e-05
7.1927e-05
-3.79458e-05
8.95333e-05
-4.19548e-05
0.000105636
-4.20971e-05
0.000127052
-9.34952e-05
0.000152687
-0.000170419
0.000156471
-0.000137983
0.000145852
-5.59849e-05
0.000133804
-6.95553e-06
0.000120033
7.28859e-05
9.41063e-05
0.000198353
4.19001e-05
0.000347681
0.000291477
7.09581e-06
-1.02469e-05
1.05949e-05
-1.20733e-05
1.50972e-05
-1.45765e-05
2.08473e-05
-1.81584e-05
2.77966e-05
-2.27652e-05
3.71652e-05
-2.95023e-05
4.73612e-05
-3.63904e-05
5.9894e-05
-5.04789e-05
7.57052e-05
-5.77662e-05
8.58458e-05
-5.22375e-05
9.3475e-05
-0.000101124
0.000115173
-0.000192118
0.000134741
-0.000157552
0.000136839
-5.80825e-05
0.000132683
-2.79999e-06
0.000124858
8.07113e-05
8.60513e-05
0.00023716
2.24108e-05
0.000411322
0.000313888
5.52453e-06
-1.24267e-05
8.32502e-06
-1.48737e-05
1.1968e-05
-1.82198e-05
1.66381e-05
-2.28285e-05
2.25499e-05
-2.86769e-05
3.03156e-05
-3.7268e-05
3.95246e-05
-4.55996e-05
5.03668e-05
-6.13211e-05
6.61635e-05
-7.35629e-05
7.62852e-05
-6.23592e-05
6.89366e-05
-9.37761e-05
6.55393e-05
-0.000188721
0.000125788
-0.000217801
0.000143024
-7.5318e-05
0.000134214
6.00977e-06
0.000118329
9.6596e-05
5.24001e-05
0.000303089
-7.93429e-07
0.000464516
0.000313094
3.85335e-06
-1.39591e-05
5.86567e-06
-1.68858e-05
8.54103e-06
-2.08951e-05
1.20467e-05
-2.63341e-05
1.68037e-05
-3.3434e-05
2.29124e-05
-4.33769e-05
3.1589e-05
-5.42762e-05
4.20899e-05
-7.18221e-05
5.84598e-05
-8.99329e-05
8.54353e-05
-8.93351e-05
9.50898e-05
-0.000103431
8.43217e-05
-0.000177952
0.000126477
-0.000259957
0.00017701
-0.000125851
0.000156332
2.66877e-05
8.2903e-05
0.000170025
-4.19635e-06
0.000390188
-1.50993e-05
0.000475419
0.000297995
2.32383e-06
-1.48403e-05
3.52467e-06
-1.80866e-05
5.15012e-06
-2.25206e-05
7.31339e-06
-2.84974e-05
1.0306e-05
-3.64266e-05
1.40672e-05
-4.71383e-05
1.98454e-05
-6.00546e-05
2.75386e-05
-7.95155e-05
3.96621e-05
-0.000102057
7.09075e-05
-0.000120581
0.000112191
-0.000144715
0.000142574
-0.000208334
0.000194611
-0.000311993
0.000322904
-0.000254144
0.000242928
0.000106663
9.53896e-05
0.000317563
-3.52612e-05
0.000520839
-4.08226e-05
0.00048098
0.000257172
9.05865e-07
1.31807e-06
1.87877e-06
2.62624e-06
3.6308e-06
4.87162e-06
6.79422e-06
9.0525e-06
1.26623e-05
2.39229e-05
4.65477e-05
8.61634e-05
0.000200496
0.00046834
0.000373531
0.000108917
-0.000113455
-0.000235473
)
;

boundaryField
{
    leftWall
    {
        type            calculated;
        value           uniform 0;
    }
    rightWall
    {
        type            calculated;
        value           uniform 0;
    }
    lowerWall
    {
        type            calculated;
        value           uniform 0;
    }
    atmosphere
    {
        type            calculated;
        value           nonuniform List<scalar> 
46
(
-9.63885e-06
-1.09528e-05
-1.0608e-05
-1.0783e-05
-1.06633e-05
-1.0586e-05
-1.04464e-05
-1.02724e-05
-1.00652e-05
-9.82965e-06
-9.57029e-06
-9.29446e-06
-9.00956e-06
-8.72434e-06
-8.44918e-06
-8.19943e-06
-7.9922e-06
-7.84692e-06
-7.7899e-06
-7.8493e-06
-8.06797e-06
-8.48993e-06
-9.17566e-06
-4.68881e-06
-4.96468e-06
-5.29325e-06
-5.68181e-06
-1.51355e-05
-1.84988e-05
-2.30812e-05
-2.9245e-05
-3.74311e-05
-4.83791e-05
-6.19771e-05
-8.1774e-05
-0.000105666
-0.000131841
-0.00016734
-0.00024795
-0.000426325
-0.000521989
0.000201473
0.000582177
0.000743211
0.000602998
2.16986e-05
)
;
    }
    defaultFaces
    {
        type            empty;
        value           nonuniform 0();
    }
}


// ************************************************************************* //
