/*--------------------------------*- C++ -*----------------------------------*\
| =========                 |                                                 |
| \\      /  F ield         | OpenFOAM: The Open Source CFD Toolbox           |
|  \\    /   O peration     | Version:  5.x                                   |
|   \\  /    A nd           | Web:      www.OpenFOAM.org                      |
|    \\/     M anipulation  |                                                 |
\*---------------------------------------------------------------------------*/
FoamFile
{
    version     2.0;
    format      ascii;
    class       volVectorField;
    location    "0.25";
    object      U;
}
// * * * * * * * * * * * * * * * * * * * * * * * * * * * * * * * * * * * * * //

dimensions      [0 1 -1 0 0 0 0];

internalField   nonuniform List<vector> 
2268
(
(-0.00965292 -0.0010818 0)
(0.0226032 -0.0123686 0)
(0.0907669 -0.0166877 0)
(0.16275 -0.0162954 0)
(0.228655 -0.0143161 0)
(0.285776 -0.0125104 0)
(0.336168 -0.0113837 0)
(0.383079 -0.0108344 0)
(0.428592 -0.0105788 0)
(0.473304 -0.0103393 0)
(0.516765 -0.00990993 0)
(0.557852 -0.00914401 0)
(0.594873 -0.00794243 0)
(0.625775 -0.00605737 0)
(0.646673 -0.0034178 0)
(0.655384 0.00269873 0)
(0.633165 0.0144527 0)
(0.563272 0.0329699 0)
(0.426097 0.0553505 0)
(0.213038 0.0691796 0)
(-0.0638454 0.0379726 0)
(-0.269035 -0.0515969 0)
(-0.0795072 -0.10892 0)
(-0.00928625 -0.00356246 0)
(0.0238018 -0.0373677 0)
(0.09226 -0.0502776 0)
(0.164152 -0.0491263 0)
(0.229764 -0.0432328 0)
(0.286736 -0.0378516 0)
(0.33726 -0.0345114 0)
(0.384527 -0.0329023 0)
(0.430532 -0.0321625 0)
(0.47581 -0.0314627 0)
(0.519888 -0.0301939 0)
(0.561642 -0.0279338 0)
(0.599499 -0.0243416 0)
(0.631255 -0.0189229 0)
(0.655257 -0.0110143 0)
(0.666412 0.00201922 0)
(0.673933 0.023724 0)
(0.676106 0.0579256 0)
(0.653688 0.106381 0)
(0.554792 0.159584 0)
(0.330916 0.165225 0)
(-0.0128983 0.089398 0)
(0.0746012 -0.123078 0)
(-0.00858534 -0.0064496 0)
(0.0256614 -0.0624368 0)
(0.0940738 -0.0836678 0)
(0.16522 -0.0816021 0)
(0.229762 -0.071793 0)
(0.285949 -0.0629429 0)
(0.336229 -0.0575412 0)
(0.383715 -0.0550009 0)
(0.430225 -0.0538526 0)
(0.476158 -0.0527299 0)
(0.520981 -0.0506495 0)
(0.563582 -0.0469388 0)
(0.602433 -0.0410292 0)
(0.635628 -0.0322879 0)
(0.660872 -0.0196461 0)
(0.675493 -0.00236199 0)
(0.676534 0.0223369 0)
(0.664615 0.0601333 0)
(0.652158 0.119462 0)
(0.639608 0.202061 0)
(0.57145 0.256075 0)
(0.317981 0.183343 0)
(0.196196 -0.0435482 0)
(-0.00752264 -0.00999073 0)
(0.0284251 -0.0878092 0)
(0.0966785 -0.116858 0)
(0.166707 -0.113564 0)
(0.229768 -0.0998728 0)
(0.284932 -0.0877967 0)
(0.334978 -0.0806103 0)
(0.38288 -0.077348 0)
(0.43019 -0.0759134 0)
(0.477118 -0.0744343 0)
(0.523053 -0.0715959 0)
(0.566904 -0.0665055 0)
(0.607238 -0.0584241 0)
(0.642293 -0.0465249 0)
(0.670004 -0.029702 0)
(0.687968 -0.00638915 0)
(0.693672 0.0255857 0)
(0.683705 0.0692362 0)
(0.659893 0.128586 0)
(0.637209 0.212415 0)
(0.633067 0.299757 0)
(0.484589 0.282387 0)
(0.284217 0.0983165 0)
(-0.00607621 -0.0144992 0)
(0.0319809 -0.113589 0)
(0.0998646 -0.149662 0)
(0.16835 -0.144728 0)
(0.22955 -0.127273 0)
(0.283528 -0.112354 0)
(0.333395 -0.103767 0)
(0.381899 -0.100048 0)
(0.430247 -0.0984727 0)
(0.478418 -0.0967156 0)
(0.525727 -0.0931868 0)
(0.571123 -0.0868163 0)
(0.613297 -0.0767201 0)
(0.650674 -0.061926 0)
(0.681426 -0.0411485 0)
(0.703426 -0.0126329 0)
(0.714409 0.0258244 0)
(0.711327 0.0768089 0)
(0.69242 0.141392 0)
(0.652221 0.221066 0)
(0.631858 0.321482 0)
(0.537539 0.372252 0)
(0.333963 0.281642 0)
(-0.00420922 -0.0203385 0)
(0.0361506 -0.139759 0)
(0.103414 -0.181893 0)
(0.169932 -0.174886 0)
(0.228967 -0.153856 0)
(0.281695 -0.136591 0)
(0.331494 -0.127076 0)
(0.380777 -0.12321 0)
(0.430338 -0.121656 0)
(0.479914 -0.119713 0)
(0.528762 -0.115591 0)
(0.575905 -0.108093 0)
(0.620191 -0.0962258 0)
(0.660264 -0.0788914 0)
(0.694527 -0.0546449 0)
(0.721065 -0.0215584 0)
(0.737754 0.0228033 0)
(0.741418 0.0806911 0)
(0.730693 0.153869 0)
(0.693362 0.239075 0)
(0.644498 0.346503 0)
(0.556267 0.454962 0)
(0.358584 0.485571 0)
(-0.001927 -0.0275481 0)
(0.0407424 -0.166314 0)
(0.107123 -0.213537 0)
(0.171302 -0.204064 0)
(0.227978 -0.179671 0)
(0.279491 -0.160547 0)
(0.329376 -0.150555 0)
(0.379595 -0.146819 0)
(0.430479 -0.145416 0)
(0.481536 -0.143347 0)
(0.532002 -0.138703 0)
(0.581028 -0.130216 0)
(0.627666 -0.116817 0)
(0.670783 -0.0973004 0)
(0.708972 -0.0700908 0)
(0.740498 -0.0331202 0)
(0.763307 0.0162424 0)
(0.774357 0.0804728 0)
(0.771261 0.162142 0)
(0.746061 0.259561 0)
(0.690271 0.380431 0)
(0.59552 0.528668 0)
(0.408151 0.691494 0)
(0.00067288 -0.0362007 0)
(0.0455256 -0.193404 0)
(0.110753 -0.24455 0)
(0.172369 -0.232265 0)
(0.226684 -0.204829 0)
(0.277136 -0.184358 0)
(0.327279 -0.174285 0)
(0.378536 -0.170886 0)
(0.43078 -0.169702 0)
(0.483334 -0.167515 0)
(0.535484 -0.162358 0)
(0.586584 -0.152943 0)
(0.635928 -0.138138 0)
(0.682556 -0.116623 0)
(0.725169 -0.0866674 0)
(0.762164 -0.0460797 0)
(0.791467 0.00786821 0)
(0.810366 0.0781091 0)
(0.815516 0.167215 0)
(0.80387 0.276434 0)
(0.759523 0.415711 0)
(0.678147 0.603754 0)
(0.403361 0.960811 0)
(0.0408183 -0.0192528 0)
(0.108851 -0.00971809 0)
(0.134995 -0.00309175 0)
(0.147448 -0.00175828 0)
(0.159176 -0.00125084 0)
(0.166737 -0.000822084 0)
(0.171606 -0.00040252 0)
(0.174535 -8.46488e-05 0)
(0.175485 0.000265459 0)
(0.174068 0.000761186 0)
(0.169729 0.00140803 0)
(0.161527 0.00213759 0)
(0.149608 0.00286956 0)
(0.133986 0.00354561 0)
(0.114808 0.00421921 0)
(0.0926219 0.00476054 0)
(0.0679309 0.00519877 0)
(0.0414466 0.00550301 0)
(0.0138766 0.00572164 0)
(0.0292785 -0.0495851 0)
(0.0982095 -0.027755 0)
(0.126364 -0.0122474 0)
(0.144787 -0.00909691 0)
(0.161551 -0.00627293 0)
(0.171822 -0.00417388 0)
(0.17865 -0.00269622 0)
(0.183456 -0.00147565 0)
(0.186072 -0.000182005 0)
(0.185954 0.00156372 0)
(0.182749 0.00371202 0)
(0.17582 0.00617747 0)
(0.164581 0.00873851 0)
(0.148716 0.0111974 0)
(0.12842 0.0135199 0)
(0.104204 0.0154687 0)
(0.0767749 0.016998 0)
(0.046963 0.0180308 0)
(0.0156677 0.0184258 0)
(0.0366781 -0.0790879 0)
(0.110265 -0.0469198 0)
(0.133971 -0.0212756 0)
(0.148135 -0.0170637 0)
(0.163633 -0.0115068 0)
(0.172838 -0.00745683 0)
(0.178979 -0.00497072 0)
(0.183417 -0.00292597 0)
(0.18595 -0.000760851 0)
(0.185965 0.00219027 0)
(0.182821 0.00583275 0)
(0.175707 0.0100547 0)
(0.164243 0.0145529 0)
(0.148241 0.0189487 0)
(0.127877 0.0230345 0)
(0.103677 0.0265136 0)
(0.0763363 0.0292401 0)
(0.0466747 0.0310641 0)
(0.0155579 0.0317857 0)
(0.0483247 -0.115894 0)
(0.123552 -0.0640953 0)
(0.140008 -0.0265502 0)
(0.149892 -0.023889 0)
(0.165818 -0.016027 0)
(0.174279 -0.0101995 0)
(0.179818 -0.00691257 0)
(0.184141 -0.00432624 0)
(0.186878 -0.00136905 0)
(0.187252 0.00274837 0)
(0.184399 0.00794623 0)
(0.177411 0.0139623 0)
(0.165895 0.0204103 0)
(0.149724 0.0267404 0)
(0.129121 0.0325631 0)
(0.104643 0.0375464 0)
(0.0770178 0.0414637 0)
(0.0470745 0.044088 0)
(0.0156927 0.0451292 0)
(0.0651481 -0.172422 0)
(0.141741 -0.0798229 0)
(0.1454 -0.0291615 0)
(0.150276 -0.0318344 0)
(0.168641 -0.0205385 0)
(0.176241 -0.0125185 0)
(0.180874 -0.00872047 0)
(0.185137 -0.00581774 0)
(0.188323 -0.00217035 0)
(0.189306 0.00308898 0)
(0.18696 0.00990846 0)
(0.180305 0.0178291 0)
(0.168883 0.0262873 0)
(0.152554 0.0346248 0)
(0.131623 0.0422235 0)
(0.106698 0.0487508 0)
(0.0785283 0.0538465 0)
(0.047991 0.0572811 0)
(0.0160018 0.0586345 0)
(0.0848976 -0.218265 0)
(0.181356 -0.0851108 0)
(0.152034 -0.0251033 0)
(0.146707 -0.041874 0)
(0.171103 -0.0247133 0)
(0.178158 -0.0140323 0)
(0.181783 -0.010289 0)
(0.186133 -0.00743707 0)
(0.190012 -0.00328459 0)
(0.191878 0.00312145 0)
(0.190264 0.011643 0)
(0.18406 0.021592 0)
(0.172773 0.032195 0)
(0.156266 0.0426077 0)
(0.134917 0.0520949 0)
(0.109408 0.0602098 0)
(0.0805243 0.0665108 0)
(0.0492113 0.070784 0)
(0.0164109 0.0724499 0)
(0.0786675 -0.24008 0)
(0.221742 -0.081423 0)
(0.152276 -0.000233007 0)
(0.135798 -0.0548762 0)
(0.173391 -0.0296854 0)
(0.179649 -0.0151324 0)
(0.182102 -0.0118089 0)
(0.186843 -0.00943235 0)
(0.191792 -0.00488368 0)
(0.194905 0.00275298 0)
(0.194301 0.0130444 0)
(0.18869 0.0252001 0)
(0.177553 0.0381281 0)
(0.160816 0.0507435 0)
(0.138951 0.0622209 0)
(0.11271 0.0719851 0)
(0.0829539 0.0795498 0)
(0.0506957 0.084675 0)
(0.0169062 0.0866607 0)
(0.0771334 -0.450016 0)
(0.112217 -0.0962057 0)
(0.120538 0.0124931 0)
(0.11645 -0.0853584 0)
(0.180273 -0.0352266 0)
(0.182886 -0.0149345 0)
(0.182691 -0.0128416 0)
(0.187758 -0.01152 0)
(0.193997 -0.00698194 0)
(0.198539 0.00179985 0)
(0.199147 0.0140173 0)
(0.194271 0.0285861 0)
(0.183291 0.0440277 0)
(0.166249 0.0589929 0)
(0.143746 0.0725666 0)
(0.11662 0.0840731 0)
(0.0858201 0.0929562 0)
(0.0524447 0.0989534 0)
(0.0174903 0.101278 0)
(0.00490139 -0.053955 0)
(0.0528432 -0.236843 0)
(0.115839 -0.290794 0)
(0.173376 -0.273476 0)
(0.224452 -0.242565 0)
(0.273803 -0.22156 0)
(0.324673 -0.212398 0)
(0.377627 -0.210026 0)
(0.431985 -0.209418 0)
(0.486967 -0.207277 0)
(0.54211 -0.20175 0)
(0.597106 -0.191556 0)
(0.651437 -0.175439 0)
(0.704177 -0.151902 0)
(0.754369 -0.118888 0)
(0.801111 -0.0738617 0)
(0.84259 -0.0134388 0)
(0.875695 0.0659952 0)
(0.895803 0.16668 0)
(0.90706 0.292367 0)
(0.89662 0.456402 0)
(0.937435 0.645362 0)
(0.926188 1.11516 0)
(0.0107292 -0.0835744 0)
(0.0626183 -0.296423 0)
(0.122237 -0.349971 0)
(0.174171 -0.325336 0)
(0.221467 -0.291652 0)
(0.270126 -0.272082 0)
(0.32244 -0.26553 0)
(0.377826 -0.265232 0)
(0.43511 -0.265854 0)
(0.4936 -0.264427 0)
(0.553235 -0.259513 0)
(0.613823 -0.249745 0)
(0.674521 -0.233411 0)
(0.734493 -0.208734 0)
(0.794132 -0.173306 0)
(0.854862 -0.124523 0)
(0.916496 -0.0582419 0)
(0.974271 0.0260868 0)
(1.02301 0.131244 0)
(1.067 0.257246 0)
(1.09743 0.410756 0)
(1.16352 0.568583 0)
(1.25759 0.827497 0)
(0.0168357 -0.121579 0)
(0.0717006 -0.356039 0)
(0.127174 -0.403201 0)
(0.173574 -0.371728 0)
(0.218118 -0.338634 0)
(0.267029 -0.323324 0)
(0.320994 -0.320862 0)
(0.378336 -0.323369 0)
(0.437585 -0.325977 0)
(0.498156 -0.326391 0)
(0.559983 -0.323425 0)
(0.622452 -0.314687 0)
(0.684408 -0.297473 0)
(0.748256 -0.27154 0)
(0.817544 -0.235104 0)
(0.895569 -0.188553 0)
(0.979088 -0.120925 0)
(1.06066 -0.0222901 0)
(1.13496 0.113875 0)
(1.19542 0.270841 0)
(1.2456 0.423013 0)
(1.30335 0.552362 0)
(1.38765 0.661225 0)
(0.0229076 -0.167076 0)
(0.0795724 -0.414847 0)
(0.129934 -0.451178 0)
(0.171294 -0.414695 0)
(0.214143 -0.385428 0)
(0.26338 -0.376072 0)
(0.317649 -0.377998 0)
(0.374235 -0.383101 0)
(0.431561 -0.387299 0)
(0.489107 -0.38859 0)
(0.547025 -0.385588 0)
(0.606479 -0.374841 0)
(0.669121 -0.356859 0)
(0.747538 -0.341232 0)
(0.845317 -0.323386 0)
(0.957828 -0.306162 0)
(1.07551 -0.265004 0)
(1.18634 -0.186026 0)
(1.27381 -0.0742782 0)
(1.32705 0.0639874 0)
(1.36238 0.216635 0)
(1.39849 0.377705 0)
(1.46133 0.517949 0)
(0.0291235 -0.219734 0)
(0.0858133 -0.471877 0)
(0.128656 -0.494013 0)
(0.164904 -0.455106 0)
(0.205958 -0.432047 0)
(0.253525 -0.428506 0)
(0.304306 -0.432992 0)
(0.355352 -0.438229 0)
(0.406375 -0.441357 0)
(0.458464 -0.440968 0)
(0.515857 -0.438888 0)
(0.585889 -0.435229 0)
(0.676792 -0.442347 0)
(0.810962 -0.477267 0)
(0.9724 -0.496689 0)
(1.13413 -0.487226 0)
(1.26586 -0.409588 0)
(1.35738 -0.267312 0)
(1.41337 -0.0289605 0)
(1.42182 0.165678 0)
(1.42593 0.292144 0)
(1.43925 0.389525 0)
(1.47563 0.473198 0)
(0.0353999 -0.27938 0)
(0.0908892 -0.522054 0)
(0.121376 -0.527951 0)
(0.151536 -0.490631 0)
(0.189863 -0.474856 0)
(0.233826 -0.474977 0)
(0.280077 -0.479421 0)
(0.328215 -0.48427 0)
(0.383278 -0.489735 0)
(0.450874 -0.498996 0)
(0.543676 -0.519728 0)
(0.679678 -0.558087 0)
(0.850197 -0.612447 0)
(1.09035 -0.701326 0)
(1.33195 -0.681006 0)
(1.50903 -0.597799 0)
(1.53909 -0.426997 0)
(1.44379 -0.22548 0)
(1.48836 0.0164739 0)
(1.59398 0.22776 0)
(1.637 0.355964 0)
(1.60111 0.420233 0)
(1.54598 0.464725 0)
(0.0447677 -0.348778 0)
(0.102552 -0.557891 0)
(0.112783 -0.5487 0)
(0.137012 -0.521481 0)
(0.176911 -0.515055 0)
(0.224913 -0.519237 0)
(0.281238 -0.5293 0)
(0.351529 -0.545919 0)
(0.451747 -0.574949 0)
(0.586394 -0.621026 0)
(0.779943 -0.697645 0)
(1.11671 -0.800829 0)
(1.36066 -0.860706 0)
(1.54189 -0.908001 0)
(1.58854 -0.712699 0)
(1.56197 -0.519489 0)
(1.39077 -0.255301 0)
(1.2796 -0.159257 0)
(1.41022 -0.257647 0)
(1.72214 -0.137725 0)
(2.07738 0.247336 0)
(2.18055 0.536437 0)
(2.05846 0.597498 0)
(0.0625983 -0.42938 0)
(0.134266 -0.592332 0)
(0.123768 -0.56447 0)
(0.150798 -0.559881 0)
(0.212005 -0.571074 0)
(0.28946 -0.589843 0)
(0.386211 -0.61944 0)
(0.525383 -0.671124 0)
(0.743397 -0.766442 0)
(0.942175 -0.840199 0)
(1.15569 -1.00222 0)
(1.32129 -0.995245 0)
(1.49694 -0.972238 0)
(1.61113 -0.91584 0)
(1.6396 -0.721578 0)
(1.53241 -0.404277 0)
(1.34175 -0.136592 0)
(1.31729 -0.30475 0)
(1.40796 -0.521876 0)
(1.52738 -0.485023 0)
(1.75594 -0.166602 0)
(2.05268 0.328762 0)
(2.18133 0.677669 0)
(0.0690863 -0.538639 0)
(0.176801 -0.654184 0)
(0.19224 -0.581502 0)
(0.247056 -0.620227 0)
(0.360291 -0.680513 0)
(0.477224 -0.717566 0)
(0.600971 -0.762967 0)
(0.716176 -0.859426 0)
(0.84047 -0.922286 0)
(1.00124 -0.979571 0)
(1.17868 -1.10141 0)
(1.34502 -1.16529 0)
(1.4862 -1.15007 0)
(1.57558 -1.01101 0)
(1.60096 -0.711526 0)
(1.50346 -0.258022 0)
(1.35823 -0.0383619 0)
(1.31692 -0.347098 0)
(1.32209 -0.504262 0)
(1.30654 -0.465227 0)
(1.32662 -0.211922 0)
(1.44731 0.209409 0)
(1.6059 0.567673 0)
(0.0104136 -0.704284 0)
(0.0952301 -0.676052 0)
(0.222632 -0.628249 0)
(0.280823 -0.693573 0)
(0.33641 -0.750292 0)
(0.409306 -0.776132 0)
(0.499261 -0.835956 0)
(0.601238 -0.93451 0)
(0.720483 -1.0579 0)
(0.86525 -1.19365 0)
(1.02838 -1.30022 0)
(1.17194 -1.3461 0)
(1.27473 -1.27942 0)
(1.3319 -1.07428 0)
(1.33084 -0.689677 0)
(1.26861 -0.149138 0)
(1.21289 -0.0105676 0)
(1.18538 -0.285399 0)
(1.15302 -0.457122 0)
(1.08235 -0.413336 0)
(0.999882 -0.186158 0)
(0.927339 0.136796 0)
(1.03252 0.354987 0)
(-0.00972324 -0.687871 0)
(0.028264 -0.705688 0)
(0.122188 -0.737494 0)
(0.204509 -0.773588 0)
(0.265255 -0.817958 0)
(0.324757 -0.872916 0)
(0.389586 -0.947616 0)
(0.469906 -1.0563 0)
(0.56826 -1.20554 0)
(0.681568 -1.35185 0)
(0.809762 -1.42772 0)
(0.889765 -1.45183 0)
(0.92057 -1.34098 0)
(0.943588 -1.06865 0)
(0.892948 -0.61463 0)
(0.838499 -0.0740238 0)
(0.915158 -0.0636624 0)
(0.953147 -0.297305 0)
(0.923274 -0.402626 0)
(0.850148 -0.298455 0)
(0.710052 -0.0550373 0)
(0.679947 0.100455 0)
(0.821537 0.163307 0)
(0.0109715 -0.699519 0)
(0.0510392 -0.855643 0)
(0.106304 -0.826515 0)
(0.160068 -0.835234 0)
(0.207232 -0.875744 0)
(0.252375 -0.931673 0)
(0.294956 -1.00839 0)
(0.348115 -1.12735 0)
(0.404651 -1.29241 0)
(0.458735 -1.44141 0)
(0.524822 -1.49872 0)
(0.540863 -1.4904 0)
(0.487415 -1.33467 0)
(0.490812 -0.988153 0)
(0.398345 -0.468543 0)
(0.455634 -0.14532 0)
(0.606592 -0.216934 0)
(0.667903 -0.331489 0)
(0.632466 -0.311903 0)
(0.539028 -0.147663 0)
(0.514417 -0.0282335 0)
(0.637356 -0.0124547 0)
(0.844363 -0.0354787 0)
(0.0315118 -0.739847 0)
(0.06172 -0.882636 0)
(0.0840984 -0.858045 0)
(0.121494 -0.873184 0)
(0.155511 -0.912344 0)
(0.183781 -0.963986 0)
(0.205054 -1.03863 0)
(0.224441 -1.15952 0)
(0.226814 -1.3228 0)
(0.213505 -1.46238 0)
(0.20614 -1.50953 0)
(0.170311 -1.45615 0)
(0.077317 -1.28317 0)
(0.048023 -0.896889 0)
(0.0301676 -0.476215 0)
(0.210283 -0.369677 0)
(0.30438 -0.358516 0)
(0.334991 -0.299715 0)
(0.273831 -0.191608 0)
(0.318566 -0.154815 0)
(0.465092 -0.180832 0)
(0.655476 -0.231507 0)
(0.870637 -0.284814 0)
(0.0314313 -0.787449 0)
(0.0526794 -0.901174 0)
(0.0634867 -0.882253 0)
(0.0900983 -0.901391 0)
(0.111449 -0.935406 0)
(0.124397 -0.978679 0)
(0.127672 -1.04181 0)
(0.115513 -1.14681 0)
(0.0722579 -1.28978 0)
(0.0031556 -1.41255 0)
(-0.0755372 -1.45364 0)
(-0.157526 -1.38572 0)
(-0.265332 -1.19998 0)
(-0.299443 -0.863859 0)
(-0.174708 -0.556659 0)
(-0.11818 -0.472774 0)
(-0.0647038 -0.362619 0)
(-0.00855816 -0.223132 0)
(0.116739 -0.295035 0)
(0.289074 -0.344472 0)
(0.464035 -0.384367 0)
(0.640978 -0.436593 0)
(0.833394 -0.504078 0)
(0.0242793 -0.828499 0)
(0.0400386 -0.909346 0)
(0.0466634 -0.900319 0)
(0.0644067 -0.918876 0)
(0.0756817 -0.945815 0)
(0.0786053 -0.978774 0)
(0.0714209 -1.02447 0)
(0.0424212 -1.10297 0)
(-0.0232986 -1.21324 0)
(-0.124782 -1.31029 0)
(-0.248982 -1.34117 0)
(-0.37538 -1.27783 0)
(-0.474555 -1.11318 0)
(-0.511341 -0.88157 0)
(-0.445465 -0.652591 0)
(-0.370119 -0.529048 0)
(-0.237918 -0.460009 0)
(-0.0433605 -0.454048 0)
(0.125449 -0.499881 0)
(0.278066 -0.513815 0)
(0.433486 -0.548486 0)
(0.591305 -0.606726 0)
(0.759151 -0.689679 0)
(0.0165415 -0.858388 0)
(0.0282991 -0.913098 0)
(0.032791 -0.912143 0)
(0.0432532 -0.928116 0)
(0.0481807 -0.949013 0)
(0.0464295 -0.972924 0)
(0.0363314 -1.00218 0)
(0.00853633 -1.05163 0)
(-0.0538243 -1.1245 0)
(-0.153776 -1.19219 0)
(-0.275319 -1.21463 0)
(-0.392673 -1.16984 0)
(-0.470116 -1.06105 0)
(-0.480796 -0.9148 0)
(-0.415473 -0.772395 0)
(-0.291359 -0.694218 0)
(-0.149781 -0.66063 0)
(-0.00928743 -0.641851 0)
(0.117509 -0.633912 0)
(0.251243 -0.655016 0)
(0.389428 -0.695992 0)
(0.531169 -0.758421 0)
(0.680095 -0.852487 0)
(0.0101885 -0.878303 0)
(0.0182547 -0.915898 0)
(0.0213567 -0.919459 0)
(0.0265333 -0.932386 0)
(0.02762 -0.948675 0)
(0.0239172 -0.966293 0)
(0.01554 -0.984621 0)
(-0.0031524 -1.01147 0)
(-0.0462166 -1.0542 0)
(-0.117312 -1.09813 0)
(-0.203176 -1.1177 0)
(-0.282893 -1.09648 0)
(-0.331027 -1.03476 0)
(-0.325388 -0.950471 0)
(-0.268164 -0.869503 0)
(-0.185063 -0.81074 0)
(-0.0972721 -0.772391 0)
(-0.00427986 -0.748157 0)
(0.101987 -0.752819 0)
(0.217229 -0.78203 0)
(0.337303 -0.826742 0)
(0.462545 -0.893893 0)
(0.594704 -0.99676 0)
(0.00577139 -0.890038 0)
(0.0103704 -0.917881 0)
(0.0119025 -0.923017 0)
(0.0134052 -0.93333 0)
(0.0119175 -0.946215 0)
(0.00702365 -0.96012 0)
(-0.000215327 -0.97326 0)
(-0.0116063 -0.988657 0)
(-0.0355123 -1.01233 0)
(-0.0768088 -1.04014 0)
(-0.128985 -1.05677 0)
(-0.178242 -1.04912 0)
(-0.209295 -1.01517 0)
(-0.211584 -0.964584 0)
(-0.18487 -0.913458 0)
(-0.138275 -0.87224 0)
(-0.0787714 -0.844258 0)
(-0.00536222 -0.836898 0)
(0.0821299 -0.853763 0)
(0.176298 -0.888193 0)
(0.276805 -0.939272 0)
(0.383876 -1.01241 0)
(0.498245 -1.12217 0)
(0.00283162 -0.895932 0)
(0.00439743 -0.918641 0)
(0.00413685 -0.923602 0)
(0.00296562 -0.931833 0)
(-0.000433696 -0.942079 0)
(-0.0064674 -0.953476 0)
(-0.0143033 -0.964577 0)
(-0.023617 -0.975696 0)
(-0.0379998 -0.989794 0)
(-0.0621938 -1.00635 0)
(-0.094887 -1.01754 0)
(-0.128144 -1.01494 0)
(-0.151644 -0.996632 0)
(-0.157586 -0.967439 0)
(-0.144824 -0.936351 0)
(-0.115803 -0.912251 0)
(-0.0711934 -0.901625 0)
(-0.0128263 -0.908602 0)
(0.0544553 -0.93314 0)
(0.127958 -0.974601 0)
(0.208764 -1.03204 0)
(0.295653 -1.11126 0)
(0.388745 -1.22693 0)
(0.000849591 -0.897791 0)
(-0.000117819 -0.917699 0)
(-0.00215306 -0.921884 0)
(-0.00533503 -0.928438 0)
(-0.0102327 -0.936552 0)
(-0.0172554 -0.945772 0)
(-0.0261718 -0.955332 0)
(-0.0363792 -0.964714 0)
(-0.0488155 -0.974347 0)
(-0.0660936 -0.984153 0)
(-0.0884189 -0.990976 0)
(-0.111263 -0.990075 0)
(-0.128169 -0.980101 0)
(-0.134139 -0.964941 0)
(-0.12688 -0.950705 0)
(-0.106104 -0.942654 0)
(-0.072933 -0.945242 0)
(-0.03023 -0.96195 0)
(0.0189031 -0.993939 0)
(0.0739159 -1.04139 0)
(0.1348 -1.10435 0)
(0.199658 -1.18834 0)
(0.267937 -1.3077 0)
(-0.00046944 -0.896784 0)
(-0.00351329 -0.915038 0)
(-0.00720762 -0.918324 0)
(-0.0119112 -0.923555 0)
(-0.0179805 -0.929967 0)
(-0.0257079 -0.937259 0)
(-0.0351973 -0.945063 0)
(-0.0462839 -0.95294 0)
(-0.0589293 -0.960464 0)
(-0.0736723 -0.967211 0)
(-0.0905605 -0.972067 0)
(-0.107266 -0.973169 0)
(-0.119636 -0.969901 0)
(-0.124318 -0.964609 0)
(-0.119898 -0.961417 0)
(-0.106243 -0.964075 0)
(-0.0842712 -0.975775 0)
(-0.0557903 -0.999478 0)
(-0.0223629 -1.03717 0)
(0.015107 -1.0891 0)
(0.0561857 -1.15591 0)
(0.0992197 -1.24253 0)
(0.142257 -1.36191 0)
(-0.0014163 -0.893716 0)
(-0.00610791 -0.91079 0)
(-0.0112087 -0.913315 0)
(-0.0171193 -0.917484 0)
(-0.0241167 -0.922587 0)
(-0.0323737 -0.928366 0)
(-0.0420016 -0.934573 0)
(-0.0530678 -0.940983 0)
(-0.0654725 -0.947245 0)
(-0.0789711 -0.952892 0)
(-0.0931208 -0.957377 0)
(-0.106585 -0.960114 0)
(-0.116963 -0.961314 0)
(-0.122135 -0.962782 0)
(-0.121307 -0.967133 0)
(-0.114644 -0.976827 0)
(-0.102798 -0.994483 0)
(-0.0867652 -1.02292 0)
(-0.0676906 -1.0642 0)
(-0.0467384 -1.11878 0)
(-0.0246218 -1.18681 0)
(-0.00220797 -1.27324 0)
(0.0162683 -1.38986 0)
(-0.00213732 -0.889066 0)
(-0.00813013 -0.905235 0)
(-0.0143728 -0.907152 0)
(-0.0212582 -0.910463 0)
(-0.0290187 -0.914546 0)
(-0.0377632 -0.9192 0)
(-0.0475286 -0.924225 0)
(-0.0583623 -0.929466 0)
(-0.0702561 -0.934744 0)
(-0.0829576 -0.93979 0)
(-0.0959014 -0.944408 0)
(-0.108126 -0.948645 0)
(-0.1183 -0.953002 0)
(-0.1253 -0.958691 0)
(-0.12873 -0.967487 0)
(-0.128764 -0.98139 0)
(-0.125891 -1.00265 0)
(-0.120896 -1.0337 0)
(-0.114916 -1.07643 0)
(-0.109244 -1.13129 0)
(-0.104578 -1.19827 0)
(-0.10181 -1.28166 0)
(-0.106287 -1.39298 0)
(-0.00270409 -0.883201 0)
(-0.00972069 -0.898618 0)
(-0.016881 -0.900056 0)
(-0.0245553 -0.902668 0)
(-0.0329551 -0.905922 0)
(-0.0421634 -0.909683 0)
(-0.052206 -0.913808 0)
(-0.0630802 -0.918173 0)
(-0.0747633 -0.92269 0)
(-0.0870901 -0.927314 0)
(-0.0996506 -0.932089 0)
(-0.111825 -0.93724 0)
(-0.122918 -0.943322 0)
(-0.132386 -0.951319 0)
(-0.140055 -0.962554 0)
(-0.14615 -0.978625 0)
(-0.151217 -1.00142 0)
(-0.156091 -1.03298 0)
(-0.161964 -1.07498 0)
(-0.170194 -1.12793 0)
(-0.181501 -1.19167 0)
(-0.196931 -1.26976 0)
(-0.222058 -1.37314 0)
(-0.00315799 -0.876382 0)
(-0.0109657 -0.891163 0)
(-0.0188572 -0.892209 0)
(-0.0271647 -0.894239 0)
(-0.0360994 -0.896792 0)
(-0.0457245 -0.899785 0)
(-0.056087 -0.903134 0)
(-0.0671847 -0.906777 0)
(-0.0789784 -0.910682 0)
(-0.0913603 -0.914886 0)
(-0.104124 -0.919552 0)
(-0.116953 -0.925011 0)
(-0.129503 -0.931811 0)
(-0.141562 -0.940742 0)
(-0.153173 -0.952833 0)
(-0.164691 -0.969362 0)
(-0.176772 -0.991863 0)
(-0.190355 -1.02202 0)
(-0.206718 -1.06132 0)
(-0.227334 -1.11023 0)
(-0.253128 -1.16846 0)
(-0.285527 -1.23879 0)
(-0.330461 -1.33137 0)
(-0.00352005 -0.868822 0)
(-0.0119181 -0.883053 0)
(-0.020382 -0.883766 0)
(-0.0291885 -0.885295 0)
(-0.0385617 -0.887232 0)
(-0.0485497 -0.889542 0)
(-0.0592154 -0.892177 0)
(-0.0705868 -0.895126 0)
(-0.0826654 -0.898405 0)
(-0.0954041 -0.902086 0)
(-0.108715 -0.906361 0)
(-0.122495 -0.911582 0)
(-0.136664 -0.918258 0)
(-0.15124 -0.927046 0)
(-0.166433 -0.938748 0)
(-0.182724 -0.954349 0)
(-0.200873 -0.975058 0)
(-0.221913 -1.00224 0)
(-0.247215 -1.03711 0)
(-0.278398 -1.08008 0)
(-0.316692 -1.13064 0)
(-0.363968 -1.19049 0)
(-0.426502 -1.26816 0)
(-0.00380033 -0.860702 0)
(-0.0126126 -0.874445 0)
(-0.021506 -0.874863 0)
(-0.030691 -0.875942 0)
(-0.0404063 -0.877318 0)
(-0.0506979 -0.878989 0)
(-0.0616435 -0.880932 0)
(-0.0733008 -0.883164 0)
(-0.0857172 -0.885725 0)
(-0.098918 -0.888711 0)
(-0.112911 -0.89231 0)
(-0.127727 -0.896833 0)
(-0.143461 -0.902718 0)
(-0.160304 -0.910504 0)
(-0.178606 -0.920813 0)
(-0.198934 -0.934387 0)
(-0.222118 -0.952125 0)
(-0.249259 -0.975063 0)
(-0.281795 -1.00415 0)
(-0.32145 -1.03966 0)
(-0.369727 -1.08082 0)
(-0.428731 -1.12813 0)
(-0.5044 -1.18791 0)
(-0.00400338 -0.852186 0)
(-0.0130744 -0.865479 0)
(-0.0222605 -0.865627 0)
(-0.0317085 -0.866286 0)
(-0.041663 -0.867129 0)
(-0.0521814 -0.868175 0)
(-0.0633548 -0.86942 0)
(-0.0752698 -0.87089 0)
(-0.088007 -0.872636 0)
(-0.101652 -0.874752 0)
(-0.116297 -0.877405 0)
(-0.132073 -0.880845 0)
(-0.149181 -0.885421 0)
(-0.167923 -0.891552 0)
(-0.18875 -0.899706 0)
(-0.212293 -0.910413 0)
(-0.239409 -0.924295 0)
(-0.271227 -0.942071 0)
(-0.309202 -0.964396 0)
(-0.355102 -0.991353 0)
(-0.41064 -1.02196 0)
(-0.478014 -1.05561 0)
(-0.562474 -1.09632 0)
(-0.00413289 -0.843424 0)
(-0.0133244 -0.85629 0)
(-0.0226674 -0.856184 0)
(-0.0322612 -0.856438 0)
(-0.0423428 -0.856763 0)
(-0.0529895 -0.857184 0)
(-0.0643008 -0.857708 0)
(-0.07639 -0.858362 0)
(-0.0893681 -0.859193 0)
(-0.103365 -0.86028 0)
(-0.118533 -0.861753 0)
(-0.135073 -0.863803 0)
(-0.153256 -0.866685 0)
(-0.173449 -0.870702 0)
(-0.196157 -0.876175 0)
(-0.222042 -0.883441 0)
(-0.251967 -0.892876 0)
(-0.287037 -0.904913 0)
(-0.328655 -0.91992 0)
(-0.378547 -0.937773 0)
(-0.4385 -0.957286 0)
(-0.510587 -0.976951 0)
(-0.598999 -0.998525 0)
(-0.0041933 -0.834556 0)
(-0.0133798 -0.847011 0)
(-0.0227433 -0.846661 0)
(-0.0323604 -0.846517 0)
(-0.0424482 -0.846332 0)
(-0.0531067 -0.846125 0)
(-0.064441 -0.845905 0)
(-0.076585 -0.845691 0)
(-0.0896732 -0.845518 0)
(-0.103867 -0.845446 0)
(-0.119358 -0.845564 0)
(-0.136391 -0.845998 0)
(-0.155277 -0.846913 0)
(-0.176423 -0.848502 0)
(-0.200347 -0.850954 0)
(-0.227706 -0.854439 0)
(-0.259335 -0.859124 0)
(-0.296284 -0.865186 0)
(-0.339849 -0.872722 0)
(-0.391609 -0.881414 0)
(-0.453288 -0.889939 0)
(-0.52669 -0.896163 0)
(-0.61475 -0.900042 0)
(-0.00418892 -0.825706 0)
(-0.0132526 -0.837771 0)
(-0.0225012 -0.837186 0)
(-0.0320135 -0.83665 0)
(-0.0419793 -0.83596 0)
(-0.0525181 -0.83512 0)
(-0.0637398 -0.834138 0)
(-0.0757914 -0.83302 0)
(-0.0888235 -0.831785 0)
(-0.103016 -0.830464 0)
(-0.118586 -0.829102 0)
(-0.135799 -0.827768 0)
(-0.154987 -0.826548 0)
(-0.176565 -0.825534 0)
(-0.201045 -0.824796 0)
(-0.229049 -0.824361 0)
(-0.261353 -0.82422 0)
(-0.298911 -0.82434 0)
(-0.342869 -0.824588 0)
(-0.394612 -0.824478 0)
(-0.455683 -0.82264 0)
(-0.52752 -0.816617 0)
(-0.611907 -0.80509 0)
(-0.00412091 -0.816993 0)
(-0.0129471 -0.8287 0)
(-0.02195 -0.827888 0)
(-0.0312261 -0.826966 0)
(-0.0409389 -0.825779 0)
(-0.0512173 -0.824311 0)
(-0.0621763 -0.822561 0)
(-0.073969 -0.820521 0)
(-0.0867558 -0.81819 0)
(-0.100726 -0.815569 0)
(-0.116106 -0.812665 0)
(-0.133168 -0.809488 0)
(-0.152243 -0.806054 0)
(-0.17374 -0.802372 0)
(-0.198144 -0.798415 0)
(-0.226024 -0.79409 0)
(-0.25807 -0.789239 0)
(-0.295119 -0.783656 0)
(-0.338153 -0.777044 0)
(-0.388326 -0.768808 0)
(-0.446919 -0.757588 0)
(-0.514973 -0.740878 0)
(-0.593354 -0.7166 0)
(-0.00398214 -0.808531 0)
(-0.0124543 -0.819916 0)
(-0.0210905 -0.818888 0)
(-0.0299998 -0.817591 0)
(-0.0393306 -0.815919 0)
(-0.0492067 -0.813835 0)
(-0.0597489 -0.811328 0)
(-0.071109 -0.808371 0)
(-0.0834511 -0.804943 0)
(-0.0969661 -0.801016 0)
(-0.111879 -0.796559 0)
(-0.128457 -0.791533 0)
(-0.147018 -0.785893 0)
(-0.167946 -0.779574 0)
(-0.19169 -0.772472 0)
(-0.218758 -0.764412 0)
(-0.249739 -0.755121 0)
(-0.285335 -0.744259 0)
(-0.32636 -0.731406 0)
(-0.373742 -0.715912 0)
(-0.428479 -0.696485 0)
(-0.491249 -0.670742 0)
(-0.562253 -0.636278 0)
(-0.00375183 -0.80045 0)
(-0.0117459 -0.811536 0)
(-0.0199105 -0.810307 0)
(-0.0283247 -0.808647 0)
(-0.0371518 -0.806511 0)
(-0.0464891 -0.803836 0)
(-0.0564652 -0.800598 0)
(-0.0672234 -0.796752 0)
(-0.0789252 -0.792254 0)
(-0.0917559 -0.787051 0)
(-0.105932 -0.781078 0)
(-0.121707 -0.774257 0)
(-0.139376 -0.766488 0)
(-0.159289 -0.757647 0)
(-0.181848 -0.747571 0)
(-0.207501 -0.736022 0)
(-0.236739 -0.722656 0)
(-0.270122 -0.707037 0)
(-0.308295 -0.688662 0)
(-0.351981 -0.666872 0)
(-0.401916 -0.640495 0)
(-0.45847 -0.607365 0)
(-0.521397 -0.565023 0)
(-0.00339728 -0.792986 0)
(-0.0107755 -0.80374 0)
(-0.0183835 -0.802319 0)
(-0.0261758 -0.800319 0)
(-0.0343827 -0.797744 0)
(-0.0430522 -0.794511 0)
(-0.0523235 -0.790581 0)
(-0.0623241 -0.785893 0)
(-0.0732068 -0.780379 0)
(-0.085144 -0.773963 0)
(-0.0983366 -0.766551 0)
(-0.113017 -0.758029 0)
(-0.129453 -0.748258 0)
(-0.147955 -0.737068 0)
(-0.168875 -0.724245 0)
(-0.192598 -0.709514 0)
(-0.21953 -0.692494 0)
(-0.250102 -0.672692 0)
(-0.2848 -0.649545 0)
(-0.324165 -0.622411 0)
(-0.368717 -0.59028 0)
(-0.418596 -0.551274 0)
(-0.473294 -0.50303 0)
(-0.00289281 -0.786411 0)
(-0.00950283 -0.796689 0)
(-0.016484 -0.795089 0)
(-0.0235274 -0.79278 0)
(-0.0309947 -0.789798 0)
(-0.0388689 -0.786051 0)
(-0.0473016 -0.781484 0)
(-0.0564017 -0.776021 0)
(-0.0663072 -0.769575 0)
(-0.0771708 -0.762046 0)
(-0.0891691 -0.753313 0)
(-0.102506 -0.743232 0)
(-0.117417 -0.731632 0)
(-0.134173 -0.718309 0)
(-0.153073 -0.703012 0)
(-0.174444 -0.685437 0)
(-0.198619 -0.665196 0)
(-0.225925 -0.64178 0)
(-0.256702 -0.614596 0)
(-0.291337 -0.583018 0)
(-0.330195 -0.546208 0)
(-0.37326 -0.502619 0)
(-0.419878 -0.450069 0)
(-0.00225348 -0.780591 0)
(-0.00794682 -0.790116 0)
(-0.014235 -0.788355 0)
(-0.0204119 -0.78579 0)
(-0.0270146 -0.782447 0)
(-0.0339628 -0.778244 0)
(-0.0414188 -0.773111 0)
(-0.0494763 -0.766963 0)
(-0.0582558 -0.759698 0)
(-0.0678867 -0.751197 0)
(-0.078515 -0.741317 0)
(-0.0903081 -0.729888 0)
(-0.103461 -0.716711 0)
(-0.118199 -0.701549 0)
(-0.134772 -0.684128 0)
(-0.153449 -0.66412 0)
(-0.174506 -0.641134 0)
(-0.198198 -0.614678 0)
(-0.224757 -0.584157 0)
(-0.254432 -0.548959 0)
(-0.287467 -0.508411 0)
(-0.323785 -0.461303 0)
(-0.362684 -0.405689 0)
(-0.00155351 -0.775268 0)
(-0.00622297 -0.783662 0)
(-0.0117465 -0.781763 0)
(-0.0169688 -0.779 0)
(-0.0225906 -0.775341 0)
(-0.0284923 -0.770735 0)
(-0.0348347 -0.765096 0)
(-0.0417042 -0.758337 0)
(-0.0492061 -0.750352 0)
(-0.0574489 -0.741011 0)
(-0.0665492 -0.730156 0)
(-0.076636 -0.7176 0)
(-0.0878566 -0.703122 0)
(-0.100381 -0.686463 0)
(-0.114402 -0.667323 0)
(-0.130131 -0.645358 0)
(-0.14779 -0.620174 0)
(-0.167587 -0.591302 0)
(-0.189695 -0.558171 0)
(-0.214279 -0.520172 0)
(-0.241483 -0.476747 0)
(-0.271202 -0.427021 0)
(-0.302793 -0.369302 0)
(-0.000893644 -0.772112 0)
(-0.00448692 -0.778965 0)
(-0.00914268 -0.776959 0)
(-0.0133515 -0.774045 0)
(-0.017892 -0.770115 0)
(-0.0226475 -0.76514 0)
(-0.0277572 -0.759034 0)
(-0.033303 -0.751705 0)
(-0.0393768 -0.743045 0)
(-0.0460717 -0.73292 0)
(-0.0534824 -0.721168 0)
(-0.0617077 -0.707592 0)
(-0.0708535 -0.691961 0)
(-0.0810365 -0.674004 0)
(-0.092386 -0.653408 0)
(-0.105044 -0.629814 0)
(-0.119166 -0.602824 0)
(-0.134907 -0.57199 0)
(-0.152414 -0.536788 0)
(-0.17182 -0.496635 0)
(-0.193216 -0.451046 0)
(-0.216489 -0.399426 0)
(-0.241098 -0.340357 0)
(-0.000345784 -0.773964 0)
(-0.00284198 -0.77893 0)
(-0.00645922 -0.776912 0)
(-0.00958563 -0.773936 0)
(-0.0129418 -0.769844 0)
(-0.0164482 -0.764612 0)
(-0.0202091 -0.758156 0)
(-0.0242964 -0.750383 0)
(-0.0287851 -0.741179 0)
(-0.0337514 -0.730405 0)
(-0.0392726 -0.717892 0)
(-0.0454281 -0.703438 0)
(-0.0522992 -0.686805 0)
(-0.0599697 -0.667716 0)
(-0.0685241 -0.645846 0)
(-0.0780468 -0.620828 0)
(-0.0886234 -0.592247 0)
(-0.100341 -0.559643 0)
(-0.113292 -0.522512 0)
(-0.127607 -0.480318 0)
(-0.143347 -0.432679 0)
(-0.160417 -0.379295 0)
(-0.178376 -0.319053 0)
(4.51687e-05 -0.776354 0)
(-0.00138011 -0.779414 0)
(-0.00376617 -0.77752 0)
(-0.00570996 -0.774588 0)
(-0.00776602 -0.770472 0)
(-0.00990563 -0.765148 0)
(-0.0121938 -0.758543 0)
(-0.0146809 -0.750566 0)
(-0.0174167 -0.741101 0)
(-0.0204519 -0.730002 0)
(-0.02384 -0.717094 0)
(-0.027638 -0.70217 0)
(-0.0319067 -0.684987 0)
(-0.0367098 -0.665262 0)
(-0.0421112 -0.64267 0)
(-0.0481714 -0.616837 0)
(-0.0549443 -0.587334 0)
(-0.0624734 -0.553671 0)
(-0.070796 -0.515294 0)
(-0.0800224 -0.471642 0)
(-0.0901932 -0.422335 0)
(-0.101322 -0.367285 0)
(-0.113211 -0.305729 0)
(0.0001622 -0.767554 0)
(-0.000294048 -0.769346 0)
(-0.00123553 -0.76754 0)
(-0.00191013 -0.764576 0)
(-0.00260513 -0.76036 0)
(-0.003323 -0.754879 0)
(-0.00408694 -0.748076 0)
(-0.00491331 -0.739869 0)
(-0.00581732 -0.730146 0)
(-0.00681484 -0.718768 0)
(-0.00792323 -0.705565 0)
(-0.00916218 -0.69033 0)
(-0.0105549 -0.672821 0)
(-0.0121288 -0.652761 0)
(-0.0139153 -0.629831 0)
(-0.015947 -0.603675 0)
(-0.0182561 -0.573891 0)
(-0.02087 -0.540026 0)
(-0.023804 -0.501556 0)
(-0.0271014 -0.457939 0)
(-0.0307691 -0.40873 0)
(-0.0348918 -0.353797 0)
(-0.0396906 -0.292611 0)
(0.919641 0.966732 0)
(0.532512 0.588709 0)
(0.016935 0.126191 0)
(-0.0958652 -0.36371 0)
(1.42306 1.02302 0)
(1.3996 1.01163 0)
(1.25494 0.885104 0)
(1.08409 0.71698 0)
(1.50464 0.770046 0)
(1.6011 0.849604 0)
(1.66128 0.897655 0)
(1.67278 0.928419 0)
(1.53005 0.608891 0)
(1.59685 0.663057 0)
(1.67104 0.717444 0)
(1.74946 0.784412 0)
(1.51505 0.528573 0)
(1.55566 0.561754 0)
(1.60576 0.596347 0)
(1.66278 0.63822 0)
(1.52073 0.486411 0)
(1.52432 0.494301 0)
(1.54421 0.510401 0)
(1.56922 0.530045 0)
(1.92849 0.578954 0)
(1.82651 0.528188 0)
(1.74917 0.493558 0)
(1.68983 0.48383 0)
(2.16583 0.79927 0)
(2.11162 0.802063 0)
(2.04301 0.762444 0)
(1.97546 0.717687 0)
(1.73024 0.73827 0)
(1.8134 0.801532 0)
(1.88757 0.822639 0)
(1.94283 0.817932 0)
(1.19781 0.453785 0)
(1.33739 0.493701 0)
(1.48623 0.52089 0)
(1.62542 0.534862 0)
(0.988544 0.177465 0)
(1.1161 0.179198 0)
(1.25382 0.189623 0)
(1.38458 0.181949 0)
(1.02287 -0.0586222 0)
(1.14387 -0.0672975 0)
(1.26763 -0.0586956 0)
(1.39601 -0.0599698 0)
(1.04381 -0.324394 0)
(1.16168 -0.34076 0)
(1.28638 -0.341982 0)
(1.42373 -0.351179 0)
(0.984911 -0.561669 0)
(1.09135 -0.593985 0)
(1.20964 -0.621365 0)
(1.3412 -0.652178 0)
(0.88784 -0.765949 0)
(0.980211 -0.818184 0)
(1.08299 -0.869522 0)
(1.19603 -0.908962 0)
(0.793676 -0.944078 0)
(0.871762 -1.01601 0)
(0.967831 -1.08257 0)
(1.05914 -1.13498 0)
(0.692955 -1.10084 0)
(0.759377 -1.18921 0)
(0.849339 -1.27476 0)
(0.909021 -1.34031 0)
(0.58082 -1.23624 0)
(0.639884 -1.33663 0)
(0.709112 -1.44027 0)
(0.76629 -1.51805 0)
(0.455408 -1.34873 0)
(0.503545 -1.45753 0)
(0.555303 -1.57654 0)
(0.617118 -1.67301 0)
(0.31497 -1.43266 0)
(0.347199 -1.54391 0)
(0.380313 -1.6712 0)
(0.411957 -1.78558 0)
(0.168961 -1.48442 0)
(0.185415 -1.59117 0)
(0.199508 -1.7166 0)
(0.201464 -1.83732 0)
(0.0229042 -1.50634 0)
(0.0260341 -1.6055 0)
(0.0253168 -1.72414 0)
(0.0110446 -1.84714 0)
(-0.11778 -1.50148 0)
(-0.126804 -1.59144 0)
(-0.139959 -1.7006 0)
(-0.16515 -1.82512 0)
(-0.249629 -1.47351 0)
(-0.269818 -1.55404 0)
(-0.293531 -1.65038 0)
(-0.326416 -1.76711 0)
(-0.374797 -1.42217 0)
(-0.407973 -1.4938 0)
(-0.444212 -1.57614 0)
(-0.485948 -1.67571 0)
(-0.486106 -1.34516 0)
(-0.531764 -1.40594 0)
(-0.581021 -1.47283 0)
(-0.633078 -1.55012 0)
(-0.574671 -1.24771 0)
(-0.628436 -1.29544 0)
(-0.686361 -1.34594 0)
(-0.746082 -1.39923 0)
(-0.639322 -1.13761 0)
(-0.697644 -1.17187 0)
(-0.760932 -1.20792 0)
(-0.827418 -1.24286 0)
(-0.677809 -1.02091 0)
(-0.736931 -1.04112 0)
(-0.801629 -1.06222 0)
(-0.871008 -1.08036 0)
(-0.691508 -0.905142 0)
(-0.748099 -0.912404 0)
(-0.810066 -0.919777 0)
(-0.876935 -0.923222 0)
(-0.683835 -0.795533 0)
(-0.735935 -0.791836 0)
(-0.792798 -0.787707 0)
(-0.854285 -0.779459 0)
(-0.658758 -0.695274 0)
(-0.705314 -0.682871 0)
(-0.755824 -0.669656 0)
(-0.8104 -0.652563 0)
(-0.620387 -0.605866 0)
(-0.661078 -0.586887 0)
(-0.704891 -0.566859 0)
(-0.752059 -0.543462 0)
(-0.572064 -0.527805 0)
(-0.606977 -0.50401 0)
(-0.644256 -0.479017 0)
(-0.684174 -0.451262 0)
(-0.516711 -0.460917 0)
(-0.54621 -0.433754 0)
(-0.577407 -0.405304 0)
(-0.610595 -0.374667 0)
(-0.456447 -0.404571 0)
(-0.481013 -0.375081 0)
(-0.506702 -0.34424 0)
(-0.533863 -0.311707 0)
(-0.392847 -0.357967 0)
(-0.412908 -0.326952 0)
(-0.433687 -0.294538 0)
(-0.455586 -0.260819 0)
(-0.32708 -0.320173 0)
(-0.343103 -0.288176 0)
(-0.359575 -0.254746 0)
(-0.376855 -0.220269 0)
(-0.259898 -0.290436 0)
(-0.272203 -0.257803 0)
(-0.284799 -0.223657 0)
(-0.297993 -0.188542 0)
(-0.191976 -0.268581 0)
(-0.200769 -0.23545 0)
(-0.209769 -0.200744 0)
(-0.219242 -0.164971 0)
(-0.122241 -0.254736 0)
(-0.127977 -0.220912 0)
(-0.133843 -0.185479 0)
(-0.140049 -0.148722 0)
(-0.0436218 -0.242821 0)
(-0.0460762 -0.209107 0)
(-0.0486679 -0.173838 0)
(-0.0514761 -0.136975 0)
(0.213135 -0.522706 0)
(-0.633563 -0.0070615 0)
(0.0149004 -0.0203697 0)
(0.0777121 -0.113503 0)
(0.204397 -0.0259772 0)
(0.189577 -0.00969934 0)
(0.183477 -0.0142626 0)
(0.189942 -0.01592 0)
(0.199135 -0.0117006 0)
(0.206624 -0.00104135 0)
(0.209322 0.0147661 0)
(0.205562 0.0336146 0)
(0.194652 0.0534991 0)
(0.176851 0.0726345 0)
(0.15303 0.0898095 0)
(0.124136 0.104204 0)
(0.09129 0.115289 0)
(0.0557632 0.122775 0)
(0.0185996 0.125631 0)
(0.641731 0.271034 0)
(-0.364561 -0.265508 0)
(-0.0370342 -0.518855 0)
(-0.115837 -0.424407 0)
(0.22386 -0.0434639 0)
(0.178793 0.00329854 0)
(0.173816 -0.0155863 0)
(0.187867 -0.0260155 0)
(0.204642 -0.0229022 0)
(0.219231 -0.00869716 0)
(0.226951 0.0133844 0)
(0.225589 0.0395733 0)
(0.214897 0.0666583 0)
(0.19564 0.0923209 0)
(0.169233 0.114967 0)
(0.13714 0.133582 0)
(0.100775 0.147808 0)
(0.0615037 0.157358 0)
(0.0204986 0.160975 0)
(1.50939 0.821386 0)
(1.04465 0.509509 0)
(0.482666 0.114132 0)
(-0.232328 -0.950099 0)
(0.21242 -0.0697281 0)
(0.150579 0.0558862 0)
(0.134723 -0.0241931 0)
(0.175681 -0.0451744 0)
(0.210935 -0.0439285 0)
(0.236759 -0.0236761 0)
(0.251397 0.00820093 0)
(0.252927 0.0444974 0)
(0.241863 0.0808892 0)
(0.220185 0.114381 0)
(0.190051 0.143317 0)
(0.15359 0.166665 0)
(0.112604 0.184198 0)
(0.0686144 0.195852 0)
(0.0228854 0.200191 0)
(1.83003 0.865896 0)
(1.782 0.849545 0)
(1.44413 0.677313 0)
(0.929088 0.301666 0)
(-0.632093 -0.513317 0)
(0.0649725 -0.0398015 0)
(0.0151014 -0.117278 0)
(0.135822 -0.104064 0)
(0.21372 -0.082838 0)
(0.262604 -0.0488654 0)
(0.286291 -0.00206061 0)
(0.290032 0.0486354 0)
(0.277302 0.0971713 0)
(0.251541 0.140095 0)
(0.216105 0.175986 0)
(0.17379 0.204369 0)
(0.126914 0.225321 0)
(0.0771237 0.239154 0)
(0.0257016 0.244195 0)
(1.78682 0.731341 0)
(1.93677 0.846734 0)
(1.91858 0.884622 0)
(1.67506 0.785009 0)
(1.19767 0.490213 0)
(0.24996 -0.0424635 0)
(0.118169 -0.145888 0)
(0.146891 -0.209791 0)
(0.218281 -0.161977 0)
(0.297096 -0.0907267 0)
(0.336316 -0.0171362 0)
(0.340963 0.053634 0)
(0.323419 0.117346 0)
(0.290716 0.171254 0)
(0.247672 0.214635 0)
(0.197804 0.248055 0)
(0.143712 0.272278 0)
(0.0870411 0.288096 0)
(0.0289638 0.293776 0)
(1.64789 0.585163 0)
(1.83869 0.735308 0)
(1.99873 0.879495 0)
(1.99454 0.945262 0)
(1.79304 0.854912 0)
(1.4034 0.603156 0)
(0.710098 0.180858 0)
(0.350482 -0.152403 0)
(0.290518 -0.250788 0)
(0.347701 -0.161274 0)
(0.403899 -0.0393605 0)
(0.409448 0.063 0)
(0.382282 0.145039 0)
(0.338437 0.210518 0)
(0.284824 0.261312 0)
(0.225388 0.299294 0)
(0.162664 0.326216 0)
(0.0981033 0.343537 0)
(0.0325954 0.349611 0)
(1.60246 0.464914 0)
(1.6809 0.546242 0)
(1.91477 0.767167 0)
(2.05986 0.954302 0)
(2.01714 1.01193 0)
(1.81109 0.897904 0)
(1.49193 0.663005 0)
(0.979137 0.292267 0)
(0.57847 -0.128743 0)
(0.470682 -0.206819 0)
(0.49514 -0.0687397 0)
(0.497293 0.0790164 0)
(0.455083 0.185355 0)
(0.394504 0.261673 0)
(0.32689 0.31829 0)
(0.255767 0.359476 0)
(0.183115 0.388057 0)
(0.109889 0.406187 0)
(0.0364458 0.412282 0)
(1.83858 0.594509 0)
(1.66093 0.441662 0)
(1.76307 0.52187 0)
(2.02442 0.87375 0)
(2.08701 1.06689 0)
(1.97672 1.07045 0)
(1.78161 0.928742 0)
(1.43947 0.636059 0)
(1.05267 0.238561 0)
(0.741886 -0.0967002 0)
(0.634782 -0.0629243 0)
(0.603388 0.108523 0)
(0.539803 0.242495 0)
(0.457 0.328709 0)
(0.371966 0.388007 0)
(0.287473 0.429935 0)
(0.204099 0.458527 0)
(0.121842 0.476426 0)
(0.0403264 0.482033 0)
(2.00424 0.782008 0)
(1.87184 0.603237 0)
(1.66591 0.381318 0)
(1.94032 0.681062 0)
(2.0907 1.05779 0)
(2.03823 1.17464 0)
(1.90026 1.10496 0)
(1.6971 0.922927 0)
(1.36126 0.558604 0)
(1.07432 0.161058 0)
(0.852877 0.0464758 0)
(0.733626 0.181376 0)
(0.631043 0.324438 0)
(0.521715 0.414945 0)
(0.416916 0.472334 0)
(0.318284 0.511528 0)
(0.224133 0.537889 0)
(0.133116 0.554231 0)
(0.043972 0.558717 0)
(1.8774 0.641572 0)
(2.04942 0.754238 0)
(1.78981 0.508942 0)
(1.86894 0.417626 0)
(2.06735 1.02053 0)
(2.043 1.25486 0)
(1.92238 1.23554 0)
(1.77955 1.09907 0)
(1.52122 0.777098 0)
(1.28989 0.401818 0)
(1.06396 0.225861 0)
(0.868 0.312253 0)
(0.716766 0.440136 0)
(0.580742 0.522497 0)
(0.4571 0.571591 0)
(0.345298 0.604038 0)
(0.241466 0.625647 0)
(0.142776 0.639005 0)
(0.0470792 0.641696 0)
(1.63462 0.301957 0)
(1.97034 0.655481 0)
(1.94202 0.683909 0)
(1.84414 0.287631 0)
(2.03133 0.945696 0)
(2.01065 1.32756 0)
(1.89978 1.35653 0)
(1.78024 1.24668 0)
(1.57388 0.959958 0)
(1.3838 0.594403 0)
(1.20775 0.420906 0)
(0.976372 0.484196 0)
(0.783817 0.587777 0)
(0.625745 0.649939 0)
(0.487481 0.683944 0)
(0.365496 0.705852 0)
(0.254307 0.720391 0)
(0.149883 0.729434 0)
(0.0493505 0.72971 0)
(1.57879 0.0404561 0)
(1.8709 0.446383 0)
(2.01759 0.683921 0)
(1.91108 0.392994 0)
(2.02567 0.83211 0)
(1.94903 1.40045 0)
(1.84398 1.47099 0)
(1.73796 1.37044 0)
(1.56569 1.10184 0)
(1.42508 0.743394 0)
(1.28977 0.611501 0)
(1.03842 0.680554 0)
(0.821036 0.758177 0)
(0.650357 0.791567 0)
(0.50397 0.805349 0)
(0.376387 0.813996 0)
(0.261166 0.819824 0)
(0.153647 0.823592 0)
(0.0505435 0.821006 0)
(1.62789 -0.210566 0)
(1.88576 0.226247 0)
(2.12347 0.562418 0)
(2.13588 0.51857 0)
(2.06251 0.778936 0)
(1.86473 1.50791 0)
(1.75834 1.58326 0)
(1.66443 1.47355 0)
(1.51947 1.18726 0)
(1.44312 0.857335 0)
(1.31663 0.800349 0)
(1.0451 0.890646 0)
(0.822701 0.939125 0)
(0.651075 0.938767 0)
(0.504323 0.930212 0)
(0.376553 0.924555 0)
(0.261192 0.921023 0)
(0.15362 0.919133 0)
(0.0505234 0.913496 0)
(1.54477 -0.464007 0)
(1.81049 -0.0332041 0)
(2.12224 0.309122 0)
(2.29226 0.583341 0)
(2.01907 1.02895 0)
(1.76135 1.66113 0)
(1.64962 1.69748 0)
(1.56451 1.56618 0)
(1.44162 1.2235 0)
(1.43287 0.95226 0)
(1.27149 1.00009 0)
(0.992709 1.1054 0)
(0.788372 1.11607 0)
(0.627677 1.08176 0)
(0.488454 1.0524 0)
(0.365908 1.03325 0)
(0.254329 1.0208 0)
(0.149776 1.01351 0)
(0.0492833 1.00491 0)
(1.35702 -0.639965 0)
(1.59191 -0.187897 0)
(1.92623 0.0565222 0)
(2.20863 0.559274 0)
(1.85697 1.34483 0)
(1.64673 1.81607 0)
(1.53302 1.81084 0)
(1.45341 1.65415 0)
(1.35436 1.2147 0)
(1.39468 1.06059 0)
(1.15198 1.21544 0)
(0.894785 1.30845 0)
(0.725194 1.2744 0)
(0.583829 1.212 0)
(0.458503 1.16632 0)
(0.345687 1.13606 0)
(0.241306 1.11612 0)
(0.142501 1.10425 0)
(0.046941 1.09305 0)
(1.20725 -0.852446 0)
(1.57171 -0.481014 0)
(1.95161 -0.197558 0)
(2.00689 0.646214 0)
(1.6747 1.65008 0)
(1.52849 1.96256 0)
(1.421 1.91343 0)
(1.35748 1.71698 0)
(1.32849 1.17357 0)
(1.28994 1.22349 0)
(0.964632 1.44168 0)
(0.771813 1.48075 0)
(0.642375 1.40423 0)
(0.525338 1.32404 0)
(0.41809 1.26779 0)
(0.318137 1.22979 0)
(0.22349 1.20449 0)
(0.132518 1.18928 0)
(0.04372 1.17602 0)
(1.12672 -1.12873 0)
(1.49115 -0.790648 0)
(1.77146 -0.667967 0)
(1.70261 0.633046 0)
(1.53556 1.81764 0)
(1.41648 2.07054 0)
(1.32244 1.98308 0)
(1.28533 1.70205 0)
(1.31437 1.2321 0)
(1.02083 1.4861 0)
(0.747752 1.64283 0)
(0.640188 1.6038 0)
(0.548641 1.50194 0)
(0.458835 1.41526 0)
(0.371511 1.35425 0)
(0.286089 1.31235 0)
(0.202632 1.2842 0)
(0.120764 1.26712 0)
(0.0399132 1.25245 0)
(0.964604 -1.35218 0)
(1.24712 -0.83204 0)
(1.2646 -0.830075 0)
(1.37144 0.950847 0)
(1.4066 1.88848 0)
(1.28828 2.13391 0)
(1.19058 2.01306 0)
(1.177 1.60362 0)
(1.0742 1.5033 0)
(0.648758 1.74286 0)
(0.544483 1.76246 0)
(0.508039 1.67132 0)
(0.45361 1.56844 0)
(0.390985 1.48486 0)
(0.323307 1.42477 0)
(0.252587 1.38294 0)
(0.180605 1.35446 0)
(0.108247 1.33697 0)
(0.0358385 1.32155 0)
(0.70992 -1.58781 0)
(1.16937 -1.10327 0)
(1.50879 -1.15096 0)
(1.25521 1.01174 0)
(1.30118 2.03266 0)
(1.17835 2.2347 0)
(0.954648 1.97588 0)
(0.97733 1.70154 0)
(0.615321 1.86906 0)
(0.315301 1.89197 0)
(0.358928 1.78336 0)
(0.382649 1.68927 0)
(0.366408 1.60572 0)
(0.328144 1.5338 0)
(0.277963 1.48017 0)
(0.220526 1.44199 0)
(0.159162 1.4154 0)
(0.0958984 1.39873 0)
(0.0317906 1.38312 0)
(0.432035 -1.78722 0)
(0.843944 -1.41995 0)
(0.798269 -1.0893 0)
(1.01355 0.991175 0)
(1.21085 2.11672 0)
(1.10986 2.39565 0)
(0.773939 2.01582 0)
(0.664552 1.90861 0)
(0.202598 2.1963 0)
(0.0859102 1.91621 0)
(0.194923 1.72117 0)
(0.27596 1.66308 0)
(0.295827 1.61675 0)
(0.276503 1.56543 0)
(0.239411 1.52304 0)
(0.192259 1.49121 0)
(0.139659 1.46799 0)
(0.0844115 1.45292 0)
(0.0279842 1.43748 0)
(0.188631 -1.86698 0)
(0.384793 -1.4943 0)
(-0.178137 -0.881929 0)
(0.650396 0.609788 0)
(1.12707 2.08178 0)
(1.12547 2.61045 0)
(0.859677 2.3858 0)
(0.320068 2.1313 0)
(0.0408782 2.41647 0)
(0.0100616 1.88165 0)
(0.0813308 1.60422 0)
(0.205138 1.59933 0)
(0.251462 1.60835 0)
(0.241367 1.58596 0)
(0.210338 1.55776 0)
(0.169147 1.53334 0)
(0.122766 1.51386 0)
(0.0740913 1.5005 0)
(0.024509 1.48523 0)
(0.00106581 -1.91186 0)
(0.0781263 -1.66928 0)
(0.518566 -1.06061 0)
(0.454378 -0.517065 0)
(0.986162 1.8392 0)
(1.14955 2.68768 0)
(1.01451 2.7574 0)
(0.523988 2.51995 0)
(0.167845 2.55576 0)
(0.14083 1.92724 0)
(0.106258 1.49043 0)
(0.195609 1.51966 0)
(0.241684 1.59499 0)
(0.225484 1.60505 0)
(0.191226 1.59028 0)
(0.150979 1.57179 0)
(0.108175 1.55488 0)
(0.0647134 1.54247 0)
(0.0212797 1.52701 0)
(-0.206411 -1.94019 0)
(-0.179278 -1.83124 0)
(0.225854 -1.07069 0)
(-0.112876 -0.126812 0)
(0.71697 1.50939 0)
(1.11883 2.60743 0)
(1.14161 2.93894 0)
(0.900571 2.88121 0)
(0.562328 2.75748 0)
(0.479839 2.09155 0)
(0.346773 1.47182 0)
(0.282039 1.48523 0)
(0.269052 1.60544 0)
(0.225725 1.63591 0)
(0.178806 1.62711 0)
(0.135357 1.60974 0)
(0.0944051 1.59256 0)
(0.0554742 1.57957 0)
(0.0180294 1.56311 0)
(-0.392726 -1.91998 0)
(-0.42365 -1.94269 0)
(-0.184468 -1.41315 0)
(0.118464 -0.481286 0)
(0.421297 0.628459 0)
(0.989651 2.34751 0)
(1.16787 2.94616 0)
(1.13707 3.01471 0)
(1.01415 2.93299 0)
(0.905519 2.37459 0)
(0.723802 1.63397 0)
(0.442636 1.58371 0)
(0.313165 1.67693 0)
(0.227455 1.69112 0)
(0.164565 1.67263 0)
(0.117529 1.64862 0)
(0.0789286 1.62721 0)
(0.0451125 1.61185 0)
(0.0143499 1.59317 0)
(-0.576224 -1.83765 0)
(-0.680362 -1.96778 0)
(-0.554027 -1.68082 0)
(-0.00746429 -0.757744 0)
(0.0765446 0.300708 0)
(0.737672 1.99686 0)
(1.08296 2.81713 0)
(1.1375 2.98182 0)
(1.1597 2.92965 0)
(1.17313 2.38442 0)
(0.922073 1.88228 0)
(0.512689 1.82275 0)
(0.313266 1.81142 0)
(0.203557 1.7688 0)
(0.135962 1.72411 0)
(0.0916066 1.6862 0)
(0.0591495 1.6572 0)
(0.0321604 1.6383 0)
(0.00944146 1.61611 0)
(-0.752224 -1.69413 0)
(-0.946376 -1.87906 0)
(-1.04091 -1.79341 0)
(-0.824882 -1.11306 0)
(-0.459485 0.237899 0)
(0.20928 1.42191 0)
(0.87573 2.62922 0)
(0.985295 2.91596 0)
(1.01076 2.83526 0)
(1.01906 2.41788 0)
(0.671883 2.21786 0)
(0.372245 2.08646 0)
(0.220758 1.94902 0)
(0.13483 1.84429 0)
(0.0848715 1.76961 0)
(0.0541086 1.71625 0)
(0.034024 1.67906 0)
(0.0156165 1.65753 0)
(0.00228694 1.62989 0)
(-0.876785 -1.50177 0)
(-1.11453 -1.67986 0)
(-1.36855 -1.7743 0)
(-1.44639 -1.49349 0)
(-1.25947 -0.562713 0)
(-0.543105 1.15746 0)
(0.236354 2.27201 0)
(0.403444 2.76539 0)
(0.549737 2.80766 0)
(0.387035 2.64923 0)
(0.177923 2.49122 0)
(0.106332 2.23513 0)
(0.0589017 2.02624 0)
(0.0308177 1.88767 0)
(0.0151423 1.79468 0)
(0.00692188 1.7314 0)
(0.00411186 1.68913 0)
(-0.003462 1.67024 0)
(-0.00591507 1.62998 0)
(-0.964669 -1.30067 0)
(-1.21566 -1.40894 0)
(-1.57188 -1.49041 0)
(-1.96852 -1.36383 0)
(-2.16075 -0.673112 0)
(-1.76185 0.629147 0)
(-1.12087 1.84103 0)
(-0.583438 2.59582 0)
(-0.456073 2.79 0)
(-0.413701 2.73905 0)
(-0.297181 2.51525 0)
(-0.172234 2.22916 0)
(-0.11698 2.0238 0)
(-0.0835823 1.88558 0)
(-0.0610999 1.79154 0)
(-0.0439653 1.72722 0)
(-0.0283969 1.68509 0)
(-0.0227472 1.67341 0)
(-0.0130281 1.61702 0)
(-1.00891 -1.1005 0)
(-1.25448 -1.13707 0)
(-1.60332 -1.15353 0)
(-2.0706 -1.07817 0)
(-2.51099 -0.713722 0)
(-2.58989 0.135459 0)
(-2.23417 1.25656 0)
(-1.64121 2.16746 0)
(-1.31822 2.5077 0)
(-0.958886 2.50692 0)
(-0.613825 2.31848 0)
(-0.394127 2.1106 0)
(-0.267489 1.95497 0)
(-0.186919 1.84191 0)
(-0.132259 1.76092 0)
(-0.0922904 1.70368 0)
(-0.0599374 1.66674 0)
(-0.0402049 1.6645 0)
(-0.0183538 1.59316 0)
(-1.00511 -0.913213 0)
(-1.2244 -0.89006 0)
(-1.51122 -0.826261 0)
(-1.87392 -0.67517 0)
(-2.25325 -0.352729 0)
(-2.47635 0.207243 0)
(-2.37832 0.947722 0)
(-1.99221 1.65653 0)
(-1.54801 2.0383 0)
(-1.10969 2.11104 0)
(-0.759517 2.04219 0)
(-0.526821 1.94007 0)
(-0.371915 1.84637 0)
(-0.265775 1.76897 0)
(-0.189927 1.70879 0)
(-0.132991 1.66395 0)
(-0.0873004 1.63574 0)
(-0.0546445 1.64321 0)
(-0.0219822 1.56053 0)
(-0.968206 -0.748576 0)
(-1.15567 -0.687981 0)
(-1.38178 -0.582787 0)
(-1.63763 -0.401128 0)
(-1.88504 -0.0989855 0)
(-2.04302 0.338335 0)
(-2.0163 0.856637 0)
(-1.78113 1.3398 0)
(-1.43063 1.64916 0)
(-1.08137 1.77415 0)
(-0.79798 1.79314 0)
(-0.586807 1.76662 0)
(-0.431605 1.72437 0)
(-0.317067 1.68118 0)
(-0.230659 1.64324 0)
(-0.163348 1.61276 0)
(-0.108458 1.59478 0)
(-0.0654302 1.61107 0)
(-0.0241757 1.52148 0)
(-0.90835 -0.607599 0)
(-1.06342 -0.523731 0)
(-1.23809 -0.398601 0)
(-1.41974 -0.213014 0)
(-1.57727 0.0513907 0)
(-1.66512 0.39631 0)
(-1.63941 0.781628 0)
(-1.48748 1.13511 0)
(-1.25092 1.38641 0)
(-1.00116 1.52771 0)
(-0.780391 1.59153 0)
(-0.599662 1.6099 0)
(-0.456364 1.60464 0)
(-0.343847 1.58936 0)
(-0.254764 1.57143 0)
(-0.182781 1.55489 0)
(-0.122658 1.54694 0)
(-0.072366 1.57055 0)
(-0.02515 1.47838 0)
(-0.834345 -0.489683 0)
(-0.960067 -0.392952 0)
(-1.09345 -0.261555 0)
(-1.22304 -0.0842329 0)
(-1.3267 0.145459 0)
(-1.37663 0.421571 0)
(-1.35052 0.717277 0)
(-1.24529 0.990278 0)
(-1.08402 1.20219 0)
(-0.904117 1.34421 0)
(-0.732742 1.42892 0)
(-0.58225 1.47397 0)
(-0.455538 1.49412 0)
(-0.350804 1.50009 0)
(-0.264313 1.49868 0)
(-0.192044 1.49436 0)
(-0.130103 1.4953 0)
(-0.0756317 1.52444 0)
(-0.0250895 1.43338 0)
(-0.75218 -0.392375 0)
(-0.852906 -0.289454 0)
(-0.954604 -0.158729 0)
(-1.04778 0.00574158 0)
(-1.11774 0.205209 0)
(-1.14755 0.432343 0)
(-1.12504 0.668729 0)
(-1.04967 0.888754 0)
(-0.935164 1.07029 0)
(-0.802431 1.20546 0)
(-0.669125 1.29853 0)
(-0.545725 1.3588 0)
(-0.436669 1.39572 0)
(-0.342564 1.4171 0)
(-0.261949 1.42856 0)
(-0.192534 1.4343 0)
(-0.131531 1.4425 0)
(-0.0756531 1.47539 0)
(-0.02418 1.38836 0)
(-0.666061 -0.313285 0)
(-0.746129 -0.208466 0)
(-0.823833 -0.081617 0)
(-0.891675 0.0696095 0)
(-0.940027 0.244379 0)
(-0.958465 0.43598 0)
(-0.940114 0.631816 0)
(-0.885102 0.815714 0)
(-0.801579 0.973859 0)
(-0.702027 1.09993 0)
(-0.598076 1.19471 0)
(-0.497818 1.2629 0)
(-0.405659 1.3103 0)
(-0.323217 1.34236 0)
(-0.250325 1.3634 0)
(-0.185874 1.37699 0)
(-0.127919 1.39075 0)
(-0.0729679 1.42577 0)
(-0.022603 1.34489 0)
(-0.578606 -0.249419 0)
(-0.64183 -0.145245 0)
(-0.701419 -0.0236919 0)
(-0.751689 0.115644 0)
(-0.785934 0.270871 0)
(-0.797831 0.436506 0)
(-0.783316 0.603706 0)
(-0.742658 0.761909 0)
(-0.680803 0.902 0)
(-0.605461 1.01901 0)
(-0.524373 1.11227 0)
(-0.443556 1.18396 0)
(-0.366827 1.23754 0)
(-0.296084 1.27668 0)
(-0.231813 1.30456 0)
(-0.173653 1.32401 0)
(-0.120286 1.34178 0)
(-0.0681271 1.37752 0)
(-0.0205183 1.30424 0)
(-0.491392 -0.198451 0)
(-0.541159 -0.095974 0)
(-0.58684 0.0200654 0)
(-0.624547 0.14934 0)
(-0.64958 0.289415 0)
(-0.657822 0.435918 0)
(-0.646799 0.582503 0)
(-0.616741 0.721967 0)
(-0.570714 0.848032 0)
(-0.513605 0.956814 0)
(-0.45061 1.0471 0)
(-0.386112 1.11971 0)
(-0.323208 1.17661 0)
(-0.263708 1.22021 0)
(-0.208374 1.25276 0)
(-0.157284 1.27641 0)
(-0.109583 1.29687 0)
(-0.0616366 1.33218 0)
(-0.0180575 1.26737 0)
(-0.405 -0.158179 0)
(-0.443822 -0.057606 0)
(-0.479 0.0536094 0)
(-0.5077 0.174576 0)
(-0.526609 0.303001 0)
(-0.53296 0.435321 0)
(-0.525154 0.56684 0)
(-0.503325 0.692436 0)
(-0.469389 0.807594 0)
(-0.426486 0.909255 0)
(-0.378122 0.996076 0)
(-0.327448 1.06815 0)
(-0.276875 1.12654 0)
(-0.227972 1.17273 0)
(-0.181557 1.20831 0)
(-0.137944 1.23483 0)
(-0.0966296 1.25694 0)
(-0.0539345 1.29089 0)
(-0.0153278 1.23498 0)
(-0.319615 -0.12667 0)
(-0.349526 -0.0278477 0)
(-0.376651 0.0794204 0)
(-0.398829 0.193942 0)
(-0.413696 0.313589 0)
(-0.419309 0.435433 0)
(-0.414552 0.555885 0)
(-0.399449 0.671151 0)
(-0.37518 0.777854 0)
(-0.343762 0.873549 0)
(-0.307547 0.956933 0)
(-0.268769 1.02773 0)
(-0.229243 1.08643 0)
(-0.190257 1.13395 0)
(-0.15257 1.17134 0)
(-0.116597 1.19972 0)
(-0.0821235 1.22269 0)
(-0.0453951 1.25456 0)
(-0.0124157 1.20761 0)
(-0.235076 -0.102918 0)
(-0.257474 -0.00522511 0)
(-0.278318 0.0992828 0)
(-0.295729 0.209096 0)
(-0.307979 0.322319 0)
(-0.313622 0.436527 0)
(-0.311815 0.548889 0)
(-0.302478 0.656478 0)
(-0.286294 0.756671 0)
(-0.264524 0.847479 0)
(-0.238714 0.927702 0)
(-0.210403 0.996895 0)
(-0.180916 1.05521 0)
(-0.151256 1.10318 0)
(-0.122073 1.14152 0)
(-0.093798 1.171 0)
(-0.0664714 1.19427 0)
(-0.0362795 1.22345 0)
(-0.00941547 1.18541 0)
(-0.151093 -0.0854445 0)
(-0.167671 0.0123551 0)
(-0.184056 0.115347 0)
(-0.198581 0.222024 0)
(-0.209729 0.330831 0)
(-0.216371 0.439739 0)
(-0.217811 0.546427 0)
(-0.213857 0.648527 0)
(-0.204828 0.74391 0)
(-0.19145 0.830912 0)
(-0.174692 0.908451 0)
(-0.155581 0.976019 0)
(-0.135052 1.03359 0)
(-0.11387 1.08146 0)
(-0.0925711 1.12013 0)
(-0.0715687 1.15013 0)
(-0.0511856 1.17339 0)
(-0.027406 1.19983 0)
(-0.00649819 1.16938 0)
(-0.0572813 -0.072371 0)
(-0.0656338 0.026459 0)
(-0.0747125 0.129001 0)
(-0.0837073 0.233779 0)
(-0.091537 0.339548 0)
(-0.0975054 0.444562 0)
(-0.101086 0.54685 0)
(-0.10198 0.644455 0)
(-0.100142 0.735637 0)
(-0.095763 0.819034 0)
(-0.0892071 0.89373 0)
(-0.0809303 0.959256 0)
(-0.0714035 1.01551 0)
(-0.0610548 1.06268 0)
(-0.0502248 1.10109 0)
(-0.0391707 1.13115 0)
(-0.0283997 1.15391 0)
(-0.0149914 1.17645 0)
(-0.00318593 1.15528 0)
)
;

boundaryField
{
    leftWall
    {
        type            noSlip;
    }
    rightWall
    {
        type            noSlip;
    }
    lowerWall
    {
        type            noSlip;
    }
    atmosphere
    {
        type            pressureInletOutletVelocity;
        value           nonuniform List<vector> 
46
(
(0 -0.767554 0)
(0 -0.769346 0)
(0 -0.76754 0)
(0 -0.764576 0)
(0 -0.76036 0)
(0 -0.754879 0)
(0 -0.748076 0)
(0 -0.739869 0)
(0 -0.730146 0)
(0 -0.718768 0)
(0 -0.705565 0)
(0 -0.69033 0)
(0 -0.672821 0)
(0 -0.652761 0)
(0 -0.629831 0)
(0 -0.603675 0)
(0 -0.573891 0)
(0 -0.540026 0)
(0 -0.501556 0)
(0 -0.457939 0)
(0 -0.40873 0)
(0 -0.353797 0)
(0 -0.292611 0)
(0 -0.242821 0)
(0 -0.209107 0)
(0 -0.173838 0)
(0 -0.136975 0)
(0 -0.072371 0)
(-0.0656338 0.026459 0)
(-0.0747125 0.129001 0)
(-0.0837073 0.233779 0)
(-0.091537 0.339548 0)
(-0.0975054 0.444562 0)
(-0.101086 0.54685 0)
(-0.10198 0.644455 0)
(-0.100142 0.735637 0)
(-0.095763 0.819034 0)
(-0.0892071 0.89373 0)
(-0.0809303 0.959256 0)
(-0.0714035 1.01551 0)
(-0.0610548 1.06268 0)
(-0.0502248 1.10109 0)
(-0.0391707 1.13115 0)
(-0.0283997 1.15391 0)
(-0.0149914 1.17645 0)
(-0.00318593 1.15528 0)
)
;
    }
    defaultFaces
    {
        type            empty;
    }
}


// ************************************************************************* //
