/*--------------------------------*- C++ -*----------------------------------*\
| =========                 |                                                 |
| \\      /  F ield         | OpenFOAM: The Open Source CFD Toolbox           |
|  \\    /   O peration     | Version:  5.x                                   |
|   \\  /    A nd           | Web:      www.OpenFOAM.org                      |
|    \\/     M anipulation  |                                                 |
\*---------------------------------------------------------------------------*/
FoamFile
{
    version     2.0;
    format      ascii;
    class       surfaceScalarField;
    location    "0.85";
    object      phi;
}
// * * * * * * * * * * * * * * * * * * * * * * * * * * * * * * * * * * * * * //

dimensions      [0 3 -1 0 0 0 0];

internalField   nonuniform List<scalar> 
4432
(
-4.24421e-06
4.24421e-06
-9.44675e-06
5.20253e-06
-1.51564e-05
5.70961e-06
-2.09874e-05
5.83107e-06
-2.47251e-05
3.73764e-06
-2.45889e-05
-1.36113e-07
-2.22059e-05
-2.38304e-06
-1.99199e-05
-2.28605e-06
-1.84047e-05
-1.5152e-06
-1.73045e-05
-1.10016e-06
-1.63973e-05
-9.07175e-07
-1.57204e-05
-6.76901e-07
-1.52165e-05
-5.03905e-07
-1.44556e-05
-7.60897e-07
-1.30412e-05
-1.41447e-06
-1.26464e-05
-3.94771e-07
-1.6741e-05
4.09461e-06
-2.39654e-05
7.22439e-06
-2.63498e-05
2.38446e-06
-2.2661e-05
-3.68886e-06
-1.54739e-05
-7.18706e-06
-7.00953e-06
-8.46437e-06
-7.00954e-06
-8.02177e-06
1.2266e-05
-1.5536e-05
1.27168e-05
-2.18973e-05
1.20709e-05
-2.62463e-05
1.01801e-05
-2.74349e-05
4.92624e-06
-2.58847e-05
-1.68631e-06
-2.29945e-05
-5.27326e-06
-2.03586e-05
-4.92197e-06
-1.86035e-05
-3.27025e-06
-1.73051e-05
-2.39853e-06
-1.60525e-05
-2.15984e-06
-1.47958e-05
-1.93355e-06
-1.37864e-05
-1.51336e-06
-1.36112e-05
-9.36069e-07
-1.50627e-05
3.70004e-08
-1.83689e-05
2.91143e-06
-2.21038e-05
7.82957e-06
-2.2691e-05
7.81159e-06
-1.93672e-05
-9.39385e-07
-1.44422e-05
-8.61381e-06
-9.66418e-06
-1.19651e-05
-4.50223e-06
-1.36263e-05
-1.15118e-05
-8.38286e-06
2.06488e-05
-1.55962e-05
1.99301e-05
-2.15372e-05
1.80119e-05
-2.5906e-05
1.45489e-05
-2.77835e-05
6.80377e-06
-2.66634e-05
-2.80642e-06
-2.39236e-05
-8.01303e-06
-2.13258e-05
-7.51975e-06
-1.94275e-05
-5.1686e-06
-1.78715e-05
-3.95457e-06
-1.61705e-05
-3.86083e-06
-1.41537e-05
-3.95028e-06
-1.20625e-05
-3.60455e-06
-1.0554e-05
-2.44464e-06
-1.05766e-05
5.96643e-08
-1.20414e-05
4.37616e-06
-1.26484e-05
8.43659e-06
-1.04956e-05
5.65878e-06
-7.30333e-06
-4.13163e-06
-4.56057e-06
-1.13566e-05
-2.96282e-06
-1.35629e-05
-1.27073e-06
-1.53184e-05
-1.27825e-05
-7.45334e-06
2.81022e-05
-1.39875e-05
2.64643e-05
-1.9643e-05
2.36673e-05
-2.40208e-05
1.89267e-05
-2.60372e-05
8.82018e-06
-2.54515e-05
-3.39218e-06
-2.3729e-05
-9.73551e-06
-2.21252e-05
-9.12351e-06
-2.06227e-05
-6.67105e-06
-1.90736e-05
-5.50366e-06
-1.72894e-05
-5.64503e-06
-1.51106e-05
-6.12917e-06
-1.26408e-05
-6.07432e-06
-1.0197e-05
-4.88841e-06
-8.08201e-06
-2.05535e-06
-6.04947e-06
2.34362e-06
-3.29638e-06
5.6835e-06
-6.06008e-07
2.9684e-06
9.29684e-07
-5.66732e-06
1.21204e-06
-1.16389e-05
4.03076e-07
-1.27539e-05
1.77075e-07
-1.50924e-05
-1.26054e-05
-6.10438e-06
3.42065e-05
-1.17839e-05
3.21439e-05
-1.66415e-05
2.85249e-05
-2.01075e-05
2.23927e-05
-2.15995e-05
1.03122e-05
-2.16735e-05
-3.31811e-06
-2.18833e-05
-9.52572e-06
-2.22775e-05
-8.7293e-06
-2.18496e-05
-7.09894e-06
-2.04977e-05
-6.85555e-06
-1.85297e-05
-7.61303e-06
-1.60932e-05
-8.56574e-06
-1.33644e-05
-8.80307e-06
-1.06396e-05
-7.61328e-06
-8.02407e-06
-4.67084e-06
-4.92042e-06
-7.60036e-07
-1.13476e-06
1.89785e-06
1.59818e-06
2.35464e-07
1.75213e-06
-5.82127e-06
1.00685e-06
-1.08936e-05
-4.94294e-08
-1.16976e-05
-3.69281e-08
-1.51049e-05
-1.26424e-05
-4.39641e-06
3.8603e-05
-8.91028e-06
3.66577e-05
-1.25477e-05
3.21623e-05
-1.46924e-05
2.45374e-05
-1.55375e-05
1.11572e-05
-1.64044e-05
-2.45123e-06
-1.90973e-05
-6.83272e-06
-2.19857e-05
-5.84098e-06
-2.30104e-05
-6.07417e-06
-2.20869e-05
-7.77912e-06
-1.9896e-05
-9.80393e-06
-1.69686e-05
-1.14931e-05
-1.36711e-05
-1.21006e-05
-1.05018e-05
-1.07825e-05
-7.86554e-06
-7.30713e-06
-5.35491e-06
-3.27067e-06
-2.49985e-06
-9.572e-07
-4.12293e-07
-1.85209e-06
-1.80491e-07
-6.05307e-06
-5.00901e-07
-1.05732e-05
-7.21411e-07
-1.14771e-05
-3.44006e-07
-1.54823e-05
-1.29864e-05
-2.4575e-06
4.10605e-05
-5.92266e-06
4.01229e-05
-8.39777e-06
3.46374e-05
-8.91204e-06
2.50517e-05
-8.78885e-06
1.10341e-05
-1.09892e-05
-2.50876e-07
-1.68265e-05
-9.95444e-07
-2.19443e-05
-7.23208e-07
-2.41451e-05
-3.87336e-06
-2.35129e-05
-8.41123e-06
-2.07437e-05
-1.25732e-05
-1.67742e-05
-1.54625e-05
-1.24135e-05
-1.64613e-05
-8.59545e-06
-1.46006e-05
-6.0536e-06
-9.84898e-06
-4.22013e-06
-5.10414e-06
-2.28549e-06
-2.89183e-06
-6.64135e-07
-3.47345e-06
-6.96766e-08
-6.64753e-06
8.66232e-08
-1.07295e-05
2.85218e-07
-1.16757e-05
4.13001e-07
-1.56101e-05
-1.25734e-05
-2.62552e-07
4.1323e-05
-1.68943e-06
4.15498e-05
-2.04885e-06
3.49968e-05
-4.78598e-07
2.34814e-05
-6.12516e-07
1.1168e-05
-7.16854e-06
6.30515e-06
-1.62277e-05
8.06369e-06
-2.23436e-05
5.39273e-06
-2.46386e-05
-1.57842e-06
-2.32907e-05
-9.75906e-06
-1.92262e-05
-1.66377e-05
-1.40392e-05
-2.06496e-05
-8.84381e-06
-2.16567e-05
-4.69589e-06
-1.87485e-05
-2.63339e-06
-1.19115e-05
-1.6321e-06
-6.10544e-06
-4.31512e-07
-4.09241e-06
7.77675e-07
-4.68263e-06
1.5761e-06
-7.44596e-06
1.65132e-06
-1.08047e-05
1.97622e-06
-1.20006e-05
1.23677e-06
-1.48706e-05
-1.13366e-05
-1.27985e-05
1.27985e-05
-3.31834e-05
2.03849e-05
-3.20844e-05
-1.09899e-06
-6.09554e-06
-2.59888e-05
1.43679e-05
-2.04635e-05
1.58807e-05
-1.51282e-06
7.62565e-06
8.25509e-06
-2.45673e-05
3.21929e-05
-4.70457e-05
2.24784e-05
-2.44542e-05
-2.25915e-05
5.50293e-06
-2.99571e-05
2.35881e-05
-1.80852e-05
3.59086e-05
-1.23205e-05
3.47957e-05
1.1129e-06
1.20625e-05
2.27332e-05
-7.96904e-06
2.00316e-05
-1.73328e-05
9.36377e-06
-2.72565e-05
9.92373e-06
-2.72565e-05
-2.34296e-05
3.6228e-05
-3.43091e-05
3.12645e-05
-2.5689e-05
-9.71911e-06
-1.16504e-06
-5.05128e-05
1.45189e-05
-3.61474e-05
8.60027e-06
4.40585e-06
-2.10615e-05
3.79168e-05
-5.24663e-05
6.35977e-05
-3.05237e-05
5.35858e-07
1.41541e-05
-6.72693e-05
2.99613e-05
-4.57644e-05
3.21922e-05
-2.03161e-05
3.29141e-05
-1.30424e-05
3.66894e-05
-2.66246e-06
2.91357e-05
3.0287e-05
1.4867e-07
4.90186e-05
-2.75367e-05
3.70492e-05
-2.85307e-05
1.09177e-05
-5.57872e-05
-2.17858e-05
5.80139e-05
-2.65017e-05
3.59803e-05
-1.70739e-05
-1.91468e-05
1.75208e-06
-6.93388e-05
8.18914e-06
-4.25845e-05
-1.09123e-05
2.35073e-05
-4.34754e-05
7.04799e-05
-4.25858e-05
6.27081e-05
-5.25118e-06
-3.67987e-05
2.18668e-05
-9.43872e-05
3.52639e-05
-5.91615e-05
3.39732e-05
-1.90254e-05
2.6871e-05
-5.94022e-06
2.7134e-05
-2.92544e-06
2.77176e-05
2.97033e-05
7.2574e-06
6.94788e-05
-2.11413e-05
6.54479e-05
-1.92194e-05
8.99573e-06
-7.50066e-05
-1.59159e-05
7.39298e-05
-1.88853e-05
3.89496e-05
-9.8048e-06
-2.82273e-05
2.24447e-06
-8.13881e-05
-5.61351e-06
-3.47265e-05
-3.33953e-05
5.12892e-05
-5.46998e-05
9.17844e-05
-2.77938e-05
3.58022e-05
9.99592e-06
-7.45885e-05
1.65782e-05
-0.00010097
3.04629e-05
-7.30463e-05
3.33179e-05
-2.18803e-05
2.52241e-05
2.15356e-06
1.52827e-05
7.01593e-06
1.82028e-05
2.67832e-05
1.30178e-05
7.46638e-05
-5.99622e-06
8.4462e-05
-5.17515e-06
8.17467e-06
-8.01817e-05
-9.63789e-06
8.35677e-05
-1.25257e-05
4.18375e-05
-5.05846e-06
-3.56945e-05
-2.33212e-06
-8.41144e-05
-2.32767e-05
-1.37819e-05
-5.09988e-05
7.90113e-05
-5.19732e-05
9.27587e-05
-9.97927e-06
-6.19176e-06
1.2087e-05
-9.66548e-05
6.82422e-06
-9.57068e-05
2.83068e-05
-9.45288e-05
4.99201e-05
-4.34936e-05
3.28208e-05
1.92528e-05
5.39581e-06
3.44409e-05
9.28672e-06
2.28923e-05
1.40772e-05
6.98733e-05
9.48196e-06
8.90572e-05
8.36822e-06
9.28841e-06
-7.18135e-05
-3.70949e-06
8.72771e-05
-5.0501e-06
4.31781e-05
-1.77763e-06
-3.8967e-05
-1.1363e-05
-7.4529e-05
-4.218e-05
1.70351e-05
-6.40661e-05
0.000100897
-4.45124e-05
7.3205e-05
-3.7365e-06
-4.69676e-05
-5.1606e-06
-9.52307e-05
2.23446e-06
-0.000103102
2.04212e-05
-0.000112716
3.27568e-05
-5.58291e-05
2.4293e-05
2.77166e-05
-3.1977e-06
6.19317e-05
-2.0506e-05
4.02007e-05
3.89361e-06
4.54736e-05
1.39127e-05
7.90382e-05
1.46654e-05
8.53567e-06
-5.71481e-05
2.29076e-06
8.49864e-05
3.72213e-06
4.17467e-05
2.54598e-07
-3.54995e-05
-2.27951e-05
-5.14793e-05
-5.61797e-05
5.04197e-05
-6.51141e-05
0.000109832
-3.18756e-05
3.99665e-05
-8.39307e-06
-7.04502e-05
-2.65928e-05
-7.70309e-05
-3.74563e-05
-9.22383e-05
-2.21013e-05
-0.000128071
-4.21902e-06
-7.37114e-05
-6.66558e-06
3.01631e-05
-2.41483e-05
7.94144e-05
-3.82306e-05
5.42829e-05
-2.36092e-05
3.08522e-05
6.15192e-06
4.9277e-05
5.39568e-06
9.29191e-06
-5.17524e-05
7.87324e-06
7.71131e-05
1.11259e-05
3.84941e-05
4.57222e-07
-2.48308e-05
-3.37781e-05
-1.7244e-05
-6.61017e-05
8.27432e-05
-6.19387e-05
0.000105669
-2.7358e-05
5.38581e-06
-1.96788e-05
-7.81293e-05
-3.89374e-05
-5.77723e-05
-5.83146e-05
-7.28611e-05
-5.23033e-05
-0.000134082
-3.55163e-05
-9.04983e-05
-5.23152e-05
4.6962e-05
-6.56023e-05
9.27015e-05
-7.40243e-05
6.27048e-05
-6.30628e-05
1.98906e-05
-3.46556e-05
2.08699e-05
-1.6717e-05
-8.64671e-06
-6.84694e-05
8.92578e-06
3.23972e-05
5.63992e-06
4.48357e-05
-1.35406e-07
4.07721e-05
-1.06184e-05
3.39644e-05
-2.53148e-05
2.58644e-05
-4.0553e-05
2.15434e-05
-5.02046e-05
1.77152e-05
-5.57075e-05
1.08957e-05
-5.65577e-05
-7.28211e-07
-5.23993e-05
-1.39175e-05
-4.51973e-05
-2.38398e-05
-3.61234e-05
-2.97234e-05
-2.45054e-05
-3.32747e-05
-1.26396e-05
-3.06144e-05
-8.30102e-06
-1.625e-05
-8.76381e-06
-5.64265e-06
-6.93357e-06
-5.92266e-06
-3.88272e-06
-7.73348e-06
-1.3596e-06
-9.96907e-06
2.91659e-09
-1.21672e-05
1.06559e-06
-1.30633e-05
-2.25002e-07
-1.358e-05
-9.18674e-06
-2.37486e-06
-1.97354e-05
5.21326e-05
-3.58186e-05
6.09189e-05
-6.09623e-05
6.59158e-05
-7.58989e-05
4.8901e-05
-7.9044e-05
2.90095e-05
-7.9327e-05
2.18264e-05
-8.07073e-05
1.90955e-05
-8.66913e-05
1.68797e-05
-9.7976e-05
1.05565e-05
-0.000107706
-4.18724e-06
-0.000106141
-2.54048e-05
-9.19342e-05
-4.39304e-05
-6.43432e-05
-6.08657e-05
-3.11619e-05
-6.37957e-05
-1.80357e-05
-2.93763e-05
-2.40781e-05
3.99837e-07
-2.71261e-05
-2.87464e-06
-2.61138e-05
-8.74586e-06
-2.50936e-05
-1.09892e-05
-2.47671e-05
-1.24938e-05
-2.11715e-05
-1.6659e-05
-1.52546e-05
-1.94969e-05
-1.47279e-05
-9.71335e-06
-0.000122441
0.000174574
-0.0001529
9.13772e-05
-0.00020303
0.000116046
-0.000239876
8.57468e-05
-0.000256982
4.61152e-05
-0.000266025
3.08693e-05
-0.00027679
2.98615e-05
-0.000287987
2.80759e-05
-0.000289225
1.17944e-05
-0.000271318
-2.20937e-05
-0.000235318
-6.14049e-05
-0.000187374
-9.18748e-05
-0.000126868
-0.000121371
-4.90161e-05
-0.000141648
4.39571e-05
-0.000122349
7.25286e-05
-2.81717e-05
2.71601e-05
4.24937e-05
-5.41094e-05
7.25236e-05
-0.000115439
5.034e-05
-0.000148628
2.06954e-05
-0.000161266
-4.02101e-06
-0.000149503
-3.12598e-05
-5.65209e-05
-0.00010771
-0.000295846
0.000470419
-0.0003673
0.000162831
-0.000412738
0.000161484
-0.000428221
0.00010123
-0.000423903
4.17977e-05
-0.000414038
2.10042e-05
-0.000397618
1.34409e-05
-0.000368657
-8.84902e-07
-0.000333902
-2.29599e-05
-0.000301982
-5.40138e-05
-0.000278099
-8.52885e-05
-0.00025788
-0.000112094
-0.000239905
-0.000139345
-0.000223085
-0.000158468
-0.000201638
-0.000143796
-0.000173914
-5.58957e-05
-0.000139033
7.61211e-06
-0.000135432
6.89232e-05
-0.000161518
7.64258e-05
-0.000179441
3.86185e-05
-0.000178104
-5.35827e-06
-0.000182596
-2.67679e-05
-4.21894e-05
-0.000196927
-0.000326925
0.000797345
-0.000417181
0.000253087
-0.000442714
0.000187018
-0.000422653
8.11684e-05
-0.000395985
1.51295e-05
-0.000372273
-2.70752e-06
-0.000353786
-5.04594e-06
-0.000343897
-1.07745e-05
-0.000340502
-2.63543e-05
-0.000327993
-6.65228e-05
-0.000314971
-9.8311e-05
-0.000303194
-0.000123871
-0.000296652
-0.000145887
-0.000302023
-0.000153096
-0.000312296
-0.000133524
-0.00029784
-7.03511e-05
-0.000297244
7.01602e-06
-0.000294018
6.56962e-05
-0.000277657
6.00656e-05
-0.000228563
-1.04766e-05
-0.000165928
-6.79925e-05
-0.000141453
-5.12438e-05
-1.4854e-05
-0.000168788
-0.000238387
0.00103573
-0.000286499
0.000301199
-0.00032895
0.000229469
-0.000330673
8.2891e-05
-0.000308252
-7.29169e-06
-0.000298795
-1.21649e-05
-0.000310391
6.5505e-06
-0.000322997
1.83171e-06
-0.0003257
-2.36512e-05
-0.000319205
-7.30181e-05
-0.000319262
-9.82539e-05
-0.000319531
-0.000123603
-0.000317883
-0.000147535
-0.000321649
-0.000149331
-0.000329227
-0.000125945
-0.000322781
-7.67974e-05
-0.00032314
7.37538e-06
-0.000327033
6.95891e-05
-0.000276777
9.80928e-06
-0.000214178
-7.30754e-05
-0.000172382
-0.000109788
-0.000137192
-8.64338e-05
-4.13248e-05
-0.000110722
-8.37814e-05
0.00111951
-0.000187628
0.000405046
-0.000224878
0.000266719
-0.000255168
0.000113182
-0.00028118
1.87199e-05
-0.000296061
2.71602e-06
-0.000292622
3.11167e-06
-0.000287063
-3.72737e-06
-0.000283927
-2.67869e-05
-0.000297725
-5.92208e-05
-0.000311314
-8.4665e-05
-0.000319991
-0.000114925
-0.000322111
-0.000145415
-0.000324714
-0.000146728
-0.000325602
-0.000125057
-0.00031341
-8.89895e-05
-0.000270212
-3.58231e-05
-0.000211983
1.13607e-05
-0.000208077
5.9028e-06
-0.000204073
-7.70788e-05
-0.00021522
-9.86412e-05
-0.000207653
-9.40013e-05
-7.61093e-05
-0.000172868
-8.41264e-05
0.00120364
-0.000226616
0.000547535
-0.00022361
0.000263713
-0.000213316
0.000102887
-0.000211347
1.67513e-05
-0.000208183
-4.4858e-07
-0.000209157
4.08614e-06
-0.00021607
3.18518e-06
-0.00023149
-1.13667e-05
-0.000252883
-3.78278e-05
-0.000272808
-6.47403e-05
-0.00029025
-9.74831e-05
-0.000311909
-0.000123755
-0.000318869
-0.000139769
-0.000315699
-0.000128226
-0.000303282
-0.000101407
-0.000270226
-6.8879e-05
-0.000216854
-4.20113e-05
-0.000176565
-3.43854e-05
-0.00018763
-6.60144e-05
-0.000197839
-8.84319e-05
-0.000198263
-9.35772e-05
-8.78614e-05
-0.000186511
-2.78756e-05
0.00123151
-0.0002348
0.00075446
-0.000244965
0.000273878
-0.00019918
5.71028e-05
-0.000165753
-1.66762e-05
-0.000136748
-2.94536e-05
-0.000117107
-1.55542e-05
-0.000118443
4.52089e-06
-0.000138349
8.5392e-06
-0.00017132
-4.85641e-06
-0.000208457
-2.76038e-05
-0.000248056
-5.78838e-05
-0.000278474
-9.33377e-05
-0.000302934
-0.000115309
-0.000315717
-0.000115444
-0.000302592
-0.000114531
-0.000286711
-8.47608e-05
-0.000256663
-7.2059e-05
-0.000208268
-8.27803e-05
-0.00018418
-9.01029e-05
-0.000174719
-9.78928e-05
-0.000166404
-0.000101892
-9.50839e-05
-0.000159181
0.0001212
0.00111032
-6.0574e-05
0.000936234
-0.000168487
0.00038179
-0.000160517
4.91329e-05
-0.000132539
-4.46536e-05
-0.000106692
-5.53007e-05
-7.81847e-05
-4.40619e-05
-5.49549e-05
-1.87089e-05
-5.21353e-05
5.71978e-06
-7.40095e-05
1.70179e-05
-0.000115116
1.35024e-05
-0.000169689
-3.31009e-06
-0.000228574
-3.44535e-05
-0.000276768
-6.71146e-05
-0.000299009
-9.32025e-05
-0.000312054
-0.000101486
-0.000303062
-9.37527e-05
-0.000283985
-9.11361e-05
-0.000246852
-0.000119913
-0.000219258
-0.000117697
-0.000194512
-0.000122639
-0.000166553
-0.000129851
-0.000124272
-0.000137364
0.000220771
0.000889544
0.00016545
0.000991555
1.42262e-05
0.000533014
-6.0759e-05
0.000124118
-7.7319e-05
-2.80937e-05
-7.16692e-05
-6.09505e-05
-5.39884e-05
-6.17427e-05
-3.0853e-05
-4.18445e-05
-1.49109e-05
-1.02222e-05
-1.51964e-05
1.73035e-05
-3.49295e-05
3.32356e-05
-7.50809e-05
3.68412e-05
-0.000137423
2.78882e-05
-0.000206908
2.37069e-06
-0.000265203
-3.49074e-05
-0.000308697
-5.79925e-05
-0.000343333
-5.9117e-05
-0.000361179
-7.32895e-05
-0.000387929
-9.31628e-05
-0.000397654
-0.000107972
-0.000387172
-0.000133121
-0.000353588
-0.000163436
-0.000168915
-0.000308945
0.000248838
0.000640706
0.000303116
0.000937277
0.000197109
0.000639021
6.83845e-05
0.000252842
1.44294e-06
3.88478e-05
-2.0515e-05
-3.89923e-05
-1.97549e-05
-6.25026e-05
-8.26353e-06
-5.33358e-05
5.23656e-06
-2.37225e-05
1.30696e-05
9.47033e-06
9.89801e-06
3.64072e-05
-7.35503e-06
5.40943e-05
-4.2987e-05
6.35201e-05
-0.000101198
6.05816e-05
-0.000173714
3.76083e-05
-0.000239898
8.19235e-06
-0.00028867
-1.03453e-05
-0.000329551
-3.24085e-05
-0.000359061
-6.36531e-05
-0.000366835
-0.000100198
-0.0003634
-0.000136555
-0.000356089
-0.000170748
-0.000190187
-0.000334817
0.000217099
0.000423607
0.000339299
0.000815077
0.000301669
0.00067665
0.000186679
0.000367832
9.25991e-05
0.000132928
4.37434e-05
9.86338e-06
2.67233e-05
-4.54827e-05
2.59905e-05
-5.26031e-05
2.93046e-05
-2.70368e-05
3.29155e-05
5.85959e-06
3.45157e-05
3.48071e-05
3.07118e-05
5.78982e-05
1.85011e-05
7.57307e-05
-8.9961e-06
8.80788e-05
-5.84973e-05
8.71094e-05
-0.000119782
6.94768e-05
-0.000176668
4.65414e-05
-0.000226432
1.73553e-05
-0.000265902
-2.41832e-05
-0.000290538
-7.55621e-05
-0.000303819
-0.000123274
-0.000313005
-0.000161561
-0.000185615
-0.000317577
0.000161181
0.000262426
0.000308585
0.000667673
0.000328671
0.000656565
0.000259254
0.000437249
0.000175167
0.000217015
0.000116898
6.81326e-05
8.44049e-05
-1.29893e-05
6.85425e-05
-3.67407e-05
6.04425e-05
-1.89368e-05
5.54968e-05
1.08055e-05
5.35905e-05
3.67133e-05
5.35749e-05
5.79135e-05
5.30087e-05
7.62971e-05
4.79759e-05
9.31116e-05
2.9593e-05
0.000105492
-5.61543e-06
0.000104685
-4.67828e-05
8.77089e-05
-8.79532e-05
5.85257e-05
-0.000130608
1.84719e-05
-0.000175519
-3.06518e-05
-0.000206622
-9.21705e-05
-0.000226035
-0.000142148
-0.000171934
-0.000239716
0.000105806
0.00015662
0.000245656
0.000527822
0.00030731
0.000594911
0.000287589
0.000456969
0.000233007
0.000271597
0.000180971
0.000120169
0.00014188
2.61013e-05
0.000112641
-7.50098e-06
9.29408e-05
7.63039e-07
7.9896e-05
2.38502e-05
7.26076e-05
4.40016e-05
7.06584e-05
5.98628e-05
7.28567e-05
7.40988e-05
7.7544e-05
8.84242e-05
7.9966e-05
0.00010307
7.20923e-05
0.000112559
5.18524e-05
0.000107949
2.66339e-05
8.37441e-05
4.23769e-06
4.08681e-05
-2.24257e-05
-3.98838e-06
-5.7785e-05
-5.68114e-05
-0.000102371
-9.75622e-05
-0.000137032
-0.000137273
5.52235e-05
0.000101397
0.000172875
0.000410171
0.000257093
0.000510693
0.000278274
0.000435789
0.000257496
0.000292374
0.000221236
0.00015643
0.000182061
6.5276e-05
0.000146635
2.79252e-05
0.000119229
2.81686e-05
0.000101155
4.19243e-05
9.04117e-05
5.47445e-05
8.57837e-05
6.44908e-05
8.66795e-05
7.32031e-05
9.26425e-05
8.24613e-05
0.000102509
9.32033e-05
0.000111486
0.000103583
0.00011226
0.000107174
0.000100229
9.57756e-05
7.63667e-05
6.47302e-05
5.66863e-05
1.5692e-05
3.15094e-05
-3.16344e-05
1.9386e-06
-6.79914e-05
-9.48455e-05
-4.02479e-05
1.20222e-05
8.93746e-05
0.000103235
0.000318958
0.000192293
0.000421634
0.000240266
0.000387817
0.000248312
0.000284328
0.000229811
0.000174931
0.000196962
9.81251e-05
0.000161945
6.29417e-05
0.000133909
5.62046e-05
0.000115325
6.05087e-05
0.000104129
6.59405e-05
9.84759e-05
7.01437e-05
9.77628e-05
7.39162e-05
0.000101921
7.83029e-05
0.000111154
8.397e-05
0.000124192
9.05451e-05
0.000136171
9.51958e-05
0.000139096
9.28502e-05
0.00012574
7.80867e-05
9.28847e-05
4.8547e-05
5.89424e-05
2.30785e-06
3.34178e-05
-4.24668e-05
-7.28009e-05
1.13732e-05
-1.66312e-05
0.000106006
4.6789e-05
0.000255537
0.000128255
0.000340168
0.000188387
0.000327685
0.000214722
0.000257992
0.000210608
0.000179045
0.000187486
0.000121248
0.00015961
9.08173e-05
0.00013675
7.90645e-05
0.000121426
7.58325e-05
0.000112123
7.52438e-05
0.000107177
7.50897e-05
0.00010595
7.51428e-05
0.000108404
7.58487e-05
0.000114894
7.74808e-05
0.000125618
7.98207e-05
0.000139247
8.15674e-05
0.000151438
8.06588e-05
0.000155266
7.42587e-05
0.000143341
6.04727e-05
0.000109646
3.60027e-05
7.39886e-05
-6.80956e-06
-4.20084e-05
4.31962e-05
-2.53321e-05
0.000131338
1.29073e-05
0.000217298
7.95727e-05
0.000273503
0.000138451
0.000268807
0.000170984
0.000225458
0.000176009
0.00017402
0.00016362
0.000133637
0.000146158
0.000108279
0.000131211
9.40119e-05
0.000120863
8.61804e-05
0.000114505
8.1602e-05
0.000111171
7.84231e-05
0.000110393
7.59207e-05
0.000112149
7.40929e-05
0.000116693
7.29369e-05
0.0001244
7.21141e-05
0.000135325
7.06428e-05
0.000148614
6.73696e-05
0.000161493
6.13796e-05
0.000168363
5.36022e-05
0.000163723
4.06432e-05
0.000138681
1.82326e-05
-9.24167e-06
0.000105914
-1.79184e-05
0.000149256
2.56975e-06
0.00019681
5.15881e-05
0.000224484
9.98884e-05
0.000220507
0.00012996
0.000195387
0.000139834
0.000164146
0.000136798
0.000136673
0.000129078
0.000115999
0.000121539
0.00010155
0.000115934
9.17863e-05
0.000112473
8.50629e-05
0.000110887
8.00083e-05
0.000110968
7.58406e-05
0.000112751
7.23095e-05
0.000116439
6.92493e-05
0.000122287
6.6266e-05
0.00013037
6.25592e-05
0.000140655
5.70845e-05
0.000153163
4.88717e-05
0.000166939
3.98266e-05
0.000177487
3.00949e-05
0.000178629
1.70916e-05
-3.11967e-06
0.000172507
-5.07835e-06
0.000154334
6.25339e-06
0.000185478
3.96617e-05
0.000191076
7.4726e-05
0.000185442
9.89931e-05
0.00017112
0.000110743
0.000152396
0.000113926
0.00013349
0.000112958
0.000116967
0.000110714
0.000103795
0.000108693
9.38068e-05
0.000107547
8.62094e-05
0.000107436
8.01186e-05
0.00010837
7.49075e-05
0.000110442
7.02373e-05
0.000113833
6.58582e-05
0.000118709
6.13897e-05
0.000125026
5.62428e-05
0.000132488
4.96223e-05
0.000141111
4.02489e-05
0.000152
2.89372e-05
0.000164583
1.75126e-05
0.00017577
5.90473e-06
-9.44095e-06
0.000182091
4.52068e-06
0.000149814
1.39687e-05
0.00017603
3.62132e-05
0.000168831
6.02589e-05
0.000161397
7.87981e-05
0.000152581
9.0387e-05
0.000140807
9.65337e-05
0.000127344
9.92515e-05
0.000114249
0.000100201
0.000102846
0.000100571
9.34362e-05
0.000101084
8.56972e-05
0.000102073
7.91291e-05
0.000103681
7.33e-05
0.000106033
6.78854e-05
0.00010928
6.26118e-05
0.000113521
5.71487e-05
0.00011869
5.10734e-05
0.000124402
4.39102e-05
0.000129999
3.46518e-05
0.00013583
2.31059e-05
0.000142747
1.05956e-05
0.000150727
-2.07482e-06
-1.51163e-05
0.000156402
8.25918e-06
0.000141554
1.89932e-05
0.000165296
3.50451e-05
0.00015278
5.1882e-05
0.00014456
6.60157e-05
0.000138447
7.64319e-05
0.000130391
8.34368e-05
0.000120339
8.78284e-05
0.000109858
9.05413e-05
0.000100133
9.24173e-05
9.15602e-05
9.40596e-05
8.4055e-05
9.58237e-05
7.73652e-05
9.79055e-05
7.12184e-05
0.000100437
6.5354e-05
0.000103526
5.95232e-05
0.000107214
5.34607e-05
0.000111426
4.68607e-05
0.000115885
3.9452e-05
0.000119844
3.06921e-05
0.000122773
2.01767e-05
0.000125068
8.30094e-06
0.00012725
-4.25643e-06
-1.6275e-05
0.000128408
8.63038e-06
0.000132924
2.02522e-05
0.000153674
3.32626e-05
0.000139769
4.59562e-05
0.000131866
5.71178e-05
0.000127285
6.62213e-05
0.000121287
7.31647e-05
0.000113395
7.82073e-05
0.000104815
8.18522e-05
9.64877e-05
8.4646e-05
8.87665e-05
8.70344e-05
8.16668e-05
8.93246e-05
7.5075e-05
9.17127e-05
6.88303e-05
9.43193e-05
6.27475e-05
9.72129e-05
5.66296e-05
0.000100398
5.02762e-05
0.000103789
4.34694e-05
0.000107207
3.60336e-05
0.00011017
2.77289e-05
0.000112047
1.82998e-05
0.000112596
7.75185e-06
0.000111737
-3.39704e-06
-1.4339e-05
0.000109801
8.02189e-06
0.000124902
1.93906e-05
0.000142305
3.06117e-05
0.000128548
4.09092e-05
0.000121569
5.01577e-05
0.000118037
5.8171e-05
0.000113274
6.47644e-05
0.000106802
6.9979e-05
9.96002e-05
7.40759e-05
9.23908e-05
7.73955e-05
8.5447e-05
8.0248e-05
7.88144e-05
8.28723e-05
7.24507e-05
8.54342e-05
6.62684e-05
8.80342e-05
6.01477e-05
9.07157e-05
5.39482e-05
9.34657e-05
4.75262e-05
9.62032e-05
4.07319e-05
9.87934e-05
3.34433e-05
0.000100968
2.5554e-05
0.000102287
1.69805e-05
0.000102328
7.71116e-06
0.000101018
-2.08726e-06
-1.17433e-05
9.84226e-05
7.35129e-06
0.000117551
1.78438e-05
0.000131813
2.76658e-05
0.000118726
3.64094e-05
0.000112825
4.43717e-05
0.000110074
5.15265e-05
0.000106119
5.76955e-05
0.000100633
6.28406e-05
9.4455e-05
6.70952e-05
8.81363e-05
7.0669e-05
8.18733e-05
7.37708e-05
7.57127e-05
7.65734e-05
6.96482e-05
7.92035e-05
6.36384e-05
8.17389e-05
5.76124e-05
8.42088e-05
5.14785e-05
8.65963e-05
4.51387e-05
8.8833e-05
3.84951e-05
9.08083e-05
3.1468e-05
9.23579e-05
2.40044e-05
9.32374e-05
1.6101e-05
9.31644e-05
7.78405e-06
9.19996e-05
-9.22455e-07
-9.52628e-06
8.97825e-05
6.74334e-06
0.000110807
1.61996e-05
0.000122356
2.48195e-05
0.000110106
3.2427e-05
0.000105217
3.94445e-05
0.000103057
4.58957e-05
9.96678e-05
5.16235e-05
9.49052e-05
5.65667e-05
8.95119e-05
6.07932e-05
8.39099e-05
6.44322e-05
7.82343e-05
6.76207e-05
7.25242e-05
7.04777e-05
6.67911e-05
7.30938e-05
6.10224e-05
7.55259e-05
5.51804e-05
7.77943e-05
4.92101e-05
7.98836e-05
4.30495e-05
8.17402e-05
3.66385e-05
8.32773e-05
2.99309e-05
8.43805e-05
2.29012e-05
8.49139e-05
1.55676e-05
8.473e-05
7.96789e-06
8.36353e-05
1.72217e-07
-7.63291e-06
8.17419e-05
6.16798e-06
0.000104639
1.46211e-05
0.000113903
2.22087e-05
0.000102518
2.89192e-05
9.85069e-05
3.51846e-05
9.67913e-05
4.10308e-05
9.38216e-05
4.63204e-05
8.96156e-05
5.09904e-05
8.48419e-05
5.50746e-05
7.98257e-05
5.86523e-05
7.46565e-05
6.18116e-05
6.9365e-05
6.46315e-05
6.39712e-05
6.71744e-05
5.84797e-05
6.94796e-05
5.28753e-05
7.1561e-05
4.71288e-05
7.34057e-05
4.12048e-05
7.49737e-05
3.50705e-05
7.62009e-05
2.87036e-05
7.70047e-05
2.20974e-05
7.72962e-05
1.52762e-05
7.69832e-05
8.28079e-06
7.5963e-05
1.19243e-06
-5.90798e-06
7.4238e-05
5.61755e-06
9.90219e-05
1.31547e-05
0.000106366
1.98564e-05
9.58167e-05
2.58224e-05
9.25408e-05
3.14536e-05
9.116e-05
3.67624e-05
8.85128e-05
4.16268e-05
8.47512e-05
4.59888e-05
8.04798e-05
4.98641e-05
7.59504e-05
5.33008e-05
7.12199e-05
5.63541e-05
6.63119e-05
5.90751e-05
6.12504e-05
6.1505e-05
5.60499e-05
6.36701e-05
5.07103e-05
6.5579e-05
4.52199e-05
6.72212e-05
3.95627e-05
6.85675e-05
3.37242e-05
6.95721e-05
2.7699e-05
7.01765e-05
2.14931e-05
7.03182e-05
1.51344e-05
6.99367e-05
8.66231e-06
6.89788e-05
2.1503e-06
-4.35036e-06
6.74211e-05
5.10146e-06
9.39204e-05
1.18164e-05
9.96509e-05
1.77515e-05
8.98815e-05
2.30773e-05
8.72149e-05
2.81525e-05
8.60847e-05
3.29733e-05
8.3692e-05
3.74297e-05
8.02947e-05
4.147e-05
7.64394e-05
4.51001e-05
7.23205e-05
4.83482e-05
6.79719e-05
5.12476e-05
6.34126e-05
5.38301e-05
5.8668e-05
5.61219e-05
5.37582e-05
5.81396e-05
4.86925e-05
5.9888e-05
4.34716e-05
6.13583e-05
3.80923e-05
6.25295e-05
3.25532e-05
6.33692e-05
2.68593e-05
6.38373e-05
2.1025e-05
6.38911e-05
1.50806e-05
6.34904e-05
9.0629e-06
6.26057e-05
3.03497e-06
-2.97478e-06
6.12301e-05
4.6288e-06
8.92916e-05
1.06073e-05
9.36723e-05
1.58725e-05
8.46162e-05
2.06343e-05
8.24531e-05
2.52098e-05
8.15091e-05
2.95814e-05
7.93204e-05
3.36481e-05
7.62279e-05
3.73648e-05
7.27228e-05
4.07314e-05
6.89539e-05
4.37638e-05
6.49397e-05
4.64806e-05
6.0696e-05
4.89002e-05
5.62484e-05
5.10384e-05
5.16201e-05
5.29048e-05
4.68261e-05
5.45014e-05
4.18751e-05
5.58211e-05
3.67727e-05
5.68487e-05
3.15257e-05
5.75618e-05
2.61461e-05
5.79337e-05
2.06531e-05
5.79367e-05
1.50776e-05
5.75449e-05
9.4546e-06
5.67412e-05
3.83873e-06
-1.76723e-06
5.55337e-05
4.20549e-06
8.5086e-05
9.52005e-06
8.83576e-05
1.41943e-05
7.99419e-05
1.84517e-05
7.81955e-05
2.25722e-05
7.73885e-05
2.65267e-05
7.53658e-05
3.02226e-05
7.2532e-05
3.36204e-05
6.93252e-05
3.67168e-05
6.58576e-05
3.95193e-05
6.21373e-05
4.20371e-05
5.81782e-05
4.42795e-05
5.4006e-05
4.62549e-05
4.96448e-05
4.79682e-05
4.51129e-05
4.94196e-05
4.04238e-05
5.06034e-05
3.55889e-05
5.15089e-05
3.06203e-05
5.21212e-05
2.55338e-05
5.24232e-05
2.03511e-05
5.23983e-05
1.51025e-05
5.20325e-05
9.82053e-06
5.13199e-05
4.55136e-06
-7.05684e-07
5.02584e-05
3.83594e-06
8.125e-05
8.54361e-06
8.36498e-05
1.26899e-05
7.57954e-05
1.64924e-05
7.43929e-05
2.01962e-05
7.36847e-05
2.37629e-05
7.17992e-05
2.71073e-05
6.91877e-05
3.01954e-05
6.62373e-05
3.30222e-05
6.30308e-05
3.55898e-05
5.95697e-05
3.7901e-05
5.5867e-05
3.99593e-05
5.19477e-05
4.1768e-05
4.78361e-05
4.3329e-05
4.35519e-05
4.46414e-05
3.91114e-05
4.57011e-05
3.45292e-05
4.65008e-05
2.98205e-05
4.70314e-05
2.50031e-05
4.72833e-05
2.00992e-05
4.72483e-05
1.51375e-05
4.69219e-05
1.0147e-05
4.63078e-05
5.16553e-06
1.99156e-07
4.5403e-05
3.52245e-06
7.77275e-05
7.66792e-06
7.95042e-05
1.13334e-05
7.21299e-05
1.47227e-05
7.10037e-05
1.80447e-05
7.03626e-05
2.12506e-05
6.85933e-05
2.42634e-05
6.6175e-05
2.70541e-05
6.34466e-05
2.96174e-05
6.04676e-05
3.19517e-05
5.72353e-05
3.4056e-05
5.37627e-05
3.59296e-05
5.00741e-05
3.7573e-05
4.61928e-05
3.8986e-05
4.21389e-05
4.01674e-05
3.793e-05
4.11144e-05
3.35822e-05
4.18228e-05
2.9112e-05
4.22879e-05
2.4538e-05
4.25057e-05
1.98814e-05
4.24752e-05
1.51681e-05
4.2199e-05
1.04233e-05
4.1687e-05
5.67762e-06
9.33914e-07
4.09522e-05
3.2619e-06
7.44655e-05
6.88518e-06
7.58809e-05
1.01028e-05
6.89123e-05
1.31127e-05
6.79938e-05
1.60835e-05
6.73919e-05
1.89534e-05
6.57234e-05
2.16539e-05
6.34746e-05
2.41614e-05
6.09391e-05
2.64705e-05
5.81584e-05
2.85779e-05
5.51278e-05
3.04798e-05
5.18609e-05
3.21731e-05
4.83808e-05
3.36563e-05
4.47096e-05
3.49282e-05
4.08671e-05
3.59873e-05
3.68707e-05
3.6832e-05
3.27374e-05
3.74599e-05
2.8484e-05
3.78696e-05
2.41284e-05
3.80611e-05
1.969e-05
3.80381e-05
1.51911e-05
3.78084e-05
1.0653e-05
3.73866e-05
6.09951e-06
1.52684e-06
3.67936e-05
3.04285e-06
7.14227e-05
6.18782e-06
7.27359e-05
8.98079e-06
6.61194e-05
1.16367e-05
6.53379e-05
1.42799e-05
6.47488e-05
1.68344e-05
6.3169e-05
1.92396e-05
6.10693e-05
2.14771e-05
5.87015e-05
2.35421e-05
5.60934e-05
2.54301e-05
5.32398e-05
2.71355e-05
5.01555e-05
2.86537e-05
4.68626e-05
2.99816e-05
4.33817e-05
3.11171e-05
3.97315e-05
3.20582e-05
3.59296e-05
3.28033e-05
3.19923e-05
3.33509e-05
2.79363e-05
3.37008e-05
2.37785e-05
3.38549e-05
1.95359e-05
3.38188e-05
1.52272e-05
3.36027e-05
1.08692e-05
3.3222e-05
6.48023e-06
2.05095e-06
3.26978e-05
2.8474e-06
6.85752e-05
5.56503e-06
7.00183e-05
7.9523e-06
6.37322e-05
1.02697e-05
6.30206e-05
1.26005e-05
6.24179e-05
1.48539e-05
6.09156e-05
1.69763e-05
5.89469e-05
1.89534e-05
5.67245e-05
2.07813e-05
5.42655e-05
2.24545e-05
5.15666e-05
2.39658e-05
4.86442e-05
2.53094e-05
4.5519e-05
2.64808e-05
4.22102e-05
2.74763e-05
3.8736e-05
2.82928e-05
3.5113e-05
2.89277e-05
3.13574e-05
2.93788e-05
2.74852e-05
2.96453e-05
2.3512e-05
2.9729e-05
1.94523e-05
2.9635e-05
1.53212e-05
2.93729e-05
1.11312e-05
2.89562e-05
6.89692e-06
2.60594e-06
2.84011e-05
2.65547e-06
6.59198e-05
4.99784e-06
6.7676e-05
6.99755e-06
6.17325e-05
8.98482e-06
6.10333e-05
1.10101e-05
6.03927e-05
1.29693e-05
5.89564e-05
1.48149e-05
5.71014e-05
1.65352e-05
5.50042e-05
1.81274e-05
5.26734e-05
1.95843e-05
5.01097e-05
2.08974e-05
4.73311e-05
2.20595e-05
4.43568e-05
2.30644e-05
4.12053e-05
2.39066e-05
3.78937e-05
2.45813e-05
3.44383e-05
2.5084e-05
3.08546e-05
2.54112e-05
2.71581e-05
2.55606e-05
2.33625e-05
2.55326e-05
1.94803e-05
2.53312e-05
1.55225e-05
2.49644e-05
1.1498e-05
2.44442e-05
7.41703e-06
3.26373e-06
2.37864e-05
2.4561e-06
6.34637e-05
4.47128e-06
6.56608e-05
6.09959e-06
6.01041e-05
7.76177e-06
5.93712e-05
9.4831e-06
5.86714e-05
1.11501e-05
5.72894e-05
1.27204e-05
5.55312e-05
1.41839e-05
5.35408e-05
1.55377e-05
5.13196e-05
1.67726e-05
4.88747e-05
1.7879e-05
4.62246e-05
1.88483e-05
4.33875e-05
1.96726e-05
4.0381e-05
2.03449e-05
3.72215e-05
2.08585e-05
3.39247e-05
2.12074e-05
3.05057e-05
2.13869e-05
2.69786e-05
2.13936e-05
2.33557e-05
2.12273e-05
1.96465e-05
2.08913e-05
1.58584e-05
2.03938e-05
1.19955e-05
1.97495e-05
8.06119e-06
4.0351e-06
1.89781e-05
2.22095e-06
6.12427e-05
3.93011e-06
6.39517e-05
5.20697e-06
5.88273e-05
6.54801e-06
5.80302e-05
7.95829e-06
5.72612e-05
9.32595e-06
5.59218e-05
1.06145e-05
5.42427e-05
1.18138e-05
5.23415e-05
1.29203e-05
5.0213e-05
1.39229e-05
4.78721e-05
1.48113e-05
4.53362e-05
1.55761e-05
4.26226e-05
1.62087e-05
3.97484e-05
1.67012e-05
3.67291e-05
1.70463e-05
3.35796e-05
1.72376e-05
3.03144e-05
1.72703e-05
2.69459e-05
1.71413e-05
2.34847e-05
1.68509e-05
1.99368e-05
1.6403e-05
1.63061e-05
1.5807e-05
1.25915e-05
1.50832e-05
8.78494e-06
4.86164e-06
1.42566e-05
2.03502e-06
5.92077e-05
3.48422e-06
6.25025e-05
4.43501e-06
5.78765e-05
5.49444e-06
5.69708e-05
6.62567e-06
5.613e-05
7.73168e-06
5.48159e-05
8.77153e-06
5.32028e-05
9.73857e-06
5.13745e-05
1.06273e-05
4.93243e-05
1.14246e-05
4.70747e-05
1.21207e-05
4.46401e-05
1.27059e-05
4.20375e-05
1.31709e-05
3.92834e-05
1.35077e-05
3.63924e-05
1.37085e-05
3.33788e-05
1.37664e-05
3.02565e-05
1.36762e-05
2.70361e-05
1.34345e-05
2.37263e-05
1.304e-05
2.03312e-05
1.2494e-05
1.68521e-05
1.18019e-05
1.32836e-05
1.09799e-05
9.60697e-06
5.79523e-06
1.00463e-05
1.58588e-06
2.55106e-06
3.13057e-06
3.77292e-06
4.46027e-06
5.1477e-06
5.78603e-06
6.37914e-06
6.91266e-06
7.37738e-06
7.76414e-06
8.06453e-06
8.27121e-06
8.37744e-06
8.37734e-06
8.26609e-06
8.04112e-06
7.70165e-06
7.24841e-06
6.68634e-06
6.02451e-06
5.28228e-06
4.48747e-06
-1.84334e-06
-5.31512e-07
-2.75635e-06
9.13001e-07
-5.46717e-06
2.71082e-06
4.43095e-06
-9.89813e-06
-1.40385e-05
3.79366e-06
-1.57952e-05
2.66966e-06
-1.54573e-05
2.373e-06
2.66403e-06
-1.36904e-05
-8.38114e-05
-2.01049e-05
-6.73643e-05
-1.37775e-05
-5.61714e-05
-8.81992e-06
-4.78677e-06
-4.87206e-05
-0.000184574
-3.2458e-05
-0.000163633
-3.47182e-05
-0.000146095
-2.63573e-05
-1.8539e-05
-0.000132343
-0.000180436
-2.08105e-05
-0.00017679
-3.83642e-05
-0.000156645
-4.6502e-05
-3.19764e-05
-0.000143208
-0.0001147
-1.68324e-05
-0.000111906
-4.11577e-05
-0.000125122
-3.32861e-05
-2.5303e-05
-0.000131795
-0.000156705
-3.29956e-05
-0.000160056
-3.7807e-05
-0.000157176
-3.61654e-05
-3.24317e-05
-0.000150048
-0.000181381
-3.8126e-05
-0.000181734
-3.74537e-05
-0.000180892
-3.7007e-05
-3.48634e-05
-0.000178461
-0.000159065
-3.82426e-05
-0.000162657
-3.38608e-05
-0.000166024
-3.36405e-05
-3.43504e-05
-0.000166537
-0.000142039
-3.35678e-05
-0.000146094
-2.98059e-05
-0.000137315
-4.24199e-05
-3.98183e-05
-0.000131847
-0.000274122
-6.83909e-05
-0.000234965
-6.89625e-05
-0.000207519
-6.9866e-05
-7.44967e-05
-0.000172841
-0.000313134
-9.00738e-05
-0.000292105
-8.99908e-05
-0.000269179
-9.27921e-05
-8.89284e-05
-0.000254748
-0.000316016
-9.16351e-05
-0.000312357
-9.365e-05
-0.000311011
-9.41387e-05
-9.15195e-05
-0.00030842
-0.000246693
-8.46586e-05
-0.000255229
-8.51133e-05
-0.000265673
-8.3695e-05
-7.93763e-05
-0.000277816
-0.000151799
-7.0133e-05
-0.000162931
-7.39814e-05
-0.000171136
-7.54896e-05
-7.34635e-05
-0.000177049
-6.17263e-05
-4.86545e-05
-8.06273e-05
-5.50803e-05
-9.53686e-05
-6.07483e-05
-6.54347e-05
-0.000103397
-1.99014e-07
-3.70823e-05
-1.55048e-05
-3.97744e-05
-3.05661e-05
-4.5687e-05
-5.3765e-05
-4.22358e-05
3.50862e-05
-2.89722e-05
2.97668e-05
-3.4455e-05
2.39985e-05
-3.99187e-05
-4.71583e-05
1.73918e-05
9.3863e-05
-1.69209e-05
8.576e-05
-2.63519e-05
8.10123e-05
-3.51709e-05
-4.29712e-05
7.68252e-05
0.000166631
-1.10452e-05
0.000158857
-1.85779e-05
0.000149958
-2.62724e-05
-3.34184e-05
0.000140406
0.000182355
-1.13095e-05
0.000180075
-1.62973e-05
0.000175095
-2.1293e-05
-2.64988e-05
0.000168175
0.000157463
-1.23701e-05
0.000157079
-1.59134e-05
0.000155365
-1.95787e-05
-2.32313e-05
0.000152097
0.000128075
-1.20373e-05
0.000126925
-1.47626e-05
0.000124759
-1.7413e-05
-1.99828e-05
0.00012151
0.000108321
-1.05577e-05
0.000106431
-1.28725e-05
0.000104102
-1.5084e-05
-1.72026e-05
0.000101322
9.67831e-05
-8.91827e-06
9.4889e-05
-1.09784e-05
9.27615e-05
-1.29565e-05
-1.48666e-05
9.04256e-05
8.83637e-05
-7.49951e-06
8.67303e-05
-9.34494e-06
8.48998e-05
-1.11259e-05
-1.28487e-05
8.2882e-05
8.05173e-05
-6.27496e-06
7.91051e-05
-7.93265e-06
7.7515e-05
-9.53587e-06
-1.10932e-05
7.57595e-05
7.31701e-05
-5.20702e-06
7.19469e-05
-6.70939e-06
7.05756e-05
-8.16455e-06
-9.58164e-06
6.9064e-05
6.6488e-05
-4.27389e-06
6.54279e-05
-5.64931e-06
6.42483e-05
-6.98492e-06
-8.2872e-06
6.29539e-05
6.04124e-05
-3.45619e-06
5.94927e-05
-4.72955e-06
5.84765e-05
-5.9687e-06
-7.17712e-06
5.73665e-05
5.48213e-05
-2.74377e-06
5.40262e-05
-3.93441e-06
5.31523e-05
-5.09475e-06
-6.22885e-06
5.2204e-05
4.96476e-05
-2.1329e-06
4.89698e-05
-3.25659e-06
4.82295e-05
-4.35443e-06
-5.43027e-06
4.74309e-05
4.48916e-05
-1.62154e-06
4.4328e-05
-2.69295e-06
4.37175e-05
-3.74404e-06
-4.77694e-06
4.30642e-05
4.05362e-05
-1.20564e-06
4.00808e-05
-2.23751e-06
3.95916e-05
-3.2549e-06
-4.25927e-06
3.90738e-05
3.6455e-05
-8.6713e-07
3.60869e-05
-1.86948e-06
3.56942e-05
-2.86221e-06
-3.8444e-06
3.52793e-05
3.23986e-05
-5.68006e-07
3.20732e-05
-1.54408e-06
3.17246e-05
-2.51374e-06
-3.47218e-06
3.13523e-05
2.80918e-05
-2.58786e-07
2.77537e-05
-1.20598e-06
2.73895e-05
-2.14969e-06
-3.08181e-06
2.69991e-05
2.34307e-05
9.68262e-08
2.30485e-05
-8.23859e-07
2.2641e-05
-1.74225e-06
-2.64947e-06
2.22086e-05
1.85735e-05
5.01399e-07
1.81532e-05
-4.03564e-07
1.77132e-05
-1.30231e-06
-2.20556e-06
1.72692e-05
1.38326e-05
9.25366e-07
1.33914e-05
3.76042e-08
1.29564e-05
-8.67326e-07
-1.79155e-06
1.25424e-05
9.56884e-06
1.40279e-06
9.08713e-06
5.19296e-07
8.60586e-06
-3.86092e-07
-1.37117e-06
8.18545e-06
4.11615e-06
3.76415e-06
3.46351e-06
3.19211e-06
1.37187e-05
5.34963e-05
3.01153e-05
2.20975e-05
-6.85064e-06
1.21352e-05
-9.05093e-05
6.64147e-05
-0.000137588
0.000129822
-0.000100756
6.88362e-05
-6.2982e-05
-3.23879e-05
-9.47373e-05
-4.6374e-05
-0.000171171
1.86611e-05
-0.000195199
-4.88332e-05
-0.000200294
-0.000128987
-0.000188482
-0.000102311
-0.000205196
6.36759e-05
-0.000252868
0.000140374
-0.000263817
7.3654e-05
-0.00024392
-6.14028e-09
-0.000160054
-6.29964e-05
-3.99286e-05
-0.000128772
-0.000108398
1.34321e-05
2.63738e-05
1.11997e-05
2.43299e-05
-4.87983e-05
7.21332e-05
-0.000113192
0.000130808
-0.000128187
0.000144818
-9.41047e-05
3.47535e-05
-9.70035e-05
-2.9489e-05
-0.000130444
-1.29335e-05
-0.000174632
6.28492e-05
-0.000185551
-3.79138e-05
-0.000200873
-0.000113665
-0.000215941
-8.72431e-05
-0.000192773
4.05081e-05
-0.000204891
0.000152492
-0.000212455
8.12179e-05
-0.000178726
-3.37348e-05
-0.00010482
-0.000136902
-2.44828e-05
-0.000209109
-0.000132881
-3.24073e-05
1.00605e-05
-5.40106e-05
4.59332e-05
-9.5814e-05
0.000113937
-0.000133272
0.000168266
-0.000133787
0.000145333
-0.000116362
1.73282e-05
-0.000122072
-2.37791e-05
-0.000130625
-4.38019e-06
-0.000123848
5.60722e-05
-0.000144376
-1.73857e-05
-0.00016961
-8.84318e-05
-0.000198663
-5.81895e-05
-0.000172685
1.45297e-05
-0.000127253
0.00010706
-0.00012063
7.45945e-05
-0.00010074
-5.36241e-05
-6.78205e-05
-0.000169822
-2.79569e-05
-0.000248973
-0.000160838
-0.00010914
-1.31429e-05
-0.000106543
4.33363e-05
-0.00012288
0.000130274
-0.000143894
0.00018928
-0.000145611
0.00014705
-0.000149778
2.1495e-05
-0.00014959
-2.39669e-05
-0.00013516
-1.88105e-05
-0.000103822
2.47339e-05
-0.000127447
6.23978e-06
-0.000164447
-5.14317e-05
-0.000190558
-3.20792e-05
-0.000188103
1.20753e-05
-0.000122321
4.12777e-05
-7.71281e-05
2.94015e-05
-5.70797e-05
-7.36725e-05
-4.53076e-05
-0.000181594
-2.6856e-05
-0.000267424
-0.000187694
-0.000125213
-3.11378e-05
-0.000117785
3.59081e-05
-0.00012156
0.000134049
-0.000136205
0.000203925
-0.000156755
0.0001676
-0.000174573
3.93134e-05
-0.000174663
-2.38769e-05
-0.000157757
-3.57166e-05
-0.000141047
8.02375e-06
-0.000188913
5.4106e-05
-0.000239729
-6.15414e-07
-0.00024482
-2.69892e-05
-0.000218055
-1.46893e-05
-0.000183067
6.29019e-06
-0.000142019
-1.16474e-05
-6.19172e-05
-0.000153774
-3.41113e-05
-0.0002094
-5.70799e-06
-0.000295828
-0.000193402
-0.000128483
-3.44499e-05
-0.000117296
2.47215e-05
-0.000109192
0.000125945
-0.000113049
0.000207782
-0.000138784
0.000193335
-0.000162253
6.27831e-05
-0.000178274
-7.85612e-06
-0.000203969
-1.00215e-05
-0.000239463
4.35174e-05
-0.000315103
0.000129746
-0.000374902
5.91833e-05
-0.000362594
-3.92969e-05
-0.000335589
-4.16942e-05
-0.000308459
-2.08404e-05
-0.00027367
-4.64356e-05
-0.000234813
-0.000192632
-0.00011097
-0.000333243
-4.02512e-05
-0.000366546
-0.000233653
-0.000137356
-4.7142e-05
-0.000124971
1.23371e-05
-0.000107476
0.00010845
-9.91229e-05
0.000199428
-0.000107283
0.000201494
-0.000128021
8.3522e-05
-0.000139996
4.11883e-06
-0.000123447
-2.65708e-05
-0.000105684
2.57544e-05
-9.34509e-05
0.000117513
-0.000146426
0.000112158
-0.000240276
5.45533e-05
-0.000289572
7.60178e-06
-0.000274134
-3.62779e-05
-0.000217055
-0.000103515
-0.000169369
-0.000240317
-0.000138079
-0.000364533
-7.88856e-05
-0.00042574
-0.000312539
-0.000164275
-6.13278e-05
-0.000144687
-7.25085e-06
-0.000109682
7.34451e-05
-7.23787e-05
0.000162125
-3.48426e-05
0.000163958
-1.99755e-05
6.86549e-05
-1.30353e-05
-2.82136e-06
-6.80655e-06
-3.27996e-05
1.88303e-05
1.17459e-07
0.000103166
3.31778e-05
0.000167888
4.74362e-05
0.000126808
9.56327e-05
2.94575e-05
0.000104953
-4.51956e-05
3.83753e-05
-7.94979e-05
-6.92126e-05
-0.00011487
-0.000204945
-0.000135144
-0.000344258
-9.36659e-05
-0.000467218
-0.000406204
-0.000162906
-6.49592e-05
-0.000143461
-2.6695e-05
-9.79593e-05
2.79429e-05
-2.06864e-05
8.48526e-05
5.77573e-05
8.55144e-05
7.66899e-05
4.97223e-05
5.24043e-05
2.14642e-05
4.68312e-06
1.49217e-05
2.4554e-05
-1.97534e-05
0.000106155
-4.84228e-05
0.000223894
-7.0303e-05
0.000313427
6.10005e-06
0.000315553
0.000102826
0.000218015
0.000135913
8.92688e-05
5.95335e-05
-2.97616e-05
-8.59149e-05
-7.78005e-05
-0.000296219
-6.51684e-05
-0.00047985
-0.000471373
-0.000139031
-5.77747e-05
-0.000140201
-2.55253e-05
-0.000111388
-8.6984e-07
-6.04223e-05
3.38865e-05
-1.93696e-05
4.44618e-05
-2.55257e-06
3.29053e-05
-2.84394e-06
2.17555e-05
8.02181e-06
4.0559e-06
3.69575e-05
-4.86891e-05
8.0872e-05
-9.23373e-05
0.000113665
-0.000103096
0.000198173
-7.84081e-05
0.000300621
3.78284e-07
0.00030261
0.000133925
0.00021487
0.000147273
6.711e-05
6.18451e-05
-2.66461e-06
-0.000226445
-2.80149e-05
-0.0004545
-0.000499388
-0.000121071
-0.000109545
-0.000103702
-4.28945e-05
-8.98783e-05
-1.46933e-05
-6.54285e-05
9.43668e-06
-3.90358e-05
1.8069e-05
-1.75264e-05
1.13959e-05
4.34517e-06
-1.15973e-07
3.54476e-05
-2.70465e-05
5.59756e-05
-6.92172e-05
6.80587e-05
-0.00010442
0.000105025
-0.000140062
0.000127871
-0.000101254
0.000154541
-2.62917e-05
0.000218492
6.99741e-05
0.000191771
0.000173994
9.67813e-05
0.000156835
4.68528e-05
-0.000176516
2.30001e-06
-0.000409947
-0.000497088
-0.000200912
-0.00016338
-0.000152737
-9.10695e-05
-8.70132e-05
-8.0417e-05
-5.78932e-05
-1.96834e-05
-3.76629e-05
-2.16121e-06
-1.27798e-05
-1.34873e-05
9.49897e-06
-2.23947e-05
2.40638e-05
-4.16113e-05
-1.14446e-05
-3.37089e-05
-7.21428e-06
-0.000108651
1.93571e-05
-0.000166633
9.16203e-05
-0.000173517
0.000102678
-3.73497e-05
0.000122038
5.06143e-05
0.000119214
0.000176818
8.90157e-05
0.000187033
6.30412e-05
-0.000150542
1.20768e-05
-0.000358983
-0.000485011
-0.000284612
-0.000187187
-0.000225273
-0.000150409
-0.00018263
-0.000123061
-0.000145379
-5.69344e-05
-0.000155075
7.53475e-06
-0.0001926
2.40384e-05
-0.000191715
-2.328e-05
-0.000176854
-5.64726e-05
-0.000111736
-9.88269e-05
-5.60634e-05
-0.000164323
-2.84024e-05
-0.000194295
-2.419e-06
-0.000199501
4.7432e-05
-8.72007e-05
3.932e-05
5.87263e-05
5.04577e-05
0.000165681
8.1573e-05
0.000155918
6.22077e-05
-0.000131176
2.47722e-05
-0.000321548
-0.000460239
-0.000301446
-0.000163557
-0.000325593
-0.000126262
-0.000345857
-0.000102796
-0.000342675
-6.01158e-05
-0.000320308
-1.48322e-05
-0.000278251
-1.80192e-05
-0.000223631
-7.78996e-05
-0.000163688
-0.000116416
-0.000113518
-0.000148997
-9.36768e-05
-0.000184165
-8.5893e-05
-0.000202078
-0.000100912
-0.000184482
-8.35838e-05
-0.000104529
-3.56667e-05
1.08093e-05
2.57433e-05
0.000104271
9.49475e-05
8.67136e-05
7.68705e-05
-0.000113099
3.91e-05
-0.000283777
-0.000421139
-0.000191368
-0.000149238
-0.000218972
-9.86586e-05
-0.00024267
-7.90978e-05
-0.000238656
-6.41297e-05
-0.000198581
-5.4908e-05
-0.000142451
-7.41492e-05
-0.000102528
-0.000117822
-6.87751e-05
-0.00015017
-4.58069e-05
-0.000171965
-4.57946e-05
-0.000184177
-6.59467e-05
-0.000181926
-9.1918e-05
-0.00015851
-8.88963e-05
-0.000107551
-3.05771e-05
-4.75099e-05
4.94203e-05
2.42733e-05
0.00011358
2.25535e-05
9.6522e-05
-9.60411e-05
5.04151e-05
-0.00023767
-0.000370724
-0.000100556
-0.00015208
-9.00285e-05
-0.000109186
-7.60638e-05
-9.30625e-05
-5.75955e-05
-8.25979e-05
-3.11612e-05
-8.13423e-05
-1.97489e-06
-0.000103335
1.50644e-05
-0.000134861
2.16912e-05
-0.000156797
1.82723e-05
-0.000168546
4.48557e-06
-0.00017039
-1.55431e-05
-0.000161898
-3.29236e-05
-0.00014113
-3.14873e-05
-0.000108987
2.1742e-06
-8.11714e-05
6.12502e-05
-3.48026e-05
0.000104964
-2.116e-05
9.26316e-05
-8.37091e-05
5.12108e-05
-0.00019625
-0.000319513
-5.58832e-05
-0.000138432
-4.16198e-05
-0.000123449
-8.37942e-06
-0.000126303
2.83328e-05
-0.00011931
5.91293e-05
-0.000112139
7.50662e-05
-0.000119272
7.42403e-05
-0.000134035
6.42105e-05
-0.000146767
4.8038e-05
-0.000152374
2.86824e-05
-0.000151035
1.0157e-05
-0.000143372
-1.2339e-06
-0.000129739
-2.81258e-07
-0.00010994
1.44586e-05
-9.59112e-05
4.90422e-05
-6.93862e-05
7.87176e-05
-5.08355e-05
7.5302e-05
-8.02936e-05
4.54363e-05
-0.000166384
-0.000274077
3.36139e-06
-0.000124402
7.60406e-06
-0.000127692
2.58131e-05
-0.000144512
4.64941e-05
-0.000139991
6.61987e-05
-0.000131843
7.60222e-05
-0.000129096
7.37417e-05
-0.000131755
6.28692e-05
-0.000135895
4.8252e-05
-0.000137757
3.35994e-05
-0.000136382
2.21126e-05
-0.000131885
1.6575e-05
-0.000124202
1.89045e-05
-0.000112269
2.68219e-05
-0.000103829
4.49735e-05
-8.75378e-05
6.23833e-05
-6.82453e-05
6.21655e-05
-8.00759e-05
4.02712e-05
-0.00014449
-0.000233805
6.90203e-05
-0.000116597
7.27877e-05
-0.000131459
7.17261e-05
-0.00014345
7.30979e-05
-0.000141363
7.31371e-05
-0.000131883
6.95731e-05
-0.000125532
6.23786e-05
-0.00012456
5.29311e-05
-0.000126447
4.34383e-05
-0.000128264
3.57455e-05
-0.000128689
3.13096e-05
-0.000127449
3.10895e-05
-0.000123981
3.48795e-05
-0.000116059
3.97726e-05
-0.000108722
4.78092e-05
-9.55743e-05
5.48646e-05
-7.53008e-05
5.37974e-05
-7.90087e-05
3.59817e-05
-0.000126674
-0.000197824
0.000125517
-0.000101708
0.000115798
-0.000121741
0.00010248
-0.000130132
8.91571e-05
-0.00012804
7.80728e-05
-0.000120798
6.85364e-05
-0.000115996
5.98639e-05
-0.000115888
5.20397e-05
-0.000118623
4.574e-05
-0.000121964
4.19984e-05
-0.000124948
4.15787e-05
-0.00012703
4.42367e-05
-0.000126639
4.84978e-05
-0.00012032
5.12652e-05
-0.000111489
5.28106e-05
-9.71198e-05
5.23878e-05
-7.48781e-05
4.71367e-05
-7.37577e-05
2.97155e-05
-0.000109253
-0.000168108
0.000149577
-8.31098e-05
0.000129561
-0.000101724
0.0001083
-0.00010887
8.88546e-05
-0.000108595
7.41834e-05
-0.000106127
6.40438e-05
-0.000105856
5.67816e-05
-0.000108626
5.116e-05
-0.000113001
4.73019e-05
-0.000118106
4.63217e-05
-0.000123968
4.8698e-05
-0.000129406
5.31343e-05
-0.000131076
5.73283e-05
-0.000124514
5.84381e-05
-0.000112599
5.60279e-05
-9.47096e-05
5.0741e-05
-6.95913e-05
4.1331e-05
-6.43477e-05
2.33459e-05
-9.12678e-05
-0.000144762
0.000136584
-6.7597e-05
0.000116291
-8.14307e-05
9.61252e-05
-8.87049e-05
7.94801e-05
-9.19502e-05
6.77297e-05
-9.43767e-05
5.97269e-05
-9.7853e-05
5.36126e-05
-0.000102511
4.87146e-05
-0.000108103
4.6048e-05
-0.000115439
4.69221e-05
-0.000124842
5.10009e-05
-0.000133485
5.59708e-05
-0.000136046
5.93905e-05
-0.000127934
5.91402e-05
-0.000112349
5.45507e-05
-9.01201e-05
4.64302e-05
-6.14707e-05
3.462e-05
-5.25375e-05
1.72597e-05
-7.39074e-05
-0.000127503
0.000110011
-5.6098e-05
9.59336e-05
-6.73531e-05
8.24718e-05
-7.5243e-05
7.14265e-05
-8.09049e-05
6.29156e-05
-8.58658e-05
5.59863e-05
-9.09237e-05
4.98127e-05
-9.63378e-05
4.48036e-05
-0.000103094
4.25836e-05
-0.000113219
4.39534e-05
-0.000126212
4.76286e-05
-0.00013716
5.1098e-05
-0.000139515
5.27278e-05
-0.000129564
5.13058e-05
-0.000110927
4.5494e-05
-8.43084e-05
3.58825e-05
-5.18591e-05
2.23879e-05
-3.90428e-05
1.08113e-05
-6.23308e-05
-0.000116691
9.32633e-05
-4.80391e-05
8.39261e-05
-5.80158e-05
7.48805e-05
-6.61973e-05
6.66577e-05
-7.26821e-05
5.90746e-05
-7.82827e-05
5.18103e-05
-8.36595e-05
4.48401e-05
-8.93676e-05
3.919e-05
-9.74439e-05
3.64139e-05
-0.000110443
3.63407e-05
-0.000126139
3.71949e-05
-0.000138014
3.73706e-05
-0.000139691
3.65803e-05
-0.000128774
3.41429e-05
-0.000108489
2.73149e-05
-7.74803e-05
1.72776e-05
-4.18218e-05
6.69814e-06
-2.84633e-05
6.195e-06
-6.18275e-05
-0.000110496
8.42743e-05
-4.18879e-05
7.72245e-05
-5.0966e-05
6.97403e-05
-5.87131e-05
6.21733e-05
-6.51151e-05
5.4616e-05
-7.07254e-05
4.69365e-05
-7.59801e-05
3.92146e-05
-8.16457e-05
3.25603e-05
-9.07897e-05
2.80234e-05
-0.000105907
2.4664e-05
-0.000122779
2.09473e-05
-0.000134298
1.68382e-05
-0.000135582
1.32078e-05
-0.000125143
9.38096e-06
-0.000104662
2.00242e-06
-7.01017e-05
-5.55278e-06
-3.42666e-05
-5.5871e-06
-2.84289e-05
3.33563e-06
-7.07502e-05
-0.00010716
7.75279e-05
-3.65337e-05
7.13251e-05
-4.47632e-05
6.45497e-05
-5.19378e-05
5.74828e-05
-5.80482e-05
5.01549e-05
-6.33976e-05
4.22932e-05
-6.81184e-05
3.39392e-05
-7.32918e-05
2.60644e-05
-8.2915e-05
1.91184e-05
-9.89606e-05
1.18815e-05
-0.000115542
3.38776e-06
-0.000125804
-5.25214e-06
-0.000126942
-1.23443e-05
-0.000118051
-1.84483e-05
-9.85584e-05
-2.43403e-05
-6.42097e-05
-2.40401e-05
-3.45667e-05
-9.60585e-06
-4.28631e-05
2.43026e-06
-8.27861e-05
-0.00010473
7.10516e-05
-3.18258e-05
6.56162e-05
-3.93278e-05
5.96123e-05
-4.59339e-05
5.31962e-05
-5.16321e-05
4.62926e-05
-5.64939e-05
3.85774e-05
-6.04033e-05
3.01017e-05
-6.48162e-05
2.14942e-05
-7.43076e-05
1.27048e-05
-9.01712e-05
2.68629e-06
-0.000105524
-9.08989e-06
-0.000114028
-2.10554e-05
-0.000114976
-3.13771e-05
-0.000107729
-3.83814e-05
-9.1554e-05
-3.92936e-05
-6.32975e-05
-2.76138e-05
-4.62464e-05
-6.69181e-06
-6.37849e-05
1.14111e-06
-9.06189e-05
-0.000103589
6.50129e-05
-2.77746e-05
6.03222e-05
-3.4637e-05
5.50925e-05
-4.07043e-05
4.94309e-05
-4.59704e-05
4.32488e-05
-5.03119e-05
3.6315e-05
-5.34694e-05
2.87039e-05
-5.72052e-05
2.05749e-05
-6.61786e-05
1.15284e-05
-8.11247e-05
1.01288e-06
-9.50084e-05
-1.10702e-05
-0.000101945
-2.37592e-05
-0.000102287
-3.47639e-05
-9.67244e-05
-4.00711e-05
-8.62467e-05
-3.45473e-05
-6.88212e-05
-1.74296e-05
-6.3364e-05
-1.95369e-06
-7.92607e-05
-5.68e-07
-9.20045e-05
-0.000104157
5.94923e-05
-2.4313e-05
5.5475e-05
-3.06197e-05
5.10098e-05
-3.62391e-05
4.62264e-05
-4.1187e-05
4.11173e-05
-4.52029e-05
3.56656e-05
-4.80178e-05
2.99784e-05
-5.1518e-05
2.37012e-05
-5.99014e-05
1.60838e-05
-7.35072e-05
7.14018e-06
-8.60647e-05
-2.63074e-06
-9.21738e-05
-1.23629e-05
-9.25553e-05
-2.04999e-05
-8.85874e-05
-2.32703e-05
-8.34762e-05
-1.6398e-05
-7.56935e-05
-4.11431e-06
-7.56475e-05
4.23006e-07
-8.37979e-05
-3.51338e-06
-8.80681e-05
-0.00010767
5.44107e-05
-2.13571e-05
5.10056e-05
-2.72146e-05
4.72986e-05
-3.25321e-05
4.34742e-05
-3.73626e-05
3.9675e-05
-4.14037e-05
3.61323e-05
-4.44752e-05
3.29376e-05
-4.83234e-05
2.92488e-05
-5.62127e-05
2.39154e-05
-6.81738e-05
1.72665e-05
-7.94159e-05
1.06298e-05
-8.5537e-05
4.90127e-06
-8.68267e-05
8.01959e-07
-8.4488e-05
-7.68644e-07
-8.19056e-05
1.76828e-06
-7.82304e-05
4.91548e-06
-7.87947e-05
4.27774e-07
-7.93102e-05
-6.72223e-06
-8.0918e-05
-0.000114393
4.9697e-05
-1.885e-05
4.68701e-05
-2.43876e-05
4.39069e-05
-2.9569e-05
4.10347e-05
-3.44905e-05
3.85272e-05
-3.88963e-05
3.67613e-05
-4.27093e-05
3.57306e-05
-4.72928e-05
3.42715e-05
-5.47537e-05
3.09274e-05
-6.48297e-05
2.59612e-05
-7.44497e-05
2.12248e-05
-8.08006e-05
1.775e-05
-8.33519e-05
1.58489e-05
-8.25868e-05
1.41013e-05
-8.01579e-05
1.22465e-05
-7.63755e-05
9.05491e-06
-7.5603e-05
9.81785e-07
-7.1237e-05
-7.34362e-06
-7.25926e-05
-0.000121736
4.53517e-05
-1.67709e-05
4.30931e-05
-2.21291e-05
4.08436e-05
-2.73195e-05
3.88192e-05
-3.24662e-05
3.73095e-05
-3.73868e-05
3.66559e-05
-4.20557e-05
3.67105e-05
-4.73475e-05
3.62549e-05
-5.42981e-05
3.38451e-05
-6.242e-05
2.96231e-05
-7.02277e-05
2.5364e-05
-7.65414e-05
2.21678e-05
-8.01557e-05
1.99037e-05
-8.03227e-05
1.72716e-05
-7.75257e-05
1.38513e-05
-7.29552e-05
1.03016e-05
-7.20533e-05
5.03178e-06
-6.59672e-05
3.5807e-07
-6.79189e-05
-0.000121378
4.14094e-05
-1.51162e-05
3.97001e-05
-2.04198e-05
3.8092e-05
-2.57115e-05
3.67209e-05
-3.10952e-05
3.57586e-05
-3.64245e-05
3.53702e-05
-4.16674e-05
3.53022e-05
-4.72797e-05
3.45363e-05
-5.35322e-05
3.20598e-05
-5.99435e-05
2.81196e-05
-6.62875e-05
2.3953e-05
-7.23748e-05
2.02726e-05
-7.64752e-05
1.69341e-05
-7.69842e-05
1.38194e-05
-7.44108e-05
1.13115e-05
-7.04473e-05
1.01047e-05
-7.08465e-05
1.06776e-05
-6.654e-05
1.08832e-05
-6.81246e-05
-0.000110495
3.7805e-05
-1.38474e-05
3.65572e-05
-1.91721e-05
3.5418e-05
-2.45724e-05
3.44128e-05
-3.009e-05
3.35424e-05
-3.55542e-05
3.27983e-05
-4.09233e-05
3.19201e-05
-4.64015e-05
3.02644e-05
-5.18766e-05
2.74969e-05
-5.7176e-05
2.40028e-05
-6.27934e-05
2.0237e-05
-6.8609e-05
1.63336e-05
-7.25717e-05
1.26001e-05
-7.32507e-05
9.95122e-06
-7.17619e-05
8.91148e-06
-6.94075e-05
9.2007e-06
-7.11358e-05
1.23498e-05
-6.96891e-05
1.65619e-05
-7.23367e-05
-9.3933e-05
3.42784e-05
-1.28466e-05
3.32961e-05
-1.81899e-05
3.23522e-05
-2.36286e-05
3.13806e-05
-2.91185e-05
3.02822e-05
-3.44559e-05
2.90012e-05
-3.96424e-05
2.73907e-05
-4.47911e-05
2.52412e-05
-4.97271e-05
2.27296e-05
-5.46644e-05
2.00242e-05
-6.0088e-05
1.6882e-05
-6.54667e-05
1.32662e-05
-6.8956e-05
9.95229e-06
-6.99367e-05
8.03239e-06
-6.9842e-05
7.66233e-06
-6.90375e-05
7.80047e-06
-7.12739e-05
9.7501e-06
-7.16387e-05
1.20928e-05
-7.46794e-05
-8.18402e-05
3.0431e-05
-1.19253e-05
2.94867e-05
-1.72458e-05
2.84954e-05
-2.26373e-05
2.73613e-05
-2.79845e-05
2.5999e-05
-3.30936e-05
2.44324e-05
-3.80759e-05
2.26821e-05
-4.30408e-05
2.08425e-05
-4.78875e-05
1.91089e-05
-5.29307e-05
1.71653e-05
-5.81445e-05
1.45497e-05
-6.28511e-05
1.14921e-05
-6.58984e-05
8.88954e-06
-6.73342e-05
7.32451e-06
-6.8277e-05
6.78417e-06
-6.84972e-05
6.21736e-06
-7.07072e-05
6.32103e-06
-7.17424e-05
6.19346e-06
-7.45518e-05
-7.56467e-05
2.60163e-05
-1.09426e-05
2.4996e-05
-1.62255e-05
2.39023e-05
-2.15437e-05
2.26755e-05
-2.67577e-05
2.13197e-05
-3.17378e-05
1.99446e-05
-3.67008e-05
1.86353e-05
-4.17315e-05
1.74959e-05
-4.67481e-05
1.64051e-05
-5.184e-05
1.48446e-05
-5.6584e-05
1.26069e-05
-6.06135e-05
1.01461e-05
-6.34376e-05
8.12867e-06
-6.53169e-05
6.66783e-06
-6.68163e-05
5.86649e-06
-6.76959e-05
4.94514e-06
-6.97859e-05
4.11117e-06
-7.09084e-05
2.78707e-06
-7.32277e-05
-7.28596e-05
2.11641e-05
-9.89815e-06
2.01306e-05
-1.51921e-05
1.9073e-05
-2.0486e-05
1.80064e-05
-2.56912e-05
1.70035e-05
-3.07348e-05
1.61519e-05
-3.58492e-05
1.54218e-05
-4.10014e-05
1.47277e-05
-4.60541e-05
1.37803e-05
-5.08927e-05
1.23272e-05
-5.5131e-05
1.04619e-05
-5.87482e-05
8.57376e-06
-6.15496e-05
7.00598e-06
-6.37492e-05
5.73149e-06
-6.55419e-05
4.92935e-06
-6.68938e-05
4.00436e-06
-6.88609e-05
3.01634e-06
-6.99204e-05
1.59022e-06
-7.18015e-05
-7.12694e-05
1.62795e-05
-8.90846e-06
1.53789e-05
-1.42916e-05
1.45437e-05
-1.96509e-05
1.38438e-05
-2.49913e-05
1.33125e-05
-3.02035e-05
1.29046e-05
-3.54413e-05
1.24499e-05
-4.05467e-05
1.17917e-05
-4.53959e-05
1.0786e-05
-4.9887e-05
9.50028e-06
-5.38453e-05
8.08244e-06
-5.73304e-05
6.73476e-06
-6.0202e-05
5.58736e-06
-6.26018e-05
4.62685e-06
-6.45814e-05
3.95661e-06
-6.62236e-05
3.14929e-06
-6.80536e-05
2.33254e-06
-6.91036e-05
1.18419e-06
-7.06531e-05
-7.00851e-05
1.16959e-05
-8.06199e-06
1.10043e-05
-1.36e-05
1.04721e-05
-1.91187e-05
1.01195e-05
-2.46387e-05
9.86613e-06
-2.995e-05
9.57484e-06
-3.515e-05
9.11075e-06
-4.00826e-05
8.4347e-06
-4.47199e-05
7.57444e-06
-4.90268e-05
6.64753e-06
-5.29184e-05
5.70628e-06
-5.63892e-05
4.83272e-06
-5.93285e-05
4.06775e-06
-6.18369e-05
3.41575e-06
-6.39294e-05
2.89714e-06
-6.57051e-05
2.25667e-06
-6.74131e-05
1.65597e-06
-6.85029e-05
7.8471e-07
-6.97818e-05
-6.93004e-05
7.38814e-06
-7.26471e-06
6.85635e-06
-1.30682e-05
6.55268e-06
-1.8815e-05
6.35208e-06
-2.44381e-05
6.14229e-06
-2.97402e-05
5.84608e-06
-3.48538e-05
5.44848e-06
-3.96849e-05
4.98384e-06
-4.42552e-05
4.47897e-06
-4.85219e-05
3.96516e-06
-5.24046e-05
3.44077e-06
-5.58648e-05
2.94981e-06
-5.88375e-05
2.50289e-06
-6.139e-05
2.11318e-06
-6.35397e-05
1.77463e-06
-6.53665e-05
1.34996e-06
-6.69884e-05
9.63403e-07
-6.81163e-05
3.74219e-07
-6.91926e-05
-6.89262e-05
2.69743e-06
2.44373e-06
2.31795e-06
2.19865e-06
2.0804e-06
1.94493e-06
1.80909e-06
1.67006e-06
1.51954e-06
1.35692e-06
1.18291e-06
1.01881e-06
8.66071e-07
7.32983e-07
6.13639e-07
4.60215e-07
3.23963e-07
8.80999e-08
)
;

boundaryField
{
    leftWall
    {
        type            calculated;
        value           uniform 0;
    }
    rightWall
    {
        type            calculated;
        value           uniform 0;
    }
    lowerWall
    {
        type            calculated;
        value           uniform 0;
    }
    atmosphere
    {
        type            calculated;
        value           nonuniform List<scalar> 
46
(
5.76219e-05
6.15374e-05
5.72971e-05
5.63285e-05
5.54427e-05
5.41285e-05
5.25645e-05
5.07814e-05
4.87908e-05
4.661e-05
4.42534e-05
4.17372e-05
3.90768e-05
3.62862e-05
3.33789e-05
3.03677e-05
2.72611e-05
2.40657e-05
2.07844e-05
1.74141e-05
1.39454e-05
1.03492e-05
6.59002e-06
1.7741e-06
8.71278e-07
-8.54748e-08
-1.0998e-06
-6.77004e-06
-1.28145e-05
-1.86892e-05
-2.43187e-05
-2.9622e-05
-3.47183e-05
-3.95491e-05
-4.41162e-05
-4.83714e-05
-5.2242e-05
-5.56908e-05
-5.86734e-05
-6.12373e-05
-6.34066e-05
-6.52472e-05
-6.6835e-05
-6.79801e-05
-6.89568e-05
-6.88381e-05
)
;
    }
    defaultFaces
    {
        type            empty;
        value           nonuniform 0();
    }
}


// ************************************************************************* //
