/*--------------------------------*- C++ -*----------------------------------*\
| =========                 |                                                 |
| \\      /  F ield         | OpenFOAM: The Open Source CFD Toolbox           |
|  \\    /   O peration     | Version:  5.x                                   |
|   \\  /    A nd           | Web:      www.OpenFOAM.org                      |
|    \\/     M anipulation  |                                                 |
\*---------------------------------------------------------------------------*/
FoamFile
{
    version     2.0;
    format      ascii;
    class       volVectorField;
    location    "0.85";
    object      U;
}
// * * * * * * * * * * * * * * * * * * * * * * * * * * * * * * * * * * * * * //

dimensions      [0 1 -1 0 0 0 0];

internalField   nonuniform List<vector> 
2268
(
(-0.0218455 0.00853491 0)
(-0.0772801 0.0132575 0)
(-0.140354 0.0160167 0)
(-0.211572 0.0177986 0)
(-0.272053 0.012887 0)
(-0.290008 0.001899 0)
(-0.265867 -0.00566018 0)
(-0.237767 -0.0054753 0)
(-0.216899 -0.00365644 0)
(-0.202704 -0.00251395 0)
(-0.191275 -0.00179424 0)
(-0.182151 -0.000958782 0)
(-0.176644 -0.001032 0)
(-0.171599 -0.00445785 0)
(-0.157718 -0.010944 0)
(-0.139424 -0.0105079 0)
(-0.152273 0.0105279 0)
(-0.236301 0.0285195 0)
(-0.313568 0.0138445 0)
(-0.293339 -0.0104314 0)
(-0.214765 -0.0266585 0)
(-0.12665 -0.031084 0)
(-0.0400086 -0.0233618 0)
(-0.04844 0.0423723 0)
(-0.137343 0.0474759 0)
(-0.21843 0.0480936 0)
(-0.286787 0.0436928 0)
(-0.317817 0.0242735 0)
(-0.305629 -0.00375723 0)
(-0.278089 -0.0200395 0)
(-0.244773 -0.0190735 0)
(-0.22032 -0.0127253 0)
(-0.203955 -0.00924458 0)
(-0.189918 -0.00779313 0)
(-0.1756 -0.00612621 0)
(-0.162063 -0.00416822 0)
(-0.153942 -0.00345557 0)
(-0.158427 -0.00351546 0)
(-0.183868 0.00771213 0)
(-0.232779 0.0363374 0)
(-0.275715 0.044305 0)
(-0.25541 0.0069969 0)
(-0.185638 -0.0345383 0)
(-0.133918 -0.0576746 0)
(-0.0795789 -0.0678755 0)
(-0.0232085 -0.056838 0)
(-0.0542395 0.0878686 0)
(-0.140113 0.0875993 0)
(-0.215652 0.0808055 0)
(-0.281338 0.0660974 0)
(-0.31634 0.0305889 0)
(-0.313976 -0.0132663 0)
(-0.287404 -0.0373082 0)
(-0.256547 -0.0347642 0)
(-0.231114 -0.0231217 0)
(-0.212201 -0.0170439 0)
(-0.19463 -0.015863 0)
(-0.173574 -0.0150953 0)
(-0.149459 -0.0124173 0)
(-0.127496 -0.00663719 0)
(-0.116299 0.00413123 0)
(-0.123361 0.0240367 0)
(-0.145791 0.0463965 0)
(-0.149918 0.0363415 0)
(-0.102067 -0.017367 0)
(-0.0594267 -0.0572493 0)
(-0.0371178 -0.072035 0)
(-0.028586 -0.0811071 0)
(0.00139467 -0.0698625 0)
(-0.0495186 0.131659 0)
(-0.123602 0.125124 0)
(-0.194117 0.112112 0)
(-0.259701 0.0893016 0)
(-0.296218 0.0402352 0)
(-0.29454 -0.0188974 0)
(-0.277193 -0.0515541 0)
(-0.262156 -0.0477343 0)
(-0.244635 -0.033184 0)
(-0.226327 -0.0257822 0)
(-0.207908 -0.0256927 0)
(-0.185774 -0.0272506 0)
(-0.159151 -0.0260716 0)
(-0.131083 -0.0193018 0)
(-0.104677 -0.00362964 0)
(-0.0790108 0.0216767 0)
(-0.0545094 0.0426564 0)
(-0.0258083 0.0276309 0)
(0.00905198 -0.0235022 0)
(0.0148355 -0.0598502 0)
(0.0167228 -0.0695497 0)
(-0.00903589 -0.0807965 0)
(0.0141472 -0.0684678 0)
(-0.0404529 0.169095 0)
(-0.101753 0.158766 0)
(-0.164716 0.141668 0)
(-0.220841 0.112174 0)
(-0.247043 0.0514463 0)
(-0.241645 -0.0194909 0)
(-0.241786 -0.054951 0)
(-0.255458 -0.0507971 0)
(-0.25607 -0.0385981 0)
(-0.243112 -0.0335443 0)
(-0.223383 -0.0353753 0)
(-0.198477 -0.0391605 0)
(-0.168971 -0.0397975 0)
(-0.137932 -0.033639 0)
(-0.108075 -0.0183418 0)
(-0.0755557 0.00376803 0)
(-0.0346329 0.0202592 0)
(0.00666984 0.00835632 0)
(0.0272219 -0.0325244 0)
(0.0135932 -0.061309 0)
(0.0131765 -0.0651365 0)
(-0.0146563 -0.0800936 0)
(0.0141502 -0.0681683 0)
(-0.028769 0.198423 0)
(-0.0745414 0.186611 0)
(-0.125812 0.16422 0)
(-0.166104 0.126614 0)
(-0.178753 0.056934 0)
(-0.169693 -0.0167532 0)
(-0.192781 -0.0458055 0)
(-0.24153 -0.041312 0)
(-0.264562 -0.0369549 0)
(-0.261123 -0.0401829 0)
(-0.241172 -0.0470122 0)
(-0.211643 -0.0533526 0)
(-0.175829 -0.0550171 0)
(-0.138291 -0.0481174 0)
(-0.105106 -0.0313947 0)
(-0.0761739 -0.0112816 0)
(-0.0451475 0.000539601 0)
(-0.0141023 -0.00621574 0)
(0.00307483 -0.0333828 0)
(-0.00720145 -0.0585037 0)
(-0.00202661 -0.0620772 0)
(-0.0164972 -0.0831512 0)
(0.0102753 -0.070529 0)
(-0.0143691 0.216931 0)
(-0.0450707 0.207238 0)
(-0.0867974 0.181407 0)
(-0.109036 0.136316 0)
(-0.103154 0.0630656 0)
(-0.0896488 -0.0111434 0)
(-0.151434 -0.0301796 0)
(-0.232351 -0.0233729 0)
(-0.273032 -0.0285878 0)
(-0.278146 -0.043104 0)
(-0.255994 -0.0575806 0)
(-0.216093 -0.0690061 0)
(-0.167045 -0.0736897 0)
(-0.118654 -0.0659866 0)
(-0.0821771 -0.0446353 0)
(-0.058647 -0.0217449 0)
(-0.0375958 -0.00999819 0)
(-0.0160406 -0.0143877 0)
(-0.000618227 -0.034461 0)
(-0.00139235 -0.0580693 0)
(0.00418514 -0.0626817 0)
(0.000967046 -0.0854033 0)
(0.0104962 -0.069534 0)
(-0.000553695 0.23033 0)
(-0.00825593 0.227358 0)
(-0.0277057 0.191998 0)
(-0.0197301 0.131587 0)
(0.00560761 0.0546936 0)
(-0.0165503 0.00932809 0)
(-0.140548 0.02278 0)
(-0.234439 0.0174576 0)
(-0.279023 -0.0112336 0)
(-0.281644 -0.0471908 0)
(-0.2467 -0.0797616 0)
(-0.190743 -0.100997 0)
(-0.129834 -0.107652 0)
(-0.0746899 -0.0954706 0)
(-0.0387376 -0.0639828 0)
(-0.0240396 -0.0332291 0)
(-0.0124639 -0.0201417 0)
(0.00210391 -0.0227248 0)
(0.015464 -0.038249 0)
(0.0194135 -0.0579734 0)
(0.0221057 -0.0633475 0)
(0.019381 -0.080095 0)
(0.0127973 -0.0614887 0)
(-0.00676139 0.0220913 0)
(-0.327562 0.0589983 0)
(-0.454422 0.00782562 0)
(-0.209042 -0.0716677 0)
(0.0698734 -0.0580847 0)
(0.216445 -0.00700717 0)
(0.19211 -0.00503579 0)
(-0.0153596 0.069053 0)
(-0.594652 0.0732378 0)
(-0.485412 -0.072219 0)
(-0.0307597 -0.133711 0)
(0.152589 -0.0919819 0)
(0.341735 -0.0651165 0)
(0.472094 0.00923982 0)
(0.33364 0.0890993 0)
(-0.0224101 0.0455142 0)
(-0.146671 0.01544 0)
(-0.296657 0.0696552 0)
(-0.241508 -0.00636122 0)
(-0.147679 0.118111 0)
(-0.442064 0.128534 0)
(-0.370399 -0.0234731 0)
(-0.144968 -0.195031 0)
(0.104484 -0.154724 0)
(0.189054 -0.0104699 0)
(0.0422752 0.0924286 0)
(-0.531252 0.243849 0)
(-0.735971 0.104464 0)
(0.0628751 -0.188395 0)
(0.282955 -0.163135 0)
(0.353299 -0.0935445 0)
(0.354326 -0.0640056 0)
(0.389084 -0.00559353 0)
(0.454983 0.128273 0)
(0.249487 0.167058 0)
(-0.234616 0.0969451 0)
(-0.478993 0.0598799 0)
(-0.0600679 -0.241605 0)
(-0.18228 0.226439 0)
(-0.369857 0.159507 0)
(-0.264541 -0.0780354 0)
(-0.0535159 -0.302033 0)
(0.0794684 -0.219135 0)
(0.0859012 0.0447897 0)
(-0.293194 0.267257 0)
(-0.750005 0.339045 0)
(-0.288621 -0.0864192 0)
(0.220029 -0.421963 0)
(0.302616 -0.256625 0)
(0.431509 -0.130819 0)
(0.347588 -0.0743647 0)
(0.282401 -0.00882714 0)
(0.308778 0.149612 0)
(0.35642 0.288077 0)
(-0.151846 0.235981 0)
(-0.415041 -0.00417899 0)
(0.0605235 -0.350847 0)
(-0.152357 0.32081 0)
(-0.260518 0.183809 0)
(-0.202097 -0.116214 0)
(0.0385264 -0.383743 0)
(-0.00769574 -0.215687 0)
(-0.129434 0.17453 0)
(-0.588036 0.408146 0)
(-0.715423 0.273302 0)
(0.093842 -0.270244 0)
(0.1601 -0.478337 0)
(0.189138 -0.367127 0)
(0.426204 -0.111373 0)
(0.394822 -0.0106395 0)
(0.209636 -0.0364287 0)
(0.120605 0.130078 0)
(0.309246 0.371487 0)
(0.0351777 0.373305 0)
(-0.20055 0.0630416 0)
(0.112847 -0.388098 0)
(-0.104551 0.38672 0)
(-0.15385 0.195666 0)
(-0.151282 -0.166159 0)
(0.0736184 -0.422105 0)
(-0.149943 -0.13107 0)
(-0.38766 0.322452 0)
(-0.75144 0.473483 0)
(-0.473768 0.0846748 0)
(0.293829 -0.440115 0)
(-0.0286569 -0.491628 0)
(0.144628 -0.426743 0)
(0.419455 -0.146348 0)
(0.708271 0.0590836 0)
(0.134197 0.107068 0)
(0.0348491 0.0924107 0)
(0.20097 0.343453 0)
(0.158316 0.442783 0)
(0.0794187 0.0555327 0)
(0.128376 -0.367954 0)
(-0.0580188 0.4237 0)
(-0.0508052 0.201297 0)
(-0.0653851 -0.18643 0)
(0.0410876 -0.396984 0)
(-0.337707 0.00791568 0)
(-0.637066 0.457745 0)
(-0.809959 0.448169 0)
(-0.194163 -0.135231 0)
(0.138585 -0.489686 0)
(-0.290277 -0.511044 0)
(0.297885 -0.482923 0)
(0.24896 -0.181263 0)
(0.400136 0.117023 0)
(0.276915 0.264966 0)
(-0.373493 0.170786 0)
(-0.0293363 0.275425 0)
(0.168569 0.427242 0)
(0.21265 0.0579665 0)
(0.0899568 -0.304867 0)
(-0.0145753 0.431554 0)
(0.0469997 0.211273 0)
(0.048006 -0.183851 0)
(-0.0350249 -0.309408 0)
(-0.521606 0.168309 0)
(-0.787133 0.525524 0)
(-0.676106 0.27149 0)
(-0.0263987 -0.323436 0)
(-0.16095 -0.446039 0)
(-0.5086 -0.447532 0)
(-0.33501 -0.549126 0)
(-0.160517 -0.315845 0)
(-0.00906513 0.118768 0)
(-0.0504966 0.334615 0)
(-0.565001 0.255395 0)
(-0.431797 0.20619 0)
(0.0435994 0.327158 0)
(0.15116 0.0310188 0)
(-0.078481 -0.22188 0)
(0.0329953 0.399859 0)
(0.117845 0.213966 0)
(0.147113 -0.137978 0)
(-0.125986 -0.162163 0)
(-0.681287 0.339402 0)
(-0.860845 0.550847 0)
(-0.511236 0.106198 0)
(-0.0898853 -0.395579 0)
(-0.400556 -0.34294 0)
(-0.559678 -0.364185 0)
(-0.70477 -0.643038 0)
(-0.546216 -0.403138 0)
(-0.392979 0.164204 0)
(-0.632262 0.429787 0)
(-0.951307 0.304793 0)
(-0.842149 0.114922 0)
(-0.412548 0.195126 0)
(-0.235113 0.107322 0)
(-0.239091 -0.255882 0)
(0.0377642 0.19498 0)
(0.0457871 0.215056 0)
(0.0195012 0.191332 0)
(-0.0176143 0.145224 0)
(-0.0957737 0.0965051 0)
(-0.185478 0.0832971 0)
(-0.247174 0.0742439 0)
(-0.28782 0.0476348 0)
(-0.307754 -0.00101104 0)
(-0.2952 -0.0684559 0)
(-0.262475 -0.119802 0)
(-0.220502 -0.140609 0)
(-0.166687 -0.143074 0)
(-0.0988727 -0.121516 0)
(-0.0485628 -0.0741075 0)
(-0.0442349 -0.0380974 0)
(-0.0462226 -0.0319012 0)
(-0.0268225 -0.0367861 0)
(-0.0133044 -0.0483126 0)
(-0.00264038 -0.0619093 0)
(0.00292988 -0.0657732 0)
(0.00645263 -0.0717464 0)
(-0.00954089 -0.0456883 0)
(-0.136956 0.0971981 0)
(-0.105382 0.232497 0)
(-0.262754 0.22959 0)
(-0.376843 0.217523 0)
(-0.429124 0.191929 0)
(-0.427822 0.168826 0)
(-0.427886 0.126764 0)
(-0.446295 0.0638896 0)
(-0.485687 -0.00820882 0)
(-0.549434 -0.0662693 0)
(-0.591341 -0.105707 0)
(-0.552947 -0.146615 0)
(-0.427686 -0.179967 0)
(-0.25701 -0.172197 0)
(-0.113338 -0.0817829 0)
(-0.0961816 -0.0391189 0)
(-0.136084 -0.0458761 0)
(-0.144756 -0.0587926 0)
(-0.134028 -0.0708038 0)
(-0.137228 -0.0808057 0)
(-0.122613 -0.0889533 0)
(-0.104928 -0.0930564 0)
(-0.0697412 -0.0729954 0)
(-0.894476 0.602542 0)
(-0.61427 0.529211 0)
(-0.936203 0.595844 0)
(-1.21076 0.376455 0)
(-1.36283 0.122913 0)
(-1.40735 0.0446816 0)
(-1.45241 0.0731594 0)
(-1.51527 0.146328 0)
(-1.55735 0.163863 0)
(-1.54158 0.0318158 0)
(-1.38408 -0.184856 0)
(-1.11685 -0.356882 0)
(-0.821446 -0.518495 0)
(-0.59775 -0.60801 0)
(-0.186686 -0.395011 0)
(0.550044 -0.0029854 0)
(0.579028 0.0717162 0)
(-0.164773 0.0463107 0)
(-0.487688 0.0170111 0)
(-0.756425 -0.016248 0)
(-0.814627 -0.0687774 0)
(-0.908221 -0.123196 0)
(-0.777551 -0.105745 0)
(-1.64376 1.67446 0)
(-1.878 0.530265 0)
(-2.1112 0.581306 0)
(-2.29637 0.475108 0)
(-2.29024 0.36124 0)
(-2.25689 0.313994 0)
(-2.19504 0.280134 0)
(-2.06291 0.162716 0)
(-1.8775 -0.0611148 0)
(-1.69835 -0.279362 0)
(-1.54905 -0.456712 0)
(-1.41654 -0.601049 0)
(-1.32775 -0.755201 0)
(-1.29669 -0.859109 0)
(-1.2308 -0.755256 0)
(-1.01974 -0.249152 0)
(-0.693289 0.20054 0)
(-0.641633 0.472447 0)
(-0.741399 0.370621 0)
(-0.937242 0.183877 0)
(-0.992554 0.0190298 0)
(-0.946958 -0.181007 0)
(-0.992493 -0.425994 0)
(-1.76257 2.45894 0)
(-2.21259 0.913077 0)
(-2.35366 0.863234 0)
(-2.3141 0.39142 0)
(-2.18462 0.00792128 0)
(-2.05366 -0.143717 0)
(-1.93638 -0.184892 0)
(-1.86728 -0.206324 0)
(-1.83703 -0.263372 0)
(-1.79103 -0.372946 0)
(-1.7238 -0.509242 0)
(-1.65004 -0.645161 0)
(-1.59853 -0.776642 0)
(-1.60874 -0.845231 0)
(-1.64877 -0.7466 0)
(-1.69321 -0.311436 0)
(-1.57494 -0.0747651 0)
(-1.55998 0.379575 0)
(-1.52142 0.524731 0)
(-1.37839 0.232993 0)
(-1.0361 -0.093094 0)
(-0.756952 -0.145387 0)
(-0.852951 -0.123265 0)
(-1.18682 4.88251 0)
(-1.67508 1.3796 0)
(-1.5935 1.1102 0)
(-1.75549 0.471073 0)
(-1.79785 0.0763011 0)
(-1.46227 0.076653 0)
(-1.65456 0.122729 0)
(-1.74558 0.0599177 0)
(-1.72681 -0.129661 0)
(-1.69208 -0.388723 0)
(-1.71459 -0.586206 0)
(-1.71395 -0.723989 0)
(-1.70353 -0.811626 0)
(-1.71505 -0.813601 0)
(-1.7502 -0.697953 0)
(-1.7531 -0.400719 0)
(-1.71984 0.155829 0)
(-1.82009 0.378056 0)
(-1.66717 0.175381 0)
(-1.23703 -0.313236 0)
(-0.964821 -0.608614 0)
(-0.938937 -0.414183 0)
(-0.622098 -0.0544456 0)
(-0.485205 5.95439 0)
(-0.858575 2.0363 0)
(-1.06722 1.49601 0)
(-1.25648 0.58735 0)
(-1.41343 -0.053134 0)
(-1.55608 -0.0844853 0)
(-1.59611 -0.00967246 0)
(-1.55374 0.0116171 0)
(-1.51449 -0.0413604 0)
(-1.56154 -0.367758 0)
(-1.64799 -0.510209 0)
(-1.6957 -0.67699 0)
(-1.71513 -0.805536 0)
(-1.73157 -0.795533 0)
(-1.75545 -0.665116 0)
(-1.73939 -0.447506 0)
(-1.5883 -0.0711831 0)
(-1.25554 0.295227 0)
(-1.10136 0.0392582 0)
(-1.09072 -0.497308 0)
(-1.15619 -0.572321 0)
(-1.16668 -0.49574 0)
(-1.02055 -0.363813 0)
(-0.334638 6.50678 0)
(-0.815733 2.5156 0)
(-1.33985 1.52507 0)
(-1.12347 0.658674 0)
(-1.13277 0.193583 0)
(-1.10132 0.0672725 0)
(-1.10902 0.0179687 0)
(-1.13533 -0.0741469 0)
(-1.20247 -0.164151 0)
(-1.31077 -0.248731 0)
(-1.40945 -0.366886 0)
(-1.50561 -0.541956 0)
(-1.63426 -0.738223 0)
(-1.70086 -0.756555 0)
(-1.70716 -0.671744 0)
(-1.67565 -0.497704 0)
(-1.56833 -0.308053 0)
(-1.32562 -0.137409 0)
(-0.954465 -0.0725329 0)
(-0.988551 -0.384494 0)
(-1.06336 -0.498343 0)
(-1.09235 -0.49466 0)
(-1.05036 -0.452128 0)
(-0.0681057 6.86786 0)
(-0.550887 3.37305 0)
(-1.51288 1.26025 0)
(-1.09166 0.391118 0)
(-0.976852 -0.0168124 0)
(-0.806939 -0.0736394 0)
(-0.667934 0.0239891 0)
(-0.615428 0.0969769 0)
(-0.67318 0.0291993 0)
(-0.820165 -0.139644 0)
(-1.01704 -0.295548 0)
(-1.22026 -0.440256 0)
(-1.41841 -0.615323 0)
(-1.59947 -0.710548 0)
(-1.67898 -0.657156 0)
(-1.65371 -0.582906 0)
(-1.59522 -0.44009 0)
(-1.47084 -0.327418 0)
(-1.25387 -0.338599 0)
(-1.02006 -0.398818 0)
(-0.957897 -0.471126 0)
(-0.919876 -0.495457 0)
(-0.859622 -0.439498 0)
(0.400508 6.48535 0)
(0.308289 4.80322 0)
(-0.7871 1.59906 0)
(-0.866033 0.165053 0)
(-0.786551 -0.198938 0)
(-0.657428 -0.246862 0)
(-0.503055 -0.173284 0)
(-0.347251 -0.0350364 0)
(-0.265883 0.0807544 0)
(-0.313438 0.0882996 0)
(-0.478725 0.00246693 0)
(-0.750018 -0.159349 0)
(-1.08103 -0.37391 0)
(-1.36472 -0.57049 0)
(-1.56069 -0.631711 0)
(-1.69457 -0.586714 0)
(-1.6802 -0.484165 0)
(-1.55216 -0.498261 0)
(-1.40397 -0.517294 0)
(-1.24319 -0.500807 0)
(-1.11507 -0.536813 0)
(-0.970267 -0.57348 0)
(-0.810771 -0.57619 0)
(0.795156 5.49487 0)
(1.14994 5.44563 0)
(0.5229 2.61212 0)
(-0.152942 0.4088 0)
(-0.430746 -0.247262 0)
(-0.423079 -0.333734 0)
(-0.347881 -0.298239 0)
(-0.232995 -0.172106 0)
(-0.113283 -0.00939031 0)
(-0.0581509 0.114286 0)
(-0.107909 0.158127 0)
(-0.263218 0.127028 0)
(-0.538792 0.0171074 0)
(-0.92956 -0.180886 0)
(-1.28994 -0.402561 0)
(-1.56553 -0.544157 0)
(-1.75594 -0.490263 0)
(-1.89085 -0.484026 0)
(-2.03834 -0.699679 0)
(-2.13894 -0.706972 0)
(-2.12272 -0.756684 0)
(-1.99893 -0.83482 0)
(-1.8306 -0.747185 0)
(0.875727 4.12516 0)
(1.6165 5.34393 0)
(1.46468 3.31264 0)
(0.749107 1.04989 0)
(0.127734 -0.0186238 0)
(-0.0957411 -0.301867 0)
(-0.123997 -0.356663 0)
(-0.0824693 -0.26973 0)
(-0.0114631 -0.10181 0)
(0.0551466 0.0695711 0)
(0.0791096 0.198047 0)
(0.0277318 0.265782 0)
(-0.104147 0.277223 0)
(-0.349471 0.204755 0)
(-0.739769 0.0251307 0)
(-1.13427 -0.13564 0)
(-1.42534 -0.20794 0)
(-1.67787 -0.26925 0)
(-1.89162 -0.385745 0)
(-1.97511 -0.535459 0)
(-1.95901 -0.720739 0)
(-1.93199 -0.93291 0)
(-1.87847 -1.08192 0)
(0.663758 2.80163 0)
(1.65168 4.77533 0)
(1.85747 3.63718 0)
(1.37303 1.73784 0)
(0.708133 0.462064 0)
(0.323658 -0.104147 0)
(0.181056 -0.315414 0)
(0.134009 -0.302137 0)
(0.138376 -0.149068 0)
(0.161796 0.0331454 0)
(0.184887 0.190791 0)
(0.186476 0.310469 0)
(0.149098 0.393608 0)
(0.0583789 0.433045 0)
(-0.155086 0.372 0)
(-0.476135 0.222899 0)
(-0.797285 0.0948191 0)
(-1.10316 -0.0643504 0)
(-1.35881 -0.29766 0)
(-1.51892 -0.545533 0)
(-1.59911 -0.762275 0)
(-1.64785 -0.916086 0)
(-1.70017 -1.00898 0)
(0.381941 1.75249 0)
(1.39396 3.98534 0)
(1.84801 3.65088 0)
(1.64608 2.23721 0)
(1.14862 0.979114 0)
(0.756817 0.215284 0)
(0.536649 -0.17242 0)
(0.40378 -0.256452 0)
(0.333101 -0.137771 0)
(0.302195 0.0363528 0)
(0.288141 0.187589 0)
(0.288373 0.313071 0)
(0.290895 0.418689 0)
(0.285203 0.508342 0)
(0.235028 0.554795 0)
(0.0861556 0.505466 0)
(-0.143661 0.376832 0)
(-0.365644 0.219546 0)
(-0.588656 -0.000904285 0)
(-0.863029 -0.319056 0)
(-1.04143 -0.626851 0)
(-1.15859 -0.870417 0)
(-1.25511 -1.00893 0)
(0.15341 1.0362 0)
(1.02871 3.18341 0)
(1.60386 3.40946 0)
(1.6627 2.47802 0)
(1.40073 1.37507 0)
(1.10361 0.538654 0)
(0.87154 0.0394374 0)
(0.678033 -0.129197 0)
(0.536554 -0.0594557 0)
(0.452524 0.0862612 0)
(0.401901 0.212614 0)
(0.379464 0.314679 0)
(0.382978 0.406663 0)
(0.404696 0.49691 0)
(0.433809 0.582217 0)
(0.428533 0.62081 0)
(0.34712 0.563567 0)
(0.211215 0.404102 0)
(0.0600192 0.190009 0)
(-0.0280684 -0.0387741 0)
(-0.194465 -0.368841 0)
(-0.440083 -0.658362 0)
(-0.627446 -0.841096 0)
(-0.0443959 0.633336 0)
(0.658329 2.48847 0)
(1.24747 2.99672 0)
(1.49318 2.4576 0)
(1.45548 1.57477 0)
(1.29627 0.782656 0)
(1.09535 0.26143 0)
(0.879309 0.0538987 0)
(0.698141 0.0744545 0)
(0.578983 0.17436 0)
(0.506389 0.264199 0)
(0.466617 0.333142 0)
(0.45796 0.395371 0)
(0.477056 0.460585 0)
(0.522577 0.534139 0)
(0.581147 0.600337 0)
(0.612762 0.612709 0)
(0.583211 0.519465 0)
(0.471657 0.303697 0)
(0.360807 0.0132538 0)
(0.213543 -0.211081 0)
(0.0957281 -0.393 0)
(-0.0620028 -0.593755 0)
(-0.195198 0.488449 0)
(0.326435 1.94459 0)
(0.852875 2.51239 0)
(1.20324 2.24503 0)
(1.33803 1.58841 0)
(1.30828 0.918333 0)
(1.1628 0.453703 0)
(0.961361 0.251522 0)
(0.780546 0.231267 0)
(0.657415 0.278546 0)
(0.581989 0.326938 0)
(0.538374 0.363492 0)
(0.521805 0.395956 0)
(0.530982 0.431855 0)
(0.566378 0.476102 0)
(0.629115 0.52578 0)
(0.701934 0.558798 0)
(0.752494 0.534559 0)
(0.721388 0.410976 0)
(0.631434 0.16706 0)
(0.375764 -0.0938129 0)
(0.229151 -0.291279 0)
(0.130814 -0.445188 0)
(-0.230905 0.52303 0)
(0.0623597 1.524 0)
(0.495881 2.03629 0)
(0.880542 1.92928 0)
(1.11333 1.47105 0)
(1.17182 0.963691 0)
(1.08533 0.601196 0)
(0.9302 0.424994 0)
(0.785443 0.373494 0)
(0.684224 0.373548 0)
(0.621349 0.384531 0)
(0.584571 0.394045 0)
(0.568245 0.403016 0)
(0.571337 0.415366 0)
(0.594179 0.433456 0)
(0.640513 0.456261 0)
(0.707415 0.475405 0)
(0.78513 0.475146 0)
(0.831923 0.431534 0)
(0.823922 0.323791 0)
(0.709079 0.112001 0)
(0.482937 -0.14482 0)
(0.299056 -0.328553 0)
(-0.184392 0.63751 0)
(-0.0795281 1.23942 0)
(0.250341 1.62631 0)
(0.607125 1.59086 0)
(0.860556 1.29524 0)
(0.958419 0.952803 0)
(0.924695 0.695916 0)
(0.831059 0.548381 0)
(0.738718 0.476398 0)
(0.671214 0.443426 0)
(0.62801 0.42726 0)
(0.602957 0.416956 0)
(0.592056 0.409294 0)
(0.594417 0.405182 0)
(0.610514 0.405117 0)
(0.642785 0.407386 0)
(0.692456 0.406339 0)
(0.759734 0.396106 0)
(0.833361 0.371667 0)
(0.894431 0.332364 0)
(0.90454 0.244564 0)
(0.837667 0.0599551 0)
(0.666909 -0.101622 0)
(-0.103505 0.763429 0)
(-0.0890794 1.09 0)
(0.135078 1.31345 0)
(0.420731 1.29573 0)
(0.639953 1.12183 0)
(0.743538 0.910968 0)
(0.751614 0.73601 0)
(0.714694 0.613929 0)
(0.670531 0.534894 0)
(0.634786 0.485162 0)
(0.610843 0.453051 0)
(0.597704 0.42987 0)
(0.593695 0.411171 0)
(0.59836 0.396018 0)
(0.612546 0.383819 0)
(0.637549 0.372459 0)
(0.674757 0.356967 0)
(0.724085 0.331491 0)
(0.78501 0.292949 0)
(0.858172 0.25502 0)
(0.928923 0.20989 0)
(0.967561 0.131186 0)
(0.945553 -0.00726642 0)
(-0.0302539 0.831826 0)
(-0.0271829 1.02132 0)
(0.112268 1.09949 0)
(0.314614 1.07544 0)
(0.480548 0.977929 0)
(0.574809 0.85236 0)
(0.609283 0.732584 0)
(0.611101 0.633597 0)
(0.600383 0.558414 0)
(0.588008 0.504016 0)
(0.579235 0.464468 0)
(0.575871 0.433788 0)
(0.578006 0.408052 0)
(0.585729 0.385499 0)
(0.600022 0.364905 0)
(0.62182 0.344118 0)
(0.65187 0.319399 0)
(0.689275 0.285444 0)
(0.731612 0.235254 0)
(0.782737 0.177725 0)
(0.846909 0.124371 0)
(0.916631 0.0688113 0)
(0.963873 -0.0216843 0)
(0.0108781 0.826676 0)
(0.0355339 0.97627 0)
(0.127109 0.959725 0)
(0.262287 0.923522 0)
(0.38073 0.865942 0)
(0.460759 0.788873 0)
(0.506032 0.704705 0)
(0.527837 0.625989 0)
(0.536245 0.559794 0)
(0.538842 0.507131 0)
(0.540727 0.465324 0)
(0.544557 0.430808 0)
(0.551372 0.400742 0)
(0.561718 0.373233 0)
(0.576444 0.346778 0)
(0.596348 0.319409 0)
(0.621588 0.288471 0)
(0.651514 0.250609 0)
(0.682295 0.198866 0)
(0.711902 0.133304 0)
(0.744366 0.0643126 0)
(0.787901 -0.000590372 0)
(0.826224 -0.0782305 0)
(0.0227698 0.786558 0)
(0.067855 0.922628 0)
(0.141457 0.862657 0)
(0.234891 0.818764 0)
(0.320079 0.780417 0)
(0.385989 0.729495 0)
(0.432011 0.667909 0)
(0.461659 0.605314 0)
(0.4798 0.548714 0)
(0.491377 0.500215 0)
(0.500349 0.45891 0)
(0.509219 0.42292 0)
(0.519347 0.390395 0)
(0.531528 0.359706 0)
(0.546405 0.329373 0)
(0.564536 0.297759 0)
(0.585744 0.262918 0)
(0.609563 0.222991 0)
(0.633168 0.173826 0)
(0.652048 0.112689 0)
(0.664742 0.0435248 0)
(0.677411 -0.0244424 0)
(0.687119 -0.0948449 0)
(0.0216991 0.739474 0)
(0.0752415 0.860382 0)
(0.142904 0.786631 0)
(0.213774 0.742118 0)
(0.278507 0.71398 0)
(0.333102 0.67728 0)
(0.376028 0.629923 0)
(0.407772 0.579226 0)
(0.430534 0.530919 0)
(0.447305 0.48708 0)
(0.460833 0.447624 0)
(0.473127 0.411653 0)
(0.485496 0.378041 0)
(0.498764 0.345574 0)
(0.513415 0.313014 0)
(0.529741 0.279093 0)
(0.547459 0.242407 0)
(0.56606 0.201824 0)
(0.583973 0.155537 0)
(0.597831 0.101677 0)
(0.60407 0.0408249 0)
(0.603382 -0.0222104 0)
(0.59567 -0.0851771 0)
(0.0188778 0.694504 0)
(0.0720688 0.797287 0)
(0.134833 0.721933 0)
(0.19302 0.681498 0)
(0.245507 0.659976 0)
(0.29198 0.631536 0)
(0.331223 0.593369 0)
(0.362735 0.551266 0)
(0.387407 0.509657 0)
(0.406977 0.470227 0)
(0.42326 0.433181 0)
(0.437745 0.398145 0)
(0.451511 0.364474 0)
(0.465271 0.331355 0)
(0.4794 0.297873 0)
(0.494015 0.263104 0)
(0.508848 0.226075 0)
(0.523359 0.186012 0)
(0.536574 0.14217 0)
(0.546647 0.0938445 0)
(0.550589 0.0408433 0)
(0.547516 -0.0149412 0)
(0.53649 -0.0709905 0)
(0.0170836 0.653179 0)
(0.0664338 0.738028 0)
(0.12316 0.665424 0)
(0.172909 0.630773 0)
(0.217523 0.614088 0)
(0.258173 0.590882 0)
(0.294018 0.558955 0)
(0.324316 0.523162 0)
(0.349357 0.486886 0)
(0.37015 0.451374 0)
(0.387871 0.416884 0)
(0.40356 0.383306 0)
(0.418028 0.350309 0)
(0.431829 0.317392 0)
(0.445249 0.283938 0)
(0.45833 0.249306 0)
(0.470848 0.212844 0)
(0.482325 0.174023 0)
(0.492027 0.132466 0)
(0.49897 0.0880602 0)
(0.501464 0.0408627 0)
(0.498548 -0.00803391 0)
(0.488957 -0.057596 0)
(0.01587 0.615262 0)
(0.0606717 0.68427 0)
(0.111085 0.615907 0)
(0.154411 0.58701 0)
(0.193392 0.573961 0)
(0.229586 0.554329 0)
(0.262364 0.526879 0)
(0.290983 0.495859 0)
(0.315481 0.463855 0)
(0.336451 0.431739 0)
(0.354644 0.399742 0)
(0.370762 0.367888 0)
(0.385374 0.336041 0)
(0.398884 0.30392 0)
(0.411501 0.27114 0)
(0.423242 0.237277 0)
(0.433926 0.201918 0)
(0.443181 0.164732 0)
(0.450439 0.125519 0)
(0.455087 0.0843556 0)
(0.456236 0.0414792 0)
(0.453161 -0.00238342 0)
(0.444745 -0.0465046 0)
(0.0147506 0.580497 0)
(0.0551349 0.636104 0)
(0.0997003 0.572402 0)
(0.137829 0.548603 0)
(0.172404 0.538293 0)
(0.204945 0.52125 0)
(0.234918 0.497179 0)
(0.261647 0.469882 0)
(0.285073 0.441345 0)
(0.305547 0.412157 0)
(0.323544 0.382502 0)
(0.339521 0.352472 0)
(0.353865 0.322049 0)
(0.366856 0.2911 0)
(0.378638 0.259405 0)
(0.389219 0.226709 0)
(0.398456 0.19277 0)
(0.406077 0.157415 0)
(0.41166 0.120567 0)
(0.414775 0.0823561 0)
(0.414842 0.0430346 0)
(0.411549 0.00314805 0)
(0.403869 -0.0365907 0)
(0.0136266 0.548759 0)
(0.0499023 0.593115 0)
(0.0892982 0.534027 0)
(0.123073 0.51455 0)
(0.153982 0.506304 0)
(0.183377 0.491222 0)
(0.210761 0.46981 0)
(0.235531 0.445498 0)
(0.257595 0.419823 0)
(0.277163 0.393168 0)
(0.294529 0.365674 0)
(0.309983 0.337464 0)
(0.323778 0.308593 0)
(0.336102 0.279025 0)
(0.34705 0.248655 0)
(0.356621 0.217351 0)
(0.364706 0.184995 0)
(0.371107 0.151522 0)
(0.375527 0.116939 0)
(0.377662 0.0813962 0)
(0.377101 0.0451231 0)
(0.373719 0.00858628 0)
(0.366702 -0.0277459 0)
(0.0125353 0.519902 0)
(0.0450513 0.554795 0)
(0.0799255 0.500072 0)
(0.109953 0.484189 0)
(0.137684 0.477492 0)
(0.164281 0.463943 0)
(0.189255 0.444687 0)
(0.212069 0.422827 0)
(0.232628 0.399552 0)
(0.251054 0.375099 0)
(0.267522 0.349578 0)
(0.28221 0.323125 0)
(0.295277 0.295837 0)
(0.306843 0.26774 0)
(0.316968 0.23881 0)
(0.325642 0.209002 0)
(0.332783 0.178278 0)
(0.338252 0.146644 0)
(0.341839 0.114161 0)
(0.343341 0.0809923 0)
(0.342468 0.0473474 0)
(0.339173 0.0136206 0)
(0.332875 -0.0198483 0)
(0.0115196 0.493715 0)
(0.0406303 0.520655 0)
(0.0715327 0.469965 0)
(0.0982743 0.457052 0)
(0.123177 0.45151 0)
(0.147233 0.439183 0)
(0.169951 0.421716 0)
(0.190851 0.401907 0)
(0.209844 0.38067 0)
(0.227 0.35814 0)
(0.242413 0.334409 0)
(0.256186 0.309617 0)
(0.268413 0.28388 0)
(0.279167 0.257268 0)
(0.288478 0.229809 0)
(0.296336 0.201514 0)
(0.302679 0.172402 0)
(0.307406 0.142522 0)
(0.310377 0.111971 0)
(0.311459 0.080916 0)
(0.310454 0.0495581 0)
(0.307361 0.0182314 0)
(0.301764 -0.0127945 0)
(0.0106119 0.469947 0)
(0.0366578 0.490268 0)
(0.0640211 0.443237 0)
(0.0878515 0.432782 0)
(0.110201 0.428096 0)
(0.13192 0.416756 0)
(0.15252 0.400798 0)
(0.171569 0.382727 0)
(0.188988 0.363237 0)
(0.204812 0.342396 0)
(0.219084 0.320283 0)
(0.231855 0.297036 0)
(0.243177 0.272785 0)
(0.253085 0.247621 0)
(0.261596 0.221607 0)
(0.268695 0.194792 0)
(0.274337 0.167229 0)
(0.278454 0.138998 0)
(0.280951 0.11021 0)
(0.281752 0.0810369 0)
(0.280725 0.0516638 0)
(0.277918 0.0223731 0)
(0.272985 -0.00663004 0)
(0.00984227 0.448322 0)
(0.0331408 0.463286 0)
(0.0572688 0.419506 0)
(0.0785102 0.41109 0)
(0.0985396 0.40703 0)
(0.1181 0.3965 0)
(0.136713 0.381831 0)
(0.153985 0.365248 0)
(0.169854 0.347269 0)
(0.184331 0.327915 0)
(0.197425 0.30726 0)
(0.209153 0.28544 0)
(0.219537 0.262586 0)
(0.22859 0.238804 0)
(0.236318 0.214174 0)
(0.242707 0.18877 0)
(0.247725 0.162668 0)
(0.251329 0.13596 0)
(0.25346 0.108768 0)
(0.254082 0.0812542 0)
(0.253122 0.0535878 0)
(0.250659 0.0260012 0)
(0.246433 -0.00137651 0)
(0.00923774 0.428539 0)
(0.0300788 0.439447 0)
(0.0511554 0.398477 0)
(0.0700893 0.391732 0)
(0.0879972 0.388116 0)
(0.105564 0.378263 0)
(0.122317 0.36471 0)
(0.137898 0.349412 0)
(0.152265 0.332746 0)
(0.165414 0.314706 0)
(0.177329 0.295362 0)
(0.18801 0.274848 0)
(0.197456 0.253293 0)
(0.205668 0.230804 0)
(0.212645 0.207476 0)
(0.218376 0.183392 0)
(0.222841 0.15864 0)
(0.226015 0.133321 0)
(0.227869 0.107553 0)
(0.228398 0.0814861 0)
(0.227574 0.0552701 0)
(0.225499 0.0290929 0)
(0.222022 0.00301648 0)
(0.00880881 0.410295 0)
(0.0274464 0.418538 0)
(0.0455911 0.379938 0)
(0.0624509 0.374504 0)
(0.0783966 0.371174 0)
(0.0941224 0.361903 0)
(0.109133 0.349324 0)
(0.123109 0.335142 0)
(0.136038 0.319623 0)
(0.147899 0.302743 0)
(0.158664 0.284576 0)
(0.168319 0.265248 0)
(0.176852 0.244884 0)
(0.184256 0.223591 0)
(0.190524 0.201464 0)
(0.195648 0.178596 0)
(0.199617 0.155077 0)
(0.20242 0.131006 0)
(0.204047 0.106496 0)
(0.204515 0.0816785 0)
(0.203829 0.0566812 0)
(0.202106 0.0316533 0)
(0.199268 0.00660241 0)
(0.00853027 0.393322 0)
(0.0251752 0.400339 0)
(0.0405245 0.363744 0)
(0.0554788 0.359242 0)
(0.0695724 0.356053 0)
(0.0835876 0.347292 0)
(0.0969542 0.335573 0)
(0.109407 0.322362 0)
(0.12096 0.307842 0)
(0.131578 0.291984 0)
(0.141228 0.274864 0)
(0.149887 0.256605 0)
(0.157534 0.237322 0)
(0.164154 0.21712 0)
(0.169738 0.196094 0)
(0.174276 0.174334 0)
(0.17776 0.151932 0)
(0.180183 0.128983 0)
(0.181544 0.105587 0)
(0.18187 0.081855 0)
(0.181184 0.057892 0)
(0.179603 0.0338129 0)
(0.177071 0.00958195 0)
(0.0083372 0.377445 0)
(0.0231595 0.384599 0)
(0.0359186 0.349792 0)
(0.0490624 0.345838 0)
(0.0613634 0.342648 0)
(0.0737651 0.334338 0)
(0.085554 0.323374 0)
(0.0965419 0.311007 0)
(0.106765 0.297354 0)
(0.116169 0.28239 0)
(0.124723 0.266199 0)
(0.132395 0.248896 0)
(0.139154 0.230591 0)
(0.144979 0.211381 0)
(0.149853 0.19136 0)
(0.153761 0.170616 0)
(0.156688 0.149239 0)
(0.158626 0.127315 0)
(0.159575 0.104932 0)
(0.159555 0.0821804 0)
(0.158592 0.0591413 0)
(0.156795 0.035903 0)
(0.154087 0.0124037 0)
(0.00813893 0.36257 0)
(0.0212687 0.371 0)
(0.0317028 0.337973 0)
(0.0430725 0.334226 0)
(0.0536014 0.330894 0)
(0.0644462 0.322971 0)
(0.0746826 0.312668 0)
(0.0842356 0.301029 0)
(0.0931423 0.288123 0)
(0.101333 0.273938 0)
(0.108776 0.258569 0)
(0.115431 0.242124 0)
(0.121257 0.224704 0)
(0.126225 0.206405 0)
(0.130308 0.187315 0)
(0.133481 0.16752 0)
(0.135721 0.147106 0)
(0.137013 0.126151 0)
(0.137348 0.10473 0)
(0.136741 0.0829134 0)
(0.135214 0.0607584 0)
(0.132862 0.038332 0)
(0.129596 0.0155553 0)
(0.0078693 0.348823 0)
(0.019425 0.35937 0)
(0.0278135 0.328231 0)
(0.0374062 0.324408 0)
(0.0461638 0.320811 0)
(0.0554811 0.313217 0)
(0.0641626 0.303483 0)
(0.0722919 0.292469 0)
(0.0798747 0.280201 0)
(0.0868279 0.266698 0)
(0.0931238 0.252059 0)
(0.0987081 0.236387 0)
(0.103533 0.219778 0)
(0.107562 0.202322 0)
(0.110758 0.184107 0)
(0.113085 0.165215 0)
(0.114517 0.145725 0)
(0.115027 0.12571 0)
(0.114609 0.105229 0)
(0.113269 0.084331 0)
(0.111034 0.0630501 0)
(0.107992 0.0414257 0)
(0.104081 0.0193618 0)
(0.00741415 0.335867 0)
(0.0173805 0.349114 0)
(0.0239751 0.320321 0)
(0.0317871 0.316219 0)
(0.0387502 0.312248 0)
(0.0465175 0.304905 0)
(0.0535909 0.295649 0)
(0.0602717 0.285163 0)
(0.0664834 0.273443 0)
(0.0721478 0.260543 0)
(0.0772383 0.246564 0)
(0.0816891 0.231602 0)
(0.0854509 0.215749 0)
(0.0884831 0.19909 0)
(0.0907435 0.18171 0)
(0.0921946 0.163687 0)
(0.0928067 0.145093 0)
(0.0925566 0.125989 0)
(0.0914396 0.106416 0)
(0.0894625 0.0864026 0)
(0.0866631 0.0659551 0)
(0.0831314 0.0450645 0)
(0.0788636 0.0236119 0)
(0.00704103 0.325751 0)
(0.0157361 0.341589 0)
(0.0207724 0.314784 0)
(0.0269074 0.310279 0)
(0.0322794 0.305962 0)
(0.0386932 0.298838 0)
(0.044337 0.289948 0)
(0.0497544 0.279884 0)
(0.0547549 0.268595 0)
(0.0592835 0.256186 0)
(0.0633099 0.242748 0)
(0.0667614 0.228372 0)
(0.0695907 0.21315 0)
(0.0717552 0.197165 0)
(0.0732099 0.180495 0)
(0.073915 0.16322 0)
(0.073837 0.145402 0)
(0.072953 0.127095 0)
(0.0712552 0.108327 0)
(0.0687347 0.0891138 0)
(0.065418 0.0694429 0)
(0.0613643 0.0492467 0)
(0.0565629 0.0283836 0)
(0.00588591 0.310946 0)
(0.0119085 0.332018 0)
(0.0148548 0.309139 0)
(0.0188017 0.30391 0)
(0.0217791 0.299128 0)
(0.0259958 0.292035 0)
(0.0293241 0.28359 0)
(0.0327338 0.273964 0)
(0.0357468 0.263216 0)
(0.0384383 0.251442 0)
(0.040739 0.238719 0)
(0.042592 0.225135 0)
(0.0439622 0.210773 0)
(0.0448111 0.195709 0)
(0.0451042 0.180015 0)
(0.0448119 0.163762 0)
(0.043912 0.146995 0)
(0.0423984 0.12975 0)
(0.0402743 0.112042 0)
(0.0375408 0.0938546 0)
(0.0342509 0.0751372 0)
(0.030466 0.055733 0)
(0.02626 0.0354509 0)
(-0.0107036 0.00707607 0)
(-0.0122947 0.0306811 0)
(-0.0103246 0.0572456 0)
(-0.0625091 0.0868762 0)
(-0.0526049 -0.0240651 0)
(-0.0817752 -0.00531101 0)
(-0.0806925 0.0131854 0)
(-0.0929115 0.0312508 0)
(-0.471996 0.0655125 0)
(-0.403801 0.0364721 0)
(-0.326116 0.0121173 0)
(-0.262049 0.00404707 0)
(-1.0901 -0.43019 0)
(-0.935132 -0.281485 0)
(-0.819177 -0.174285 0)
(-0.721094 -0.0942785 0)
(-1.01019 -0.342358 0)
(-0.940699 -0.465405 0)
(-0.846779 -0.388045 0)
(-0.773937 -0.292497 0)
(-0.563814 -0.0499748 0)
(-0.592075 -0.497615 0)
(-0.656701 -0.521268 0)
(-0.707828 -0.340875 0)
(-0.832594 -0.402482 0)
(-0.886313 -0.45665 0)
(-0.873167 -0.411793 0)
(-0.838518 -0.35517 0)
(-0.967424 -0.423977 0)
(-0.979125 -0.415779 0)
(-0.980254 -0.392053 0)
(-0.969783 -0.354485 0)
(-0.84925 -0.377545 0)
(-0.865162 -0.38894 0)
(-0.88298 -0.403301 0)
(-0.894123 -0.388239 0)
(-0.724162 -0.489441 0)
(-0.788897 -0.355516 0)
(-0.77961 -0.401056 0)
(-0.702152 -0.418 0)
(-1.58438 -0.388565 0)
(-1.33757 -0.453653 0)
(-1.20073 -0.570171 0)
(-1.00289 -0.503025 0)
(-1.74413 -1.04858 0)
(-1.60704 -1.00598 0)
(-1.49587 -1.03529 0)
(-1.44436 -1.07415 0)
(-1.69972 -1.05015 0)
(-1.68369 -1.0763 0)
(-1.68087 -1.08729 0)
(-1.67568 -1.08069 0)
(-1.29806 -1.03012 0)
(-1.34067 -1.02931 0)
(-1.40045 -1.01057 0)
(-1.45863 -0.961562 0)
(-0.782843 -0.903003 0)
(-0.849647 -0.924716 0)
(-0.898552 -0.915306 0)
(-0.922107 -0.862743 0)
(-0.279135 -0.670082 0)
(-0.392196 -0.742907 0)
(-0.4824 -0.800406 0)
(-0.531885 -0.827573 0)
(0.0397622 -0.464382 0)
(-0.0450785 -0.515479 0)
(-0.135917 -0.589967 0)
(-0.197465 -0.667489 0)
(0.204095 -0.395668 0)
(0.168626 -0.429217 0)
(0.141469 -0.474949 0)
(0.107295 -0.558388 0)
(0.529425 -0.231364 0)
(0.472624 -0.32608 0)
(0.439799 -0.416202 0)
(0.428422 -0.503693 0)
(0.913014 -0.150586 0)
(0.877957 -0.262714 0)
(0.828321 -0.374353 0)
(0.778052 -0.464157 0)
(0.981548 -0.10676 0)
(0.976623 -0.17014 0)
(0.956676 -0.233549 0)
(0.92378 -0.305862 0)
(0.844995 -0.144223 0)
(0.846773 -0.191853 0)
(0.839853 -0.241809 0)
(0.828644 -0.290656 0)
(0.689939 -0.147826 0)
(0.686021 -0.182096 0)
(0.676719 -0.215843 0)
(0.663091 -0.249194 0)
(0.586516 -0.130826 0)
(0.577192 -0.158933 0)
(0.565505 -0.185754 0)
(0.552187 -0.211194 0)
(0.524761 -0.111585 0)
(0.514847 -0.136477 0)
(0.503791 -0.160213 0)
(0.491957 -0.183033 0)
(0.478797 -0.0934308 0)
(0.470253 -0.115558 0)
(0.460753 -0.136849 0)
(0.450584 -0.15742 0)
(0.43605 -0.078493 0)
(0.42869 -0.0983728 0)
(0.420451 -0.1176 0)
(0.411602 -0.136247 0)
(0.396092 -0.0654258 0)
(0.389681 -0.0833558 0)
(0.382587 -0.100717 0)
(0.374963 -0.117587 0)
(0.359771 -0.054035 0)
(0.354196 -0.0703689 0)
(0.348087 -0.0862194 0)
(0.341539 -0.101661 0)
(0.326776 -0.0440418 0)
(0.321928 -0.0590915 0)
(0.316651 -0.0737182 0)
(0.311016 -0.0879873 0)
(0.296424 -0.0352837 0)
(0.292222 -0.0493099 0)
(0.28768 -0.0629494 0)
(0.282841 -0.0762721 0)
(0.268332 -0.0277197 0)
(0.264739 -0.0409065 0)
(0.260885 -0.0537492 0)
(0.256792 -0.0663173 0)
(0.24249 -0.0213067 0)
(0.239496 -0.0338076 0)
(0.236306 -0.0460228 0)
(0.232938 -0.0580145 0)
(0.218814 -0.016004 0)
(0.216391 -0.0279858 0)
(0.213828 -0.0397495 0)
(0.211135 -0.0513424 0)
(0.196669 -0.0117299 0)
(0.19471 -0.0233296 0)
(0.192646 -0.0347786 0)
(0.190487 -0.046095 0)
(0.174774 -0.008192 0)
(0.17305 -0.0194789 0)
(0.171225 -0.0306713 0)
(0.169307 -0.0417483 0)
(0.151682 -0.00484239 0)
(0.149905 -0.0158213 0)
(0.148009 -0.0267466 0)
(0.146006 -0.0375497 0)
(0.126789 -0.00115111 0)
(0.124773 -0.0118067 0)
(0.122643 -0.0224307 0)
(0.120408 -0.0329167 0)
(0.100844 0.00318538 0)
(0.0986004 -0.00714727 0)
(0.0962784 -0.0174984 0)
(0.0938998 -0.027779 0)
(0.0754452 0.0078417 0)
(0.0730943 -0.00229833 0)
(0.0707224 -0.0125769 0)
(0.0684255 -0.0229916 0)
(0.052712 0.0129649 0)
(0.0500978 0.00291112 0)
(0.0474977 -0.00747886 0)
(0.0450646 -0.0181546 0)
(0.0230965 0.0201517 0)
(0.0211407 0.00984803 0)
(0.0194483 -0.00106195 0)
(0.0179592 -0.0126289 0)
(0.00304582 0.333579 0)
(0.119743 0.173885 0)
(0.189374 -0.0509417 0)
(-0.247048 0.106041 0)
(-0.772148 0.535003 0)
(-0.742865 0.454556 0)
(-0.294128 -0.140999 0)
(-0.35092 -0.316524 0)
(-0.737591 -0.0585609 0)
(-1.03478 -0.300477 0)
(-1.08905 -0.706021 0)
(-1.0931 -0.539327 0)
(-0.955586 0.310054 0)
(-1.22852 0.569748 0)
(-1.49455 0.297719 0)
(-1.46824 0.0315842 0)
(-1.06875 -0.105619 0)
(-0.482857 -0.401707 0)
(0.0687478 -0.521203 0)
(-0.0126961 0.171281 0)
(0.136889 0.0272873 0)
(-0.0185065 0.157472 0)
(-0.465283 0.490829 0)
(-0.797386 0.683642 0)
(-0.561323 0.212797 0)
(-0.425918 -0.18157 0)
(-0.613312 -0.125786 0)
(-0.858124 0.23056 0)
(-0.97173 -0.30467 0)
(-1.03239 -0.649356 0)
(-1.12216 -0.465903 0)
(-1.1064 0.369179 0)
(-0.999199 0.73183 0)
(-1.21766 0.314267 0)
(-1.15984 -0.03065 0)
(-0.782462 -0.543502 0)
(-0.316195 -0.897819 0)
(0.0838417 -0.620373 0)
(-0.183485 0.0567948 0)
(-0.211447 0.166892 0)
(-0.356744 0.476245 0)
(-0.640879 0.757107 0)
(-0.811284 0.732247 0)
(-0.605712 0.0907869 0)
(-0.62795 -0.122828 0)
(-0.704393 -0.0114164 0)
(-0.722825 0.329655 0)
(-0.6929 -0.119215 0)
(-0.790568 -0.492317 0)
(-1.00084 -0.369753 0)
(-1.08892 0.0441287 0)
(-0.711062 0.715173 0)
(-0.723878 0.401565 0)
(-0.604923 -0.271361 0)
(-0.45665 -0.777139 0)
(-0.28654 -1.1675 0)
(0.0348855 -0.71954 0)
(-0.627095 0.0322377 0)
(-0.553213 0.272492 0)
(-0.5731 0.648505 0)
(-0.72369 0.890115 0)
(-0.823242 0.704431 0)
(-0.759579 0.112278 0)
(-0.817319 -0.105768 0)
(-0.804797 -0.0349522 0)
(-0.648433 0.218151 0)
(-0.53686 -0.0149365 0)
(-0.770057 -0.32459 0)
(-0.99135 -0.207572 0)
(-1.06281 0.0765913 0)
(-0.889149 0.366574 0)
(-0.426367 0.475244 0)
(-0.372029 -0.19643 0)
(-0.333937 -0.885705 0)
(-0.186536 -1.34228 0)
(-0.0263893 -0.862788 0)
(-0.70143 -0.127547 0)
(-0.640394 0.194356 0)
(-0.613677 0.66211 0)
(-0.677372 0.963493 0)
(-0.799248 0.711244 0)
(-0.902042 0.0730405 0)
(-0.939361 -0.138279 0)
(-0.916469 -0.16496 0)
(-0.743014 0.0306088 0)
(-0.797175 0.0990111 0)
(-1.21973 -0.142557 0)
(-1.38427 -0.103168 0)
(-1.25731 0.0344436 0)
(-1.0642 -0.0268865 0)
(-0.875256 -0.298066 0)
(-0.680332 -0.642471 0)
(-0.129414 -0.806349 0)
(-0.109817 -1.21422 0)
(0.0353961 -0.949443 0)
(-0.702904 -0.164395 0)
(-0.658747 0.14554 0)
(-0.590064 0.632201 0)
(-0.573623 1.0096 0)
(-0.670654 0.875293 0)
(-0.849217 0.197974 0)
(-0.872429 -0.10752 0)
(-0.951266 -0.143627 0)
(-1.16922 0.0579449 0)
(-1.5297 0.35256 0)
(-1.87961 0.0887798 0)
(-2.00595 -0.17955 0)
(-1.87995 -0.141853 0)
(-1.71078 0.0746571 0)
(-1.60537 0.144095 0)
(-1.40534 -0.719449 0)
(-0.835397 -1.32488 0)
(-0.526683 -1.55233 0)
(0.0348705 -0.957261 0)
(-0.785026 -0.224286 0)
(-0.719962 0.0749804 0)
(-0.616509 0.563793 0)
(-0.529951 1.00122 0)
(-0.544026 1.01782 0)
(-0.67769 0.435075 0)
(-0.753874 0.0133374 0)
(-0.555939 0.0159434 0)
(-0.723064 0.286626 0)
(-0.747763 0.794117 0)
(-0.338663 0.418276 0)
(-0.803264 -0.1963 0)
(-1.60422 -0.20276 0)
(-1.54739 -0.19205 0)
(-1.331 -0.514276 0)
(-0.977265 -1.23989 0)
(-0.665176 -1.79911 0)
(-0.803568 -1.92608 0)
(-0.115646 -1.3077 0)
(-0.933788 -0.235351 0)
(-0.84781 0.0383173 0)
(-0.682342 0.489163 0)
(-0.474363 0.955877 0)
(-0.320814 0.953709 0)
(-0.108816 0.497665 0)
(-0.125434 0.0221825 0)
(0.0335575 -0.342822 0)
(-0.110078 0.0270781 0)
(0.214774 0.4917 0)
(0.776627 0.788872 0)
(1.1619 0.751351 0)
(0.338542 0.267035 0)
(-0.078032 -0.281689 0)
(-0.293484 -0.593502 0)
(-0.597639 -1.1983 0)
(-0.52578 -1.77942 0)
(-0.817093 -2.17219 0)
(-0.176687 -1.71467 0)
(-0.894762 -0.291868 0)
(-0.849697 -0.0754498 0)
(-0.683713 0.256256 0)
(-0.345916 0.595495 0)
(0.0970665 0.572029 0)
(0.443376 0.209391 0)
(0.477204 -0.0351226 0)
(0.121537 0.0987086 0)
(-0.0693557 -0.0346443 0)
(0.297198 -0.1416 0)
(0.788042 -0.26276 0)
(1.5345 0.272898 0)
(1.83413 0.732652 0)
(1.54667 0.703945 0)
(0.942831 0.0426047 0)
(-0.0507595 -0.725321 0)
(-0.23136 -1.57232 0)
(-0.549583 -2.36185 0)
(-0.0306622 -2.16658 0)
(-0.694139 -0.33111 0)
(-0.769341 -0.179064 0)
(-0.701083 0.0257382 0)
(-0.469783 0.258037 0)
(-0.19405 0.325516 0)
(-0.0306797 0.254391 0)
(-0.00411976 0.193431 0)
(-0.0139057 0.0631038 0)
(0.0893437 -0.141984 0)
(0.300807 -0.261233 0)
(0.573242 -0.365049 0)
(0.783163 -0.302026 0)
(1.3487 0.199804 0)
(1.74081 0.748723 0)
(1.61431 0.612763 0)
(0.614524 0.0350988 0)
(0.155589 -1.23229 0)
(-0.258369 -2.34321 0)
(0.0535056 -2.39439 0)
(-0.755488 -0.264062 0)
(-0.582337 -0.0847335 0)
(-0.496788 -0.0398718 0)
(-0.422396 0.064248 0)
(-0.284331 0.143084 0)
(-0.149679 0.127194 0)
(-0.041757 0.0798714 0)
(0.0936769 0.00163218 0)
(0.268243 -0.265621 0)
(0.32014 -0.551256 0)
(0.445005 -0.521319 0)
(0.641188 -0.32173 0)
(0.78662 -0.143248 0)
(1.01699 0.42277 0)
(1.28816 0.783104 0)
(0.694412 0.559653 0)
(0.364629 -0.954645 0)
(0.0322484 -2.09427 0)
(0.0422336 -2.46778 0)
(-1.28494 -0.697742 0)
(-0.921085 -0.281733 0)
(-0.553117 -0.110872 0)
(-0.357609 0.0222041 0)
(-0.25616 0.0370755 0)
(-0.13928 3.01738e-05 0)
(-0.000405605 -0.073658 0)
(0.084389 -0.243286 0)
(0.0399152 -0.297957 0)
(-0.0618228 -0.436077 0)
(-0.0532866 -0.838173 0)
(0.312705 -0.588323 0)
(0.618091 -0.112511 0)
(0.628183 0.246462 0)
(0.744253 0.809141 0)
(0.453184 0.866997 0)
(0.423615 -0.793695 0)
(0.193499 -1.82823 0)
(-0.0242747 -2.38292 0)
(-1.58281 -0.973764 0)
(-1.35999 -0.701556 0)
(-1.15512 -0.651314 0)
(-0.906273 -0.23022 0)
(-0.538954 -0.0560726 0)
(-1.06695 -0.073915 0)
(-1.07631 -0.0788818 0)
(-1.03218 -0.101295 0)
(-0.736256 -0.154514 0)
(-0.409387 -0.732942 0)
(-0.152908 -0.892275 0)
(-0.260711 -1.06742 0)
(0.253945 -0.189785 0)
(0.291099 0.293288 0)
(0.23573 0.869082 0)
(0.266471 0.902841 0)
(0.479476 -0.701052 0)
(0.247314 -1.66242 0)
(0.0238045 -2.31107 0)
(-1.54802 -0.849804 0)
(-1.69241 -0.679707 0)
(-1.84308 -0.557118 0)
(-1.88998 -0.277602 0)
(-1.79453 0.113418 0)
(-1.61529 0.190164 0)
(-1.37459 -0.211752 0)
(-1.00177 -0.526942 0)
(-0.705333 -0.718628 0)
(-0.518925 -0.886412 0)
(-0.491538 -0.988728 0)
(-0.534891 -0.93824 0)
(-0.560123 -0.565472 0)
(-0.257105 0.316248 0)
(-0.0458477 0.76844 0)
(0.29346 0.642472 0)
(0.57301 -0.557478 0)
(0.349038 -1.48449 0)
(0.0821418 -2.15083 0)
(-1.00041 -0.729055 0)
(-1.1092 -0.490237 0)
(-1.26637 -0.402559 0)
(-1.34268 -0.317301 0)
(-1.21942 -0.250164 0)
(-0.934845 -0.31462 0)
(-0.626536 -0.506462 0)
(-0.427614 -0.66233 0)
(-0.275067 -0.788237 0)
(-0.211249 -0.899582 0)
(-0.297686 -0.929421 0)
(-0.461263 -0.839454 0)
(-0.522438 -0.555185 0)
(-0.34954 -0.15697 0)
(0.0464379 0.344946 0)
(0.455395 0.270487 0)
(0.651968 -0.485755 0)
(0.443156 -1.25177 0)
(0.124329 -1.91935 0)
(-0.549879 -0.75708 0)
(-0.565702 -0.503617 0)
(-0.42285 -0.39374 0)
(-0.371869 -0.340067 0)
(-0.281749 -0.334942 0)
(-0.0984185 -0.443573 0)
(0.0604813 -0.624193 0)
(0.120713 -0.756909 0)
(0.124894 -0.832936 0)
(0.0753121 -0.858982 0)
(-0.0312824 -0.837564 0)
(-0.151241 -0.746833 0)
(-0.204034 -0.566549 0)
(-0.105758 -0.391346 0)
(0.154322 -0.101932 0)
(0.467772 -0.0363018 0)
(0.590595 -0.429847 0)
(0.433374 -1.03454 0)
(0.140969 -1.66673 0)
(-0.214287 -0.713711 0)
(-0.374777 -0.580227 0)
(-0.118841 -0.550944 0)
(0.0509175 -0.495222 0)
(0.231672 -0.447178 0)
(0.367333 -0.50843 0)
(0.422818 -0.625014 0)
(0.397177 -0.719024 0)
(0.315434 -0.767904 0)
(0.206385 -0.773185 0)
(0.0942087 -0.739755 0)
(0.00715231 -0.664152 0)
(-0.0207648 -0.542111 0)
(0.0226962 -0.443101 0)
(0.155913 -0.278321 0)
(0.353096 -0.194261 0)
(0.455975 -0.403364 0)
(0.370377 -0.872323 0)
(0.137662 -1.43315 0)
(0.0955734 -0.635974 0)
(-0.0539846 -0.627454 0)
(0.114748 -0.698762 0)
(0.18712 -0.679446 0)
(0.294252 -0.64319 0)
(0.386717 -0.634922 0)
(0.41823 -0.65737 0)
(0.383316 -0.685722 0)
(0.306186 -0.698358 0)
(0.217601 -0.689772 0)
(0.141211 -0.661275 0)
(0.0935001 -0.61273 0)
(0.0866702 -0.540901 0)
(0.116711 -0.491032 0)
(0.183135 -0.395862 0)
(0.289429 -0.306719 0)
(0.362769 -0.396584 0)
(0.320629 -0.755122 0)
(0.12908 -1.23296 0)
(0.414446 -0.588339 0)
(0.360524 -0.651016 0)
(0.384171 -0.716114 0)
(0.388846 -0.702527 0)
(0.385494 -0.658798 0)
(0.380456 -0.634616 0)
(0.358272 -0.634698 0)
(0.315305 -0.642333 0)
(0.261235 -0.644721 0)
(0.210049 -0.639222 0)
(0.174431 -0.624888 0)
(0.161567 -0.599244 0)
(0.173919 -0.553802 0)
(0.199675 -0.518789 0)
(0.232555 -0.453893 0)
(0.270996 -0.361118 0)
(0.313517 -0.394216 0)
(0.280999 -0.657166 0)
(0.114427 -1.04841 0)
(0.717416 -0.538511 0)
(0.650307 -0.620969 0)
(0.586201 -0.673041 0)
(0.50867 -0.664242 0)
(0.439265 -0.622003 0)
(0.387058 -0.589644 0)
(0.342998 -0.582017 0)
(0.300931 -0.591013 0)
(0.262112 -0.603365 0)
(0.232335 -0.611786 0)
(0.22005 -0.614055 0)
(0.226977 -0.605952 0)
(0.249052 -0.573669 0)
(0.270439 -0.536508 0)
(0.281533 -0.473379 0)
(0.276772 -0.372644 0)
(0.287008 -0.379443 0)
(0.23865 -0.575546 0)
(0.0869884 -0.875315 0)
(0.859709 -0.433243 0)
(0.757213 -0.540428 0)
(0.637331 -0.579521 0)
(0.519463 -0.57216 0)
(0.426294 -0.548065 0)
(0.363203 -0.537122 0)
(0.320925 -0.545387 0)
(0.288757 -0.562886 0)
(0.262612 -0.581941 0)
(0.247287 -0.601758 0)
(0.251439 -0.619612 0)
(0.271858 -0.623973 0)
(0.298792 -0.594649 0)
(0.315479 -0.545583 0)
(0.311348 -0.468774 0)
(0.283617 -0.355373 0)
(0.265095 -0.339469 0)
(0.196581 -0.488089 0)
(0.0641603 -0.75657 0)
(0.786976 -0.361866 0)
(0.686175 -0.436075 0)
(0.566669 -0.472843 0)
(0.461539 -0.480431 0)
(0.38601 -0.481751 0)
(0.336895 -0.492343 0)
(0.302284 -0.512482 0)
(0.273262 -0.537168 0)
(0.251054 -0.566499 0)
(0.244701 -0.60269 0)
(0.260263 -0.637348 0)
(0.287111 -0.64921 0)
(0.312764 -0.614937 0)
(0.323527 -0.548409 0)
(0.309428 -0.451429 0)
(0.270808 -0.321997 0)
(0.23768 -0.286187 0)
(0.148357 -0.401175 0)
(0.0475762 -0.65614 0)
(0.627017 -0.303316 0)
(0.556185 -0.359684 0)
(0.4768 -0.392398 0)
(0.407555 -0.414045 0)
(0.355812 -0.43494 0)
(0.316773 -0.458449 0)
(0.283029 -0.48409 0)
(0.251858 -0.513688 0)
(0.230406 -0.555151 0)
(0.228072 -0.609834 0)
(0.245001 -0.659173 0)
(0.265151 -0.672747 0)
(0.28093 -0.629164 0)
(0.28372 -0.545014 0)
(0.263375 -0.426844 0)
(0.220495 -0.279026 0)
(0.178699 -0.224646 0)
(0.0790494 -0.318429 0)
(0.0397977 -0.588532 0)
(0.524596 -0.250177 0)
(0.477276 -0.299157 0)
(0.426031 -0.339205 0)
(0.378043 -0.37105 0)
(0.335572 -0.398326 0)
(0.296677 -0.424446 0)
(0.258769 -0.451806 0)
(0.223037 -0.487809 0)
(0.199433 -0.544315 0)
(0.193038 -0.615701 0)
(0.198457 -0.673276 0)
(0.198341 -0.683877 0)
(0.199095 -0.63237 0)
(0.191876 -0.536352 0)
(0.16744 -0.397196 0)
(0.12613 -0.230452 0)
(0.0716277 -0.160306 0)
(0.0172758 -0.288499 0)
(0.0381421 -0.548804 0)
(0.470169 -0.218778 0)
(0.435116 -0.264472 0)
(0.3954 -0.302747 0)
(0.35374 -0.333966 0)
(0.312697 -0.361381 0)
(0.272401 -0.387703 0)
(0.231064 -0.415898 0)
(0.190784 -0.458181 0)
(0.161104 -0.527643 0)
(0.141457 -0.608847 0)
(0.124936 -0.667387 0)
(0.0961583 -0.674666 0)
(0.0807046 -0.621781 0)
(0.0579264 -0.522619 0)
(0.0324719 -0.363524 0)
(-0.00424676 -0.183132 0)
(-0.050771 -0.120639 0)
(-0.00449201 -0.318303 0)
(0.0319774 -0.527324 0)
(0.431677 -0.189722 0)
(0.401002 -0.23127 0)
(0.365731 -0.267302 0)
(0.32771 -0.297927 0)
(0.288898 -0.32507 0)
(0.248766 -0.349903 0)
(0.205168 -0.37667 0)
(0.16051 -0.422877 0)
(0.121876 -0.499989 0)
(0.0849724 -0.582729 0)
(0.044374 -0.636319 0)
(-0.0117436 -0.641896 0)
(-0.0459363 -0.593948 0)
(-0.0914281 -0.496613 0)
(-0.113446 -0.322876 0)
(-0.136161 -0.150951 0)
(-0.106622 -0.156198 0)
(0.00249057 -0.376268 0)
(0.019793 -0.513234 0)
(0.395001 -0.165682 0)
(0.368064 -0.203628 0)
(0.337115 -0.236921 0)
(0.303264 -0.2656 0)
(0.267608 -0.290561 0)
(0.228924 -0.311701 0)
(0.185471 -0.335143 0)
(0.139207 -0.382278 0)
(0.0936846 -0.460937 0)
(0.0439612 -0.538822 0)
(-0.0134264 -0.583822 0)
(-0.0855301 -0.587925 0)
(-0.141481 -0.547502 0)
(-0.203019 -0.4556 0)
(-0.214704 -0.292175 0)
(-0.194135 -0.176506 0)
(-0.0857751 -0.258071 0)
(0.0076495 -0.429681 0)
(0.00695788 -0.504154 0)
(0.360659 -0.144387 0)
(0.337482 -0.179049 0)
(0.310708 -0.209654 0)
(0.281127 -0.236199 0)
(0.249489 -0.258549 0)
(0.214651 -0.275596 0)
(0.175752 -0.295302 0)
(0.133624 -0.340725 0)
(0.088455 -0.416252 0)
(0.036235 -0.486693 0)
(-0.0242469 -0.522496 0)
(-0.0958174 -0.523929 0)
(-0.160451 -0.491438 0)
(-0.218444 -0.421715 0)
(-0.212162 -0.307736 0)
(-0.15255 -0.263339 0)
(-0.023509 -0.363565 0)
(-0.000211797 -0.449826 0)
(-0.0051832 -0.501698 0)
(0.329321 -0.126247 0)
(0.309501 -0.158048 0)
(0.286568 -0.186247 0)
(0.261428 -0.210885 0)
(0.234884 -0.230954 0)
(0.20664 -0.245012 0)
(0.176907 -0.262235 0)
(0.14545 -0.304645 0)
(0.109175 -0.374381 0)
(0.064263 -0.438059 0)
(0.0136003 -0.467982 0)
(-0.042256 -0.468156 0)
(-0.0916021 -0.444674 0)
(-0.130863 -0.409855 0)
(-0.116778 -0.355489 0)
(-0.0607443 -0.351093 0)
(0.0219955 -0.410919 0)
(-0.0193617 -0.4398 0)
(-0.015761 -0.509828 0)
(0.300574 -0.110702 0)
(0.283682 -0.140067 0)
(0.264361 -0.166419 0)
(0.243771 -0.189943 0)
(0.223046 -0.209151 0)
(0.203165 -0.222874 0)
(0.185275 -0.240216 0)
(0.168167 -0.279594 0)
(0.145459 -0.341896 0)
(0.112049 -0.399913 0)
(0.0745529 -0.429072 0)
(0.0389377 -0.432724 0)
(0.0137763 -0.417579 0)
(-0.0058971 -0.404625 0)
(5.76518e-05 -0.38431 0)
(0.0160901 -0.388953 0)
(0.0437529 -0.401915 0)
(-0.0426822 -0.411096 0)
(-0.0216836 -0.535142 0)
(0.273949 -0.0974499 0)
(0.259715 -0.12493 0)
(0.243889 -0.150203 0)
(0.227782 -0.173649 0)
(0.212851 -0.19382 0)
(0.201046 -0.210097 0)
(0.193934 -0.230168 0)
(0.189261 -0.267132 0)
(0.178342 -0.320688 0)
(0.154371 -0.371983 0)
(0.125312 -0.402948 0)
(0.10189 -0.412701 0)
(0.0892423 -0.406371 0)
(0.0792091 -0.395895 0)
(0.0746267 -0.380956 0)
(0.0507685 -0.378463 0)
(0.0575084 -0.363997 0)
(-0.0535471 -0.37497 0)
(-0.00934239 -0.577879 0)
(0.249341 -0.0863024 0)
(0.237684 -0.112549 0)
(0.225302 -0.137521 0)
(0.213409 -0.161784 0)
(0.203406 -0.184274 0)
(0.197328 -0.204806 0)
(0.196393 -0.228801 0)
(0.197514 -0.263708 0)
(0.191697 -0.307713 0)
(0.172187 -0.350121 0)
(0.146398 -0.381576 0)
(0.125329 -0.397482 0)
(0.112969 -0.397378 0)
(0.0990965 -0.38439 0)
(0.0884555 -0.362873 0)
(0.056042 -0.35614 0)
(0.065364 -0.327781 0)
(-0.0240157 -0.336734 0)
(0.0309221 -0.604828 0)
(0.22689 -0.0771965 0)
(0.217796 -0.102897 0)
(0.20868 -0.128192 0)
(0.200408 -0.153692 0)
(0.193841 -0.178686 0)
(0.190174 -0.203103 0)
(0.189753 -0.230035 0)
(0.189318 -0.262259 0)
(0.181661 -0.29703 0)
(0.162915 -0.330614 0)
(0.139241 -0.360842 0)
(0.117268 -0.380598 0)
(0.100491 -0.38288 0)
(0.0801814 -0.368961 0)
(0.0698821 -0.346343 0)
(0.0505703 -0.344364 0)
(0.0635684 -0.317582 0)
(0.0453749 -0.321996 0)
(0.071177 -0.572038 0)
(0.206392 -0.0700889 0)
(0.199579 -0.0957627 0)
(0.193075 -0.121653 0)
(0.18725 -0.148187 0)
(0.182196 -0.174671 0)
(0.178034 -0.200916 0)
(0.174351 -0.228326 0)
(0.168536 -0.256829 0)
(0.156604 -0.284437 0)
(0.138898 -0.31254 0)
(0.118941 -0.341494 0)
(0.097595 -0.361726 0)
(0.0779475 -0.36454 0)
(0.0563238 -0.353863 0)
(0.0519263 -0.338062 0)
(0.0451168 -0.34418 0)
(0.054464 -0.330397 0)
(0.0845675 -0.339355 0)
(0.0799199 -0.489102 0)
(0.186713 -0.064624 0)
(0.181386 -0.0904644 0)
(0.176226 -0.116808 0)
(0.17117 -0.143683 0)
(0.165733 -0.170154 0)
(0.159561 -0.196037 0)
(0.15208 -0.221959 0)
(0.142122 -0.246892 0)
(0.129009 -0.270992 0)
(0.115257 -0.29753 0)
(0.0998095 -0.325019 0)
(0.0807158 -0.343185 0)
(0.0620051 -0.346845 0)
(0.0438515 -0.343101 0)
(0.0436037 -0.335938 0)
(0.0402542 -0.346467 0)
(0.041093 -0.344808 0)
(0.0699527 -0.359657 0)
(0.0510153 -0.420542 0)
(0.165899 -0.0601127 0)
(0.160927 -0.0860072 0)
(0.155794 -0.112358 0)
(0.150198 -0.138759 0)
(0.143557 -0.164176 0)
(0.135814 -0.188817 0)
(0.126693 -0.213166 0)
(0.116807 -0.236457 0)
(0.107032 -0.260463 0)
(0.0983273 -0.286604 0)
(0.0859814 -0.311246 0)
(0.0695901 -0.326803 0)
(0.0541126 -0.332496 0)
(0.0404089 -0.335153 0)
(0.0393396 -0.33425 0)
(0.0345006 -0.345248 0)
(0.0300204 -0.349308 0)
(0.0419144 -0.364864 0)
(0.0198778 -0.379228 0)
(0.142411 -0.055666 0)
(0.137056 -0.0813931 0)
(0.131467 -0.107404 0)
(0.125207 -0.133008 0)
(0.118219 -0.157361 0)
(0.110922 -0.18129 0)
(0.103239 -0.205339 0)
(0.0967127 -0.229182 0)
(0.0911892 -0.254085 0)
(0.0851103 -0.278459 0)
(0.0741915 -0.299406 0)
(0.0606468 -0.313325 0)
(0.0485269 -0.321489 0)
(0.0380036 -0.327842 0)
(0.0345789 -0.330738 0)
(0.0286621 -0.341128 0)
(0.0232169 -0.346583 0)
(0.023215 -0.359307 0)
(0.00439531 -0.359522 0)
(0.116507 -0.0507858 0)
(0.110895 -0.0764302 0)
(0.10539 -0.102161 0)
(0.0994194 -0.127295 0)
(0.0938358 -0.151406 0)
(0.088911 -0.175731 0)
(0.0843882 -0.200503 0)
(0.0810714 -0.22523 0)
(0.0771114 -0.24963 0)
(0.070932 -0.271246 0)
(0.06123 -0.289406 0)
(0.0507137 -0.302889 0)
(0.0414436 -0.312983 0)
(0.0332731 -0.321127 0)
(0.0290632 -0.326745 0)
(0.0235425 -0.336565 0)
(0.0191836 -0.341802 0)
(0.0143124 -0.351885 0)
(0.00164106 -0.349967 0)
(0.0900749 -0.0457802 0)
(0.0849196 -0.0717361 0)
(0.0803474 -0.097493 0)
(0.0758109 -0.122908 0)
(0.072722 -0.147723 0)
(0.0703177 -0.172964 0)
(0.0680607 -0.198057 0)
(0.065543 -0.222242 0)
(0.061061 -0.244781 0)
(0.0547078 -0.264347 0)
(0.0470231 -0.281345 0)
(0.0394927 -0.295075 0)
(0.0327923 -0.306351 0)
(0.0269253 -0.315558 0)
(0.0233131 -0.323021 0)
(0.018702 -0.332164 0)
(0.0154738 -0.337171 0)
(0.00984098 -0.345382 0)
(0.00237762 -0.342917 0)
(0.0651026 -0.0414917 0)
(0.060789 -0.0679153 0)
(0.0575356 -0.0941402 0)
(0.054873 -0.120481 0)
(0.0536771 -0.146106 0)
(0.0522756 -0.171507 0)
(0.050353 -0.195773 0)
(0.0473916 -0.218555 0)
(0.0430583 -0.239571 0)
(0.038109 -0.258385 0)
(0.0329785 -0.275144 0)
(0.0281001 -0.289229 0)
(0.0236939 -0.301166 0)
(0.0198757 -0.311075 0)
(0.0171228 -0.319437 0)
(0.0136096 -0.327859 0)
(0.0110238 -0.333017 0)
(0.00647347 -0.339674 0)
(0.00185997 -0.337093 0)
(0.0418529 -0.0371398 0)
(0.0379372 -0.0645838 0)
(0.0358632 -0.0920124 0)
(0.0344742 -0.119168 0)
(0.0336673 -0.144928 0)
(0.0322306 -0.169783 0)
(0.030354 -0.193216 0)
(0.0279842 -0.215299 0)
(0.0253009 -0.235893 0)
(0.0225556 -0.254638 0)
(0.0197547 -0.271359 0)
(0.017041 -0.28568 0)
(0.0145349 -0.297952 0)
(0.0123255 -0.308267 0)
(0.0104972 -0.317014 0)
(0.00831241 -0.32493 0)
(0.00644651 -0.330345 0)
(0.0035258 -0.335751 0)
(0.000701805 -0.33413 0)
(0.0158468 -0.0329378 0)
(0.0135009 -0.0622775 0)
(0.0127212 -0.0907982 0)
(0.0120754 -0.118133 0)
(0.0114761 -0.143883 0)
(0.0107594 -0.168631 0)
(0.0100262 -0.192092 0)
(0.00928912 -0.214275 0)
(0.00852232 -0.234947 0)
(0.00769009 -0.253752 0)
(0.00678254 -0.270507 0)
(0.00587854 -0.284996 0)
(0.00503245 -0.29745 0)
(0.00427193 -0.307988 0)
(0.00361427 -0.316928 0)
(0.00287165 -0.324649 0)
(0.00216753 -0.330212 0)
(0.00105547 -0.334974 0)
(7.21332e-05 -0.334371 0)
)
;

boundaryField
{
    leftWall
    {
        type            noSlip;
    }
    rightWall
    {
        type            noSlip;
    }
    lowerWall
    {
        type            noSlip;
    }
    atmosphere
    {
        type            pressureInletOutletVelocity;
        value           nonuniform List<vector> 
46
(
(0.00588591 0.310946 0)
(0.0119085 0.332018 0)
(0.0148548 0.309139 0)
(0.0188017 0.30391 0)
(0.0217791 0.299128 0)
(0.0259958 0.292035 0)
(0.0293241 0.28359 0)
(0.0327338 0.273964 0)
(0.0357468 0.263216 0)
(0.0384383 0.251442 0)
(0.040739 0.238719 0)
(0.042592 0.225135 0)
(0.0439622 0.210773 0)
(0.0448111 0.195709 0)
(0.0451042 0.180015 0)
(0.0448119 0.163762 0)
(0.043912 0.146995 0)
(0.0423984 0.12975 0)
(0.0402743 0.112042 0)
(0.0375408 0.0938546 0)
(0.0342509 0.0751372 0)
(0.030466 0.055733 0)
(0.02626 0.0354509 0)
(0.0230965 0.0201517 0)
(0.0211407 0.00984803 0)
(0 -0.00106195 0)
(0 -0.0126289 0)
(0 -0.0329378 0)
(0 -0.0622775 0)
(0 -0.0907982 0)
(0 -0.118133 0)
(0 -0.143883 0)
(0 -0.168631 0)
(0 -0.192092 0)
(0 -0.214275 0)
(0 -0.234947 0)
(0 -0.253752 0)
(0 -0.270507 0)
(0 -0.284996 0)
(0 -0.29745 0)
(0 -0.307988 0)
(0 -0.316928 0)
(0 -0.324649 0)
(0 -0.330212 0)
(0 -0.334974 0)
(0 -0.334371 0)
)
;
    }
    defaultFaces
    {
        type            empty;
    }
}


// ************************************************************************* //
