/*--------------------------------*- C++ -*----------------------------------*\
| =========                 |                                                 |
| \\      /  F ield         | OpenFOAM: The Open Source CFD Toolbox           |
|  \\    /   O peration     | Version:  5.x                                   |
|   \\  /    A nd           | Web:      www.OpenFOAM.org                      |
|    \\/     M anipulation  |                                                 |
\*---------------------------------------------------------------------------*/
FoamFile
{
    version     2.0;
    format      ascii;
    class       volScalarField;
    location    "0.35";
    object      p_rgh;
}
// * * * * * * * * * * * * * * * * * * * * * * * * * * * * * * * * * * * * * //

dimensions      [1 -1 -2 0 0 0 0];

internalField   nonuniform List<scalar> 
8000
(
0.0157661
0.015766
0.015766
0.015766
0.015766
0.015766
0.015766
0.0157661
0.0157661
0.0157661
0.0157661
0.0157661
0.0157661
0.0157661
0.0157661
0.0157661
0.0157661
0.0157661
0.0157661
0.0157661
0.0472982
0.0472981
0.0472981
0.0472981
0.0472981
0.0472981
0.0472982
0.0472982
0.0472983
0.0472983
0.0472983
0.0472983
0.0472983
0.0472983
0.0472983
0.0472983
0.0472983
0.0472983
0.0472983
0.0472983
0.0788303
0.0788303
0.0788303
0.0788303
0.0788303
0.0788303
0.0788303
0.0788304
0.0788304
0.0788305
0.0788305
0.0788305
0.0788305
0.0788305
0.0788305
0.0788305
0.0788305
0.0788305
0.0788305
0.0788307
0.110362
0.110362
0.110362
0.110362
0.110362
0.110362
0.110362
0.110363
0.110363
0.110363
0.110363
0.110363
0.110363
0.110363
0.110363
0.110363
0.110363
0.110363
0.110363
0.110363
0.141895
0.141895
0.141895
0.141895
0.141895
0.141895
0.141895
0.141895
0.141895
0.141895
0.141895
0.141895
0.141895
0.141895
0.141895
0.141895
0.141895
0.141895
0.141895
0.141895
0.173427
0.173427
0.173427
0.173427
0.173427
0.173427
0.173427
0.173427
0.173427
0.173427
0.173427
0.173427
0.173427
0.173427
0.173427
0.173427
0.173427
0.173427
0.173427
0.173428
0.204959
0.204959
0.204959
0.204959
0.204959
0.204959
0.204959
0.204959
0.204959
0.204959
0.204959
0.204959
0.204959
0.204959
0.204959
0.204959
0.204959
0.204959
0.204959
0.20496
0.236491
0.236491
0.236491
0.236491
0.236491
0.236491
0.236491
0.236491
0.236491
0.236491
0.236491
0.236492
0.236492
0.236492
0.236492
0.236492
0.236492
0.236492
0.236492
0.236492
0.268024
0.268024
0.268024
0.268024
0.268024
0.268024
0.268024
0.268024
0.268024
0.268024
0.268024
0.268024
0.268024
0.268024
0.268024
0.268024
0.268024
0.268024
0.268024
0.268024
0.299557
0.299557
0.299557
0.299557
0.299557
0.299557
0.299557
0.299557
0.299557
0.299557
0.299557
0.299557
0.299557
0.299557
0.299557
0.299557
0.299557
0.299557
0.299557
0.299556
0.33109
0.33109
0.33109
0.33109
0.33109
0.33109
0.33109
0.33109
0.33109
0.33109
0.331089
0.331089
0.331089
0.331089
0.331089
0.331089
0.331089
0.331089
0.33109
0.331089
0.362623
0.362623
0.362623
0.362623
0.362623
0.362623
0.362623
0.362623
0.362623
0.362623
0.362623
0.362623
0.362623
0.362622
0.362622
0.362622
0.362622
0.362623
0.362623
0.362622
0.394156
0.394156
0.394156
0.394156
0.394156
0.394156
0.394156
0.394156
0.394156
0.394156
0.394156
0.394156
0.394156
0.394156
0.394156
0.394156
0.394156
0.394156
0.394156
0.394155
0.42569
0.42569
0.42569
0.42569
0.42569
0.42569
0.42569
0.42569
0.42569
0.425689
0.425689
0.425689
0.425689
0.425689
0.425689
0.425689
0.425689
0.425689
0.425689
0.425689
0.457224
0.457224
0.457224
0.457224
0.457224
0.457224
0.457223
0.457223
0.457223
0.457223
0.457223
0.457223
0.457223
0.457223
0.457223
0.457223
0.457223
0.457223
0.457223
0.457223
0.488758
0.488758
0.488758
0.488758
0.488758
0.488758
0.488758
0.488757
0.488757
0.488757
0.488757
0.488757
0.488757
0.488757
0.488757
0.488757
0.488757
0.488757
0.488757
0.488757
0.520292
0.520292
0.520292
0.520292
0.520292
0.520292
0.520292
0.520292
0.520292
0.520292
0.520291
0.520291
0.520291
0.520291
0.520291
0.520291
0.520291
0.520291
0.520292
0.520291
0.551826
0.551827
0.551826
0.551826
0.551826
0.551826
0.551826
0.551826
0.551826
0.551826
0.551826
0.551826
0.551826
0.551826
0.551826
0.551826
0.551826
0.551826
0.551826
0.551826
0.583361
0.583361
0.583361
0.583361
0.583361
0.583361
0.583361
0.583361
0.583361
0.583361
0.583361
0.583361
0.58336
0.58336
0.58336
0.583361
0.583361
0.583361
0.583361
0.583361
0.614896
0.614896
0.614896
0.614896
0.614896
0.614896
0.614896
0.614896
0.614896
0.614896
0.614895
0.614895
0.614895
0.614895
0.614895
0.614896
0.614896
0.614896
0.614896
0.614896
0.646432
0.646431
0.646431
0.646431
0.646431
0.646431
0.646431
0.646431
0.646431
0.646431
0.646431
0.646431
0.646431
0.646431
0.646431
0.646431
0.646431
0.646431
0.646431
0.646432
0.677968
0.677967
0.677966
0.677966
0.677966
0.677966
0.677966
0.677966
0.677966
0.677966
0.677966
0.677966
0.677966
0.677966
0.677966
0.677967
0.677967
0.677967
0.677967
0.677968
0.709503
0.709502
0.709502
0.709502
0.709502
0.709502
0.709502
0.709502
0.709502
0.709502
0.709502
0.709502
0.709502
0.709502
0.709502
0.709503
0.709503
0.709503
0.709503
0.709504
0.741039
0.741038
0.741038
0.741038
0.741038
0.741038
0.741038
0.741038
0.741038
0.741038
0.741038
0.741039
0.741039
0.741039
0.741039
0.741039
0.741039
0.741039
0.74104
0.741041
0.772575
0.772575
0.772575
0.772575
0.772575
0.772575
0.772575
0.772575
0.772575
0.772575
0.772575
0.772575
0.772576
0.772576
0.772576
0.772576
0.772576
0.772576
0.772577
0.772577
0.804112
0.804112
0.804112
0.804112
0.804112
0.804112
0.804112
0.804112
0.804112
0.804113
0.804113
0.804113
0.804113
0.804113
0.804113
0.804113
0.804113
0.804114
0.804114
0.804115
0.835649
0.83565
0.83565
0.83565
0.83565
0.83565
0.83565
0.83565
0.83565
0.83565
0.83565
0.83565
0.835651
0.835651
0.835651
0.835651
0.835651
0.835651
0.835652
0.835652
0.867187
0.867188
0.867188
0.867188
0.867188
0.867188
0.867188
0.867188
0.867188
0.867188
0.867188
0.867189
0.867189
0.867189
0.867189
0.867189
0.867189
0.867189
0.86719
0.86719
0.898725
0.898726
0.898726
0.898726
0.898726
0.898726
0.898726
0.898726
0.898727
0.898727
0.898727
0.898727
0.898727
0.898727
0.898727
0.898727
0.898728
0.898728
0.898728
0.898728
0.930264
0.930265
0.930265
0.930265
0.930265
0.930265
0.930265
0.930265
0.930265
0.930265
0.930265
0.930265
0.930266
0.930266
0.930266
0.930266
0.930266
0.930266
0.930266
0.930267
0.961803
0.961803
0.961803
0.961803
0.961803
0.961803
0.961804
0.961804
0.961804
0.961804
0.961804
0.961804
0.961804
0.961805
0.961805
0.961805
0.961805
0.961805
0.961805
0.961806
0.993342
0.993342
0.993342
0.993342
0.993342
0.993342
0.993342
0.993342
0.993343
0.993343
0.993343
0.993343
0.993343
0.993343
0.993343
0.993344
0.993344
0.993344
0.993344
0.993345
1.02488
1.02488
1.02488
1.02488
1.02488
1.02488
1.02488
1.02488
1.02488
1.02488
1.02488
1.02488
1.02488
1.02488
1.02488
1.02488
1.02488
1.02488
1.02488
1.02488
1.05642
1.05642
1.05642
1.05642
1.05642
1.05642
1.05642
1.05642
1.05642
1.05642
1.05642
1.05642
1.05642
1.05642
1.05642
1.05642
1.05642
1.05642
1.05642
1.05642
1.08796
1.08796
1.08796
1.08796
1.08796
1.08796
1.08796
1.08796
1.08796
1.08796
1.08796
1.08796
1.08796
1.08796
1.08796
1.08796
1.08796
1.08796
1.08796
1.08796
1.1195
1.1195
1.1195
1.1195
1.1195
1.1195
1.1195
1.1195
1.1195
1.1195
1.1195
1.1195
1.1195
1.1195
1.1195
1.1195
1.1195
1.1195
1.1195
1.1195
1.15104
1.15104
1.15104
1.15104
1.15104
1.15104
1.15104
1.15104
1.15104
1.15104
1.15104
1.15104
1.15104
1.15104
1.15104
1.15104
1.15104
1.15104
1.15104
1.15104
1.18258
1.18258
1.18258
1.18258
1.18258
1.18258
1.18258
1.18258
1.18258
1.18258
1.18258
1.18258
1.18258
1.18258
1.18258
1.18258
1.18258
1.18258
1.18258
1.18258
1.21412
1.21412
1.21412
1.21412
1.21412
1.21412
1.21412
1.21412
1.21412
1.21412
1.21412
1.21412
1.21412
1.21412
1.21412
1.21412
1.21412
1.21412
1.21412
1.21412
1.24566
1.24566
1.24566
1.24566
1.24566
1.24566
1.24566
1.24566
1.24566
1.24566
1.24566
1.24566
1.24566
1.24566
1.24566
1.24566
1.24566
1.24566
1.24566
1.24566
1.2772
1.2772
1.27719
1.27719
1.2772
1.2772
1.2772
1.2772
1.2772
1.2772
1.2772
1.2772
1.2772
1.2772
1.2772
1.2772
1.2772
1.2772
1.2772
1.2772
1.30873
1.30873
1.30873
1.30873
1.30873
1.30873
1.30873
1.30873
1.30873
1.30873
1.30873
1.30873
1.30873
1.30873
1.30873
1.30873
1.30873
1.30873
1.30873
1.30873
1.34027
1.34027
1.34027
1.34027
1.34027
1.34027
1.34027
1.34027
1.34027
1.34027
1.34027
1.34027
1.34027
1.34027
1.34027
1.34027
1.34027
1.34027
1.34027
1.34027
1.37181
1.37181
1.37181
1.37181
1.37181
1.37181
1.37181
1.37181
1.37181
1.37181
1.37181
1.37181
1.37181
1.37181
1.37181
1.37181
1.37181
1.37181
1.37181
1.37181
1.40335
1.40335
1.40335
1.40335
1.40335
1.40335
1.40335
1.40335
1.40335
1.40335
1.40335
1.40335
1.40335
1.40335
1.40335
1.40335
1.40335
1.40335
1.40335
1.40335
1.43489
1.43489
1.43489
1.43489
1.43489
1.43489
1.43489
1.43489
1.43489
1.43489
1.43489
1.43489
1.43489
1.43489
1.43489
1.43489
1.43489
1.43489
1.43489
1.43489
1.46643
1.46643
1.46643
1.46643
1.46643
1.46643
1.46643
1.46643
1.46643
1.46643
1.46643
1.46643
1.46643
1.46643
1.46643
1.46643
1.46643
1.46643
1.46643
1.46643
1.49797
1.49797
1.49797
1.49797
1.49797
1.49797
1.49797
1.49796
1.49796
1.49796
1.49796
1.49796
1.49796
1.49797
1.49797
1.49797
1.49797
1.49797
1.49797
1.49797
1.5295
1.5295
1.5295
1.5295
1.5295
1.5295
1.5295
1.5295
1.5295
1.5295
1.5295
1.5295
1.5295
1.5295
1.5295
1.5295
1.5295
1.5295
1.5295
1.5295
1.56104
1.56104
1.56104
1.56104
1.56104
1.56104
1.56104
1.56104
1.56104
1.56104
1.56104
1.56104
1.56104
1.56104
1.56104
1.56104
1.56104
1.56104
1.56104
1.56104
1.59258
1.59258
1.59258
1.59258
1.59258
1.59258
1.59258
1.59258
1.59258
1.59258
1.59258
1.59258
1.59258
1.59258
1.59258
1.59258
1.59258
1.59258
1.59258
1.59258
1.62412
1.62412
1.62412
1.62412
1.62412
1.62412
1.62412
1.62412
1.62412
1.62412
1.62412
1.62412
1.62412
1.62412
1.62412
1.62412
1.62412
1.62412
1.62412
1.62412
1.65565
1.65565
1.65565
1.65565
1.65565
1.65565
1.65565
1.65565
1.65565
1.65565
1.65565
1.65565
1.65565
1.65565
1.65565
1.65565
1.65565
1.65565
1.65565
1.65565
1.68719
1.68719
1.68719
1.68719
1.68719
1.68719
1.68719
1.68719
1.68719
1.68719
1.68719
1.68719
1.68719
1.68719
1.68719
1.68719
1.68719
1.68719
1.68719
1.68719
1.71873
1.71873
1.71873
1.71873
1.71873
1.71873
1.71873
1.71873
1.71873
1.71873
1.71873
1.71873
1.71873
1.71873
1.71873
1.71873
1.71873
1.71873
1.71873
1.71873
1.75026
1.75026
1.75026
1.75026
1.75026
1.75027
1.75027
1.75027
1.75027
1.75027
1.75027
1.75026
1.75026
1.75026
1.75026
1.75026
1.75026
1.75026
1.75026
1.75026
1.7818
1.7818
1.7818
1.7818
1.7818
1.7818
1.7818
1.7818
1.7818
1.7818
1.7818
1.7818
1.7818
1.7818
1.7818
1.7818
1.7818
1.7818
1.7818
1.7818
1.81334
1.81334
1.81334
1.81334
1.81334
1.81334
1.81334
1.81334
1.81334
1.81334
1.81334
1.81334
1.81334
1.81334
1.81334
1.81334
1.81334
1.81334
1.81334
1.81334
1.84488
1.84488
1.84488
1.84488
1.84488
1.84488
1.84488
1.84488
1.84488
1.84488
1.84488
1.84488
1.84488
1.84487
1.84487
1.84487
1.84487
1.84487
1.84487
1.84488
1.87641
1.87641
1.87641
1.87641
1.87641
1.87641
1.87641
1.87641
1.87641
1.87641
1.87641
1.87641
1.87641
1.87641
1.87641
1.87641
1.87641
1.87641
1.87641
1.87641
1.90795
1.90795
1.90795
1.90795
1.90795
1.90795
1.90795
1.90795
1.90795
1.90795
1.90795
1.90795
1.90795
1.90795
1.90795
1.90795
1.90795
1.90795
1.90795
1.90795
1.93949
1.93949
1.93949
1.93949
1.93949
1.93948
1.93948
1.93948
1.93948
1.93948
1.93948
1.93948
1.93948
1.93948
1.93948
1.93948
1.93948
1.93948
1.93948
1.93949
1.97102
1.97102
1.97102
1.97102
1.97102
1.97102
1.97102
1.97102
1.97102
1.97102
1.97102
1.97102
1.97102
1.97102
1.97102
1.97102
1.97102
1.97102
1.97102
1.97102
2.00256
2.00256
2.00256
2.00256
2.00256
2.00256
2.00256
2.00256
2.00256
2.00256
2.00256
2.00256
2.00256
2.00256
2.00256
2.00256
2.00256
2.00256
2.00256
2.00256
2.0341
2.03409
2.03409
2.03409
2.03409
2.03409
2.03409
2.03409
2.03409
2.03409
2.03409
2.03409
2.03409
2.03409
2.03409
2.03409
2.03409
2.03409
2.03409
2.03409
2.06563
2.06563
2.06563
2.06563
2.06563
2.06563
2.06563
2.06563
2.06563
2.06563
2.06563
2.06563
2.06563
2.06563
2.06563
2.06563
2.06563
2.06563
2.06563
2.06563
2.09717
2.09717
2.09717
2.09717
2.09717
2.09717
2.09717
2.09717
2.09717
2.09717
2.09717
2.09717
2.09717
2.09717
2.09717
2.09717
2.09717
2.09717
2.09717
2.09717
2.1287
2.1287
2.1287
2.1287
2.1287
2.1287
2.1287
2.1287
2.1287
2.1287
2.1287
2.1287
2.1287
2.1287
2.1287
2.1287
2.1287
2.1287
2.1287
2.1287
2.16024
2.16024
2.16024
2.16024
2.16024
2.16024
2.16024
2.16024
2.16024
2.16024
2.16024
2.16024
2.16024
2.16024
2.16024
2.16024
2.16024
2.16024
2.16024
2.16024
2.19178
2.19177
2.19177
2.19177
2.19178
2.19178
2.19178
2.19178
2.19178
2.19178
2.19178
2.19178
2.19178
2.19178
2.19178
2.19178
2.19178
2.19178
2.19177
2.19178
2.22331
2.22331
2.22331
2.22331
2.22331
2.22331
2.22331
2.22331
2.22331
2.22331
2.22331
2.22331
2.22331
2.22331
2.22331
2.22331
2.22331
2.22331
2.22331
2.22331
2.25485
2.25485
2.25485
2.25485
2.25485
2.25485
2.25485
2.25485
2.25485
2.25485
2.25485
2.25485
2.25485
2.25485
2.25485
2.25485
2.25485
2.25485
2.25485
2.25485
2.28638
2.28638
2.28638
2.28638
2.28638
2.28638
2.28638
2.28638
2.28638
2.28638
2.28638
2.28638
2.28638
2.28638
2.28638
2.28638
2.28638
2.28638
2.28638
2.28638
2.31792
2.31792
2.31792
2.31792
2.31792
2.31792
2.31792
2.31792
2.31792
2.31792
2.31792
2.31792
2.31792
2.31792
2.31792
2.31792
2.31792
2.31792
2.31792
2.31792
2.34946
2.34946
2.34946
2.34946
2.34946
2.34946
2.34946
2.34946
2.34946
2.34946
2.34946
2.34946
2.34946
2.34946
2.34946
2.34946
2.34946
2.34946
2.34946
2.34946
2.38099
2.38099
2.38099
2.38099
2.38099
2.38099
2.38099
2.38099
2.38099
2.38099
2.38099
2.38099
2.38099
2.38099
2.38099
2.38099
2.38099
2.38099
2.38099
2.38099
2.41253
2.41253
2.41253
2.41253
2.41253
2.41253
2.41253
2.41253
2.41253
2.41253
2.41253
2.41253
2.41253
2.41253
2.41253
2.41253
2.41253
2.41253
2.41253
2.41253
2.44406
2.44406
2.44406
2.44406
2.44406
2.44406
2.44406
2.44406
2.44406
2.44407
2.44407
2.44407
2.44407
2.44407
2.44407
2.44407
2.44407
2.44407
2.44407
2.44407
2.4756
2.4756
2.4756
2.4756
2.4756
2.4756
2.4756
2.4756
2.4756
2.4756
2.4756
2.4756
2.4756
2.4756
2.4756
2.4756
2.4756
2.4756
2.4756
2.4756
2.50714
2.50714
2.50714
2.50714
2.50714
2.50714
2.50714
2.50714
2.50714
2.50714
2.50714
2.50714
2.50714
2.50714
2.50714
2.50714
2.50714
2.50714
2.50714
2.50714
2.53867
2.53867
2.53867
2.53867
2.53867
2.53867
2.53867
2.53867
2.53867
2.53867
2.53867
2.53867
2.53867
2.53867
2.53867
2.53867
2.53867
2.53867
2.53867
2.53867
2.57021
2.57021
2.57021
2.57021
2.57021
2.57021
2.57021
2.57021
2.57021
2.57021
2.57021
2.57021
2.57021
2.57021
2.57021
2.57021
2.57021
2.57021
2.57021
2.57021
2.60175
2.60175
2.60175
2.60175
2.60175
2.60175
2.60175
2.60175
2.60175
2.60175
2.60175
2.60175
2.60175
2.60175
2.60175
2.60175
2.60175
2.60175
2.60175
2.60175
2.63328
2.63328
2.63328
2.63328
2.63328
2.63328
2.63328
2.63328
2.63328
2.63328
2.63328
2.63328
2.63328
2.63328
2.63328
2.63328
2.63328
2.63328
2.63328
2.63328
2.66482
2.66482
2.66482
2.66482
2.66482
2.66482
2.66482
2.66482
2.66482
2.66482
2.66482
2.66482
2.66482
2.66482
2.66482
2.66482
2.66482
2.66482
2.66482
2.66482
2.69635
2.69635
2.69635
2.69635
2.69635
2.69635
2.69635
2.69635
2.69635
2.69635
2.69635
2.69635
2.69635
2.69635
2.69635
2.69635
2.69635
2.69635
2.69635
2.69635
2.72789
2.72789
2.72789
2.72789
2.72789
2.72789
2.72789
2.72789
2.72789
2.72789
2.72789
2.72789
2.72789
2.72789
2.72789
2.72789
2.72789
2.72789
2.72789
2.72789
2.75943
2.75943
2.75943
2.75943
2.75943
2.75943
2.75943
2.75943
2.75943
2.75943
2.75943
2.75943
2.75943
2.75943
2.75943
2.75943
2.75943
2.75943
2.75943
2.75943
2.79096
2.79096
2.79096
2.79096
2.79096
2.79096
2.79096
2.79096
2.79096
2.79096
2.79096
2.79096
2.79096
2.79096
2.79096
2.79096
2.79096
2.79096
2.79096
2.79096
2.8225
2.8225
2.8225
2.8225
2.8225
2.8225
2.8225
2.8225
2.8225
2.8225
2.8225
2.8225
2.8225
2.8225
2.8225
2.8225
2.8225
2.8225
2.8225
2.8225
2.85403
2.85404
2.85404
2.85404
2.85404
2.85404
2.85404
2.85404
2.85404
2.85404
2.85404
2.85404
2.85404
2.85404
2.85404
2.85404
2.85404
2.85404
2.85404
2.85403
2.88557
2.88557
2.88557
2.88557
2.88557
2.88557
2.88557
2.88557
2.88557
2.88557
2.88557
2.88557
2.88557
2.88557
2.88557
2.88557
2.88557
2.88557
2.88557
2.88557
2.91711
2.91711
2.91711
2.91711
2.91711
2.91711
2.91711
2.91711
2.91711
2.91711
2.91711
2.91711
2.91711
2.91711
2.91711
2.91711
2.91711
2.91711
2.91711
2.91711
2.94864
2.94864
2.94864
2.94864
2.94864
2.94864
2.94864
2.94864
2.94864
2.94864
2.94864
2.94864
2.94864
2.94864
2.94864
2.94864
2.94864
2.94864
2.94864
2.94864
2.98018
2.98018
2.98018
2.98018
2.98018
2.98018
2.98018
2.98018
2.98018
2.98018
2.98018
2.98018
2.98018
2.98018
2.98018
2.98018
2.98018
2.98018
2.98018
2.98018
3.01172
3.01172
3.01172
3.01172
3.01172
3.01172
3.01172
3.01172
3.01172
3.01172
3.01172
3.01172
3.01172
3.01172
3.01172
3.01172
3.01172
3.01172
3.01172
3.01172
3.04325
3.04325
3.04325
3.04325
3.04325
3.04325
3.04325
3.04325
3.04325
3.04325
3.04325
3.04325
3.04325
3.04325
3.04325
3.04325
3.04325
3.04325
3.04325
3.04325
3.07479
3.07479
3.07479
3.07479
3.07479
3.07479
3.07479
3.07479
3.07479
3.07479
3.07479
3.07479
3.07479
3.07479
3.07479
3.07479
3.07479
3.07479
3.07479
3.07479
3.10632
3.10632
3.10632
3.10632
3.10632
3.10632
3.10632
3.10632
3.10632
3.10632
3.10632
3.10632
3.10632
3.10632
3.10632
3.10633
3.10633
3.10633
3.10633
3.10633
3.13786
3.13786
3.13786
3.13786
3.13786
3.13786
3.13786
3.13786
3.13786
3.13786
3.13786
3.13786
3.13786
3.13786
3.13786
3.13786
3.13786
3.13786
3.13786
3.13786
3.1694
3.1694
3.1694
3.1694
3.1694
3.1694
3.1694
3.1694
3.1694
3.1694
3.1694
3.1694
3.1694
3.1694
3.1694
3.1694
3.1694
3.1694
3.1694
3.1694
3.20093
3.20093
3.20093
3.20093
3.20093
3.20093
3.20093
3.20093
3.20093
3.20093
3.20093
3.20093
3.20093
3.20093
3.20093
3.20093
3.20094
3.20093
3.20093
3.20093
3.23247
3.23247
3.23247
3.23247
3.23247
3.23247
3.23247
3.23247
3.23247
3.23247
3.23247
3.23247
3.23247
3.23247
3.23247
3.23247
3.23247
3.23247
3.23247
3.23247
3.26401
3.26401
3.26401
3.26401
3.26401
3.26401
3.26401
3.26401
3.26401
3.26401
3.26401
3.26401
3.26401
3.26401
3.26401
3.26401
3.26401
3.26401
3.26401
3.26401
3.29554
3.29554
3.29554
3.29554
3.29554
3.29554
3.29554
3.29554
3.29554
3.29554
3.29554
3.29554
3.29554
3.29554
3.29554
3.29554
3.29554
3.29554
3.29554
3.29554
3.32708
3.32708
3.32708
3.32708
3.32708
3.32708
3.32708
3.32708
3.32708
3.32708
3.32708
3.32708
3.32708
3.32708
3.32708
3.32708
3.32708
3.32708
3.32708
3.32708
3.35861
3.35861
3.35861
3.35861
3.35861
3.35861
3.35861
3.35861
3.35861
3.35861
3.35861
3.35861
3.35861
3.35861
3.35861
3.35862
3.35862
3.35862
3.35862
3.35862
3.39015
3.39015
3.39015
3.39015
3.39015
3.39015
3.39015
3.39015
3.39015
3.39015
3.39015
3.39015
3.39015
3.39015
3.39015
3.39015
3.39015
3.39015
3.39015
3.39015
3.42169
3.42169
3.42169
3.42169
3.42169
3.42169
3.42169
3.42169
3.42169
3.42169
3.42169
3.42169
3.42169
3.42169
3.42169
3.42169
3.42169
3.42169
3.42169
3.42169
3.45322
3.45322
3.45322
3.45322
3.45322
3.45322
3.45322
3.45322
3.45322
3.45322
3.45322
3.45322
3.45322
3.45322
3.45322
3.45322
3.45322
3.45322
3.45322
3.45322
3.48476
3.48476
3.48476
3.48476
3.48476
3.48476
3.48476
3.48476
3.48476
3.48476
3.48476
3.48476
3.48476
3.48476
3.48476
3.48476
3.48476
3.48476
3.48476
3.48476
3.5163
3.5163
3.5163
3.5163
3.5163
3.5163
3.5163
3.5163
3.5163
3.5163
3.5163
3.5163
3.5163
3.5163
3.5163
3.5163
3.5163
3.5163
3.5163
3.5163
3.54783
3.54783
3.54783
3.54783
3.54783
3.54783
3.54783
3.54783
3.54783
3.54783
3.54783
3.54783
3.54783
3.54783
3.54783
3.54783
3.54783
3.54783
3.54783
3.54783
3.57937
3.57937
3.57937
3.57937
3.57937
3.57937
3.57937
3.57937
3.57937
3.57937
3.57937
3.57937
3.57937
3.57937
3.57937
3.57937
3.57937
3.57937
3.57937
3.57937
3.6109
3.6109
3.6109
3.6109
3.6109
3.6109
3.6109
3.6109
3.6109
3.6109
3.6109
3.6109
3.6109
3.6109
3.6109
3.6109
3.6109
3.6109
3.6109
3.6109
3.64244
3.64244
3.64244
3.64244
3.64244
3.64244
3.64244
3.64244
3.64244
3.64244
3.64244
3.64244
3.64244
3.64244
3.64244
3.64244
3.64244
3.64244
3.64244
3.64244
3.67398
3.67398
3.67398
3.67398
3.67398
3.67398
3.67398
3.67398
3.67398
3.67398
3.67398
3.67398
3.67398
3.67398
3.67398
3.67398
3.67398
3.67398
3.67398
3.67398
3.70551
3.70551
3.70551
3.70551
3.70551
3.70551
3.70551
3.70551
3.70551
3.70551
3.70551
3.70551
3.70551
3.70551
3.70551
3.70551
3.70551
3.70551
3.70551
3.70551
3.73705
3.73705
3.73705
3.73705
3.73705
3.73705
3.73705
3.73705
3.73705
3.73705
3.73705
3.73705
3.73705
3.73705
3.73705
3.73705
3.73705
3.73705
3.73705
3.73705
3.76859
3.76859
3.76859
3.76859
3.76859
3.76859
3.76859
3.76859
3.76859
3.76859
3.76859
3.76859
3.76859
3.76859
3.76859
3.76859
3.76858
3.76858
3.76858
3.76858
3.80012
3.80012
3.80012
3.80012
3.80012
3.80012
3.80012
3.80012
3.80012
3.80012
3.80012
3.80012
3.80012
3.80012
3.80012
3.80012
3.80012
3.80012
3.80012
3.80012
3.83166
3.83166
3.83166
3.83166
3.83166
3.83166
3.83166
3.83166
3.83166
3.83166
3.83166
3.83166
3.83166
3.83166
3.83166
3.83166
3.83166
3.83166
3.83166
3.83166
3.8632
3.8632
3.8632
3.8632
3.8632
3.8632
3.8632
3.8632
3.86319
3.86319
3.86319
3.86319
3.86319
3.86319
3.86319
3.86319
3.86319
3.86319
3.86319
3.86319
3.89473
3.89473
3.89473
3.89473
3.89473
3.89473
3.89473
3.89473
3.89473
3.89473
3.89473
3.89473
3.89473
3.89473
3.89473
3.89473
3.89473
3.89473
3.89473
3.89473
3.92627
3.92627
3.92627
3.92627
3.92627
3.92627
3.92627
3.92627
3.92627
3.92627
3.92627
3.92627
3.92627
3.92627
3.92627
3.92627
3.92627
3.92627
3.92627
3.92627
3.95781
3.95781
3.95781
3.95781
3.95781
3.95781
3.9578
3.9578
3.9578
3.9578
3.9578
3.9578
3.9578
3.9578
3.9578
3.9578
3.9578
3.9578
3.9578
3.9578
3.98934
3.98934
3.98934
3.98934
3.98934
3.98934
3.98934
3.98934
3.98934
3.98934
3.98934
3.98934
3.98934
3.98934
3.98934
3.98934
3.98934
3.98934
3.98934
3.98934
4.02088
4.02088
4.02088
4.02088
4.02088
4.02088
4.02088
4.02088
4.02088
4.02088
4.02088
4.02088
4.02087
4.02087
4.02087
4.02087
4.02087
4.02087
4.02087
4.02087
4.05242
4.05242
4.05242
4.05242
4.05242
4.05242
4.05242
4.05241
4.05241
4.05241
4.05241
4.05241
4.05241
4.05241
4.05241
4.05241
4.05241
4.05241
4.05241
4.05241
4.08395
4.08395
4.08395
4.08395
4.08395
4.08395
4.08395
4.08395
4.08395
4.08395
4.08395
4.08395
4.08395
4.08395
4.08395
4.08394
4.08394
4.08394
4.08394
4.08394
4.11549
4.11549
4.11549
4.11549
4.11549
4.11549
4.11549
4.11549
4.11549
4.11549
4.11548
4.11548
4.11548
4.11548
4.11548
4.11548
4.11548
4.11548
4.11548
4.11548
4.14703
4.14703
4.14703
4.14703
4.14703
4.14703
4.14703
4.14702
4.14702
4.14702
4.14702
4.14702
4.14702
4.14702
4.14702
4.14702
4.14702
4.14702
4.14701
4.14701
4.17857
4.17857
4.17857
4.17857
4.17856
4.17856
4.17856
4.17856
4.17856
4.17856
4.17856
4.17856
4.17856
4.17855
4.17855
4.17855
4.17855
4.17855
4.17855
4.17855
4.21011
4.2101
4.2101
4.2101
4.2101
4.2101
4.2101
4.2101
4.2101
4.2101
4.21009
4.21009
4.21009
4.21009
4.21009
4.21009
4.21009
4.21009
4.21008
4.21008
4.24164
4.24164
4.24164
4.24164
4.24164
4.24164
4.24164
4.24164
4.24163
4.24163
4.24163
4.24163
4.24163
4.24163
4.24162
4.24162
4.24162
4.24162
4.24162
4.24162
4.27318
4.27318
4.27318
4.27318
4.27318
4.27318
4.27317
4.27317
4.27317
4.27317
4.27317
4.27316
4.27316
4.27316
4.27316
4.27316
4.27316
4.27316
4.27315
4.27315
4.30472
4.30472
4.30472
4.30472
4.30472
4.30471
4.30471
4.30471
4.30471
4.30471
4.3047
4.3047
4.3047
4.3047
4.30469
4.30469
4.30469
4.30469
4.30469
4.30469
4.33626
4.33626
4.33626
4.33626
4.33625
4.33625
4.33625
4.33625
4.33624
4.33624
4.33624
4.33624
4.33623
4.33623
4.33623
4.33623
4.33623
4.33622
4.33622
4.33622
4.3678
4.3678
4.3678
4.3678
4.36779
4.36779
4.36779
4.36779
4.36778
4.36778
4.36778
4.36777
4.36777
4.36777
4.36776
4.36776
4.36776
4.36776
4.36776
4.36776
4.39934
4.39934
4.39934
4.39934
4.39933
4.39933
4.39933
4.39932
4.39932
4.39932
4.39931
4.39931
4.39931
4.3993
4.3993
4.3993
4.39929
4.39929
4.39929
4.39929
4.43088
4.43088
4.43088
4.43088
4.43087
4.43087
4.43087
4.43086
4.43086
4.43085
4.43085
4.43084
4.43084
4.43084
4.43083
4.43083
4.43083
4.43082
4.43082
4.43082
4.46243
4.46242
4.46242
4.46242
4.46241
4.46241
4.4624
4.4624
4.46239
4.46239
4.46238
4.46238
4.46238
4.46237
4.46237
4.46236
4.46236
4.46236
4.46235
4.46235
4.49397
4.49397
4.49396
4.49396
4.49395
4.49395
4.49394
4.49394
4.49393
4.49393
4.49392
4.49392
4.49391
4.4939
4.4939
4.49389
4.49389
4.49389
4.49388
4.49388
4.52551
4.52551
4.52551
4.5255
4.5255
4.52549
4.52548
4.52548
4.52547
4.52546
4.52546
4.52545
4.52544
4.52544
4.52543
4.52543
4.52542
4.52542
4.52541
4.52541
4.55706
4.55706
4.55705
4.55705
4.55704
4.55703
4.55702
4.55702
4.55701
4.557
4.55699
4.55699
4.55698
4.55697
4.55696
4.55696
4.55695
4.55695
4.55694
4.55694
4.58861
4.5886
4.5886
4.58859
4.58858
4.58857
4.58856
4.58856
4.58855
4.58854
4.58853
4.58852
4.58851
4.5885
4.58849
4.58849
4.58848
4.58847
4.58847
4.58847
4.62016
4.62015
4.62014
4.62014
4.62013
4.62012
4.62011
4.62009
4.62008
4.62007
4.62006
4.62005
4.62004
4.62003
4.62002
4.62002
4.62001
4.62
4.62
4.61999
4.65171
4.6517
4.65169
4.65168
4.65167
4.65166
4.65165
4.65163
4.65162
4.65161
4.6516
4.65159
4.65158
4.65156
4.65155
4.65154
4.65153
4.65153
4.65152
4.65152
4.68326
4.68326
4.68325
4.68323
4.68322
4.68321
4.68319
4.68318
4.68316
4.68315
4.68313
4.68312
4.68311
4.68309
4.68308
4.68307
4.68306
4.68305
4.68304
4.68304
4.71482
4.71481
4.7148
4.71479
4.71477
4.71475
4.71473
4.71472
4.7147
4.71468
4.71467
4.71465
4.71464
4.71462
4.71461
4.7146
4.71458
4.71457
4.71457
4.71456
4.74638
4.74637
4.74636
4.74634
4.74632
4.7463
4.74628
4.74626
4.74624
4.74622
4.7462
4.74618
4.74617
4.74615
4.74613
4.74612
4.74611
4.74609
4.74608
4.74608
4.77795
4.77794
4.77792
4.7779
4.77787
4.77785
4.77782
4.7778
4.77778
4.77775
4.77773
4.77771
4.77769
4.77768
4.77766
4.77764
4.77763
4.77761
4.7776
4.77759
4.80952
4.80951
4.80948
4.80946
4.80943
4.8094
4.80937
4.80934
4.80931
4.80929
4.80926
4.80924
4.80922
4.8092
4.80918
4.80916
4.80914
4.80913
4.80912
4.8091
4.8411
4.84108
4.84105
4.84102
4.84099
4.84095
4.84092
4.84088
4.84085
4.84082
4.84079
4.84077
4.84074
4.84072
4.8407
4.84068
4.84066
4.84064
4.84063
4.84061
4.87269
4.87266
4.87263
4.87259
4.87255
4.87251
4.87247
4.87243
4.87239
4.87235
4.87232
4.87229
4.87227
4.87224
4.87222
4.87219
4.87217
4.87215
4.87214
4.87212
4.90428
4.90425
4.90421
4.90416
4.90412
4.90407
4.90401
4.90397
4.90392
4.90388
4.90385
4.90381
4.90378
4.90376
4.90373
4.90371
4.90368
4.90366
4.90364
4.90362
4.93586
4.93584
4.93579
4.93574
4.93569
4.93563
4.93556
4.93551
4.93545
4.93541
4.93536
4.93533
4.9353
4.93527
4.93524
4.93522
4.93519
4.93516
4.93514
4.9351
4.96741
4.96744
4.96739
4.96733
4.96726
4.96719
4.96711
4.96704
4.96698
4.96693
4.96688
4.96684
4.9668
4.96677
4.96675
4.96672
4.96669
4.96666
4.96665
4.96654
4.99941
4.99907
4.999
4.99893
4.99885
4.99876
4.99866
4.99858
4.9985
4.99844
4.99838
4.99834
4.9983
4.99827
4.99825
4.99823
4.9982
4.99816
4.99815
4.99816
5.03052
5.0307
5.03061
5.03055
5.03044
5.03032
5.03021
5.0301
5.03001
5.02994
5.02988
5.02983
5.02979
5.02976
5.02974
5.02973
5.02971
5.02965
5.02966
5.0293
5.06164
5.06242
5.06224
5.06219
5.06204
5.06189
5.06175
5.06162
5.06152
5.06143
5.06136
5.0613
5.06126
5.06123
5.06122
5.06123
5.06123
5.06117
5.06123
5.06031
5.10801
5.09453
5.09412
5.09392
5.09367
5.09345
5.09327
5.09312
5.093
5.0929
5.09282
5.09275
5.09271
5.09268
5.09268
5.09273
5.09283
5.09298
5.09332
5.108
5.2159
5.12786
5.12662
5.12578
5.1253
5.125
5.12478
5.1246
5.12447
5.12436
5.12426
5.12419
5.12413
5.12409
5.12409
5.12421
5.12453
5.1254
5.12673
5.21526
5.15941
5.15929
5.15718
5.15696
5.15667
5.15642
5.15622
5.15605
5.15591
5.15579
5.15569
5.1556
5.15551
5.15543
5.15536
5.15534
5.15533
5.15563
5.15811
5.1568
5.19338
5.19459
5.18779
5.18794
5.18798
5.18782
5.18764
5.18747
5.18733
5.18721
5.1871
5.18699
5.18688
5.18675
5.18658
5.18637
5.1857
5.18543
5.19471
5.19389
5.22583
5.24807
5.21963
5.21936
5.21952
5.21929
5.21907
5.21888
5.21873
5.21861
5.2185
5.2184
5.21828
5.21813
5.21793
5.2177
5.2168
5.21684
5.2593
5.22833
5.25238
5.28151
5.25269
5.25095
5.25126
5.2508
5.25049
5.25027
5.25012
5.25
5.24991
5.24981
5.2497
5.24957
5.24944
5.24937
5.24888
5.25026
5.2865
5.25631
5.29807
5.28816
5.28849
5.28428
5.2833
5.28236
5.28188
5.28162
5.28147
5.28138
5.28131
5.28122
5.28112
5.28102
5.28097
5.28104
5.28184
5.28607
5.28728
5.33826
5.63902
5.32164
5.3222
5.31672
5.31469
5.31354
5.31305
5.31284
5.31277
5.31273
5.3127
5.31263
5.31252
5.31233
5.31205
5.31117
5.3111
5.3191
5.3215
5.31129
5.34401
5.35289
5.35711
5.34587
5.34454
5.34401
5.34391
5.34393
5.34401
5.34407
5.3441
5.34408
5.344
5.34383
5.34359
5.34256
5.34285
5.37432
5.35025
5.34971
5.3742
5.37661
5.40079
5.37075
5.37198
5.37363
5.37449
5.37497
5.37526
5.37544
5.37555
5.37559
5.37557
5.37552
5.37547
5.37506
5.37711
5.40307
5.38029
5.37897
5.40643
5.41688
5.42437
5.40241
5.40384
5.40497
5.40578
5.40631
5.40667
5.4069
5.40705
5.40712
5.40715
5.40715
5.40702
5.40722
5.40973
5.42918
5.41889
5.40442
5.42936
5.44218
5.43764
5.43892
5.43435
5.43625
5.43722
5.43784
5.43823
5.43846
5.4386
5.43867
5.4387
5.43858
5.43752
5.43822
5.46375
5.44359
5.43982
5.44013
5.45875
5.54044
5.46938
5.46391
5.46841
5.46869
5.4693
5.46971
5.46997
5.47013
5.47022
5.4703
5.47038
5.47039
5.46922
5.47368
5.50958
5.47748
5.46875
5.47162
5.48353
5.57424
5.49324
5.50489
5.49995
5.50139
5.50146
5.50168
5.50182
5.50186
5.50188
5.50196
5.50232
5.50288
5.50526
5.50514
5.53095
5.50283
5.49973
5.50252
5.54892
5.55883
5.56583
5.54277
5.53003
5.5325
5.53315
5.53359
5.5337
5.53359
5.5334
5.53316
5.53262
5.5321
5.53376
5.5552
5.53161
5.53475
5.53162
5.53388
5.58962
5.60082
5.58868
5.604
5.5794
5.56365
5.56502
5.56573
5.56576
5.56543
5.56501
5.56466
5.56469
5.56525
5.56923
5.57594
5.56817
5.56774
5.56229
5.56734
5.62357
5.63587
5.64326
5.61869
5.60585
5.61201
5.59731
5.59831
5.5981
5.59736
5.59648
5.59544
5.59384
5.59108
5.60956
5.60155
5.6
5.596
5.58919
5.59676
5.64135
5.6662
5.64836
5.64342
5.63609
5.64132
5.64024
5.63242
5.63105
5.62956
5.6283
5.62709
5.62505
5.6312
5.62907
5.63007
5.62305
5.74729
5.70781
5.63791
5.67993
5.6786
5.84595
5.85923
5.68232
5.6833
5.67468
5.66922
5.66433
5.66166
5.66017
5.65932
5.65967
5.66046
5.66482
5.6738
5.87193
5.85249
5.70497
5.69429
5.72599
5.7329
5.746
5.89428
5.8909
5.71599
5.71136
5.70252
5.69518
5.692
5.69065
5.69013
5.69037
5.69212
5.68242
5.87038
5.85623
5.76856
5.74816
5.73738
5.77864
5.79559
5.79625
5.82148
5.88082
5.89741
5.749
5.73189
5.72204
5.7196
5.71917
5.71985
5.72128
5.71749
5.88705
5.85269
5.8153
5.7977
5.77948
5.77925
5.8244
5.8286
5.8401
5.85449
5.86347
5.87552
5.87405
5.74317
5.73875
5.7427
5.74518
5.74889
5.75575
5.80225
5.87457
5.81405
5.82822
5.82575
5.8194
5.80893
5.86563
5.87315
5.87903
5.88522
5.89417
5.89094
5.8621
5.93312
5.76187
5.76608
5.76912
5.77409
5.7839
5.85892
5.80976
5.83512
5.84809
5.85409
5.85146
5.84381
5.90461
5.90813
5.90896
5.91026
5.90943
5.89133
5.85702
6.03318
5.81295
5.79362
5.79209
5.79364
5.8137
5.822
5.84276
5.86398
5.8748
5.88442
5.88726
5.88059
5.94626
6.00148
5.97101
5.94385
5.93373
5.91138
5.87766
5.85262
5.84864
5.7998
5.80332
5.80786
5.82957
5.84628
5.87303
5.89605
5.9117
5.93974
5.98351
5.92178
5.97783
6.05785
5.99061
5.98385
5.96282
5.93098
5.88743
5.84428
5.83415
5.80119
5.79921
5.8085
5.83035
5.86312
5.90055
5.93076
5.95366
5.96296
6.03868
5.95661
6.03569
6.08782
6.04853
6.03225
5.99538
5.95007
5.88693
5.82963
5.79074
5.77793
5.7714
5.78432
5.81792
5.86738
5.92513
5.96805
6.00486
6.0228
6.06455
6.01612
6.10366
6.12486
6.09921
6.08769
6.02701
5.96703
5.87009
5.7851
5.72903
5.71012
5.70417
5.72357
5.77422
5.85318
5.9463
6.00412
6.06272
6.07366
6.11159
6.089
6.15964
6.18486
6.19993
6.16007
6.05662
5.98526
5.82602
5.69317
5.60829
5.57404
5.57339
5.60301
5.68162
5.81018
5.96858
6.03922
6.13593
6.19352
6.16491
6.14708
6.18062
6.34768
6.2758
6.27164
6.09303
6.0377
5.75078
5.5405
5.40227
5.33943
5.33992
5.39392
5.52374
5.7327
6.02407
6.08818
6.24922
6.2593
6.35291
6.16987
6.1434
6.41145
6.28385
6.45852
6.11939
6.19358
5.72511
5.3725
5.10976
4.9641
4.96441
5.0928
5.33824
5.70773
6.17213
6.14773
6.42751
6.27534
6.39752
6.14536
5.86898
6.28018
6.36757
6.70283
6.06478
6.28375
5.5881
5.08608
4.81117
4.58727
4.58885
4.77741
5.03618
5.54353
6.27161
6.09827
6.6675
6.36322
6.26703
5.88756
5.19442
6.46664
6.22274
6.2541
3.26431
-1.59716
-9.57949
-13.2834
-8.79412
-1.84598
-1.91649
-8.90476
-13.447
-9.53355
-1.27632
3.50044
6.21717
6.15901
6.43652
5.24599
3.36637
5.57987
3.93024
-4.98449
-12.4479
-12.048
-4.61384
0.176413
0.0636518
-0.130014
-0.128
0.0677842
0.16742
-4.85733
-12.7039
-12.4899
-4.09534
4.28787
5.58228
3.52496
0.257909
3.94486
-10.1855
-7.76354
-4.74039
-0.36697
-0.0707313
-0.0685812
-0.0302844
-0.0347678
-0.034607
-0.0294982
-0.0694661
-0.0710213
-0.364786
-4.97382
-8.37431
-9.58263
4.23697
0.708596
7.57264
-2.10949
-10.2993
-1.37451
-0.0857943
-0.152836
-0.104849
-0.0759941
-0.0557754
-0.0543595
-0.0538207
-0.0549778
-0.0760118
-0.104198
-0.151713
-0.080026
-1.39832
-10.968
-2.04077
7.42911
-7.38831
-1.25286
0.468256
-0.244298
-0.0888216
-0.109668
-0.0921092
-0.0732064
-0.0591304
-0.0569059
-0.0562522
-0.0589566
-0.0730316
-0.0916461
-0.108824
-0.0859019
-0.244355
0.491095
-1.2486
-7.5164
0.799261
-0.0969427
0.12737
-0.192093
-0.0856769
-0.0925719
-0.079377
-0.0664116
-0.056997
-0.0540823
-0.053974
-0.0566867
-0.0661481
-0.0789778
-0.0919782
-0.0839694
-0.193972
0.129772
-0.0978144
0.800237
0.0965097
-0.017354
0.100794
-0.0793859
-0.0643868
-0.0691864
-0.0635215
-0.0564237
-0.0509148
-0.0485388
-0.0484525
-0.0504063
-0.056179
-0.0631275
-0.0684462
-0.0631034
-0.0782567
0.102502
-0.0217913
0.0902908
0.104882
0.0250387
0.0591786
-0.0261476
-0.0421127
-0.0477292
-0.0472976
-0.044698
-0.0420973
-0.0407165
-0.0402004
-0.0412657
-0.0444881
-0.0468907
-0.0470672
-0.0411628
-0.0250728
0.0607169
0.0232588
0.102399
0.0589379
0.0227983
0.0285866
-0.00797012
-0.0237408
-0.0306428
-0.0330663
-0.03323
-0.0325689
-0.0320087
-0.0312178
-0.031758
-0.0330229
-0.0327438
-0.0301591
-0.0231091
-0.00730242
0.0294087
0.0223583
0.0577913
0.0197939
0.0108141
0.0134741
-0.00189992
-0.0125437
-0.0189831
-0.0223326
-0.0237551
-0.0241197
-0.0240124
-0.0235701
-0.0232763
-0.0236349
-0.0221206
-0.0186679
-0.0121509
-0.00150493
0.0138619
0.0107607
0.0193649
0.00311194
0.00306038
0.00578812
-0.000647282
-0.00711349
-0.0120261
-0.0151471
-0.016875
-0.017638
-0.0177663
-0.0177228
-0.0172062
-0.0168031
-0.015011
-0.0118241
-0.00685963
-0.000379206
0.00603601
0.00310936
0.00282271
-0.00243789
-0.00117053
0.000998907
-0.00149911
-0.00509561
-0.00838504
-0.0108273
-0.0123773
-0.0131795
-0.013389
-0.0133613
-0.0130998
-0.0123092
-0.010724
-0.0082374
-0.00490151
-0.0012592
0.00126109
-0.00111852
-0.00316069
-0.00136047
-0.00411133
-0.00245461
-0.00305288
-0.00480897
-0.00680923
-0.00851343
-0.00970328
-0.0103759
-0.0105794
-0.0105673
-0.0103276
-0.00962904
-0.00841201
-0.00665092
-0.00460901
-0.00275499
-0.0020061
-0.00375544
-0.00395215
0.136821
-0.00575935
-0.00504535
-0.0047489
-0.00532938
-0.00637376
-0.00743952
-0.00825676
-0.00874944
-0.00891035
-0.00889209
-0.0086845
-0.00774086
-0.00733741
-0.00622418
-0.0050654
-0.0042829
-0.00426745
-0.00573253
0.04302
0.126651
-0.00926748
-0.00688935
-0.00603666
-0.0059843
-0.0064421
-0.00704151
-0.00753934
-0.00787117
-0.00798236
-0.00797003
-0.00779885
-0.00700911
-0.00692635
-0.00625901
-0.00570748
-0.00553859
-0.00570624
-0.00335604
0.0585017
0.00322405
-0.00755841
-0.00739585
-0.00663464
-0.00642372
-0.0064849
-0.00665685
-0.00714396
-0.00741512
-0.00749011
-0.00748314
-0.00739272
-0.00714653
-0.00663668
-0.00651544
-0.00630408
-0.0064998
-0.0065732
-0.0019425
-0.00113801
-0.00415294
-0.00674355
-0.00665281
-0.00656411
-0.00664015
-0.00662324
-0.00669291
-0.0070451
-0.00719272
-0.00723761
-0.00723302
-0.00717218
-0.00703896
-0.00688073
-0.00675527
-0.00653696
-0.00575219
-0.00634212
-0.00715549
-0.00439593
-0.0066994
-0.00720984
-0.00724076
-0.00702349
-0.00692432
-0.00687827
-0.00693941
-0.00702713
-0.00708896
-0.00711498
-0.00711087
-0.00707801
-0.00701142
-0.00694135
-0.00691934
-0.00691099
-0.0070531
-0.00723698
-0.00721746
-0.00672326
-0.00734705
-0.00738206
-0.00724414
-0.00710481
-0.00700875
-0.00696321
-0.00697398
-0.00700994
-0.00704217
-0.00704376
-0.00705354
-0.00703718
-0.00700736
-0.00698244
-0.00698706
-0.00703806
-0.00711741
-0.00724659
-0.0073638
-0.00731585
-0.00750676
-0.00741864
-0.00726555
-0.00714396
-0.0070604
-0.00701328
-0.0070015
-0.00700962
-0.00702147
-0.0070082
-0.00702568
-0.0070191
-0.00700914
-0.00700641
-0.00702334
-0.00706985
-0.00714323
-0.00725186
-0.00738045
-0.00745113
-0.00749323
-0.00738481
-0.00725581
-0.00715587
-0.00708409
-0.00703804
-0.00701609
-0.00700952
-0.00700889
-0.00699459
-0.00700958
-0.00700858
-0.00700862
-0.00701631
-0.00703876
-0.0070809
-0.00714302
-0.0072286
-0.00733656
-0.00742603
-0.00741283
-0.00732236
-0.00722378
-0.0071452
-0.0070855
-0.00704367
-0.00701848
-0.00700496
-0.00699954
-0.00697633
-0.00699702
-0.00699751
-0.00700176
-0.0070142
-0.00703694
-0.00707325
-0.00712342
-0.00718864
-0.00726906
-0.00734091
-0.00731467
-0.00724987
-0.00717892
-0.00711913
-0.00707108
-0.00703505
-0.0070106
-0.00699569
-0.00697143
-0.00696713
-0.0069807
-0.00698289
-0.00698884
-0.00700217
-0.00702281
-0.00705269
-0.00709173
-0.0071396
-0.00719511
-0.0072443
-0.00722043
-0.00717684
-0.00712765
-0.00708341
-0.00704587
-0.00701612
-0.00699428
-0.00697301
-0.00694889
-0.00696218
-0.00696146
-0.0069643
-0.00697092
-0.00698277
-0.00700006
-0.00702359
-0.00705286
-0.00708665
-0.00712275
-0.00715308
-0.00713555
-0.00710756
-0.00707433
-0.00704229
-0.00701362
-0.00698976
-0.00697132
-0.00695581
-0.00692504
-0.00694228
-0.00693994
-0.00694226
-0.00694814
-0.00695773
-0.00697144
-0.00698928
-0.00701045
-0.0070334
-0.00705558
-0.00707257
-0.00706078
-0.00704339
-0.00702138
-0.00699855
-0.00697704
-0.0069583
-0.00694328
-0.00693245
-0.00690914
-0.00691777
-0.00691547
-0.0069168
-0.00692122
-0.00692867
-0.00693906
-0.00695209
-0.00696686
-0.00698182
-0.00699463
-0.00700282
-0.00699487
-0.00698434
-0.00697
-0.00695395
-0.00693801
-0.00692352
-0.00691136
-0.00690171
-0.00689417
-0.00688967
-0.0068876
-0.00688822
-0.00689135
-0.00689681
-0.00690431
-0.00691351
-0.0069234
-0.00693269
-0.00693937
-0.00694234
-0.0069361
-0.00692992
-0.00692066
-0.00690945
-0.00689774
-0.0068867
-0.00687703
-0.00686906
-0.00686281
-0.0068589
-0.006857
-0.00685713
-0.00685918
-0.00686297
-0.00686818
-0.00687434
-0.00688067
-0.00688608
-0.00688899
-0.00688907
-0.00688273
-0.00687933
-0.00687337
-0.00686555
-0.00685703
-0.00684868
-0.00684112
-0.00683471
-0.00682966
-0.00682623
-0.0068244
-0.00682414
-0.00682533
-0.00682777
-0.00683118
-0.00683512
-0.00683894
-0.0068418
-0.0068425
-0.00684111
-0.00683349
-0.00683167
-0.00682789
-0.00682245
-0.00681628
-0.00681
-0.00680413
-0.00679903
-0.00679493
-0.006792
-0.00679026
-0.00678971
-0.00679024
-0.00679168
-0.00679375
-0.00679609
-0.0067982
-0.00679944
-0.00679893
-0.00679692
-0.00678726
-0.00678634
-0.00678398
-0.00678011
-0.00677567
-0.00677096
-0.00676644
-0.00676242
-0.00675909
-0.00675659
-0.00675496
-0.00675422
-0.0067543
-0.00675501
-0.0067561
-0.00675733
-0.00675832
-0.00675858
-0.00675747
-0.00675533
-0.00674319
-0.00674276
-0.00674123
-0.00673858
-0.00673532
-0.00673179
-0.00672833
-0.00672515
-0.00672244
-0.00672031
-0.00671884
-0.006718
-0.00671774
-0.00671793
-0.00671836
-0.00671885
-0.00671913
-0.00671882
-0.00671748
-0.00671548
-0.00670066
-0.00670051
-0.00669951
-0.00669765
-0.00669527
-0.00669262
-0.00668995
-0.00668744
-0.00668523
-0.00668343
-0.00668211
-0.00668123
-0.00668075
-0.00668058
-0.00668058
-0.00668061
-0.00668045
-0.00667984
-0.00667851
-0.00667679
-0.00665923
-0.00665921
-0.00665856
-0.00665724
-0.00665549
-0.00665349
-0.00665142
-0.00664943
-0.00664765
-0.00664611
-0.00664492
-0.00664405
-0.00664344
-0.00664306
-0.00664281
-0.00664256
-0.00664216
-0.00664143
-0.00664024
-0.00663882
-0.00661859
-0.00661862
-0.0066182
-0.00661726
-0.00661596
-0.00661443
-0.00661283
-0.00661124
-0.00660979
-0.00660848
-0.00660742
-0.00660658
-0.00660593
-0.00660544
-0.00660505
-0.00660465
-0.00660413
-0.00660341
-0.00660239
-0.00660127
-0.00657853
-0.00657858
-0.00657831
-0.00657762
-0.00657664
-0.00657546
-0.00657422
-0.00657294
-0.00657174
-0.00657064
-0.00656971
-0.00656894
-0.00656829
-0.00656776
-0.0065673
-0.00656682
-0.00656627
-0.00656561
-0.00656477
-0.00656389
-0.00653889
-0.00653895
-0.00653876
-0.00653824
-0.0065375
-0.0065366
-0.00653562
-0.00653458
-0.0065336
-0.00653268
-0.00653186
-0.00653116
-0.00653053
-0.00653
-0.00652951
-0.00652903
-0.00652851
-0.00652792
-0.00652724
-0.00652655
-0.00649957
-0.00649962
-0.00649947
-0.00649908
-0.00649852
-0.00649783
-0.00649705
-0.0064962
-0.00649539
-0.00649463
-0.0064939
-0.00649326
-0.00649269
-0.00649217
-0.0064917
-0.00649125
-0.00649077
-0.00649026
-0.0064897
-0.00648919
-0.00646046
-0.0064605
-0.00646039
-0.00646011
-0.00645969
-0.00645914
-0.00645851
-0.00645781
-0.00645713
-0.00645649
-0.00645585
-0.00645528
-0.00645477
-0.00645431
-0.00645388
-0.00645345
-0.00645302
-0.00645258
-0.00645214
-0.00645177
-0.00642152
-0.00642155
-0.00642148
-0.00642128
-0.00642096
-0.0064205
-0.00641998
-0.00641942
-0.00641885
-0.0064183
-0.00641776
-0.00641725
-0.00641681
-0.00641641
-0.00641602
-0.00641563
-0.00641525
-0.00641488
-0.00641455
-0.00641429
-0.00638271
-0.00638275
-0.0063827
-0.00638255
-0.00638229
-0.0063819
-0.00638149
-0.00638104
-0.00638057
-0.0063801
-0.00637963
-0.0063792
-0.00637882
-0.00637847
-0.00637813
-0.00637779
-0.00637745
-0.00637715
-0.00637691
-0.00637674
-0.00634401
-0.00634404
-0.00634402
-0.00634389
-0.00634368
-0.00634338
-0.00634306
-0.0063427
-0.00634229
-0.00634188
-0.00634148
-0.00634112
-0.00634081
-0.0063405
-0.0063402
-0.0063399
-0.00633962
-0.00633939
-0.00633921
-0.0063391
-0.00630539
-0.00630543
-0.00630542
-0.00630532
-0.00630516
-0.00630493
-0.00630467
-0.00630437
-0.00630401
-0.00630365
-0.00630332
-0.00630302
-0.00630275
-0.00630249
-0.00630222
-0.00630197
-0.00630175
-0.00630157
-0.00630144
-0.00630136
-0.00626686
-0.0062669
-0.00626689
-0.00626681
-0.00626669
-0.00626652
-0.00626629
-0.00626603
-0.00626573
-0.00626542
-0.00626514
-0.0062649
-0.00626466
-0.00626443
-0.0062642
-0.006264
-0.00626383
-0.00626369
-0.0062636
-0.00626355
-0.00622839
-0.00622842
-0.00622841
-0.00622835
-0.00622826
-0.00622812
-0.00622793
-0.0062277
-0.00622744
-0.00622719
-0.00622697
-0.00622675
-0.00622655
-0.00622634
-0.00622616
-0.006226
-0.00622587
-0.00622576
-0.00622569
-0.00622567
-0.00618996
-0.00618997
-0.00618997
-0.00618993
-0.00618985
-0.00618974
-0.00618958
-0.00618938
-0.00618918
-0.00618897
-0.00618879
-0.0061886
-0.00618841
-0.00618825
-0.0061881
-0.00618797
-0.00618787
-0.00618778
-0.00618774
-0.00618774
-0.00615155
-0.00615157
-0.00615157
-0.00615154
-0.00615148
-0.0061514
-0.00615126
-0.0061511
-0.00615093
-0.00615077
-0.0061506
-0.00615043
-0.00615027
-0.00615014
-0.00615002
-0.00614992
-0.00614984
-0.00614978
-0.00614976
-0.00614978
-0.00611318
-0.00611321
-0.00611321
-0.00611319
-0.00611315
-0.00611307
-0.00611296
-0.00611283
-0.00611269
-0.00611255
-0.0061124
-0.00611226
-0.00611213
-0.00611202
-0.00611192
-0.00611184
-0.00611178
-0.00611175
-0.00611175
-0.00611177
-0.00607485
-0.00607488
-0.00607488
-0.00607487
-0.00607483
-0.00607477
-0.00607467
-0.00607456
-0.00607445
-0.00607432
-0.0060742
-0.00607408
-0.00607397
-0.00607387
-0.00607379
-0.00607373
-0.00607369
-0.00607369
-0.0060737
-0.00607371
-0.00603653
-0.00603655
-0.00603656
-0.00603656
-0.00603652
-0.00603647
-0.00603639
-0.0060363
-0.0060362
-0.00603609
-0.00603599
-0.00603589
-0.0060358
-0.00603571
-0.00603564
-0.00603559
-0.00603558
-0.00603558
-0.0060356
-0.00603561
-0.00599823
-0.00599824
-0.00599826
-0.00599826
-0.00599823
-0.00599817
-0.00599811
-0.00599804
-0.00599796
-0.00599787
-0.00599779
-0.0059977
-0.00599761
-0.00599753
-0.00599747
-0.00599745
-0.00599744
-0.00599745
-0.00599747
-0.00599749
-0.00595994
-0.00595996
-0.00595998
-0.00595997
-0.00595994
-0.0059599
-0.00595985
-0.00595979
-0.00595973
-0.00595967
-0.00595959
-0.0059595
-0.00595942
-0.00595935
-0.00595931
-0.00595929
-0.00595929
-0.00595931
-0.00595933
-0.00595936
-0.00592169
-0.00592171
-0.00592172
-0.0059217
-0.00592168
-0.00592165
-0.00592161
-0.00592157
-0.00592152
-0.00592146
-0.00592139
-0.00592131
-0.00592124
-0.00592118
-0.00592115
-0.00592114
-0.00592114
-0.00592117
-0.00592119
-0.00592122
-0.00588345
-0.00588346
-0.00588346
-0.00588345
-0.00588343
-0.00588341
-0.00588338
-0.00588335
-0.00588331
-0.00588325
-0.00588319
-0.00588312
-0.00588306
-0.00588301
-0.00588298
-0.00588298
-0.00588299
-0.00588302
-0.00588305
-0.00588307
-0.0058452
-0.0058452
-0.0058452
-0.00584519
-0.00584518
-0.00584517
-0.00584515
-0.00584512
-0.00584508
-0.00584503
-0.00584498
-0.00584492
-0.00584487
-0.00584483
-0.00584481
-0.00584481
-0.00584483
-0.00584486
-0.00584489
-0.00584491
-0.00580695
-0.00580695
-0.00580695
-0.00580694
-0.00580694
-0.00580693
-0.00580691
-0.00580688
-0.00580684
-0.00580681
-0.00580677
-0.00580672
-0.00580668
-0.00580664
-0.00580663
-0.00580663
-0.00580665
-0.00580668
-0.0058067
-0.00580671
-0.00576869
-0.00576869
-0.00576869
-0.00576869
-0.00576869
-0.00576867
-0.00576865
-0.00576863
-0.00576861
-0.00576859
-0.00576856
-0.00576851
-0.00576847
-0.00576844
-0.00576843
-0.00576843
-0.00576845
-0.00576847
-0.00576849
-0.00576849
-0.00573045
-0.00573045
-0.00573045
-0.00573045
-0.00573044
-0.00573042
-0.0057304
-0.00573039
-0.00573039
-0.00573037
-0.00573033
-0.00573029
-0.00573025
-0.00573022
-0.00573022
-0.00573023
-0.00573024
-0.00573025
-0.00573026
-0.00573026
-0.00569222
-0.00569222
-0.00569222
-0.00569221
-0.00569219
-0.00569217
-0.00569217
-0.00569218
-0.00569217
-0.00569215
-0.0056921
-0.00569206
-0.00569203
-0.00569202
-0.00569202
-0.00569202
-0.00569203
-0.00569203
-0.00569203
-0.00569204
-0.005654
-0.00565401
-0.005654
-0.00565398
-0.00565396
-0.00565395
-0.00565396
-0.00565396
-0.00565395
-0.00565392
-0.00565388
-0.00565385
-0.00565383
-0.00565383
-0.00565383
-0.00565383
-0.00565382
-0.00565382
-0.00565382
-0.00565382
-0.0056158
-0.0056158
-0.00561578
-0.00561576
-0.00561574
-0.00561575
-0.00561575
-0.00561575
-0.00561572
-0.00561568
-0.00561566
-0.00561565
-0.00561565
-0.00561565
-0.00561564
-0.00561563
-0.00561562
-0.00561561
-0.00561561
-0.00561561
-0.00557758
-0.00557758
-0.00557756
-0.00557755
-0.00557754
-0.00557754
-0.00557754
-0.00557751
-0.00557748
-0.00557746
-0.00557745
-0.00557746
-0.00557746
-0.00557746
-0.00557745
-0.00557743
-0.00557742
-0.00557741
-0.00557741
-0.0055774
-0.00553936
-0.00553936
-0.00553934
-0.00553933
-0.00553933
-0.00553933
-0.00553931
-0.00553928
-0.00553925
-0.00553924
-0.00553925
-0.00553925
-0.00553925
-0.00553924
-0.00553923
-0.00553922
-0.00553921
-0.0055392
-0.0055392
-0.00553919
-0.00550113
-0.00550113
-0.00550112
-0.00550112
-0.00550111
-0.0055011
-0.00550107
-0.00550105
-0.00550103
-0.00550103
-0.00550103
-0.00550103
-0.00550102
-0.00550102
-0.00550101
-0.00550101
-0.005501
-0.00550099
-0.00550098
-0.00550097
-0.0054629
-0.0054629
-0.0054629
-0.0054629
-0.00546289
-0.00546287
-0.00546284
-0.00546282
-0.00546281
-0.0054628
-0.0054628
-0.00546279
-0.00546279
-0.00546279
-0.00546279
-0.00546279
-0.00546278
-0.00546277
-0.00546276
-0.00546276
-0.00542466
-0.00542466
-0.00542467
-0.00542467
-0.00542466
-0.00542464
-0.00542462
-0.0054246
-0.00542458
-0.00542457
-0.00542457
-0.00542457
-0.00542457
-0.00542458
-0.00542458
-0.00542458
-0.00542457
-0.00542455
-0.00542455
-0.00542454
-0.00538644
-0.00538644
-0.00538644
-0.00538644
-0.00538643
-0.00538642
-0.0053864
-0.00538638
-0.00538636
-0.00538635
-0.00538635
-0.00538636
-0.00538637
-0.00538638
-0.00538638
-0.00538637
-0.00538635
-0.00538634
-0.00538633
-0.00538633
-0.00534821
-0.00534821
-0.00534822
-0.00534822
-0.00534821
-0.0053482
-0.00534817
-0.00534816
-0.00534814
-0.00534814
-0.00534815
-0.00534816
-0.00534817
-0.00534817
-0.00534816
-0.00534815
-0.00534813
-0.00534812
-0.00534811
-0.00534811
-0.00530999
-0.00530999
-0.00531
-0.00531
-0.00530999
-0.00530997
-0.00530995
-0.00530994
-0.00530994
-0.00530995
-0.00530995
-0.00530996
-0.00530996
-0.00530995
-0.00530994
-0.00530992
-0.0053099
-0.00530989
-0.00530988
-0.00530988
-0.00527178
-0.00527178
-0.00527178
-0.00527177
-0.00527176
-0.00527174
-0.00527173
-0.00527172
-0.00527173
-0.00527174
-0.00527174
-0.00527174
-0.00527173
-0.00527172
-0.0052717
-0.00527169
-0.00527167
-0.00527166
-0.00527166
-0.00527165
-0.00523356
-0.00523356
-0.00523356
-0.00523354
-0.00523352
-0.00523351
-0.0052335
-0.00523351
-0.00523351
-0.00523351
-0.00523351
-0.0052335
-0.00523349
-0.00523348
-0.00523347
-0.00523346
-0.00523344
-0.00523343
-0.00523343
-0.00523342
-0.00519534
-0.00519534
-0.00519532
-0.0051953
-0.00519529
-0.00519528
-0.00519528
-0.00519528
-0.00519528
-0.00519527
-0.00519526
-0.00519526
-0.00519525
-0.00519525
-0.00519524
-0.00519523
-0.00519521
-0.0051952
-0.0051952
-0.00519519
-0.00515711
-0.0051571
-0.00515708
-0.00515707
-0.00515706
-0.00515706
-0.00515705
-0.00515704
-0.00515703
-0.00515703
-0.00515703
-0.00515703
-0.00515702
-0.00515702
-0.00515701
-0.005157
-0.00515698
-0.00515697
-0.00515696
-0.00515696
-0.00511887
-0.00511886
-0.00511885
-0.00511885
-0.00511884
-0.00511883
-0.00511882
-0.0051188
-0.0051188
-0.00511879
-0.0051188
-0.0051188
-0.0051188
-0.00511879
-0.00511878
-0.00511876
-0.00511875
-0.00511873
-0.00511872
-0.00511872
-0.00508064
-0.00508064
-0.00508064
-0.00508063
-0.00508062
-0.0050806
-0.00508058
-0.00508057
-0.00508057
-0.00508057
-0.00508058
-0.00508058
-0.00508057
-0.00508056
-0.00508054
-0.00508053
-0.00508051
-0.0050805
-0.00508049
-0.00508048
-0.00504242
-0.00504242
-0.00504242
-0.00504241
-0.00504239
-0.00504237
-0.00504235
-0.00504235
-0.00504235
-0.00504235
-0.00504235
-0.00504235
-0.00504234
-0.00504232
-0.0050423
-0.00504228
-0.00504227
-0.00504226
-0.00504225
-0.00504225
-0.0050042
-0.0050042
-0.00500419
-0.00500417
-0.00500415
-0.00500414
-0.00500413
-0.00500413
-0.00500414
-0.00500414
-0.00500413
-0.00500412
-0.0050041
-0.00500408
-0.00500406
-0.00500404
-0.00500403
-0.00500402
-0.00500402
-0.00500402
-0.00496596
-0.00496596
-0.00496594
-0.00496592
-0.00496591
-0.00496591
-0.00496592
-0.00496592
-0.00496592
-0.00496591
-0.0049659
-0.00496588
-0.00496586
-0.00496584
-0.00496582
-0.0049658
-0.0049658
-0.00496579
-0.00496579
-0.00496579
-0.0049277
-0.00492769
-0.00492768
-0.00492767
-0.00492768
-0.00492769
-0.0049277
-0.0049277
-0.00492769
-0.00492768
-0.00492766
-0.00492764
-0.00492761
-0.00492759
-0.00492758
-0.00492757
-0.00492757
-0.00492757
-0.00492757
-0.00492757
-0.00488943
-0.00488942
-0.00488942
-0.00488943
-0.00488945
-0.00488946
-0.00488947
-0.00488947
-0.00488946
-0.00488944
-0.00488942
-0.00488939
-0.00488937
-0.00488935
-0.00488934
-0.00488933
-0.00488934
-0.00488934
-0.00488934
-0.00488935
-0.00485116
-0.00485116
-0.00485117
-0.00485119
-0.00485121
-0.00485123
-0.00485123
-0.00485122
-0.00485121
-0.00485119
-0.00485117
-0.00485114
-0.00485112
-0.00485111
-0.0048511
-0.0048511
-0.0048511
-0.00485111
-0.00485112
-0.00485112
-0.00481291
-0.00481292
-0.00481293
-0.00481295
-0.00481297
-0.00481298
-0.00481298
-0.00481297
-0.00481296
-0.00481294
-0.00481291
-0.00481289
-0.00481288
-0.00481287
-0.00481286
-0.00481286
-0.00481287
-0.00481288
-0.00481288
-0.00481288
-0.00477467
-0.00477468
-0.0047747
-0.00477471
-0.00477472
-0.00477473
-0.00477473
-0.00477472
-0.00477471
-0.00477468
-0.00477466
-0.00477465
-0.00477463
-0.00477463
-0.00477462
-0.00477462
-0.00477463
-0.00477463
-0.00477463
-0.00477463
-0.00473644
-0.00473645
-0.00473646
-0.00473647
-0.00473648
-0.00473648
-0.00473648
-0.00473647
-0.00473645
-0.00473644
-0.00473642
-0.0047364
-0.00473639
-0.00473639
-0.00473638
-0.00473638
-0.00473638
-0.00473638
-0.00473638
-0.00473637
-0.00469821
-0.00469822
-0.00469822
-0.00469823
-0.00469824
-0.00469824
-0.00469823
-0.00469822
-0.00469821
-0.00469819
-0.00469818
-0.00469816
-0.00469815
-0.00469815
-0.00469814
-0.00469814
-0.00469814
-0.00469813
-0.00469812
-0.00469812
-0.00465998
-0.00465998
-0.00465999
-0.00465999
-0.00466
-0.00465999
-0.00465999
-0.00465997
-0.00465996
-0.00465995
-0.00465994
-0.00465993
-0.00465992
-0.00465991
-0.0046599
-0.0046599
-0.00465989
-0.00465988
-0.00465987
-0.00465987
-0.00462174
-0.00462175
-0.00462175
-0.00462175
-0.00462175
-0.00462174
-0.00462173
-0.00462172
-0.00462171
-0.0046217
-0.00462169
-0.00462168
-0.00462168
-0.00462167
-0.00462166
-0.00462165
-0.00462164
-0.00462164
-0.00462163
-0.00462163
-0.0045835
-0.0045835
-0.0045835
-0.0045835
-0.00458349
-0.00458348
-0.00458347
-0.00458346
-0.00458346
-0.00458345
-0.00458344
-0.00458344
-0.00458344
-0.00458343
-0.00458342
-0.00458341
-0.0045834
-0.0045834
-0.00458339
-0.00458339
-0.00454525
-0.00454525
-0.00454524
-0.00454524
-0.00454523
-0.00454522
-0.00454521
-0.0045452
-0.0045452
-0.00454519
-0.00454519
-0.00454519
-0.00454519
-0.00454519
-0.00454518
-0.00454517
-0.00454516
-0.00454515
-0.00454515
-0.00454514
-0.00450699
-0.00450699
-0.00450698
-0.00450697
-0.00450696
-0.00450695
-0.00450695
-0.00450694
-0.00450694
-0.00450694
-0.00450694
-0.00450694
-0.00450694
-0.00450693
-0.00450693
-0.00450692
-0.00450691
-0.0045069
-0.0045069
-0.00450689
-0.00446873
-0.00446872
-0.00446872
-0.00446871
-0.0044687
-0.00446869
-0.00446869
-0.00446868
-0.00446868
-0.00446868
-0.00446868
-0.00446868
-0.00446868
-0.00446868
-0.00446867
-0.00446866
-0.00446865
-0.00446864
-0.00446864
-0.00446864
-0.00443048
-0.00443047
-0.00443047
-0.00443046
-0.00443045
-0.00443044
-0.00443044
-0.00443043
-0.00443043
-0.00443043
-0.00443043
-0.00443042
-0.00443042
-0.00443041
-0.0044304
-0.0044304
-0.00443039
-0.00443038
-0.00443038
-0.00443038
-0.00439223
-0.00439223
-0.00439223
-0.00439222
-0.00439221
-0.0043922
-0.00439219
-0.00439218
-0.00439218
-0.00439217
-0.00439217
-0.00439216
-0.00439215
-0.00439214
-0.00439214
-0.00439213
-0.00439213
-0.00439213
-0.00439213
-0.00439214
-0.00435399
-0.00435399
-0.00435399
-0.00435398
-0.00435396
-0.00435395
-0.00435394
-0.00435393
-0.00435392
-0.00435391
-0.0043539
-0.00435389
-0.00435389
-0.00435388
-0.00435388
-0.00435388
-0.00435388
-0.00435388
-0.00435389
-0.0043539
-0.00431574
-0.00431574
-0.00431573
-0.00431572
-0.00431571
-0.00431569
-0.00431568
-0.00431567
-0.00431566
-0.00431564
-0.00431563
-0.00431563
-0.00431562
-0.00431562
-0.00431562
-0.00431563
-0.00431563
-0.00431564
-0.00431565
-0.00431565
-0.00427747
-0.00427747
-0.00427746
-0.00427745
-0.00427744
-0.00427742
-0.00427741
-0.0042774
-0.00427738
-0.00427737
-0.00427737
-0.00427736
-0.00427736
-0.00427736
-0.00427737
-0.00427738
-0.00427739
-0.0042774
-0.00427741
-0.00427741
-0.00423919
-0.00423918
-0.00423917
-0.00423916
-0.00423915
-0.00423914
-0.00423913
-0.00423912
-0.00423911
-0.0042391
-0.0042391
-0.0042391
-0.00423911
-0.00423911
-0.00423912
-0.00423914
-0.00423915
-0.00423915
-0.00423915
-0.00423915
-0.00420089
-0.00420088
-0.00420088
-0.00420087
-0.00420086
-0.00420086
-0.00420085
-0.00420084
-0.00420084
-0.00420084
-0.00420084
-0.00420084
-0.00420085
-0.00420086
-0.00420087
-0.00420088
-0.00420089
-0.00420089
-0.00420088
-0.00420088
-0.00416259
-0.00416258
-0.00416258
-0.00416258
-0.00416258
-0.00416257
-0.00416257
-0.00416257
-0.00416257
-0.00416257
-0.00416258
-0.00416258
-0.00416259
-0.0041626
-0.0041626
-0.00416261
-0.00416261
-0.0041626
-0.0041626
-0.00416259
-0.0041243
-0.0041243
-0.0041243
-0.0041243
-0.0041243
-0.0041243
-0.0041243
-0.00412431
-0.00412431
-0.00412431
-0.00412432
-0.00412432
-0.00412432
-0.00412433
-0.00412433
-0.00412432
-0.00412432
-0.00412431
-0.0041243
-0.0041243
-0.00408603
-0.00408603
-0.00408603
-0.00408603
-0.00408603
-0.00408604
-0.00408604
-0.00408605
-0.00408605
-0.00408605
-0.00408605
-0.00408605
-0.00408605
-0.00408605
-0.00408604
-0.00408603
-0.00408602
-0.00408601
-0.00408601
-0.004086
-0.00404776
-0.00404777
-0.00404777
-0.00404777
-0.00404778
-0.00404778
-0.00404778
-0.00404779
-0.00404779
-0.00404779
-0.00404778
-0.00404778
-0.00404777
-0.00404776
-0.00404775
-0.00404774
-0.00404773
-0.00404772
-0.00404772
-0.00404772
-0.0040095
-0.00400951
-0.00400951
-0.00400951
-0.00400952
-0.00400952
-0.00400952
-0.00400952
-0.00400952
-0.00400951
-0.00400951
-0.0040095
-0.00400949
-0.00400948
-0.00400947
-0.00400946
-0.00400945
-0.00400944
-0.00400944
-0.00400945
-0.00397124
-0.00397125
-0.00397125
-0.00397125
-0.00397126
-0.00397126
-0.00397125
-0.00397125
-0.00397124
-0.00397124
-0.00397123
-0.00397122
-0.00397121
-0.0039712
-0.00397119
-0.00397119
-0.00397118
-0.00397118
-0.00397118
-0.00397119
-0.00393298
-0.00393298
-0.00393298
-0.00393298
-0.00393298
-0.00393298
-0.00393297
-0.00393297
-0.00393296
-0.00393296
-0.00393295
-0.00393295
-0.00393294
-0.00393294
-0.00393293
-0.00393293
-0.00393293
-0.00393293
-0.00393293
-0.00393294
-0.0038947
-0.0038947
-0.0038947
-0.0038947
-0.0038947
-0.00389469
-0.00389469
-0.00389468
-0.00389468
-0.00389468
-0.00389468
-0.00389468
-0.00389468
-0.00389468
-0.00389468
-0.00389468
-0.00389468
-0.00389468
-0.00389468
-0.00389468
-0.00385641
-0.00385641
-0.00385641
-0.0038564
-0.0038564
-0.0038564
-0.0038564
-0.0038564
-0.0038564
-0.0038564
-0.00385641
-0.00385641
-0.00385642
-0.00385642
-0.00385642
-0.00385643
-0.00385643
-0.00385643
-0.00385643
-0.00385643
-0.00381811
-0.00381811
-0.00381811
-0.0038181
-0.0038181
-0.0038181
-0.00381811
-0.00381811
-0.00381812
-0.00381813
-0.00381813
-0.00381814
-0.00381815
-0.00381815
-0.00381816
-0.00381816
-0.00381816
-0.00381816
-0.00381816
-0.00381816
-0.00377981
-0.00377981
-0.00377981
-0.00377981
-0.00377981
-0.00377982
-0.00377982
-0.00377983
-0.00377984
-0.00377985
-0.00377986
-0.00377986
-0.00377987
-0.00377988
-0.00377988
-0.00377988
-0.00377988
-0.00377988
-0.00377988
-0.00377987
-0.00374152
-0.00374151
-0.00374152
-0.00374152
-0.00374153
-0.00374154
-0.00374154
-0.00374155
-0.00374156
-0.00374157
-0.00374157
-0.00374158
-0.00374158
-0.00374159
-0.00374159
-0.00374159
-0.00374159
-0.00374159
-0.00374159
-0.00374158
-0.00370323
-0.00370323
-0.00370324
-0.00370325
-0.00370325
-0.00370326
-0.00370327
-0.00370327
-0.00370328
-0.00370328
-0.00370328
-0.00370328
-0.00370329
-0.00370329
-0.00370329
-0.00370329
-0.00370329
-0.00370329
-0.00370329
-0.00370328
-0.00366496
-0.00366496
-0.00366497
-0.00366497
-0.00366498
-0.00366498
-0.00366499
-0.00366499
-0.00366499
-0.00366499
-0.00366499
-0.00366499
-0.00366499
-0.00366499
-0.00366499
-0.00366499
-0.00366499
-0.00366499
-0.00366499
-0.00366499
-0.00362668
-0.00362669
-0.00362669
-0.0036267
-0.0036267
-0.0036267
-0.0036267
-0.0036267
-0.0036267
-0.00362669
-0.00362669
-0.00362669
-0.00362669
-0.00362669
-0.00362669
-0.00362669
-0.00362669
-0.00362669
-0.00362669
-0.00362669
-0.0035884
-0.0035884
-0.00358841
-0.00358841
-0.00358841
-0.00358841
-0.00358841
-0.0035884
-0.0035884
-0.0035884
-0.0035884
-0.0035884
-0.0035884
-0.0035884
-0.0035884
-0.0035884
-0.0035884
-0.0035884
-0.0035884
-0.0035884
-0.0035501
-0.00355011
-0.00355011
-0.00355011
-0.00355011
-0.00355011
-0.00355011
-0.0035501
-0.0035501
-0.00355011
-0.00355011
-0.00355011
-0.00355011
-0.00355011
-0.00355011
-0.00355011
-0.00355011
-0.00355011
-0.00355011
-0.00355011
-0.0035118
-0.0035118
-0.0035118
-0.0035118
-0.0035118
-0.0035118
-0.0035118
-0.00351181
-0.00351181
-0.00351182
-0.00351182
-0.00351183
-0.00351183
-0.00351183
-0.00351182
-0.00351182
-0.00351182
-0.00351182
-0.00351181
-0.00351181
-0.00347349
-0.00347349
-0.00347349
-0.00347349
-0.00347349
-0.0034735
-0.00347351
-0.00347351
-0.00347352
-0.00347353
-0.00347354
-0.00347354
-0.00347354
-0.00347354
-0.00347353
-0.00347353
-0.00347352
-0.00347352
-0.00347351
-0.0034735
-0.00343518
-0.00343518
-0.00343518
-0.00343518
-0.00343519
-0.0034352
-0.00343521
-0.00343523
-0.00343524
-0.00343525
-0.00343525
-0.00343525
-0.00343525
-0.00343524
-0.00343524
-0.00343523
-0.00343522
-0.00343521
-0.0034352
-0.00343519
-0.00339687
-0.00339687
-0.00339688
-0.00339688
-0.0033969
-0.00339691
-0.00339692
-0.00339694
-0.00339695
-0.00339696
-0.00339696
-0.00339696
-0.00339695
-0.00339694
-0.00339693
-0.00339691
-0.0033969
-0.00339689
-0.00339688
-0.00339688
-0.00335858
-0.00335858
-0.00335858
-0.00335859
-0.00335861
-0.00335862
-0.00335864
-0.00335865
-0.00335866
-0.00335866
-0.00335866
-0.00335865
-0.00335864
-0.00335863
-0.00335861
-0.0033586
-0.00335859
-0.00335858
-0.00335857
-0.00335857
-0.00332028
-0.00332029
-0.0033203
-0.00332031
-0.00332032
-0.00332033
-0.00332034
-0.00332035
-0.00332035
-0.00332035
-0.00332035
-0.00332034
-0.00332033
-0.00332031
-0.0033203
-0.00332029
-0.00332027
-0.00332027
-0.00332027
-0.00332027
-0.00328199
-0.003282
-0.00328201
-0.00328202
-0.00328203
-0.00328203
-0.00328204
-0.00328204
-0.00328204
-0.00328203
-0.00328203
-0.00328202
-0.00328201
-0.003282
-0.00328199
-0.00328198
-0.00328198
-0.00328197
-0.00328198
-0.00328198
-0.0032437
-0.00324371
-0.00324371
-0.00324372
-0.00324372
-0.00324372
-0.00324372
-0.00324372
-0.00324372
-0.00324371
-0.00324371
-0.0032437
-0.00324369
-0.00324369
-0.00324369
-0.00324369
-0.00324369
-0.00324369
-0.0032437
-0.00324371
-0.0032054
-0.0032054
-0.0032054
-0.0032054
-0.0032054
-0.0032054
-0.0032054
-0.00320539
-0.00320539
-0.00320539
-0.00320539
-0.00320538
-0.00320539
-0.00320539
-0.0032054
-0.0032054
-0.00320541
-0.00320542
-0.00320543
-0.00320544
-0.00316709
-0.00316709
-0.00316709
-0.00316708
-0.00316708
-0.00316707
-0.00316707
-0.00316707
-0.00316706
-0.00316706
-0.00316707
-0.00316707
-0.00316708
-0.00316709
-0.00316711
-0.00316712
-0.00316714
-0.00316715
-0.00316716
-0.00316717
-0.00312877
-0.00312877
-0.00312876
-0.00312876
-0.00312875
-0.00312874
-0.00312874
-0.00312874
-0.00312874
-0.00312874
-0.00312875
-0.00312876
-0.00312878
-0.0031288
-0.00312882
-0.00312884
-0.00312886
-0.00312888
-0.00312889
-0.00312889
-0.00309045
-0.00309045
-0.00309044
-0.00309043
-0.00309043
-0.00309042
-0.00309042
-0.00309042
-0.00309042
-0.00309042
-0.00309043
-0.00309045
-0.00309047
-0.0030905
-0.00309052
-0.00309055
-0.00309057
-0.00309059
-0.00309059
-0.00309059
-0.00305214
-0.00305214
-0.00305213
-0.00305213
-0.00305212
-0.00305211
-0.00305211
-0.0030521
-0.0030521
-0.00305211
-0.00305212
-0.00305214
-0.00305216
-0.00305219
-0.00305222
-0.00305224
-0.00305226
-0.00305227
-0.00305228
-0.00305227
-0.00301384
-0.00301384
-0.00301383
-0.00301383
-0.00301382
-0.00301381
-0.0030138
-0.0030138
-0.00301379
-0.0030138
-0.00301381
-0.00301383
-0.00301385
-0.00301387
-0.00301389
-0.00301392
-0.00301393
-0.00301394
-0.00301395
-0.00301394
-0.00297555
-0.00297555
-0.00297555
-0.00297554
-0.00297553
-0.00297552
-0.00297551
-0.0029755
-0.00297549
-0.00297549
-0.0029755
-0.00297551
-0.00297553
-0.00297554
-0.00297556
-0.00297558
-0.00297559
-0.0029756
-0.0029756
-0.00297559
-0.00293726
-0.00293726
-0.00293726
-0.00293725
-0.00293724
-0.00293723
-0.00293721
-0.0029372
-0.00293719
-0.00293719
-0.00293719
-0.0029372
-0.00293721
-0.00293722
-0.00293723
-0.00293724
-0.00293724
-0.00293725
-0.00293725
-0.00293724
-0.00289896
-0.00289897
-0.00289897
-0.00289896
-0.00289894
-0.00289893
-0.00289891
-0.0028989
-0.00289889
-0.00289889
-0.00289889
-0.00289889
-0.00289889
-0.00289889
-0.0028989
-0.0028989
-0.0028989
-0.0028989
-0.0028989
-0.0028989
-0.00286065
-0.00286065
-0.00286065
-0.00286064
-0.00286063
-0.00286062
-0.00286061
-0.0028606
-0.00286059
-0.00286059
-0.00286058
-0.00286058
-0.00286058
-0.00286058
-0.00286058
-0.00286057
-0.00286057
-0.00286056
-0.00286056
-0.00286057
-0.00282231
-0.00282231
-0.00282231
-0.0028223
-0.00282229
-0.00282229
-0.00282229
-0.00282228
-0.00282228
-0.00282228
-0.00282229
-0.00282228
-0.00282228
-0.00282228
-0.00282227
-0.00282226
-0.00282225
-0.00282224
-0.00282224
-0.00282224
-0.00278395
-0.00278395
-0.00278394
-0.00278394
-0.00278394
-0.00278395
-0.00278396
-0.00278397
-0.00278397
-0.00278398
-0.00278399
-0.00278399
-0.00278399
-0.00278398
-0.00278396
-0.00278395
-0.00278394
-0.00278393
-0.00278393
-0.00278393
-0.00274558
-0.00274557
-0.00274557
-0.00274557
-0.00274559
-0.0027456
-0.00274562
-0.00274564
-0.00274566
-0.00274568
-0.00274569
-0.00274569
-0.00274569
-0.00274568
-0.00274566
-0.00274565
-0.00274564
-0.00274563
-0.00274562
-0.00274562
-0.0027072
-0.00270719
-0.00270719
-0.00270721
-0.00270723
-0.00270726
-0.00270729
-0.00270732
-0.00270735
-0.00270737
-0.00270738
-0.00270739
-0.00270738
-0.00270737
-0.00270736
-0.00270734
-0.00270733
-0.00270732
-0.00270731
-0.00270731
-0.00266883
-0.00266883
-0.00266884
-0.00266886
-0.00266889
-0.00266892
-0.00266896
-0.00266899
-0.00266902
-0.00266905
-0.00266906
-0.00266907
-0.00266906
-0.00266906
-0.00266904
-0.00266903
-0.00266902
-0.00266901
-0.002669
-0.002669
-0.00263049
-0.00263049
-0.0026305
-0.00263053
-0.00263056
-0.0026306
-0.00263063
-0.00263067
-0.0026307
-0.00263072
-0.00263073
-0.00263073
-0.00263073
-0.00263072
-0.00263071
-0.0026307
-0.00263069
-0.00263069
-0.00263068
-0.00263068
-0.00259217
-0.00259218
-0.0025922
-0.00259222
-0.00259225
-0.00259228
-0.00259231
-0.00259234
-0.00259236
-0.00259238
-0.00259238
-0.00259239
-0.00259238
-0.00259238
-0.00259237
-0.00259237
-0.00259236
-0.00259236
-0.00259236
-0.00259236
-0.00255389
-0.0025539
-0.00255391
-0.00255393
-0.00255396
-0.00255398
-0.002554
-0.00255401
-0.00255402
-0.00255403
-0.00255403
-0.00255403
-0.00255403
-0.00255403
-0.00255403
-0.00255403
-0.00255403
-0.00255403
-0.00255403
-0.00255403
-0.00251562
-0.00251563
-0.00251564
-0.00251565
-0.00251566
-0.00251567
-0.00251568
-0.00251568
-0.00251568
-0.00251567
-0.00251567
-0.00251567
-0.00251567
-0.00251568
-0.00251568
-0.00251569
-0.00251569
-0.0025157
-0.0025157
-0.00251571
-0.00247735
-0.00247736
-0.00247737
-0.00247737
-0.00247737
-0.00247736
-0.00247735
-0.00247734
-0.00247733
-0.00247733
-0.00247732
-0.00247732
-0.00247732
-0.00247733
-0.00247734
-0.00247735
-0.00247736
-0.00247737
-0.00247738
-0.00247738
-0.00243908
-0.00243908
-0.00243908
-0.00243907
-0.00243906
-0.00243904
-0.00243903
-0.00243901
-0.00243899
-0.00243898
-0.00243898
-0.00243898
-0.00243899
-0.002439
-0.00243901
-0.00243902
-0.00243904
-0.00243905
-0.00243905
-0.00243905
-0.00240079
-0.00240079
-0.00240078
-0.00240076
-0.00240074
-0.00240072
-0.0024007
-0.00240068
-0.00240066
-0.00240065
-0.00240065
-0.00240065
-0.00240066
-0.00240067
-0.00240068
-0.0024007
-0.00240071
-0.00240072
-0.00240072
-0.00240073
-0.00236247
-0.00236247
-0.00236246
-0.00236244
-0.00236242
-0.0023624
-0.00236237
-0.00236236
-0.00236234
-0.00236233
-0.00236233
-0.00236233
-0.00236234
-0.00236235
-0.00236236
-0.00236237
-0.00236238
-0.00236239
-0.00236239
-0.00236239
-0.00232415
-0.00232414
-0.00232413
-0.00232411
-0.00232409
-0.00232407
-0.00232405
-0.00232404
-0.00232403
-0.00232402
-0.00232402
-0.00232403
-0.00232403
-0.00232404
-0.00232404
-0.00232405
-0.00232406
-0.00232406
-0.00232406
-0.00232406
-0.00228581
-0.0022858
-0.00228579
-0.00228578
-0.00228577
-0.00228575
-0.00228574
-0.00228573
-0.00228572
-0.00228572
-0.00228572
-0.00228572
-0.00228572
-0.00228572
-0.00228572
-0.00228572
-0.00228572
-0.00228572
-0.00228572
-0.00228572
-0.00224747
-0.00224746
-0.00224746
-0.00224745
-0.00224744
-0.00224743
-0.00224743
-0.00224742
-0.00224742
-0.00224741
-0.00224741
-0.00224741
-0.0022474
-0.0022474
-0.0022474
-0.00224739
-0.00224739
-0.00224738
-0.00224738
-0.00224738
-0.00220913
-0.00220913
-0.00220912
-0.00220912
-0.00220912
-0.00220912
-0.00220911
-0.00220911
-0.00220911
-0.0022091
-0.0022091
-0.00220909
-0.00220908
-0.00220907
-0.00220906
-0.00220905
-0.00220905
-0.00220904
-0.00220903
-0.00220903
-0.00217079
-0.00217079
-0.00217079
-0.00217079
-0.00217079
-0.00217079
-0.00217079
-0.00217079
-0.00217079
-0.00217078
-0.00217077
-0.00217076
-0.00217075
-0.00217074
-0.00217072
-0.00217071
-0.0021707
-0.0021707
-0.00217069
-0.00217069
-0.00213245
-0.00213245
-0.00213245
-0.00213246
-0.00213246
-0.00213246
-0.00213246
-0.00213246
-0.00213245
-0.00213245
-0.00213243
-0.00213242
-0.00213241
-0.0021324
-0.00213238
-0.00213237
-0.00213236
-0.00213236
-0.00213235
-0.00213235
-0.00209411
-0.00209411
-0.00209411
-0.00209412
-0.00209412
-0.00209412
-0.00209412
-0.00209412
-0.00209411
-0.0020941
-0.00209409
-0.00209408
-0.00209407
-0.00209405
-0.00209404
-0.00209403
-0.00209402
-0.00209402
-0.00209402
-0.00209402
-0.00205576
-0.00205576
-0.00205576
-0.00205577
-0.00205577
-0.00205577
-0.00205577
-0.00205576
-0.00205576
-0.00205575
-0.00205574
-0.00205573
-0.00205572
-0.00205571
-0.0020557
-0.00205569
-0.00205569
-0.00205568
-0.00205568
-0.00205568
-0.00201741
-0.00201741
-0.00201741
-0.00201741
-0.00201741
-0.00201741
-0.00201741
-0.00201741
-0.0020174
-0.0020174
-0.00201739
-0.00201738
-0.00201738
-0.00201737
-0.00201736
-0.00201736
-0.00201735
-0.00201735
-0.00201735
-0.00201735
-0.00197905
-0.00197905
-0.00197905
-0.00197905
-0.00197905
-0.00197905
-0.00197905
-0.00197905
-0.00197905
-0.00197904
-0.00197904
-0.00197904
-0.00197903
-0.00197903
-0.00197902
-0.00197902
-0.00197901
-0.00197901
-0.00197901
-0.001979
-0.00194069
-0.00194069
-0.00194069
-0.00194069
-0.00194069
-0.00194069
-0.00194069
-0.00194069
-0.00194069
-0.00194069
-0.00194068
-0.00194068
-0.00194068
-0.00194068
-0.00194067
-0.00194067
-0.00194067
-0.00194066
-0.00194066
-0.00194065
-0.00190232
-0.00190232
-0.00190233
-0.00190233
-0.00190233
-0.00190233
-0.00190233
-0.00190233
-0.00190233
-0.00190233
-0.00190233
-0.00190232
-0.00190232
-0.00190232
-0.00190232
-0.00190231
-0.00190231
-0.0019023
-0.0019023
-0.00190229
-0.00186396
-0.00186396
-0.00186396
-0.00186396
-0.00186396
-0.00186396
-0.00186396
-0.00186396
-0.00186396
-0.00186396
-0.00186396
-0.00186396
-0.00186395
-0.00186395
-0.00186394
-0.00186394
-0.00186393
-0.00186393
-0.00186392
-0.00186392
-0.00182559
-0.00182559
-0.00182559
-0.00182559
-0.00182559
-0.00182559
-0.00182559
-0.00182559
-0.00182559
-0.00182558
-0.00182558
-0.00182558
-0.00182557
-0.00182557
-0.00182556
-0.00182555
-0.00182555
-0.00182554
-0.00182554
-0.00182553
-0.00178722
-0.00178722
-0.00178722
-0.00178722
-0.00178722
-0.00178722
-0.00178721
-0.00178721
-0.0017872
-0.0017872
-0.00178719
-0.00178719
-0.00178718
-0.00178717
-0.00178717
-0.00178716
-0.00178715
-0.00178715
-0.00178714
-0.00178714
-0.00174884
-0.00174884
-0.00174884
-0.00174884
-0.00174884
-0.00174883
-0.00174883
-0.00174882
-0.00174881
-0.0017488
-0.0017488
-0.00174879
-0.00174878
-0.00174877
-0.00174876
-0.00174876
-0.00174875
-0.00174875
-0.00174874
-0.00174874
-0.00171045
-0.00171045
-0.00171045
-0.00171045
-0.00171044
-0.00171044
-0.00171043
-0.00171042
-0.00171041
-0.0017104
-0.00171039
-0.00171039
-0.00171038
-0.00171037
-0.00171036
-0.00171036
-0.00171035
-0.00171035
-0.00171035
-0.00171035
-0.00167205
-0.00167206
-0.00167205
-0.00167205
-0.00167204
-0.00167204
-0.00167203
-0.00167202
-0.00167201
-0.001672
-0.00167199
-0.00167198
-0.00167197
-0.00167197
-0.00167196
-0.00167196
-0.00167196
-0.00167196
-0.00167196
-0.00167196
-0.00163364
-0.00163364
-0.00163364
-0.00163364
-0.00163363
-0.00163363
-0.00163362
-0.00163361
-0.0016336
-0.0016336
-0.00163359
-0.00163358
-0.00163358
-0.00163357
-0.00163357
-0.00163357
-0.00163357
-0.00163357
-0.00163357
-0.00163357
-0.00159523
-0.00159522
-0.00159522
-0.00159522
-0.00159521
-0.00159521
-0.0015952
-0.0015952
-0.0015952
-0.00159519
-0.00159519
-0.00159518
-0.00159518
-0.00159518
-0.00159518
-0.00159518
-0.00159518
-0.00159518
-0.00159519
-0.00159519
-0.0015568
-0.0015568
-0.0015568
-0.0015568
-0.00155679
-0.00155679
-0.00155679
-0.00155679
-0.00155679
-0.00155679
-0.00155679
-0.00155679
-0.00155679
-0.00155679
-0.00155679
-0.0015568
-0.0015568
-0.0015568
-0.0015568
-0.0015568
-0.00151837
-0.00151837
-0.00151837
-0.00151837
-0.00151837
-0.00151837
-0.00151837
-0.00151838
-0.00151838
-0.00151838
-0.00151839
-0.00151839
-0.0015184
-0.0015184
-0.0015184
-0.00151841
-0.00151841
-0.00151841
-0.00151841
-0.0015184
-0.00147993
-0.00147993
-0.00147994
-0.00147994
-0.00147994
-0.00147995
-0.00147996
-0.00147996
-0.00147997
-0.00147997
-0.00147998
-0.00147999
-0.00147999
-0.00148
-0.00148
-0.00148
-0.00148
-0.00148
-0.00148
-0.00147999
-0.00144149
-0.0014415
-0.0014415
-0.00144151
-0.00144151
-0.00144152
-0.00144153
-0.00144154
-0.00144155
-0.00144155
-0.00144156
-0.00144157
-0.00144158
-0.00144158
-0.00144158
-0.00144158
-0.00144158
-0.00144158
-0.00144157
-0.00144157
-0.00140305
-0.00140306
-0.00140306
-0.00140307
-0.00140308
-0.00140308
-0.00140309
-0.0014031
-0.00140311
-0.00140312
-0.00140313
-0.00140313
-0.00140314
-0.00140314
-0.00140314
-0.00140314
-0.00140314
-0.00140314
-0.00140313
-0.00140312
-0.0013646
-0.00136461
-0.00136461
-0.00136462
-0.00136463
-0.00136463
-0.00136464
-0.00136465
-0.00136466
-0.00136467
-0.00136467
-0.00136468
-0.00136468
-0.00136468
-0.00136468
-0.00136468
-0.00136468
-0.00136467
-0.00136467
-0.00136466
-0.00132614
-0.00132615
-0.00132615
-0.00132616
-0.00132616
-0.00132617
-0.00132618
-0.00132618
-0.00132619
-0.00132619
-0.0013262
-0.0013262
-0.0013262
-0.0013262
-0.0013262
-0.0013262
-0.0013262
-0.00132619
-0.00132619
-0.00132618
-0.00128767
-0.00128768
-0.00128768
-0.00128768
-0.00128769
-0.00128769
-0.0012877
-0.0012877
-0.00128771
-0.00128771
-0.00128771
-0.00128771
-0.00128771
-0.00128771
-0.00128771
-0.00128771
-0.0012877
-0.0012877
-0.0012877
-0.00128769
-0.00124919
-0.0012492
-0.0012492
-0.0012492
-0.0012492
-0.00124921
-0.00124921
-0.00124921
-0.00124921
-0.00124921
-0.00124921
-0.00124921
-0.00124921
-0.00124921
-0.00124921
-0.00124921
-0.00124921
-0.0012492
-0.0012492
-0.0012492
-0.00121071
-0.00121071
-0.00121071
-0.00121071
-0.00121071
-0.00121071
-0.00121071
-0.00121071
-0.00121071
-0.00121071
-0.00121071
-0.00121071
-0.00121071
-0.00121071
-0.00121071
-0.00121071
-0.00121071
-0.00121071
-0.00121071
-0.00121071
-0.00117222
-0.00117222
-0.00117222
-0.00117222
-0.00117222
-0.00117222
-0.00117221
-0.00117221
-0.00117221
-0.00117221
-0.00117221
-0.00117221
-0.00117221
-0.00117221
-0.00117222
-0.00117222
-0.00117222
-0.00117222
-0.00117222
-0.00117223
-0.00113374
-0.00113373
-0.00113373
-0.00113373
-0.00113373
-0.00113373
-0.00113372
-0.00113372
-0.00113372
-0.00113372
-0.00113373
-0.00113373
-0.00113373
-0.00113373
-0.00113373
-0.00113374
-0.00113374
-0.00113375
-0.00113375
-0.00113375
-0.00109526
-0.00109525
-0.00109525
-0.00109525
-0.00109525
-0.00109525
-0.00109525
-0.00109525
-0.00109525
-0.00109525
-0.00109525
-0.00109525
-0.00109526
-0.00109526
-0.00109527
-0.00109527
-0.00109528
-0.00109528
-0.00109528
-0.00109529
-0.00105679
-0.00105678
-0.00105678
-0.00105678
-0.00105678
-0.00105678
-0.00105678
-0.00105678
-0.00105678
-0.00105679
-0.00105679
-0.0010568
-0.0010568
-0.00105681
-0.00105681
-0.00105682
-0.00105682
-0.00105683
-0.00105683
-0.00105684
-0.00101833
-0.00101832
-0.00101832
-0.00101832
-0.00101832
-0.00101833
-0.00101833
-0.00101833
-0.00101833
-0.00101834
-0.00101834
-0.00101835
-0.00101836
-0.00101836
-0.00101837
-0.00101837
-0.00101838
-0.00101838
-0.00101838
-0.00101839
-0.00097988
-0.000979878
-0.000979878
-0.000979879
-0.000979881
-0.000979884
-0.000979887
-0.000979891
-0.000979897
-0.000979902
-0.000979908
-0.000979913
-0.000979919
-0.000979925
-0.00097993
-0.000979934
-0.000979938
-0.000979942
-0.000979946
-0.000979949
-0.000941442
-0.000941442
-0.000941443
-0.000941446
-0.000941448
-0.000941451
-0.000941456
-0.000941461
-0.000941466
-0.000941471
-0.000941477
-0.000941483
-0.000941488
-0.000941493
-0.000941497
-0.000941501
-0.000941504
-0.000941507
-0.00094151
-0.000941512
-0.000903013
-0.000903014
-0.000903016
-0.000903018
-0.000903021
-0.000903025
-0.000903029
-0.000903034
-0.000903039
-0.000903044
-0.000903049
-0.000903054
-0.000903058
-0.000903062
-0.000903065
-0.000903068
-0.000903071
-0.000903073
-0.000903074
-0.000903074
-0.000864587
-0.000864589
-0.000864592
-0.000864594
-0.000864597
-0.0008646
-0.000864604
-0.000864608
-0.000864612
-0.000864616
-0.00086462
-0.000864624
-0.000864627
-0.00086463
-0.000864632
-0.000864634
-0.000864635
-0.000864636
-0.000864636
-0.000864636
-0.000826162
-0.000826165
-0.000826167
-0.000826169
-0.000826172
-0.000826174
-0.000826177
-0.00082618
-0.000826183
-0.000826185
-0.000826188
-0.00082619
-0.000826192
-0.000826193
-0.000826195
-0.000826196
-0.000826196
-0.000826196
-0.000826195
-0.000826194
-0.000787735
-0.000787737
-0.000787739
-0.000787741
-0.000787743
-0.000787744
-0.000787745
-0.000787747
-0.000787749
-0.00078775
-0.000787751
-0.000787752
-0.000787752
-0.000787753
-0.000787753
-0.000787753
-0.000787753
-0.000787752
-0.00078775
-0.000787749
-0.000749302
-0.000749304
-0.000749306
-0.000749307
-0.000749308
-0.000749308
-0.000749308
-0.000749309
-0.000749309
-0.000749309
-0.000749309
-0.000749308
-0.000749308
-0.000749307
-0.000749307
-0.000749306
-0.000749305
-0.000749303
-0.000749302
-0.0007493
-0.000710864
-0.000710865
-0.000710866
-0.000710867
-0.000710866
-0.000710866
-0.000710866
-0.000710865
-0.000710864
-0.000710862
-0.000710861
-0.00071086
-0.000710859
-0.000710857
-0.000710856
-0.000710854
-0.000710853
-0.000710851
-0.000710849
-0.000710847
-0.000672419
-0.00067242
-0.000672421
-0.00067242
-0.000672419
-0.000672419
-0.000672417
-0.000672415
-0.000672413
-0.000672411
-0.000672409
-0.000672407
-0.000672406
-0.000672404
-0.000672402
-0.0006724
-0.000672398
-0.000672396
-0.000672394
-0.000672392
-0.000633969
-0.00063397
-0.00063397
-0.000633969
-0.000633968
-0.000633966
-0.000633964
-0.000633961
-0.000633959
-0.000633957
-0.000633954
-0.000633952
-0.00063395
-0.000633948
-0.000633945
-0.000633943
-0.000633941
-0.000633939
-0.000633938
-0.000633937
-0.000595515
-0.000595515
-0.000595514
-0.000595513
-0.000595512
-0.00059551
-0.000595507
-0.000595505
-0.000595503
-0.0005955
-0.000595498
-0.000595495
-0.000595493
-0.00059549
-0.000595488
-0.000595486
-0.000595484
-0.000595483
-0.000595482
-0.000595481
-0.000557058
-0.000557057
-0.000557056
-0.000557055
-0.000557053
-0.000557051
-0.000557049
-0.000557047
-0.000557045
-0.000557042
-0.00055704
-0.000557038
-0.000557035
-0.000557033
-0.000557032
-0.00055703
-0.000557028
-0.000557027
-0.000557027
-0.000557027
-0.000518598
-0.000518597
-0.000518596
-0.000518595
-0.000518593
-0.000518592
-0.00051859
-0.000518588
-0.000518586
-0.000518585
-0.000518583
-0.000518581
-0.000518579
-0.000518577
-0.000518576
-0.000518575
-0.000518574
-0.000518573
-0.000518574
-0.000518574
-0.000480139
-0.000480137
-0.000480137
-0.000480135
-0.000480134
-0.000480133
-0.000480132
-0.00048013
-0.000480129
-0.000480128
-0.000480126
-0.000480125
-0.000480124
-0.000480123
-0.000480122
-0.000480122
-0.000480122
-0.000480122
-0.000480123
-0.000480123
-0.000441682
-0.00044168
-0.000441679
-0.000441678
-0.000441677
-0.000441676
-0.000441675
-0.000441675
-0.000441674
-0.000441673
-0.000441673
-0.000441672
-0.000441672
-0.000441671
-0.000441672
-0.000441672
-0.000441673
-0.000441674
-0.000441674
-0.000441676
-0.000403229
-0.000403227
-0.000403225
-0.000403225
-0.000403224
-0.000403224
-0.000403223
-0.000403223
-0.000403223
-0.000403223
-0.000403223
-0.000403223
-0.000403223
-0.000403224
-0.000403225
-0.000403226
-0.000403228
-0.000403229
-0.00040323
-0.000403232
-0.000364782
-0.000364779
-0.000364777
-0.000364777
-0.000364777
-0.000364776
-0.000364777
-0.000364777
-0.000364777
-0.000364778
-0.000364778
-0.000364779
-0.00036478
-0.000364782
-0.000364784
-0.000364786
-0.000364788
-0.00036479
-0.000364791
-0.000364793
-0.000326341
-0.000326338
-0.000326337
-0.000326337
-0.000326337
-0.000326337
-0.000326338
-0.000326338
-0.000326339
-0.00032634
-0.000326342
-0.000326343
-0.000326345
-0.000326347
-0.000326349
-0.000326352
-0.000326354
-0.000326357
-0.000326359
-0.000326361
-0.00028791
-0.000287907
-0.000287906
-0.000287906
-0.000287906
-0.000287907
-0.000287908
-0.000287909
-0.00028791
-0.000287912
-0.000287914
-0.000287916
-0.000287918
-0.000287921
-0.000287923
-0.000287926
-0.000287928
-0.000287931
-0.000287934
-0.000287936
-0.00024949
-0.000249487
-0.000249486
-0.000249486
-0.000249487
-0.000249488
-0.000249489
-0.000249491
-0.000249493
-0.000249494
-0.000249496
-0.000249499
-0.000249501
-0.000249504
-0.000249506
-0.000249509
-0.000249512
-0.000249514
-0.000249517
-0.000249521
-0.000211082
-0.000211079
-0.000211078
-0.000211078
-0.00021108
-0.000211081
-0.000211082
-0.000211084
-0.000211086
-0.000211088
-0.00021109
-0.000211093
-0.000211095
-0.000211098
-0.0002111
-0.000211102
-0.000211105
-0.000211107
-0.00021111
-0.000211114
-0.000172686
-0.000172683
-0.000172682
-0.000172683
-0.000172684
-0.000172686
-0.000172688
-0.00017269
-0.000172692
-0.000172694
-0.000172696
-0.000172698
-0.0001727
-0.000172702
-0.000172704
-0.000172706
-0.000172708
-0.00017271
-0.000172713
-0.000172717
-0.000134301
-0.000134299
-0.000134299
-0.0001343
-0.000134301
-0.000134303
-0.000134305
-0.000134307
-0.000134309
-0.000134311
-0.000134313
-0.000134315
-0.000134316
-0.000134317
-0.000134319
-0.00013432
-0.000134321
-0.000134323
-0.000134326
-0.00013433
-9.59269e-05
-9.59256e-05
-9.59265e-05
-9.59282e-05
-9.59304e-05
-9.59329e-05
-9.59351e-05
-9.59373e-05
-9.59393e-05
-9.5941e-05
-9.59425e-05
-9.59435e-05
-9.59443e-05
-9.59444e-05
-9.59447e-05
-9.59447e-05
-9.59449e-05
-9.59454e-05
-9.5948e-05
-9.59515e-05
-5.75601e-05
-5.75609e-05
-5.75635e-05
-5.75668e-05
-5.75705e-05
-5.75735e-05
-5.75763e-05
-5.75788e-05
-5.75805e-05
-5.75821e-05
-5.7583e-05
-5.75834e-05
-5.75834e-05
-5.75823e-05
-5.75809e-05
-5.75791e-05
-5.75773e-05
-5.75752e-05
-5.75752e-05
-5.75771e-05
-1.91903e-05
-1.91917e-05
-1.91938e-05
-1.91966e-05
-1.91991e-05
-1.92011e-05
-1.9203e-05
-1.92043e-05
-1.92055e-05
-1.92061e-05
-1.92063e-05
-1.92063e-05
-1.92059e-05
-1.9205e-05
-1.92037e-05
-1.9202e-05
-1.92001e-05
-1.91979e-05
-1.91965e-05
-1.91966e-05
)
;

boundaryField
{
    inlet
    {
        type            fixedValue;
        value           uniform 0;
    }
    atmosphere
    {
        type            fixedValue;
        value           uniform 0;
    }
    walls
    {
        type            fixedFluxPressure;
        gradient        nonuniform List<scalar> 
800
(
9.38979e-05
0.00141652
0.00579263
0.0139037
0.0179964
0.020146
0.0217395
0.0229442
0.0227734
0.0198203
0.0145173
0.00803571
-0.000106563
-0.00924921
-0.0139093
-0.0177132
-0.0204676
-0.0227581
-0.0242674
-0.0280188
-0.0400725
-0.0518482
-0.0503858
-0.0367314
-0.0170066
-0.00460504
-0.000982619
0.00139089
0.00292101
0.00416328
0.0241808
0.0288236
0.0312744
0.0348247
0.0367402
0.0376146
0.0392131
0.04043
0.0402264
0.0387615
0.0351263
0.0296693
0.0225838
0.0142428
0.00560834
-0.00261667
-0.00983863
-0.0137187
-0.00932251
0.00217951
0.0337591
0.0356805
0.0377025
0.0433839
0.0462048
0.0454578
0.0423192
0.0364703
0.0317994
0.0278198
0.0285434
0.0291518
0.0302055
0.0304028
0.0272398
0.0206583
0.0137595
0.00633061
-0.00100547
-0.0040774
0.00165021
0.00669475
0.00980899
0.0135424
0.0153975
0.0133935
0.00528132
-0.00701584
-0.0438916
-0.0766255
-0.0589747
-0.0305886
-0.0194691
-0.0208566
-0.0284181
-0.0298434
-0.0277019
-0.0169316
-0.00794474
-0.00553892
-0.00476963
-0.00199769
0.0034715
0.00797156
0.00906141
0.00701366
0.00415834
0.00258364
0.00194003
0.00287956
0.00380977
0.00253305
0.000966226
0.0020083
0.00621852
0.00916105
0.00708846
0.00155243
-0.00199779
0.00515419
0.0310738
0.0280805
0.0342514
0.0318567
0.0337155
0.0372297
0.037492
0.0388748
0.0457804
0.0466143
0.0428961
0.0374955
0.0403343
0.0381655
0.0322392
0.0324382
0.0356156
0.0366012
0.031218
0.0262235
0.0232242
0.0218994
0.0207002
0.0213275
0.0223772
0.0233402
0.0231934
0.0208013
0.026016
0.0255976
0.0239138
0.0284916
0.0269248
0.0200791
0.0133242
0.0126751
0.0187116
0.0197322
0.0116298
-0.00770857
-0.0134763
-0.00240713
0.00272584
0.00412426
-0.123379
-0.0785691
-0.000841081
0.0467217
-2.17129
1.42466
0.0755506
-363.709
-241.803
-185.21
-0.000179877
0.175368
-0.07695
-855.754
-786.506
-115.817
0.00131709
0.561454
0.449639
6.58662
2.38215
3.51468
-1.87243
0.457731
0.00961371
0.494436
-4.49034
-30.223
-103.224
-0.422068
0.0719197
0.891973
15.1323
0.134906
-14.4126
3.45995
17.4731
-16.9951
-258.527
0.447299
-311.929
54.9985
382570
-33422.5
-275123
-0.666121
-0.220704
-0.216844
-0.213503
-0.166763
-1.87746
-36.4545
2413.28
2208.27
510.846
-94.4145
-0.479319
-0.0827417
-0.126725
-0.133565
-0.0168329
-0.000142031
-1.45136e-07
-2.19242e-10
-8.82817e-11
-1.04395e-10
-1.88245e-10
-2.74265e-10
-1.62051e-10
-4.85324e-11
-5.723e-12
-1.02168e-13
-5.8532e-17
-2.31855e-20
-1.1324e-21
-2.75198e-23
-1.49765e-25
-1.14109e-28
-1.05168e-32
-2.91582e-33
-2.37713e-33
-1.36037e-33
-6.17208e-34
-2.46126e-34
-9.1099e-35
-3.18241e-35
-1.06546e-35
-3.47647e-36
-1.1251e-36
-3.67823e-37
-1.22643e-37
-4.14019e-38
-1.39134e-38
-4.62199e-39
-1.51681e-39
-4.92036e-40
-1.60971e-40
-5.32911e-41
-1.74636e-41
-5.63962e-42
-1.76574e-42
-5.34997e-43
-1.58072e-43
-4.61353e-44
-1.34959e-44
-3.92459e-45
-1.09585e-45
-3.02329e-46
-8.79774e-47
-2.71834e-47
-8.66729e-48
-2.77851e-48
-8.84247e-49
-2.63837e-49
-7.49538e-50
-2.11609e-50
-6.04716e-51
-1.76677e-51
-5.34647e-52
-1.66806e-52
-5.15347e-53
-1.56208e-53
-4.59675e-54
-1.34814e-54
-3.98298e-55
-1.16928e-55
-3.47494e-56
-1.07379e-56
-3.40491e-57
-1.06116e-57
-3.27086e-58
-9.91615e-59
-2.96447e-59
-9.62002e-60
-3.22151e-60
-1.18182e-60
-4.75268e-61
-1.94715e-61
-7.76442e-62
-2.9198e-62
-1.00743e-62
-3.23516e-63
-1.06217e-63
-3.69919e-64
-1.31099e-64
-4.43374e-65
-1.46926e-65
-5.14633e-66
-1.67466e-66
-4.85374e-67
-1.31741e-67
-3.86488e-68
-1.28817e-68
-4.14472e-69
-1.33091e-69
-4.09847e-70
-1.2489e-70
-4.37582e-71
-1.63633e-71
-5.91402e-72
-2.20298e-72
-8.6747e-73
-3.43185e-73
-1.24914e-73
-4.51735e-74
-1.65772e-74
-6.34068e-75
-2.16075e-75
-6.60324e-76
-1.9976e-76
-6.39179e-77
-2.11524e-77
-6.38367e-78
-1.65618e-78
-3.93776e-79
-9.4919e-80
-2.72448e-80
-9.37306e-81
-3.9304e-81
-1.68265e-81
-6.9314e-82
-2.80163e-82
-1.11919e-82
-4.52517e-83
-1.57808e-83
-4.75935e-84
-1.26846e-84
-3.23572e-85
-7.77582e-86
-1.84149e-86
-4.46494e-87
-1.17238e-87
-3.39766e-88
-1.06518e-88
-3.56187e-89
-1.20346e-89
-4.03799e-90
-1.32174e-90
-4.12954e-91
-1.25101e-91
-3.96457e-92
-1.26147e-92
-4.03838e-93
-1.39618e-93
-5.46413e-94
-2.26667e-94
-9.52257e-95
-3.59343e-95
-1.22798e-95
-3.80976e-96
-1.01392e-96
-2.30068e-97
-4.72962e-98
-9.17991e-99
-1.75245e-99
-3.40305e-100
-7.99013e-101
-2.36115e-101
-7.48339e-102
-2.3721e-102
-7.63313e-103
-2.52144e-103
-8.08783e-104
-2.4867e-104
-7.7572e-105
-2.69514e-105
-1.03383e-105
-3.97488e-106
-1.52556e-106
-6.18906e-107
-2.62682e-107
-1.07435e-107
-3.22363e-108
-1.23763e-107
-3.15368e-107
-6.85179e-107
-1.38284e-106
-2.64345e-106
-4.74758e-106
-7.82506e-106
-1.14267e-105
-1.42087e-105
-1.34228e-105
-3.8716e-106
-1.82643e-105
-1.46409e-105
0.000331582
-0.00206825
-0.00721561
-0.015009
-0.0249384
-0.0303876
-0.0220095
-0.0290522
-0.0262166
-0.0209373
-0.0150162
-0.00925973
-0.003618
0.00119036
0.0191467
0.0193923
0.0216151
0.0229439
0.0239042
0.0286427
0.0313692
0.0308601
0.0295929
0.0290857
0.027846
0.0253564
0.0158525
0.00358915
-0.00226889
-0.00898948
-0.0200123
-0.0280194
-0.0269483
-0.0231463
-0.0176453
-0.00791161
0.000358066
0.0140689
0.0279717
0.0312505
0.0341442
0.0407876
0.0464289
0.0498408
0.0516666
0.0530905
0.0548324
0.0565101
0.0573134
0.0568674
0.0553816
0.0533929
0.0511784
0.0482731
0.044244
0.037584
0.0277625
0.0232332
0.0192887
0.0052821
0.00188048
0.000879072
-0.000105344
-0.00270198
-0.0083354
-0.0125543
-0.0105958
-0.00367899
0.00524631
0.00988273
0.0106787
0.0084622
0.00506063
0.00180255
-0.00575122
-0.0132401
-0.0139803
-0.013886
-0.0131299
-0.012318
-0.0107025
-0.0078391
-0.00300699
0.00035428
0.00305286
0.00549858
0.00631523
0.00303113
-0.00486927
-0.00499759
0.00152344
0.0060999
0.00707417
0.00244792
-0.00696347
-0.0174554
-0.0208977
-0.0172039
-0.0135254
-0.0113802
-0.00863571
-0.00890209
-0.00996552
-0.0133154
-0.0221579
-0.0285661
-0.0285398
-0.0209522
-0.00609272
0.00625257
0.0141462
0.0200295
0.0214324
0.0180475
0.0135985
0.0142475
0.0186841
0.0231583
0.0256181
0.0228184
0.0228019
0.0225913
0.0201192
0.0192183
0.0187338
0.0159679
0.0170887
0.0170431
0.0134601
0.00755061
-0.00118531
0.00721638
0.0152857
0.0177432
0.0154861
0.0124943
0.0091455
0.00547161
0.00596249
0.00681586
0.00810526
0.0116515
0.0147236
0.0102661
-0.000755955
0.00607395
0.0300439
0.0274322
0.0287457
0.0276284
0.0179054
0.0168944
0.00837835
0.00156417
-0.0157612
-0.062748
-0.0120428
0.0200727
-1.83528
0.25981
0.0969359
-397.245
-336.734
-129.201
-0.0165084
0.807349
80.4134
-131.674
-35.2244
158.315
-24.2398
21.7476
0.000398767
0.0196653
0.146842
0.194567
-1.54596
0.358176
-0.00845416
0.951972
10.9413
-129.653
-60.2677
1.35057
0.148484
0.357647
16.8471
-0.247559
-15.5121
2.88321
20.2533
-14.0962
-244.561
1.08327
-189.059
57.3677
336966
12315.1
-290262
-0.950618
-0.218795
-0.223901
-0.218973
-0.222229
-1.63983
-29.6113
991.788
920.612
89.3496
-75.8298
-0.462842
-0.0827787
-0.12886
-0.137886
-0.0251961
-0.000308304
-4.46129e-07
-1.11395e-10
-1.44068e-10
-1.6915e-10
-2.7237e-10
-3.93266e-10
-2.27762e-10
-7.11524e-11
-1.0075e-11
-2.15748e-13
-1.26115e-16
-4.14554e-20
-2.19512e-21
-5.89204e-23
-3.55049e-25
-3.0239e-28
-2.95774e-32
-8.53183e-33
-5.99907e-33
-2.94177e-33
-1.26079e-33
-4.93716e-34
-1.793e-34
-6.09116e-35
-1.95632e-35
-6.00306e-36
-1.78105e-36
-5.19244e-37
-1.51878e-37
-4.58031e-38
-1.44883e-38
-4.79698e-39
-1.65023e-39
-5.78583e-40
-2.0327e-40
-7.10909e-41
-2.47481e-41
-8.6026e-42
-2.95122e-42
-9.86785e-43
-3.19812e-43
-1.00765e-43
-3.0499e-44
-8.85081e-45
-2.51585e-45
-7.18423e-46
-2.06211e-46
-5.99348e-47
-1.74037e-47
-5.0059e-48
-1.45445e-48
-4.2337e-49
-1.22442e-49
-3.48821e-50
-9.98942e-51
-2.92753e-51
-8.91267e-52
-2.71426e-52
-8.14765e-53
-2.42408e-53
-7.09508e-54
-2.06482e-54
-5.98376e-55
-1.78139e-55
-5.36711e-56
-1.60723e-56
-4.78364e-57
-1.41617e-57
-4.52073e-58
-1.47836e-58
-4.75202e-59
-1.58198e-59
-5.86927e-60
-2.33905e-60
-9.15894e-61
-3.36944e-61
-1.19866e-61
-4.41391e-62
-1.73177e-62
-6.65157e-63
-2.366e-63
-7.76731e-64
-2.42348e-64
-7.50457e-65
-2.35204e-65
-7.02693e-66
-1.9418e-66
-4.90583e-67
-1.17366e-67
-3.09965e-68
-8.8252e-69
-2.59159e-69
-7.75932e-70
-2.34756e-70
-7.50805e-71
-2.55772e-71
-9.27345e-72
-3.51197e-72
-1.27628e-72
-4.56681e-73
-1.81549e-73
-7.96553e-74
-3.2949e-74
-1.20023e-74
-4.02022e-75
-1.29879e-75
-4.12305e-76
-1.2731e-76
-4.36528e-77
-1.61661e-77
-5.79733e-78
-1.87672e-78
-5.81618e-79
-2.03647e-79
-7.38972e-80
-2.51051e-80
-7.60063e-81
-2.11008e-81
-5.67522e-82
-1.53914e-82
-4.7735e-83
-1.72446e-83
-6.36254e-84
-2.36458e-84
-8.64914e-85
-3.2959e-85
-1.21168e-85
-4.36147e-86
-1.58868e-86
-5.95988e-87
-2.17879e-87
-6.8379e-88
-1.85295e-88
-4.57802e-89
-1.01855e-89
-2.04054e-90
-3.88e-91
-8.23735e-92
-2.14045e-92
-6.15192e-93
-1.80674e-93
-5.42244e-94
-1.84036e-94
-7.03505e-95
-2.69407e-95
-1.0171e-95
-3.57162e-96
-1.17094e-96
-3.35859e-97
-8.32897e-98
-1.926e-98
-4.51644e-99
-1.12595e-99
-3.32721e-100
-1.05769e-100
-3.53537e-101
-1.16315e-101
-3.83179e-102
-1.24969e-102
-4.16127e-103
-1.40581e-103
-4.71986e-104
-1.55906e-104
-5.24664e-105
-1.76667e-105
-5.81534e-106
-1.88777e-106
-6.54918e-107
-2.49136e-107
-8.00266e-108
-7.05668e-108
-2.48704e-107
-5.84496e-107
-1.25863e-106
-2.54324e-106
-4.834e-106
-8.59604e-106
-1.40467e-105
-2.03609e-105
-2.51016e-105
-2.34486e-105
-6.64788e-106
-3.25312e-105
-2.59243e-105
)
;
        value           nonuniform List<scalar> 
800
(
0.0157661
0.0472983
0.0788305
0.110363
0.141895
0.173427
0.204959
0.236492
0.268025
0.299557
0.33109
0.362623
0.394156
0.42569
0.457223
0.488757
0.520291
0.551826
0.58336
0.614895
0.646431
0.677966
0.709502
0.741038
0.772575
0.804112
0.835649
0.867187
0.898725
0.930264
0.961803
0.993343
1.02488
1.05642
1.08796
1.1195
1.15104
1.18258
1.21412
1.24566
1.2772
1.30874
1.34027
1.37181
1.40335
1.43489
1.46643
1.49797
1.5295
1.56104
1.59258
1.62412
1.65565
1.68719
1.71873
1.75027
1.7818
1.81334
1.84488
1.87641
1.90795
1.93949
1.97102
2.00256
2.0341
2.06563
2.09717
2.1287
2.16024
2.19178
2.22331
2.25485
2.28638
2.31792
2.34946
2.38099
2.41253
2.44406
2.4756
2.50714
2.53867
2.57021
2.60175
2.63328
2.66482
2.69635
2.72789
2.75943
2.79096
2.8225
2.85403
2.88557
2.91711
2.94864
2.98018
3.01172
3.04325
3.07479
3.10632
3.13786
3.1694
3.20093
3.23247
3.26401
3.29554
3.32708
3.35861
3.39015
3.42169
3.45322
3.48476
3.5163
3.54783
3.57937
3.61091
3.64244
3.67398
3.70551
3.73705
3.76859
3.80012
3.83166
3.8632
3.89473
3.92627
3.95781
3.98934
4.02088
4.05242
4.08396
4.11549
4.14703
4.17857
4.21011
4.24164
4.27318
4.30472
4.33626
4.3678
4.39934
4.43088
4.46243
4.49397
4.52551
4.55706
4.58861
4.62016
4.65171
4.68326
4.71482
4.74638
4.77795
4.80952
4.8411
4.87269
4.90427
4.93586
4.96741
4.99935
5.03056
5.06164
5.09892
5.20986
5.15478
5.19338
5.22583
5.25238
5.27667
5.61936
5.34112
5.3742
5.40644
5.42937
5.45892
5.48359
5.549
5.58958
5.62359
5.64135
5.67994
5.72588
5.77788
5.82182
5.86562
5.90461
5.94628
5.97821
6.0357
6.1033
6.15972
6.18105
6.14298
5.86251
5.19443
3.35857
0.259284
17.1369
-8.22387
-6.07883
0.096493
0.104876
0.0589324
0.0197886
0.00310777
-0.00248482
-0.00227183
0.197154
0.181857
0.0159952
-0.0065133
-0.00671139
-0.00734912
-0.00750993
-0.00749657
-0.00741325
-0.00731468
-0.00722043
-0.00713555
-0.00706078
-0.00699487
-0.0069361
-0.00688273
-0.00683349
-0.00678726
-0.00674319
-0.00670066
-0.00665923
-0.00661859
-0.00657853
-0.00653889
-0.00649957
-0.00646046
-0.00642152
-0.00638271
-0.00634401
-0.00630539
-0.00626686
-0.00622839
-0.00618996
-0.00615155
-0.00611318
-0.00607485
-0.00603653
-0.00599823
-0.00595994
-0.00592169
-0.00588345
-0.0058452
-0.00580695
-0.00576869
-0.00573045
-0.00569222
-0.005654
-0.0056158
-0.00557758
-0.00553936
-0.00550113
-0.0054629
-0.00542466
-0.00538644
-0.00534821
-0.00530999
-0.00527178
-0.00523356
-0.00519534
-0.00515711
-0.00511887
-0.00508064
-0.00504242
-0.0050042
-0.00496596
-0.0049277
-0.00488943
-0.00485116
-0.00481291
-0.00477467
-0.00473644
-0.00469821
-0.00465998
-0.00462174
-0.0045835
-0.00454525
-0.00450699
-0.00446873
-0.00443048
-0.00439223
-0.00435399
-0.00431574
-0.00427747
-0.00423919
-0.00420089
-0.00416259
-0.0041243
-0.00408603
-0.00404776
-0.0040095
-0.00397124
-0.00393298
-0.0038947
-0.00385641
-0.00381811
-0.00377981
-0.00374152
-0.00370323
-0.00366496
-0.00362668
-0.0035884
-0.0035501
-0.0035118
-0.00347349
-0.00343518
-0.00339687
-0.00335858
-0.00332028
-0.00328199
-0.0032437
-0.0032054
-0.00316709
-0.00312877
-0.00309045
-0.00305214
-0.00301384
-0.00297555
-0.00293726
-0.00289896
-0.00286065
-0.00282231
-0.00278395
-0.00274558
-0.0027072
-0.00266883
-0.00263049
-0.00259217
-0.00255389
-0.00251562
-0.00247735
-0.00243908
-0.00240079
-0.00236247
-0.00232415
-0.00228581
-0.00224747
-0.00220913
-0.00217079
-0.00213245
-0.00209411
-0.00205576
-0.00201741
-0.00197905
-0.00194069
-0.00190232
-0.00186396
-0.00182559
-0.00178722
-0.00174884
-0.00171045
-0.00167205
-0.00163364
-0.00159523
-0.0015568
-0.00151837
-0.00147993
-0.00144149
-0.00140305
-0.0013646
-0.00132614
-0.00128767
-0.00124919
-0.00121071
-0.00117222
-0.00113374
-0.00109526
-0.00105679
-0.00101833
-0.00097988
-0.000941442
-0.000903013
-0.000864587
-0.000826162
-0.000787735
-0.000749302
-0.000710864
-0.000672419
-0.000633969
-0.000595515
-0.000557058
-0.000518598
-0.000480139
-0.000441682
-0.000403229
-0.000364782
-0.000326341
-0.00028791
-0.00024949
-0.000211082
-0.000172686
-0.000134301
-9.59269e-05
-5.75601e-05
-1.91903e-05
0.0157661
0.0472983
0.0788305
0.110363
0.141895
0.173427
0.204959
0.236491
0.268023
0.299556
0.331089
0.362622
0.394155
0.425689
0.457223
0.488757
0.520292
0.551827
0.583362
0.614897
0.646433
0.677969
0.709505
0.741041
0.772578
0.804115
0.835653
0.86719
0.898728
0.930267
0.961805
0.993344
1.02488
1.05642
1.08796
1.1195
1.15104
1.18258
1.21412
1.24566
1.2772
1.30874
1.34027
1.37181
1.40335
1.43489
1.46643
1.49797
1.52951
1.56104
1.59258
1.62412
1.65565
1.68719
1.71873
1.75027
1.7818
1.81334
1.84488
1.87641
1.90795
1.93949
1.97102
2.00256
2.03409
2.06563
2.09717
2.1287
2.16024
2.19178
2.22331
2.25485
2.28638
2.31792
2.34946
2.38099
2.41253
2.44407
2.4756
2.50714
2.53867
2.57021
2.60175
2.63328
2.66482
2.69635
2.72789
2.75943
2.79096
2.8225
2.85403
2.88557
2.91711
2.94864
2.98018
3.01172
3.04325
3.07479
3.10632
3.13786
3.1694
3.20093
3.23247
3.26401
3.29554
3.32708
3.35861
3.39015
3.42169
3.45322
3.48476
3.5163
3.54783
3.57937
3.6109
3.64244
3.67398
3.70551
3.73705
3.76859
3.80012
3.83166
3.86319
3.89473
3.92627
3.9578
3.98934
4.02087
4.05241
4.08394
4.11548
4.14701
4.17855
4.21009
4.24162
4.27315
4.30469
4.33622
4.36776
4.39929
4.43082
4.46235
4.49388
4.52541
4.55694
4.58847
4.61999
4.65152
4.68304
4.71456
4.74608
4.77759
4.8091
4.84061
4.87212
4.90361
4.9351
4.96654
4.99812
5.02931
5.06032
5.09807
5.20684
5.15357
5.19389
5.22835
5.25832
5.33497
5.31041
5.35367
5.37836
5.40496
5.44013
5.47162
5.50252
5.53388
5.5673
5.59677
5.6379
5.69431
5.73766
5.77601
5.80742
5.84385
5.8806
5.92179
5.95703
6.01611
6.08861
6.14715
6.17038
6.14501
5.88144
5.24602
3.52024
0.71003
15.8532
-7.20853
-6.45631
0.090267
0.102393
0.0577857
0.0193594
0.00281715
-0.00320169
-0.00469243
0.0678147
0.081517
0.00109573
-0.00629167
-0.00673483
-0.00731792
-0.00745435
-0.00742948
-0.00734154
-0.00724431
-0.00715308
-0.00707257
-0.00700282
-0.00694234
-0.00688907
-0.00684111
-0.00679692
-0.00675533
-0.00671548
-0.00667679
-0.00663882
-0.00660127
-0.00656389
-0.00652655
-0.00648919
-0.00645177
-0.00641429
-0.00637674
-0.0063391
-0.00630136
-0.00626355
-0.00622567
-0.00618774
-0.00614978
-0.00611177
-0.00607371
-0.00603561
-0.00599749
-0.00595936
-0.00592122
-0.00588307
-0.00584491
-0.00580671
-0.00576849
-0.00573026
-0.00569204
-0.00565382
-0.00561561
-0.0055774
-0.00553919
-0.00550097
-0.00546276
-0.00542454
-0.00538633
-0.00534811
-0.00530988
-0.00527165
-0.00523342
-0.00519519
-0.00515696
-0.00511872
-0.00508048
-0.00504225
-0.00500402
-0.00496579
-0.00492757
-0.00488935
-0.00485112
-0.00481288
-0.00477463
-0.00473637
-0.00469812
-0.00465987
-0.00462163
-0.00458339
-0.00454514
-0.00450689
-0.00446864
-0.00443038
-0.00439214
-0.0043539
-0.00431565
-0.00427741
-0.00423915
-0.00420088
-0.00416259
-0.0041243
-0.004086
-0.00404772
-0.00400945
-0.00397119
-0.00393294
-0.00389468
-0.00385643
-0.00381816
-0.00377987
-0.00374158
-0.00370328
-0.00366499
-0.00362669
-0.0035884
-0.00355011
-0.00351181
-0.0034735
-0.00343519
-0.00339688
-0.00335857
-0.00332027
-0.00328198
-0.00324371
-0.00320544
-0.00316717
-0.00312889
-0.00309059
-0.00305227
-0.00301394
-0.00297559
-0.00293724
-0.0028989
-0.00286057
-0.00282224
-0.00278393
-0.00274562
-0.00270731
-0.002669
-0.00263068
-0.00259236
-0.00255403
-0.00251571
-0.00247738
-0.00243905
-0.00240073
-0.00236239
-0.00232406
-0.00228572
-0.00224738
-0.00220903
-0.00217069
-0.00213235
-0.00209402
-0.00205568
-0.00201735
-0.001979
-0.00194065
-0.00190229
-0.00186392
-0.00182553
-0.00178714
-0.00174874
-0.00171035
-0.00167196
-0.00163357
-0.00159519
-0.0015568
-0.0015184
-0.00147999
-0.00144157
-0.00140312
-0.00136466
-0.00132618
-0.00128769
-0.0012492
-0.00121071
-0.00117223
-0.00113375
-0.00109529
-0.00105684
-0.00101839
-0.000979949
-0.000941512
-0.000903074
-0.000864636
-0.000826194
-0.000787749
-0.0007493
-0.000710847
-0.000672392
-0.000633937
-0.000595481
-0.000557027
-0.000518574
-0.000480123
-0.000441676
-0.000403232
-0.000364793
-0.000326361
-0.000287936
-0.000249521
-0.000211114
-0.000172717
-0.00013433
-9.59515e-05
-5.75771e-05
-1.91966e-05
)
;
    }
    frontAndBack
    {
        type            empty;
    }
}


// ************************************************************************* //
