/*--------------------------------*- C++ -*----------------------------------*\
| =========                 |                                                 |
| \\      /  F ield         | OpenFOAM: The Open Source CFD Toolbox           |
|  \\    /   O peration     | Version:  5.x                                   |
|   \\  /    A nd           | Web:      www.OpenFOAM.org                      |
|    \\/     M anipulation  |                                                 |
\*---------------------------------------------------------------------------*/
FoamFile
{
    version     2.0;
    format      ascii;
    class       volVectorField;
    location    "0.1";
    object      U;
}
// * * * * * * * * * * * * * * * * * * * * * * * * * * * * * * * * * * * * * //

dimensions      [0 1 -1 0 0 0 0];

internalField   nonuniform List<vector> 
2268
(
(0.0267062 -0.0127996 0)
(0.0868263 -0.0157088 0)
(0.152216 -0.0151758 0)
(0.216716 -0.0151764 0)
(0.281797 -0.0156949 0)
(0.3495 -0.0164467 0)
(0.421004 -0.0173902 0)
(0.496377 -0.0184988 0)
(0.577815 -0.0199204 0)
(0.664576 -0.0215231 0)
(0.758773 -0.0232804 0)
(0.862026 -0.0254646 0)
(0.974157 -0.0286223 0)
(1.09901 -0.0326704 0)
(1.2386 -0.0346043 0)
(1.37752 -0.029234 0)
(1.48223 -0.0165737 0)
(1.53013 -0.00581562 0)
(1.54407 -0.00432626 0)
(1.5519 0.000812295 0)
(1.48303 0.0356484 0)
(1.03781 0.124305 0)
(0.44488 0.154244 0)
(0.0267027 -0.0383776 0)
(0.0868856 -0.0470028 0)
(0.152285 -0.0454691 0)
(0.21672 -0.0454948 0)
(0.281762 -0.0470431 0)
(0.34941 -0.0492928 0)
(0.420843 -0.052102 0)
(0.496061 -0.055437 0)
(0.57744 -0.0596363 0)
(0.66389 -0.0643917 0)
(0.757812 -0.0699375 0)
(0.861627 -0.0765928 0)
(0.974006 -0.0852904 0)
(1.0961 -0.0960617 0)
(1.23118 -0.101099 0)
(1.37324 -0.0881722 0)
(1.5064 -0.0580959 0)
(1.61743 -0.0333055 0)
(1.70229 -0.0371098 0)
(1.77991 -0.0255054 0)
(1.83485 0.125824 0)
(1.4448 0.454063 0)
(0.762885 0.615124 0)
(0.0266075 -0.0640445 0)
(0.086592 -0.0782012 0)
(0.15168 -0.0757187 0)
(0.215719 -0.0757838 0)
(0.280417 -0.0783402 0)
(0.347704 -0.0820717 0)
(0.418735 -0.086721 0)
(0.493454 -0.0922886 0)
(0.574357 -0.0991949 0)
(0.660158 -0.107083 0)
(0.753451 -0.116613 0)
(0.857112 -0.127624 0)
(0.969154 -0.140737 0)
(1.08946 -0.157423 0)
(1.22199 -0.167986 0)
(1.36572 -0.157012 0)
(1.51776 -0.127935 0)
(1.67628 -0.0985369 0)
(1.81841 -0.073396 0)
(1.82349 -0.0460473 0)
(1.76193 0.196358 0)
(1.61072 0.602978 0)
(0.920422 1.15914 0)
(0.0264954 -0.0896944 0)
(0.0861659 -0.109183 0)
(0.150769 -0.105786 0)
(0.214252 -0.105914 0)
(0.278461 -0.109459 0)
(0.345233 -0.114644 0)
(0.415689 -0.121099 0)
(0.489716 -0.128872 0)
(0.569903 -0.138443 0)
(0.654867 -0.149429 0)
(0.747242 -0.162994 0)
(0.850203 -0.178434 0)
(0.961675 -0.195988 0)
(1.08132 -0.218795 0)
(1.21347 -0.236596 0)
(1.36017 -0.232716 0)
(1.52666 -0.213226 0)
(1.70579 -0.185491 0)
(1.86862 -0.110512 0)
(1.84865 0.00755058 0)
(1.52622 0.261962 0)
(1.49613 0.785288 0)
(0.986982 1.57497 0)
(0.026365 -0.115227 0)
(0.0856002 -0.1398 0)
(0.149548 -0.135521 0)
(0.212324 -0.135745 0)
(0.275901 -0.140263 0)
(0.342009 -0.146867 0)
(0.411721 -0.155078 0)
(0.484872 -0.16501 0)
(0.564154 -0.177175 0)
(0.648021 -0.191203 0)
(0.739271 -0.208773 0)
(0.841314 -0.228686 0)
(0.951949 -0.251047 0)
(1.07074 -0.280629 0)
(1.20205 -0.307607 0)
(1.35399 -0.316594 0)
(1.54138 -0.307873 0)
(1.7514 -0.256792 0)
(1.87962 -0.0905751 0)
(1.73072 0.104159 0)
(1.3009 0.447397 0)
(1.1548 0.94658 0)
(1.08101 1.91173 0)
(0.0262327 -0.140592 0)
(0.0849231 -0.169946 0)
(0.148051 -0.164808 0)
(0.21 -0.165165 0)
(0.272838 -0.17064 0)
(0.338171 -0.178621 0)
(0.407021 -0.188531 0)
(0.479181 -0.200573 0)
(0.557452 -0.215246 0)
(0.640066 -0.23228 0)
(0.730055 -0.253844 0)
(0.831123 -0.278061 0)
(0.94102 -0.30523 0)
(1.05809 -0.342364 0)
(1.18507 -0.382889 0)
(1.34047 -0.413017 0)
(1.5454 -0.41224 0)
(1.80622 -0.277841 0)
(1.67027 -0.0215312 0)
(1.32699 0.220826 0)
(1.05728 0.673442 0)
(0.718703 1.16478 0)
(0.926699 2.51192 0)
(0.0261502 -0.16602 0)
(0.0841878 -0.199849 0)
(0.146312 -0.193882 0)
(0.207348 -0.194414 0)
(0.269375 -0.20084 0)
(0.333858 -0.210171 0)
(0.40175 -0.221747 0)
(0.472836 -0.23588 0)
(0.549987 -0.253015 0)
(0.631197 -0.273067 0)
(0.719771 -0.298725 0)
(0.819547 -0.327142 0)
(0.928155 -0.358704 0)
(1.04149 -0.403274 0)
(1.15939 -0.461751 0)
(1.31414 -0.516347 0)
(1.53247 -0.505892 0)
(1.72415 -0.194796 0)
(1.36769 0.116454 0)
(1.00232 0.345532 0)
(0.834705 0.726499 0)
(0.561939 1.31457 0)
(0.671476 2.97014 0)
(0.0261105 -0.191428 0)
(0.0833457 -0.229419 0)
(0.144263 -0.22268 0)
(0.204287 -0.223448 0)
(0.265387 -0.230825 0)
(0.328877 -0.24148 0)
(0.395627 -0.254697 0)
(0.465431 -0.270879 0)
(0.541176 -0.290467 0)
(0.620565 -0.3135 0)
(0.707304 -0.343246 0)
(0.805112 -0.375905 0)
(0.910933 -0.411785 0)
(1.01684 -0.463936 0)
(1.12375 -0.541091 0)
(1.27717 -0.614163 0)
(1.51181 -0.545954 0)
(1.54902 -0.117211 0)
(1.15566 0.235875 0)
(0.788699 0.459706 0)
(0.601611 0.776808 0)
(0.37055 1.35802 0)
(0.455279 3.15194 0)
(0.00228126 -0.00225421 0)
(0.0295828 -0.00860654 0)
(0.0729629 -0.0076045 0)
(0.104737 -0.00513629 0)
(0.12392 -0.00279299 0)
(0.13269 -0.000923418 0)
(0.133657 0.000378007 0)
(0.129589 0.00120878 0)
(0.122336 0.00173205 0)
(0.113 0.00206762 0)
(0.102371 0.00227594 0)
(0.0909537 0.00239997 0)
(0.0790841 0.00246909 0)
(0.0669801 0.00250348 0)
(0.0547756 0.00251648 0)
(0.0425466 0.00251818 0)
(0.0303319 0.00251448 0)
(0.0181557 0.00250765 0)
(0.00602224 0.00252696 0)
(0.000766804 -0.00698546 0)
(0.0299703 -0.0275167 0)
(0.0781036 -0.0243042 0)
(0.112072 -0.0162723 0)
(0.131933 -0.00879573 0)
(0.140938 -0.00308636 0)
(0.142778 0.000965209 0)
(0.139184 0.00370017 0)
(0.131752 0.00546535 0)
(0.121834 0.00658708 0)
(0.110396 0.00727298 0)
(0.0980589 0.00767244 0)
(0.0852229 0.00788753 0)
(0.0721425 0.00798817 0)
(0.0589693 0.00802068 0)
(0.0457862 0.0080176 0)
(0.0326319 0.00799935 0)
(0.0195261 0.00797657 0)
(0.00645312 0.00789808 0)
(-0.00406821 -0.0109273 0)
(0.0255936 -0.0476891 0)
(0.0804665 -0.0419898 0)
(0.116254 -0.027597 0)
(0.135691 -0.0146188 0)
(0.143628 -0.00507341 0)
(0.144053 0.00164682 0)
(0.139351 0.00627269 0)
(0.131259 0.00929116 0)
(0.121002 0.0111998 0)
(0.109429 0.0123588 0)
(0.0970819 0.0130265 0)
(0.0843119 0.0133796 0)
(0.0713409 0.0135388 0)
(0.0583005 0.0135846 0)
(0.0452619 0.0135716 0)
(0.0322566 0.0135355 0)
(0.019303 0.0134973 0)
(0.00637934 0.0133737 0)
(-0.0130674 -0.0133268 0)
(0.0175748 -0.0701323 0)
(0.0841755 -0.0617666 0)
(0.122955 -0.0392145 0)
(0.141466 -0.0199923 0)
(0.147766 -0.00642494 0)
(0.146822 0.00291565 0)
(0.141089 0.00925967 0)
(0.13226 0.0133745 0)
(0.12152 0.0159609 0)
(0.109644 0.0175233 0)
(0.0971187 0.0184159 0)
(0.0842524 0.0188813 0)
(0.071238 0.0190844 0)
(0.0581874 0.0191356 0)
(0.0451595 0.0191089 0)
(0.0321771 0.0190536 0)
(0.0192546 0.0189992 0)
(0.00636424 0.0188223 0)
(-0.0270165 -0.00896641 0)
(0.00607456 -0.0958202 0)
(0.0895051 -0.0854633 0)
(0.132776 -0.0512287 0)
(0.149503 -0.0245864 0)
(0.153307 -0.0070671 0)
(0.15054 0.00475389 0)
(0.143514 0.0126644 0)
(0.133773 0.0177433 0)
(0.122422 0.0209079 0)
(0.11015 0.0228036 0)
(0.0973742 0.0238738 0)
(0.0843566 0.0244203 0)
(0.0712562 0.0246471 0)
(0.0581626 0.0246909 0)
(0.0451193 0.0246428 0)
(0.032139 0.0245632 0)
(0.0192293 0.0244895 0)
(0.00635606 0.0242583 0)
(-0.0278141 0.00302738 0)
(0.00807854 -0.125441 0)
(0.0993865 -0.113345 0)
(0.14635 -0.0636839 0)
(0.159938 -0.0279925 0)
(0.160187 -0.00661015 0)
(0.155067 0.00735471 0)
(0.146429 0.0165919 0)
(0.135578 0.0224641 0)
(0.123494 0.026086 0)
(0.110748 0.0282316 0)
(0.0976745 0.0294232 0)
(0.0844764 0.0300134 0)
(0.0712735 0.0302391 0)
(0.0581286 0.0302594 0)
(0.0450676 0.0301794 0)
(0.0320905 0.030069 0)
(0.019197 0.0299723 0)
(0.00634522 0.0296865 0)
(0.0327637 0.00416561 0)
(0.0548948 -0.156847 0)
(0.120989 -0.140065 0)
(0.163359 -0.0749186 0)
(0.17247 -0.0296915 0)
(0.168248 -0.00465403 0)
(0.160261 0.0109281 0)
(0.149737 0.0211528 0)
(0.137608 0.0276042 0)
(0.124688 0.0315361 0)
(0.111407 0.0338323 0)
(0.097997 0.0350792 0)
(0.0845966 0.0356693 0)
(0.0712798 0.0358654 0)
(0.0580791 0.0358432 0)
(0.0450001 0.0357191 0)
(0.0320291 0.0355701 0)
(0.0191563 0.035446 0)
(0.00633147 0.0351046 0)
(0.10011 -0.0110151 0)
(0.12118 -0.193022 0)
(0.155137 -0.161607 0)
(0.182676 -0.0826259 0)
(0.186129 -0.0295634 0)
(0.177161 -0.00136579 0)
(0.165942 0.0154768 0)
(0.153325 0.026363 0)
(0.139791 0.0331757 0)
(0.125959 0.0372716 0)
(0.112098 0.0396197 0)
(0.0983262 0.040856 0)
(0.0847089 0.0414019 0)
(0.0712711 0.0415384 0)
(0.0580122 0.0414533 0)
(0.0449162 0.0412714 0)
(0.0319546 0.0410748 0)
(0.0191073 0.040918 0)
(0.0063149 0.0405192 0)
(0.0258867 -0.230208 0)
(0.0815446 -0.273836 0)
(0.140284 -0.265914 0)
(0.198425 -0.267198 0)
(0.257684 -0.276033 0)
(0.319157 -0.288602 0)
(0.383594 -0.304203 0)
(0.450761 -0.323292 0)
(0.52356 -0.346481 0)
(0.599016 -0.373823 0)
(0.68173 -0.409204 0)
(0.775212 -0.447578 0)
(0.872552 -0.491604 0)
(0.959414 -0.560418 0)
(1.05605 -0.656505 0)
(1.20314 -0.713248 0)
(1.34672 -0.458948 0)
(1.16085 0.0963866 0)
(0.736591 0.465302 0)
(0.476001 0.656226 0)
(0.323384 0.887536 0)
(0.292245 1.33298 0)
(0.595264 3.08815 0)
(0.0252769 -0.28215 0)
(0.0784788 -0.332247 0)
(0.133962 -0.322789 0)
(0.189081 -0.324911 0)
(0.245376 -0.335612 0)
(0.303602 -0.350519 0)
(0.364361 -0.369004 0)
(0.427294 -0.391584 0)
(0.4954 -0.419069 0)
(0.564601 -0.451569 0)
(0.640734 -0.493493 0)
(0.727468 -0.537788 0)
(0.808861 -0.593204 0)
(0.864977 -0.687475 0)
(0.9612 -0.795396 0)
(1.10581 -0.794442 0)
(1.07611 -0.284186 0)
(0.641372 0.386568 0)
(0.347985 0.707968 0)
(0.246803 0.819892 0)
(0.169251 0.94607 0)
(0.239259 1.18225 0)
(0.669952 2.28415 0)
(0.0244745 -0.332261 0)
(0.0748026 -0.386651 0)
(0.126607 -0.375985 0)
(0.178318 -0.379081 0)
(0.231213 -0.391371 0)
(0.285698 -0.408165 0)
(0.342239 -0.42894 0)
(0.400339 -0.454294 0)
(0.463061 -0.485037 0)
(0.525041 -0.521461 0)
(0.594 -0.568129 0)
(0.672633 -0.615568 0)
(0.730383 -0.681751 0)
(0.76558 -0.794898 0)
(0.866619 -0.889513 0)
(0.949897 -0.654977 0)
(0.72143 0.0962423 0)
(0.288704 0.651484 0)
(0.178153 0.832519 0)
(0.171988 0.863251 0)
(0.165333 0.909007 0)
(0.215727 1.01001 0)
(0.590283 1.44727 0)
(0.0234531 -0.380295 0)
(0.0705456 -0.437129 0)
(0.118377 -0.425614 0)
(0.166395 -0.429781 0)
(0.215531 -0.4434 0)
(0.265884 -0.461677 0)
(0.317803 -0.484227 0)
(0.370665 -0.511684 0)
(0.427538 -0.544791 0)
(0.481738 -0.58399 0)
(0.543626 -0.633581 0)
(0.612386 -0.682102 0)
(0.643093 -0.758855 0)
(0.675876 -0.878003 0)
(0.770409 -0.924053 0)
(0.772781 -0.477181 0)
(0.329654 0.419741 0)
(0.120371 0.793118 0)
(0.131588 0.844239 0)
(0.159531 0.835413 0)
(0.196312 0.844444 0)
(0.244078 0.876128 0)
(0.486833 0.997154 0)
(0.0222286 -0.425811 0)
(0.0657967 -0.48335 0)
(0.10946 -0.471368 0)
(0.153584 -0.476626 0)
(0.198697 -0.491271 0)
(0.244654 -0.510609 0)
(0.291706 -0.534395 0)
(0.339136 -0.563259 0)
(0.389958 -0.597823 0)
(0.436295 -0.638638 0)
(0.491783 -0.689336 0)
(0.5487 -0.73739 0)
(0.554902 -0.823253 0)
(0.5973 -0.936139 0)
(0.669044 -0.889403 0)
(0.521353 -0.116177 0)
(0.0703796 0.638194 0)
(0.077129 0.813416 0)
(0.123391 0.801123 0)
(0.163025 0.7884 0)
(0.215842 0.788328 0)
(0.275121 0.78939 0)
(0.413194 0.806684 0)
(0.0208256 -0.468462 0)
(0.060653 -0.525175 0)
(0.100034 -0.513124 0)
(0.140141 -0.519435 0)
(0.181056 -0.534804 0)
(0.222467 -0.554814 0)
(0.264544 -0.579353 0)
(0.30652 -0.609007 0)
(0.351294 -0.64425 0)
(0.390085 -0.685712 0)
(0.440013 -0.736085 0)
(0.483464 -0.783068 0)
(0.473772 -0.875293 0)
(0.526429 -0.971524 0)
(0.566747 -0.724567 0)
(0.322894 0.213825 0)
(0.000696123 0.74063 0)
(0.0807128 0.774662 0)
(0.122117 0.750493 0)
(0.164496 0.742044 0)
(0.215518 0.735945 0)
(0.272686 0.720996 0)
(0.351901 0.697053 0)
(0.0192776 -0.507962 0)
(0.0552186 -0.562557 0)
(0.0902738 -0.550829 0)
(0.126304 -0.558102 0)
(0.162929 -0.573908 0)
(0.199742 -0.594247 0)
(0.236853 -0.619117 0)
(0.27348 -0.649033 0)
(0.312358 -0.684323 0)
(0.344166 -0.725674 0)
(0.389192 -0.774737 0)
(0.418488 -0.820686 0)
(0.403543 -0.914773 0)
(0.458668 -0.985481 0)
(0.469796 -0.585137 0)
(0.11949 0.491418 0)
(0.0264775 0.767403 0)
(0.0813428 0.726299 0)
(0.117032 0.707378 0)
(0.157751 0.699004 0)
(0.200848 0.686169 0)
(0.24799 0.663558 0)
(0.29958 0.627841 0)
(0.0176149 -0.544052 0)
(0.0495911 -0.595477 0)
(0.0803391 -0.584441 0)
(0.112285 -0.592544 0)
(0.144597 -0.608525 0)
(0.17684 -0.628898 0)
(0.209075 -0.653742 0)
(0.24054 -0.68349 0)
(0.273752 -0.718341 0)
(0.299245 -0.759026 0)
(0.339722 -0.806181 0)
(0.35518 -0.851357 0)
(0.342221 -0.943744 0)
(0.393382 -0.987584 0)
(0.347632 -0.362348 0)
(-0.0915007 0.6419 0)
(0.0665718 0.729368 0)
(0.0661322 0.681958 0)
(0.108375 0.670809 0)
(0.145398 0.660838 0)
(0.180851 0.644731 0)
(0.218294 0.620546 0)
(0.255265 0.585555 0)
(0.01587 -0.576447 0)
(0.0438636 -0.623891 0)
(0.0703721 -0.613876 0)
(0.0982667 -0.622655 0)
(0.126301 -0.638589 0)
(0.15406 -0.658757 0)
(0.181566 -0.683294 0)
(0.2081 -0.712544 0)
(0.235917 -0.746609 0)
(0.255769 -0.78624 0)
(0.291805 -0.831201 0)
(0.294506 -0.875884 0)
(0.287996 -0.964026 0)
(0.330165 -0.974445 0)
(0.206652 0.018101 0)
(-0.161576 0.68537 0)
(0.0777748 0.655668 0)
(0.0548918 0.64232 0)
(0.100186 0.638024 0)
(0.131623 0.628292 0)
(0.160387 0.612162 0)
(0.189377 0.588668 0)
(0.21615 0.556385 0)
(0.014075 -0.605275 0)
(0.038116 -0.648151 0)
(0.0604869 -0.639443 0)
(0.0843953 -0.648743 0)
(0.10823 -0.664462 0)
(0.131632 -0.684257 0)
(0.154588 -0.708292 0)
(0.176444 -0.73683 0)
(0.199166 -0.769894 0)
(0.214009 -0.808219 0)
(0.245592 -0.850916 0)
(0.237157 -0.894963 0)
(0.238838 -0.976654 0)
(0.269769 -0.931978 0)
(0.0933905 0.360965 0)
(-0.0783459 0.670866 0)
(0.0682606 0.596941 0)
(0.0618736 0.608324 0)
(0.0953063 0.609758 0)
(0.119194 0.602031 0)
(0.141022 0.587006 0)
(0.162352 0.564721 0)
(0.181405 0.535128 0)
(0.0122509 -0.630923 0)
(0.0324108 -0.668756 0)
(0.0507711 -0.661575 0)
(0.0707757 -0.671223 0)
(0.0905225 -0.686561 0)
(0.109719 -0.705818 0)
(0.128329 -0.729157 0)
(0.145775 -0.75678 0)
(0.163744 -0.788654 0)
(0.174223 -0.825456 0)
(0.201341 -0.865934 0)
(0.183445 -0.908492 0)
(0.192207 -0.985842 0)
(0.208714 -0.839199 0)
(-0.0205289 0.439455 0)
(0.031233 0.624872 0)
(0.0633776 0.569779 0)
(0.0742019 0.584785 0)
(0.0939083 0.589515 0)
(0.10856 0.583332 0)
(0.12289 0.569038 0)
(0.137247 0.547687 0)
(0.150248 0.520201 0)
(0.0104402 -0.651876 0)
(0.0268859 -0.684349 0)
(0.0414061 -0.67883 0)
(0.057642 -0.688627 0)
(0.0734933 -0.703421 0)
(0.0887231 -0.721968 0)
(0.103272 -0.744416 0)
(0.116631 -0.77094 0)
(0.130173 -0.801503 0)
(0.136872 -0.836556 0)
(0.158813 -0.874894 0)
(0.131867 -0.914747 0)
(0.144131 -0.996503 0)
(0.13472 -0.691351 0)
(-0.0629927 0.468162 0)
(0.093277 0.574194 0)
(0.070303 0.556733 0)
(0.0859769 0.57334 0)
(0.0935325 0.579048 0)
(0.0984402 0.572909 0)
(0.105165 0.558163 0)
(0.11321 0.536722 0)
(0.121323 0.510154 0)
(0.00870553 -0.667501 0)
(0.0217688 -0.694678 0)
(0.0327345 -0.691005 0)
(0.0455034 -0.700927 0)
(0.057815 -0.715293 0)
(0.0694517 -0.733284 0)
(0.0803153 -0.755045 0)
(0.0899153 -0.78072 0)
(0.0991804 -0.810329 0)
(0.102193 -0.843405 0)
(0.116578 -0.878801 0)
(0.0801759 -0.913513 0)
(0.0962153 -0.999258 0)
(0.049238 -0.587386 0)
(-0.0786455 0.448147 0)
(0.142621 0.521289 0)
(0.0935566 0.551506 0)
(0.0991965 0.573746 0)
(0.0930799 0.579055 0)
(0.0873977 0.57101 0)
(0.0864405 0.553948 0)
(0.0888737 0.53084 0)
(0.0931722 0.503742 0)
(0.0070369 -0.685501 0)
(0.0170344 -0.707221 0)
(0.0247506 -0.705687 0)
(0.0344416 -0.715725 0)
(0.04351 -0.729782 0)
(0.0517922 -0.747307 0)
(0.0590817 -0.768381 0)
(0.064859 -0.792987 0)
(0.0695587 -0.821237 0)
(0.0681316 -0.850809 0)
(0.0747829 -0.879397 0)
(0.0375713 -0.907154 0)
(0.0821179 -0.965301 0)
(-0.0269649 -0.370095 0)
(0.0709737 0.349586 0)
(0.220254 0.49262 0)
(0.146774 0.565331 0)
(0.115411 0.590962 0)
(0.090378 0.592072 0)
(0.073013 0.578212 0)
(0.064656 0.555859 0)
(0.0625721 0.529015 0)
(0.0643538 0.499853 0)
(0.00525463 -0.701742 0)
(0.0119591 -0.717389 0)
(0.0164013 -0.717816 0)
(0.0229158 -0.727092 0)
(0.0284339 -0.739648 0)
(0.0329404 -0.755142 0)
(0.0360519 -0.773441 0)
(0.037346 -0.794212 0)
(0.0372329 -0.817388 0)
(0.0312903 -0.840645 0)
(0.0417851 -0.859586 0)
(0.0405664 -0.903594 0)
(0.148435 -0.912207 0)
(0.155144 -0.717545 0)
(0.359333 0.229512 0)
(0.399061 0.56634 0)
(0.22494 0.63421 0)
(0.127867 0.636239 0)
(0.0797155 0.621453 0)
(0.0507677 0.594537 0)
(0.0367929 0.562741 0)
(0.0323433 0.529768 0)
(0.0334838 0.497106 0)
(0.00274586 -0.689008 0)
(0.00424858 -0.699272 0)
(0.00489879 -0.70161 0)
(0.00663111 -0.709727 0)
(0.00702563 -0.720465 0)
(0.00625201 -0.733758 0)
(0.00428418 -0.74948 0)
(0.00100236 -0.767578 0)
(8.69121e-05 -0.787784 0)
(0.00144438 -0.818257 0)
(0.0418895 -0.858628 0)
(0.136913 -0.974567 0)
(0.248741 -0.927806 0)
(0.436626 -0.833676 0)
(0.495956 0.192613 0)
(0.563521 0.770321 0)
(0.279351 0.798871 0)
(0.107835 0.718547 0)
(0.047876 0.666471 0)
(0.0137021 0.616804 0)
(-0.000693551 0.571515 0)
(-0.00368353 0.530727 0)
(-0.000499079 0.493719 0)
(-0.00052412 -0.682469 0)
(-0.0108216 -0.689333 0)
(-0.0166998 -0.694925 0)
(-0.02454 -0.703817 0)
(-0.0333749 -0.716331 0)
(-0.0422544 -0.73267 0)
(-0.0484296 -0.753103 0)
(-0.0529408 -0.781092 0)
(-0.038537 -0.821085 0)
(0.0240757 -0.911383 0)
(0.148896 -1.07182 0)
(0.337521 -1.16011 0)
(0.408305 -1.18752 0)
(0.384123 -0.839313 0)
(0.367722 -0.331956 0)
(0.450682 0.935122 0)
(0.185921 1.00784 0)
(0.0196217 0.824356 0)
(-0.0196723 0.714317 0)
(-0.0451494 0.636659 0)
(-0.0499761 0.576861 0)
(-0.0461677 0.528301 0)
(-0.0379541 0.487329 0)
(-0.00148925 -0.722755 0)
(-0.0277901 -0.727964 0)
(-0.040371 -0.734863 0)
(-0.0565152 -0.741965 0)
(-0.0693542 -0.754907 0)
(-0.0764665 -0.774158 0)
(-0.0709243 -0.799093 0)
(-0.0556677 -0.841003 0)
(-0.018515 -0.923895 0)
(0.0790236 -1.03001 0)
(0.179987 -1.24262 0)
(0.319675 -1.22151 0)
(0.515127 -1.13643 0)
(0.0691525 -0.705306 0)
(0.124486 -0.137213 0)
(-0.123844 1.07498 0)
(-0.10428 1.12846 0)
(-0.146139 0.888435 0)
(-0.13035 0.738269 0)
(-0.124571 0.6413 0)
(-0.109802 0.571705 0)
(-0.0940135 0.518293 0)
(-0.0778042 0.475422 0)
(-0.00743565 -0.687335 0)
(-0.0290602 -0.691246 0)
(-0.0451735 -0.698755 0)
(-0.0622046 -0.706578 0)
(-0.0771302 -0.722424 0)
(-0.090636 -0.746317 0)
(-0.100209 -0.782247 0)
(-0.105054 -0.840807 0)
(-0.105267 -0.938045 0)
(-0.0880092 -1.09927 0)
(-0.101862 -1.31331 0)
(-0.1295 -1.33107 0)
(-0.0676285 -1.04324 0)
(-0.402106 -0.494501 0)
(-0.213106 0.111867 0)
(-0.709101 1.1424 0)
(-0.433479 1.10104 0)
(-0.339074 0.860958 0)
(-0.259552 0.7144 0)
(-0.212418 0.618664 0)
(-0.173757 0.549605 0)
(-0.143327 0.497408 0)
(-0.117615 0.456194 0)
(-0.0114001 -0.652075 0)
(-0.0330193 -0.658225 0)
(-0.0543441 -0.665193 0)
(-0.0759975 -0.675275 0)
(-0.0984429 -0.69146 0)
(-0.122322 -0.715641 0)
(-0.149224 -0.751157 0)
(-0.183883 -0.80349 0)
(-0.231742 -0.889022 0)
(-0.304043 -1.03237 0)
(-0.439723 -1.19457 0)
(-0.656748 -1.20468 0)
(-0.836237 -0.89225 0)
(-0.833628 -0.312588 0)
(-0.853761 0.341517 0)
(-1.05166 1.03027 0)
(-0.65637 0.900904 0)
(-0.494473 0.739553 0)
(-0.369893 0.639033 0)
(-0.289902 0.565471 0)
(-0.23185 0.508812 0)
(-0.188373 0.464695 0)
(-0.154007 0.429077 0)
(-0.0123094 -0.623925 0)
(-0.0365446 -0.632591 0)
(-0.0614719 -0.637953 0)
(-0.0873435 -0.647777 0)
(-0.115896 -0.662202 0)
(-0.148278 -0.682594 0)
(-0.187004 -0.710144 0)
(-0.238256 -0.747107 0)
(-0.308263 -0.799682 0)
(-0.412585 -0.882465 0)
(-0.604501 -0.984415 0)
(-0.890748 -0.988377 0)
(-1.15954 -0.747653 0)
(-1.29697 -0.249182 0)
(-1.25488 0.355051 0)
(-1.07963 0.719586 0)
(-0.734209 0.616441 0)
(-0.568009 0.574147 0)
(-0.434178 0.532179 0)
(-0.342773 0.490574 0)
(-0.275258 0.453801 0)
(-0.223994 0.422379 0)
(-0.183842 0.395254 0)
(-0.0133438 -0.605555 0)
(-0.0408202 -0.613269 0)
(-0.0688807 -0.617361 0)
(-0.0990076 -0.624543 0)
(-0.132137 -0.634817 0)
(-0.169903 -0.64869 0)
(-0.21493 -0.666515 0)
(-0.271983 -0.687964 0)
(-0.343702 -0.710976 0)
(-0.43856 -0.737455 0)
(-0.596132 -0.766276 0)
(-0.841527 -0.741693 0)
(-1.09239 -0.559664 0)
(-1.20906 -0.209733 0)
(-1.13811 0.162169 0)
(-0.924128 0.375252 0)
(-0.700573 0.385804 0)
(-0.570013 0.421193 0)
(-0.453528 0.421573 0)
(-0.368007 0.409323 0)
(-0.300607 0.392681 0)
(-0.247669 0.374901 0)
(-0.205313 0.357294 0)
(-0.0142873 -0.572734 0)
(-0.0433025 -0.579096 0)
(-0.0734609 -0.582141 0)
(-0.105799 -0.586733 0)
(-0.141293 -0.592958 0)
(-0.18153 -0.60066 0)
(-0.228989 -0.609613 0)
(-0.287151 -0.61881 0)
(-0.357584 -0.624655 0)
(-0.444018 -0.621609 0)
(-0.561966 -0.601091 0)
(-0.717752 -0.54237 0)
(-0.869643 -0.412305 0)
(-0.939441 -0.200133 0)
(-0.887456 0.027251 0)
(-0.756494 0.176986 0)
(-0.631185 0.248181 0)
(-0.535512 0.304355 0)
(-0.444544 0.326549 0)
(-0.371359 0.334277 0)
(-0.310045 0.333052 0)
(-0.259804 0.326973 0)
(-0.218274 0.318177 0)
(-0.0145307 -0.545283 0)
(-0.0447657 -0.550807 0)
(-0.0761497 -0.552368 0)
(-0.109321 -0.554378 0)
(-0.145502 -0.556663 0)
(-0.185916 -0.558736 0)
(-0.232342 -0.559796 0)
(-0.286704 -0.557969 0)
(-0.3501 -0.550196 0)
(-0.424227 -0.533743 0)
(-0.512233 -0.501175 0)
(-0.609496 -0.433001 0)
(-0.693485 -0.314067 0)
(-0.731816 -0.159898 0)
(-0.708719 -0.0126593 0)
(-0.64185 0.0941714 0)
(-0.565184 0.167554 0)
(-0.491981 0.221158 0)
(-0.422175 0.252383 0)
(-0.361302 0.270693 0)
(-0.308081 0.279412 0)
(-0.262613 0.281969 0)
(-0.223806 0.280346 0)
(-0.0146346 -0.514084 0)
(-0.0451115 -0.51906 0)
(-0.0765985 -0.518992 0)
(-0.109612 -0.5187 0)
(-0.145196 -0.517645 0)
(-0.184264 -0.515212 0)
(-0.227934 -0.510423 0)
(-0.276966 -0.501498 0)
(-0.331583 -0.485722 0)
(-0.392696 -0.460121 0)
(-0.460926 -0.420199 0)
(-0.529457 -0.358296 0)
(-0.581684 -0.268879 0)
(-0.602613 -0.158981 0)
(-0.589841 -0.0491435 0)
(-0.552354 0.0420892 0)
(-0.502433 0.10965 0)
(-0.44796 0.160075 0)
(-0.394075 0.194758 0)
(-0.344072 0.218208 0)
(-0.298755 0.232965 0)
(-0.258648 0.24144 0)
(-0.223447 0.245256 0)
(-0.0146425 -0.484392 0)
(-0.0445513 -0.488614 0)
(-0.0752698 -0.487219 0)
(-0.107402 -0.484996 0)
(-0.141479 -0.481311 0)
(-0.178199 -0.475498 0)
(-0.218169 -0.466563 0)
(-0.26162 -0.453021 0)
(-0.308392 -0.433028 0)
(-0.358175 -0.404517 0)
(-0.409672 -0.364064 0)
(-0.458012 -0.307189 0)
(-0.49409 -0.233478 0)
(-0.509556 -0.150177 0)
(-0.502863 -0.0679236 0)
(-0.478922 0.00525416 0)
(-0.44459 0.0655315 0)
(-0.404799 0.113042 0)
(-0.363266 0.148686 0)
(-0.322749 0.174778 0)
(-0.28467 0.193219 0)
(-0.249905 0.20569 0)
(-0.21861 0.213514 0)
(-0.0142778 -0.455481 0)
(-0.0430432 -0.45876 0)
(-0.0724753 -0.456427 0)
(-0.103131 -0.452664 0)
(-0.135137 -0.446984 0)
(-0.168987 -0.438755 0)
(-0.204948 -0.427111 0)
(-0.242934 -0.410898 0)
(-0.282561 -0.388784 0)
(-0.323159 -0.359302 0)
(-0.363053 -0.320611 0)
(-0.398509 -0.270939 0)
(-0.424242 -0.210739 0)
(-0.43599 -0.14438 0)
(-0.43295 -0.0784233 0)
(-0.417678 -0.0180925 0)
(-0.393576 0.0339336 0)
(-0.363951 0.0773132 0)
(-0.331822 0.112009 0)
(-0.299232 0.139021 0)
(-0.267571 0.159504 0)
(-0.237842 0.174576 0)
(-0.210441 0.185272 0)
(-0.0135182 -0.427603 0)
(-0.0408063 -0.430106 0)
(-0.0686444 -0.42716 0)
(-0.09737 -0.422321 0)
(-0.126991 -0.415273 0)
(-0.15778 -0.405487 0)
(-0.189804 -0.392272 0)
(-0.222834 -0.37479 0)
(-0.256364 -0.352147 0)
(-0.289571 -0.323383 0)
(-0.320923 -0.287482 0)
(-0.34786 -0.243886 0)
(-0.367239 -0.193555 0)
(-0.376663 -0.139373 0)
(-0.375629 -0.0852194 0)
(-0.365484 -0.0344108 0)
(-0.348282 0.0111449 0)
(-0.326146 0.0503503 0)
(-0.301172 0.0831283 0)
(-0.274987 0.109867 0)
(-0.248806 0.131199 0)
(-0.223609 0.147809 0)
(-0.199884 0.160467 0)
(-0.0125476 -0.401054 0)
(-0.0381446 -0.403064 0)
(-0.0641518 -0.399682 0)
(-0.090663 -0.394159 0)
(-0.117748 -0.386263 0)
(-0.145477 -0.375593 0)
(-0.173799 -0.361632 0)
(-0.20242 -0.343796 0)
(-0.230816 -0.3215 0)
(-0.258188 -0.294178 0)
(-0.283289 -0.261381 0)
(-0.304367 -0.223102 0)
(-0.319515 -0.180255 0)
(-0.327334 -0.134793 0)
(-0.327465 -0.0891921 0)
(-0.32064 -0.0456706 0)
(-0.308176 -0.0057368 0)
(-0.291462 0.0296755 0)
(-0.271955 0.0602801 0)
(-0.2509 0.0861435 0)
(-0.229308 0.107575 0)
(-0.208073 0.124971 0)
(-0.187696 0.138895 0)
(-0.0115507 -0.376331 0)
(-0.0352818 -0.378066 0)
(-0.05926 -0.37435 0)
(-0.0834418 -0.368425 0)
(-0.107954 -0.360073 0)
(-0.132735 -0.349008 0)
(-0.157657 -0.334864 0)
(-0.182414 -0.317256 0)
(-0.206513 -0.295824 0)
(-0.229256 -0.270275 0)
(-0.249679 -0.240474 0)
(-0.266587 -0.206649 0)
(-0.278779 -0.169591 0)
(-0.285405 -0.130659 0)
(-0.286223 -0.0915076 0)
(-0.281633 -0.0536991 0)
(-0.272479 -0.0183864 0)
(-0.259729 0.0136845 0)
(-0.244407 0.0421067 0)
(-0.227451 0.0668154 0)
(-0.20967 0.0879093 0)
(-0.191846 0.105589 0)
(-0.174453 0.120269 0)
(-0.0105973 -0.353722 0)
(-0.0323148 -0.355282 0)
(-0.0541284 -0.351334 0)
(-0.0759874 -0.345205 0)
(-0.0979739 -0.336673 0)
(-0.119973 -0.325545 0)
(-0.141812 -0.311579 0)
(-0.163199 -0.294535 0)
(-0.183697 -0.274214 0)
(-0.20273 -0.250501 0)
(-0.219571 -0.223435 0)
(-0.233395 -0.193319 0)
(-0.243425 -0.160811 0)
(-0.249124 -0.126896 0)
(-0.250331 -0.0927309 0)
(-0.247256 -0.0594367 0)
(-0.24045 -0.0279134 0)
(-0.230665 0.00122401 0)
(-0.218577 0.0276026 0)
(-0.204891 0.0510585 0)
(-0.190261 0.0715689 0)
(-0.175347 0.0892065 0)
(-0.160577 0.104281 0)
(-0.0096678 -0.33327 0)
(-0.0292762 -0.334675 0)
(-0.0488734 -0.330617 0)
(-0.0684766 -0.324427 0)
(-0.088039 -0.315911 0)
(-0.107445 -0.304941 0)
(-0.126505 -0.291373 0)
(-0.144951 -0.275071 0)
(-0.162412 -0.255949 0)
(-0.178426 -0.234002 0)
(-0.192451 -0.209355 0)
(-0.20391 -0.182324 0)
(-0.212285 -0.153449 0)
(-0.217223 -0.123469 0)
(-0.218618 -0.0932231 0)
(-0.216608 -0.0635388 0)
(-0.211562 -0.0351432 0)
(-0.203987 -0.00854292 0)
(-0.194378 0.0159921 0)
(-0.183322 0.0382066 0)
(-0.171296 0.058016 0)
(-0.158854 0.0754108 0)
(-0.146374 0.0906266 0)
(-0.00872496 -0.3149 0)
(-0.026199 -0.31614 0)
(-0.043606 -0.312084 0)
(-0.061037 -0.305943 0)
(-0.0783015 -0.297577 0)
(-0.0953044 -0.28691 0)
(-0.111858 -0.273866 0)
(-0.127724 -0.258385 0)
(-0.142596 -0.240456 0)
(-0.156111 -0.220139 0)
(-0.167862 -0.1976 0)
(-0.177443 -0.173138 0)
(-0.184498 -0.147199 0)
(-0.188793 -0.120355 0)
(-0.190258 -0.0932411 0)
(-0.188989 -0.0664882 0)
(-0.185229 -0.0406649 0)
(-0.179325 -0.0161894 0)
(-0.171692 0.00668104 0)
(-0.162753 0.0277253 0)
(-0.152886 0.0467987 0)
(-0.142543 0.0638395 0)
(-0.132052 0.0790277 0)
(-0.00775599 -0.298535 0)
(-0.0231341 -0.299602 0)
(-0.0384279 -0.295625 0)
(-0.053768 -0.289609 0)
(-0.0688633 -0.281481 0)
(-0.083639 -0.271201 0)
(-0.0979215 -0.25874 0)
(-0.111504 -0.244093 0)
(-0.124139 -0.227297 0)
(-0.13554 -0.20845 0)
(-0.145405 -0.187729 0)
(-0.153441 -0.165409 0)
(-0.159404 -0.141864 0)
(-0.163131 -0.117547 0)
(-0.164578 -0.0929534 0)
(-0.163814 -0.0685782 0)
(-0.161009 -0.044871 0)
(-0.156427 -0.0222003 0)
(-0.150385 -0.000808318 0)
(-0.143146 0.0191819 0)
(-0.135071 0.0375423 0)
(-0.126511 0.0541813 0)
(-0.11775 0.0692353 0)
(-0.00677429 -0.284129 0)
(-0.0201346 -0.28503 0)
(-0.0334119 -0.281166 0)
(-0.0467376 -0.275322 0)
(-0.0597836 -0.267477 0)
(-0.0724873 -0.257619 0)
(-0.0846959 -0.245754 0)
(-0.0962347 -0.23191 0)
(-0.106902 -0.216154 0)
(-0.116478 -0.198603 0)
(-0.124736 -0.179436 0)
(-0.131463 -0.158901 0)
(-0.136487 -0.137315 0)
(-0.139699 -0.115046 0)
(-0.141068 -0.0924936 0)
(-0.140648 -0.0700555 0)
(-0.138564 -0.0481018 0)
(-0.135018 -0.0269546 0)
(-0.130238 -0.00681905 0)
(-0.124402 0.0122376 0)
(-0.117834 0.0299426 0)
(-0.110803 0.0461747 0)
(-0.103548 0.0610342 0)
(-0.00580089 -0.271671 0)
(-0.0172346 -0.272429 0)
(-0.0285911 -0.268684 0)
(-0.0399757 -0.263028 0)
(-0.0510796 -0.255477 0)
(-0.0618457 -0.246038 0)
(-0.0721435 -0.23474 0)
(-0.0818279 -0.221633 0)
(-0.090738 -0.206802 0)
(-0.0987037 -0.190372 0)
(-0.105556 -0.172516 0)
(-0.11114 -0.153457 0)
(-0.115335 -0.133469 0)
(-0.118064 -0.112858 0)
(-0.11931 -0.0919547 0)
(-0.119115 -0.071086 0)
(-0.117577 -0.0505615 0)
(-0.11484 -0.0306596 0)
(-0.111071 -0.0115718 0)
(-0.106426 0.00663849 0)
(-0.101134 0.0237568 0)
(-0.095425 0.0396033 0)
(-0.0894926 0.0542423 0)
(-0.00485137 -0.261109 0)
(-0.0144414 -0.261759 0)
(-0.0239597 -0.258127 0)
(-0.0334733 -0.252659 0)
(-0.0427289 -0.245391 0)
(-0.0516707 -0.236345 0)
(-0.0601906 -0.225563 0)
(-0.0681708 -0.213109 0)
(-0.0754847 -0.199077 0)
(-0.0820025 -0.183594 0)
(-0.0875982 -0.166824 0)
(-0.0921603 -0.148971 0)
(-0.0956017 -0.130273 0)
(-0.0978711 -0.110994 0)
(-0.0989586 -0.0914111 0)
(-0.0988985 -0.0718023 0)
(-0.0977659 -0.0524316 0)
(-0.0956697 -0.0335379 0)
(-0.092743 -0.0153091 0)
(-0.0891187 0.00216636 0)
(-0.0849161 0.0187871 0)
(-0.0803586 0.0342907 0)
(-0.0755979 0.0487094 0)
(-0.00393214 -0.25223 0)
(-0.0117451 -0.252809 0)
(-0.0194938 -0.249283 0)
(-0.0272035 -0.243997 0)
(-0.0346918 -0.236996 0)
(-0.0419035 -0.228312 0)
(-0.0487522 -0.217993 0)
(-0.0551451 -0.206111 0)
(-0.0609854 -0.192762 0)
(-0.0661758 -0.178074 0)
(-0.0706241 -0.1622 0)
(-0.0742499 -0.145327 0)
(-0.0769925 -0.127665 0)
(-0.0788174 -0.109446 0)
(-0.0797207 -0.0909091 0)
(-0.0797306 -0.0722968 0)
(-0.0789053 -0.0538401 0)
(-0.0773273 -0.0357528 0)
(-0.0751038 -0.018217 0)
(-0.0723412 -0.00133311 0)
(-0.0690909 0.0148818 0)
(-0.0655638 0.0300981 0)
(-0.0618598 0.0443155 0)
(-0.00303575 -0.245113 0)
(-0.00912361 -0.245647 0)
(-0.015173 -0.242203 0)
(-0.0211493 -0.237069 0)
(-0.0269463 -0.230292 0)
(-0.0325108 -0.221906 0)
(-0.0377772 -0.211967 0)
(-0.0426757 -0.200549 0)
(-0.047135 -0.187753 0)
(-0.0510848 -0.173699 0)
(-0.0544598 -0.158536 0)
(-0.0572047 -0.142434 0)
(-0.0592792 -0.125584 0)
(-0.060662 -0.10819 0)
(-0.0613539 -0.0904666 0)
(-0.0613785 -0.0726263 0)
(-0.0607811 -0.054875 0)
(-0.0596253 -0.0374053 0)
(-0.0579936 -0.0203929 0)
(-0.0559737 -0.00395449 0)
(-0.0535848 0.0119319 0)
(-0.0509938 0.0269221 0)
(-0.0482624 0.0409692 0)
(-0.00213284 -0.240667 0)
(-0.00651419 -0.241139 0)
(-0.0109215 -0.23774 0)
(-0.0152241 -0.232703 0)
(-0.0193904 -0.226063 0)
(-0.0233761 -0.217862 0)
(-0.0271357 -0.208158 0)
(-0.0306199 -0.19703 0)
(-0.0337787 -0.184579 0)
(-0.0365631 -0.170927 0)
(-0.038929 -0.156217 0)
(-0.04084 -0.140609 0)
(-0.0422712 -0.124283 0)
(-0.0432117 -0.10743 0)
(-0.0436663 -0.0902434 0)
(-0.0436558 -0.0729199 0)
(-0.0432165 -0.0556466 0)
(-0.0423988 -0.038599 0)
(-0.041268 -0.0219417 0)
(-0.0398997 -0.00580119 0)
(-0.0383086 0.00985454 0)
(-0.036594 0.0246892 0)
(-0.0347824 0.0386041 0)
(-0.00120167 -0.238199 0)
(-0.00382482 -0.238453 0)
(-0.0065555 -0.235131 0)
(-0.0091716 -0.230192 0)
(-0.0116977 -0.22367 0)
(-0.0141104 -0.215611 0)
(-0.0163851 -0.20608 0)
(-0.0184929 -0.195158 0)
(-0.0204029 -0.182946 0)
(-0.0220844 -0.169561 0)
(-0.0235094 -0.155142 0)
(-0.0246547 -0.139843 0)
(-0.0255045 -0.123832 0)
(-0.0260519 -0.10729 0)
(-0.0263001 -0.0904023 0)
(-0.0262637 -0.0733532 0)
(-0.0259687 -0.0563211 0)
(-0.0254543 -0.0394735 0)
(-0.024775 -0.0229646 0)
(-0.0239974 -0.00692608 0)
(-0.0231595 0.00863819 0)
(-0.022307 0.0233895 0)
(-0.0214031 0.0372098 0)
(-0.000310683 -0.235009 0)
(-0.00113506 -0.234861 0)
(-0.0020823 -0.231665 0)
(-0.00294206 -0.226844 0)
(-0.00376619 -0.22045 0)
(-0.00455439 -0.212543 0)
(-0.00530145 -0.203194 0)
(-0.00599893 -0.192488 0)
(-0.00663681 -0.180526 0)
(-0.00720461 -0.167424 0)
(-0.0076922 -0.153316 0)
(-0.00809061 -0.138352 0)
(-0.00839282 -0.122693 0)
(-0.00859448 -0.106507 0)
(-0.00869459 -0.0899693 0)
(-0.00869621 -0.0732493 0)
(-0.00860754 -0.0565099 0)
(-0.00844409 -0.0398968 0)
(-0.00823529 -0.0235286 0)
(-0.00806105 -0.00749847 0)
(-0.0078873 0.0080892 0)
(-0.00767275 0.022788 0)
(-0.00747254 0.0365343 0)
(0.678458 1.86775 0)
(-0.218603 0.332856 0)
(-0.386444 -0.203012 0)
(-0.2517 -0.316904 0)
(1.16042 2.13165 0)
(1.06073 1.26468 0)
(0.902475 0.508393 0)
(0.761382 -0.0197968 0)
(1.04737 1.4086 0)
(1.23657 1.02332 0)
(1.24104 0.553882 0)
(1.14196 0.179769 0)
(0.760155 0.932426 0)
(0.914792 0.763284 0)
(0.961623 0.552102 0)
(0.920788 0.370644 0)
(0.542625 0.747881 0)
(0.615448 0.663027 0)
(0.646885 0.56116 0)
(0.642117 0.462734 0)
(0.413883 0.646585 0)
(0.447627 0.594469 0)
(0.467554 0.534969 0)
(0.475086 0.474646 0)
(0.336438 0.586345 0)
(0.35642 0.550179 0)
(0.369975 0.509849 0)
(0.377615 0.4685 0)
(0.280104 0.551008 0)
(0.293134 0.523137 0)
(0.302265 0.492717 0)
(0.308006 0.461766 0)
(0.233346 0.52669 0)
(0.242225 0.503948 0)
(0.248679 0.479815 0)
(0.253088 0.455494 0)
(0.193492 0.509168 0)
(0.199775 0.489991 0)
(0.204508 0.47003 0)
(0.207948 0.44999 0)
(0.158661 0.496813 0)
(0.163135 0.479964 0)
(0.166633 0.462662 0)
(0.169323 0.445341 0)
(0.12696 0.488148 0)
(0.130147 0.472677 0)
(0.132776 0.457007 0)
(0.134932 0.441378 0)
(0.0968343 0.482053 0)
(0.0991818 0.467243 0)
(0.101279 0.452464 0)
(0.103149 0.437807 0)
(0.0669426 0.477559 0)
(0.0689229 0.462848 0)
(0.0708735 0.448396 0)
(0.0727704 0.434184 0)
(0.0361524 0.473522 0)
(0.0383358 0.458511 0)
(0.0406176 0.443992 0)
(0.0429467 0.429878 0)
(0.00372118 0.468524 0)
(0.00678344 0.453007 0)
(0.00997307 0.438233 0)
(0.0132156 0.424073 0)
(-0.0306135 0.460839 0)
(-0.0258699 0.444934 0)
(-0.0211371 0.430006 0)
(-0.0164706 0.415901 0)
(-0.0659533 0.4486 0)
(-0.0588893 0.432808 0)
(-0.0521042 0.418136 0)
(-0.0455878 0.404384 0)
(-0.100579 0.430548 0)
(-0.0909015 0.415672 0)
(-0.0818279 0.401885 0)
(-0.0732898 0.388974 0)
(-0.132202 0.406401 0)
(-0.120112 0.393354 0)
(-0.108894 0.381164 0)
(-0.0984859 0.36971 0)
(-0.158656 0.377057 0)
(-0.14479 0.36658 0)
(-0.13193 0.356603 0)
(-0.120094 0.347167 0)
(-0.178573 0.344351 0)
(-0.163778 0.336812 0)
(-0.149988 0.329405 0)
(-0.137317 0.32232 0)
(-0.191645 0.310444 0)
(-0.176738 0.305809 0)
(-0.162735 0.301017 0)
(-0.149825 0.296332 0)
(-0.198445 0.277197 0)
(-0.184053 0.275147 0)
(-0.170414 0.272759 0)
(-0.157757 0.270293 0)
(-0.199996 0.245839 0)
(-0.186514 0.245938 0)
(-0.173623 0.245609 0)
(-0.161565 0.245054 0)
(-0.197364 0.217012 0)
(-0.185004 0.218825 0)
(-0.173084 0.220177 0)
(-0.161844 0.221194 0)
(-0.191486 0.190982 0)
(-0.180342 0.19412 0)
(-0.169503 0.196798 0)
(-0.159202 0.199068 0)
(-0.183169 0.167804 0)
(-0.173252 0.171933 0)
(-0.163526 0.175621 0)
(-0.154215 0.178861 0)
(-0.173081 0.147391 0)
(-0.164348 0.152234 0)
(-0.155714 0.156667 0)
(-0.147391 0.160638 0)
(-0.16176 0.129567 0)
(-0.154135 0.134904 0)
(-0.146536 0.139868 0)
(-0.139166 0.144373 0)
(-0.149616 0.11411 0)
(-0.143007 0.119773 0)
(-0.136371 0.125101 0)
(-0.129898 0.129988 0)
(-0.13696 0.100786 0)
(-0.13127 0.106652 0)
(-0.125516 0.112217 0)
(-0.119873 0.117367 0)
(-0.124017 0.0893665 0)
(-0.119149 0.0953475 0)
(-0.114198 0.101057 0)
(-0.109316 0.106381 0)
(-0.110943 0.0796415 0)
(-0.10681 0.0856764 0)
(-0.102584 0.091463 0)
(-0.0983984 0.0968986 0)
(-0.0978426 0.0714253 0)
(-0.0943656 0.0774743 0)
(-0.0907976 0.0832928 0)
(-0.0872468 0.0887951 0)
(-0.084779 0.06456 0)
(-0.0818916 0.0705987 0)
(-0.0789218 0.0764191 0)
(-0.0759533 0.0819571 0)
(-0.0717865 0.058916 0)
(-0.0694342 0.0649307 0)
(-0.0670125 0.0707343 0)
(-0.064582 0.0762863 0)
(-0.0588781 0.05439 0)
(-0.0570187 0.0603743 0)
(-0.0551049 0.0661506 0)
(-0.0531765 0.0717011 0)
(-0.0460539 0.050904 0)
(-0.044657 0.056856 0)
(-0.0432199 0.0625997 0)
(-0.0417659 0.0681365 0)
(-0.0333064 0.0483992 0)
(-0.0323524 0.0543189 0)
(-0.0313703 0.0600274 0)
(-0.0303705 0.0655398 0)
(-0.0206387 0.0468741 0)
(-0.0201208 0.0527628 0)
(-0.019583 0.0584356 0)
(-0.0190262 0.0639123 0)
(-0.00728378 0.0460717 0)
(-0.00714304 0.051931 0)
(-0.00699398 0.0575678 0)
(-0.00683444 0.0629956 0)
(0.00209938 -0.251515 0)
(0.1856 -0.264895 0)
(0.217636 -0.174437 0)
(0.219203 -0.0816491 0)
(0.209612 -0.0242926 0)
(0.192548 0.00727779 0)
(0.175778 0.0253364 0)
(0.159591 0.0363698 0)
(0.143735 0.0430876 0)
(0.128394 0.0470098 0)
(0.113553 0.0491544 0)
(0.0991467 0.050185 0)
(0.0851245 0.050536 0)
(0.071437 0.050496 0)
(0.0580349 0.0502577 0)
(0.0448686 0.0499495 0)
(0.0318869 0.0496565 0)
(0.019051 0.049435 0)
(0.00629233 0.0489399 0)
(0.622157 -0.310022 0)
(0.470471 -0.284261 0)
(0.354463 -0.142717 0)
(0.287366 -0.0459808 0)
(0.246983 0.00162308 0)
(0.215105 0.0278452 0)
(0.189017 0.043525 0)
(0.167367 0.0528838 0)
(0.148265 0.0583605 0)
(0.130895 0.0613745 0)
(0.114784 0.0628247 0)
(0.0995989 0.0633054 0)
(0.0851198 0.063212 0)
(0.0711902 0.0628105 0)
(0.0576901 0.0622809 0)
(0.0445222 0.0617446 0)
(0.031602 0.0612827 0)
(0.0188665 0.060949 0)
(0.00622898 0.0603116 0)
(0.895679 -0.0436349 0)
(0.596582 -0.0684611 0)
(0.417553 -0.0192846 0)
(0.326022 0.0200774 0)
(0.270806 0.0436168 0)
(0.229869 0.0580625 0)
(0.198148 0.0673066 0)
(0.172729 0.0728017 0)
(0.151197 0.0757704 0)
(0.132268 0.0770829 0)
(0.115177 0.0773274 0)
(0.0994077 0.0769217 0)
(0.0846127 0.0761595 0)
(0.0705502 0.0752461 0)
(0.0570416 0.0743245 0)
(0.0439491 0.0734937 0)
(0.0311598 0.0728205 0)
(0.0185898 0.07235 0)
(0.0061358 0.0715619 0)
(0.760048 0.202134 0)
(0.561949 0.110295 0)
(0.425294 0.0884653 0)
(0.338289 0.0874214 0)
(0.279559 0.0898142 0)
(0.235861 0.092295 0)
(0.201925 0.094087 0)
(0.174686 0.0947924 0)
(0.151868 0.0945694 0)
(0.132085 0.0936835 0)
(0.114462 0.09237 0)
(0.0984036 0.0908311 0)
(0.0834972 0.0892281 0)
(0.0694504 0.0876839 0)
(0.0560477 0.0862889 0)
(0.0431237 0.0851087 0)
(0.0305449 0.0841887 0)
(0.0182119 0.0835605 0)
(0.00600936 0.0826125 0)
(0.582355 0.332988 0)
(0.486099 0.225786 0)
(0.396856 0.173216 0)
(0.326982 0.148141 0)
(0.27436 0.13478 0)
(0.233137 0.126848 0)
(0.200017 0.121568 0)
(0.172863 0.117457 0)
(0.14995 0.113886 0)
(0.13008 0.110622 0)
(0.112436 0.107588 0)
(0.0964375 0.104785 0)
(0.0816657 0.102241 0)
(0.0678153 0.0999923 0)
(0.0546564 0.098071 0)
(0.0420111 0.0965044 0)
(0.0297352 0.095313 0)
(0.017721 0.0945122 0)
(0.00584608 0.0933994 0)
(0.459056 0.383494 0)
(0.412225 0.290817 0)
(0.355126 0.232538 0)
(0.303089 0.197046 0)
(0.259679 0.174268 0)
(0.223457 0.158855 0)
(0.193103 0.14789 0)
(0.167473 0.139573 0)
(0.145467 0.132904 0)
(0.126208 0.127346 0)
(0.109035 0.122603 0)
(0.0934474 0.118517 0)
(0.0790669 0.115006 0)
(0.0656048 0.112026 0)
(0.0528382 0.109557 0)
(0.0405908 0.107588 0)
(0.0287178 0.106114 0)
(0.0171099 0.105134 0)
(0.00564367 0.103855 0)
(0.37339 0.403112 0)
(0.348211 0.328156 0)
(0.311475 0.273265 0)
(0.273792 0.234613 0)
(0.239406 0.207022 0)
(0.208944 0.186903 0)
(0.182303 0.171859 0)
(0.159079 0.16023 0)
(0.138695 0.150953 0)
(0.120597 0.143367 0)
(0.104313 0.137058 0)
(0.0894535 0.131764 0)
(0.0757046 0.127324 0)
(0.0628167 0.123634 0)
(0.0505893 0.120628 0)
(0.0388592 0.118262 0)
(0.0274897 0.116508 0)
(0.0163771 0.115349 0)
(0.00540159 0.113908 0)
(0.307366 0.412128 0)
(0.29345 0.350916 0)
(0.269736 0.301275 0)
(0.242797 0.262825 0)
(0.216244 0.233327 0)
(0.191395 0.210601 0)
(0.168748 0.192896 0)
(0.148362 0.178869 0)
(0.130039 0.16756 0)
(0.113488 0.158307 0)
(0.098413 0.150655 0)
(0.0845391 0.144295 0)
(0.0716289 0.139016 0)
(0.0594815 0.134673 0)
(0.0479284 0.131167 0)
(0.036828 0.128428 0)
(0.0260583 0.12641 0)
(0.0155264 0.125083 0)
(0.0051211 0.123486 0)
(0.25401 0.416045 0)
(0.24644 0.364844 0)
(0.231128 0.32039 0)
(0.212063 0.283673 0)
(0.191953 0.253974 0)
(0.172161 0.230085 0)
(0.153403 0.210832 0)
(0.135983 0.195212 0)
(0.119938 0.182434 0)
(0.10517 0.171899 0)
(0.091524 0.163169 0)
(0.07883 0.155922 0)
(0.0669236 0.149927 0)
(0.0556555 0.145016 0)
(0.0448937 0.141069 0)
(0.0345226 0.137998 0)
(0.0244398 0.135743 0)
(0.0145668 0.134263 0)
(0.00480508 0.132522 0)
(0.209507 0.417194 0)
(0.205612 0.373215 0)
(0.195829 0.333305 0)
(0.182525 0.298848 0)
(0.167591 0.269854 0)
(0.152184 0.245729 0)
(0.137027 0.225742 0)
(0.122513 0.209181 0)
(0.108809 0.19543 0)
(0.0959395 0.183983 0)
(0.083857 0.174444 0)
(0.072475 0.166507 0)
(0.0616938 0.159937 0)
(0.0514129 0.154561 0)
(0.0415371 0.150245 0)
(0.0319788 0.146893 0)
(0.0226575 0.144436 0)
(0.0135116 0.142825 0)
(0.00445777 0.140954 0)
(0.171116 0.416907 0)
(0.169496 0.378064 0)
(0.163512 0.341855 0)
(0.15451 0.309658 0)
(0.143739 0.281779 0)
(0.132087 0.257977 0)
(0.12018 0.237819 0)
(0.108416 0.220818 0)
(0.0970154 0.206509 0)
(0.0860764 0.194479 0)
(0.0756222 0.184388 0)
(0.0656306 0.175954 0)
(0.0560551 0.168958 0)
(0.0468384 0.163226 0)
(0.0379199 0.158624 0)
(0.0292398 0.15505 0)
(0.0207398 0.152431 0)
(0.0123769 0.150715 0)
(0.00408442 0.148731 0)
(0.136879 0.415778 0)
(0.136866 0.380509 0)
(0.13369 0.347192 0)
(0.128038 0.317038 0)
(0.120681 0.290411 0)
(0.112256 0.267248 0)
(0.103262 0.247299 0)
(0.0940549 0.230232 0)
(0.0848656 0.215698 0)
(0.0758302 0.203369 0)
(0.0670172 0.192955 0)
(0.0584504 0.184211 0)
(0.0501253 0.176933 0)
(0.0420211 0.170956 0)
(0.0341082 0.166152 0)
(0.0263528 0.162419 0)
(0.0187185 0.159682 0)
(0.011181 0.157889 0)
(0.00369096 0.155809 0)
(0.105373 0.413944 0)
(0.106759 0.381094 0)
(0.105885 0.35 0)
(0.103001 0.321616 0)
(0.0985407 0.296251 0)
(0.0929316 0.273901 0)
(0.0865532 0.254415 0)
(0.0797061 0.237558 0)
(0.0726102 0.223065 0)
(0.0654163 0.210674 0)
(0.0582204 0.200142 0)
(0.0510785 0.191255 0)
(0.0440185 0.18383 0)
(0.0370497 0.177718 0)
(0.0301691 0.172796 0)
(0.0233666 0.168966 0)
(0.0166269 0.166157 0)
(0.00994306 0.164314 0)
(0.00328365 0.162157 0)
(0.075566 0.411253 0)
(0.078459 0.380011 0)
(0.0797029 0.350639 0)
(0.0792659 0.323792 0)
(0.0773601 0.299656 0)
(0.074262 0.278223 0)
(0.0702535 0.259377 0)
(0.0655833 0.242939 0)
(0.0604532 0.2287 0)
(0.0550178 0.216444 0)
(0.0493894 0.205969 0)
(0.0436465 0.197089 0)
(0.0378419 0.189645 0)
(0.0320091 0.183498 0)
(0.0261681 0.178538 0)
(0.0203299 0.174673 0)
(0.0144981 0.171835 0)
(0.00868251 0.169971 0)
(0.00286884 0.167756 0)
(0.0467557 0.407339 0)
(0.0514796 0.377217 0)
(0.0548595 0.349258 0)
(0.0567254 0.323793 0)
(0.057163 0.300873 0)
(0.0563534 0.280433 0)
(0.054514 0.262365 0)
(0.0518548 0.246512 0)
(0.0485619 0.232699 0)
(0.0447898 0.220746 0)
(0.0406615 0.210479 0)
(0.036272 0.20174 0)
(0.0316932 0.194388 0)
(0.0269785 0.188301 0)
(0.0221674 0.183378 0)
(0.017289 0.179535 0)
(0.0123642 0.17671 0)
(0.00741816 0.174853 0)
(0.0024527 0.172598 0)
(0.0185769 0.401679 0)
(0.0255696 0.372534 0)
(0.03121 0.345865 0)
(0.0353384 0.32174 0)
(0.0379871 0.300069 0)
(0.0392972 0.280706 0)
(0.039459 0.263536 0)
(0.0386594 0.248408 0)
(0.037076 0.235167 0)
(0.0348645 0.223657 0)
(0.0321562 0.21373 0)
(0.0290591 0.205248 0)
(0.0256607 0.198089 0)
(0.0220305 0.192146 0)
(0.0182244 0.187328 0)
(0.0142874 0.183561 0)
(0.0102556 0.180787 0)
(0.00616781 0.178962 0)
(0.00204106 0.176685 0)
(-0.00897782 0.393771 0)
(0.000722507 0.365682 0)
(0.00874743 0.340397 0)
(0.0151443 0.317683 0)
(0.0199047 0.297378 0)
(0.0231873 0.279179 0)
(0.0252015 0.263028 0)
(0.0261169 0.24875 0)
(0.0261153 0.236208 0)
(0.0253555 0.225265 0)
(0.0239768 0.215791 0)
(0.0220991 0.207667 0)
(0.0198225 0.200789 0)
(0.0172299 0.195064 0)
(0.014391 0.190413 0)
(0.0113646 0.18677 0)
(0.00819988 0.184083 0)
(0.00494786 0.182313 0)
(0.00163931 0.180031 0)
(-0.0356278 0.383098 0)
(-0.0229385 0.356487 0)
(-0.0123745 0.33285 0)
(-0.00372301 0.311734 0)
(0.00303136 0.29284 0)
(0.00812026 0.275964 0)
(0.0118511 0.260973 0)
(0.0143355 0.247663 0)
(0.0157849 0.235931 0)
(0.0163615 0.225663 0)
(0.0162127 0.216738 0)
(0.0154713 0.20906 0)
(0.0142472 0.202541 0)
(0.0126341 0.1971 0)
(0.0107136 0.192669 0)
(0.00855603 0.189192 0)
(0.00622213 0.186624 0)
(0.00377303 0.18493 0)
(0.00125226 0.182658 0)
(-0.0607197 0.369327 0)
(-0.0449601 0.344862 0)
(-0.0319147 0.323217 0)
(-0.0211933 0.303935 0)
(-0.0125679 0.286639 0)
(-0.00573036 0.271237 0)
(-0.000468965 0.257497 0)
(0.00341194 0.245262 0)
(0.00617742 0.234442 0)
(0.00796844 0.224953 0)
(0.00894033 0.216659 0)
(0.00924398 0.209501 0)
(0.00899419 0.203406 0)
(0.00829311 0.198306 0)
(0.00723252 0.194141 0)
(0.00589292 0.190867 0)
(0.00434428 0.188446 0)
(0.00265612 0.186846 0)
(0.000883941 0.184597 0)
(-0.0834873 0.352521 0)
(-0.0648633 0.330832 0)
(-0.0495824 0.311589 0)
(-0.0369663 0.294399 0)
(-0.0266668 0.278976 0)
(-0.0183264 0.265156 0)
(-0.011707 0.252758 0)
(-0.00656305 0.241703 0)
(-0.00261584 0.231886 0)
(0.000255058 0.223226 0)
(0.00222193 0.215637 0)
(0.00347446 0.209064 0)
(0.00411413 0.203452 0)
(0.00424935 0.198741 0)
(0.00398206 0.194882 0)
(0.00340191 0.191842 0)
(0.00258547 0.18959 0)
(0.00160764 0.188101 0)
(0.000537171 0.185884 0)
(-0.103162 0.333049 0)
(-0.0821706 0.314692 0)
(-0.0650437 0.298226 0)
(-0.0508371 0.283384 0)
(-0.039132 0.269976 0)
(-0.0295305 0.257866 0)
(-0.0217458 0.246936 0)
(-0.0155093 0.237139 0)
(-0.0105614 0.228388 0)
(-0.00674564 0.220609 0)
(-0.00388013 0.213785 0)
(-0.00178518 0.207847 0)
(-0.000347652 0.202756 0)
(0.000538575 0.198464 0)
(0.000989763 0.194946 0)
(0.0011054 0.192168 0)
(0.000962804 0.190106 0)
(0.00063524 0.188745 0)
(0.000212176 0.186561 0)
(-0.119142 0.311572 0)
(-0.0965101 0.296919 0)
(-0.0780518 0.283483 0)
(-0.0626437 0.271164 0)
(-0.0498473 0.259882 0)
(-0.0392425 0.249578 0)
(-0.0305125 0.240191 0)
(-0.023378 0.231705 0)
(-0.017592 0.224067 0)
(-0.0129707 0.21724 0)
(-0.00933159 0.211213 0)
(-0.0065073 0.205943 0)
(-0.00437637 0.2014 0)
(-0.00281679 0.197556 0)
(-0.00171433 0.194401 0)
(-0.000976651 0.191902 0)
(-0.000507425 0.190046 0)
(-0.000255645 0.188832 0)
(-9.40123e-05 0.186674 0)
(-0.131149 0.288934 0)
(-0.107691 0.278102 0)
(-0.0884686 0.267793 0)
(-0.0722893 0.25807 0)
(-0.0587413 0.248969 0)
(-0.0474063 0.240512 0)
(-0.037961 0.232706 0)
(-0.0301281 0.225561 0)
(-0.0236685 0.219069 0)
(-0.0183877 0.213221 0)
(-0.0141072 0.208017 0)
(-0.0106663 0.203438 0)
(-0.00793692 0.199468 0)
(-0.00579374 0.196101 0)
(-0.00412465 0.193319 0)
(-0.00283379 0.191111 0)
(-0.00182033 0.18947 0)
(-0.00105503 0.188459 0)
(-0.000369847 0.18624 0)
(-0.139239 0.265987 0)
(-0.115721 0.258853 0)
(-0.0962806 0.25161 0)
(-0.0797581 0.244451 0)
(-0.0657976 0.237516 0)
(-0.0540065 0.230902 0)
(-0.0440761 0.224672 0)
(-0.0357415 0.218873 0)
(-0.0287739 0.213534 0)
(-0.0229803 0.208672 0)
(-0.0181883 0.204303 0)
(-0.0142436 0.200428 0)
(-0.0110151 0.197047 0)
(-0.0083799 0.194163 0)
(-0.00622758 0.191768 0)
(-0.00445875 0.189861 0)
(-0.00297378 0.188439 0)
(-0.00175109 0.187655 0)
(-0.000604558 0.185349 0)
(-0.143717 0.243458 0)
(-0.120769 0.239726 0)
(-0.101588 0.235361 0)
(-0.085111 0.230645 0)
(-0.071054 0.225797 0)
(-0.059068 0.220972 0)
(-0.048873 0.216281 0)
(-0.040225 0.211806 0)
(-0.0329111 0.207604 0)
(-0.0267476 0.203719 0)
(-0.0215703 0.20018 0)
(-0.0172325 0.197009 0)
(-0.0136049 0.194219 0)
(-0.0105684 0.191821 0)
(-0.00801516 0.189819 0)
(-0.00584617 0.188217 0)
(-0.00396352 0.187018 0)
(-0.00234135 0.186462 0)
(-0.000797719 0.184075 0)
(-0.145021 0.221888 0)
(-0.123115 0.221166 0)
(-0.104574 0.219409 0)
(-0.0884713 0.21695 0)
(-0.074595 0.214059 0)
(-0.0626501 0.210932 0)
(-0.0523932 0.207713 0)
(-0.0436075 0.204513 0)
(-0.0361007 0.201415 0)
(-0.029703 0.19848 0)
(-0.0242608 0.195756 0)
(-0.0196372 0.193278 0)
(-0.0157082 0.19107 0)
(-0.0123594 0.189154 0)
(-0.00948695 0.187542 0)
(-0.00699406 0.186243 0)
(-0.00478588 0.18527 0)
(-0.00282777 0.18493 0)
(-0.000953096 0.182485 0)
(-0.143629 0.201644 0)
(-0.123085 0.203506 0)
(-0.105472 0.204045 0)
(-0.090005 0.203619 0)
(-0.0765404 0.202519 0)
(-0.0648399 0.200967 0)
(-0.0547006 0.199129 0)
(-0.0459362 0.197137 0)
(-0.0383775 0.195091 0)
(-0.0318714 0.193069 0)
(-0.0262782 0.191131 0)
(-0.0214712 0.189324 0)
(-0.0173342 0.187684 0)
(-0.013759 0.186239 0)
(-0.0106468 0.185009 0)
(-0.00790458 0.184008 0)
(-0.00544127 0.183256 0)
(-0.0032137 0.183116 0)
(-0.00107439 0.180641 0)
(-0.140008 0.182947 0)
(-0.121023 0.186971 0)
(-0.104537 0.189484 0)
(-0.089902 0.190848 0)
(-0.0770323 0.191356 0)
(-0.0657446 0.191238 0)
(-0.0558766 0.190674 0)
(-0.0472728 0.189807 0)
(-0.0397884 0.188749 0)
(-0.033289 0.187589 0)
(-0.0276496 0.1864 0)
(-0.0227551 0.185235 0)
(-0.0184981 0.18414 0)
(-0.0147784 0.183148 0)
(-0.0115029 0.182287 0)
(-0.00858323 0.181576 0)
(-0.00593327 0.181039 0)
(-0.00350253 0.181081 0)
(-0.00116378 0.178603 0)
(-0.134587 0.165909 0)
(-0.117261 0.171699 0)
(-0.102027 0.175877 0)
(-0.0883606 0.178787 0)
(-0.0762241 0.180712 0)
(-0.0654834 0.181879 0)
(-0.0560136 0.18247 0)
(-0.0476895 0.182635 0)
(-0.0403901 0.182491 0)
(-0.0339998 0.182136 0)
(-0.0284093 0.181649 0)
(-0.0235153 0.18109 0)
(-0.0192207 0.180511 0)
(-0.0154334 0.179952 0)
(-0.0120669 0.179443 0)
(-0.00903851 0.179009 0)
(-0.00626761 0.178678 0)
(-0.00369796 0.178882 0)
(-0.00122272 0.176429 0)
(-0.127746 0.150554 0)
(-0.112104 0.15776 0)
(-0.0981866 0.163317 0)
(-0.0855768 0.16754 0)
(-0.0742718 0.170694 0)
(-0.0641803 0.172994 0)
(-0.0552107 0.174619 0)
(-0.0472653 0.175716 0)
(-0.0402455 0.176408 0)
(-0.0340543 0.176794 0)
(-0.0285973 0.176957 0)
(-0.0237838 0.176963 0)
(-0.0195268 0.176868 0)
(-0.0157433 0.176715 0)
(-0.0123535 0.176538 0)
(-0.00928123 0.176366 0)
(-0.00645173 0.17623 0)
(-0.00380449 0.176577 0)
(-0.00125277 0.174171 0)
(-0.119803 0.136853 0)
(-0.105821 0.145171 0)
(-0.0932421 0.151851 0)
(-0.0817359 0.157175 0)
(-0.0713271 0.161379 0)
(-0.0619593 0.164665 0)
(-0.0535688 0.167201 0)
(-0.0460823 0.169132 0)
(-0.0394215 0.170577 0)
(-0.0335066 0.171637 0)
(-0.0282576 0.172395 0)
(-0.0235959 0.172921 0)
(-0.0194449 0.173273 0)
(-0.0157302 0.173497 0)
(-0.0123798 0.173631 0)
(-0.00932401 0.173703 0)
(-0.00649435 0.173749 0)
(-0.00382735 0.174219 0)
(-0.0012557 0.171882 0)
(-0.111025 0.124738 0)
(-0.0986473 0.133915 0)
(-0.0873931 0.141496 0)
(-0.0770076 0.147727 0)
(-0.0675329 0.152819 0)
(-0.0589398 0.156951 0)
(-0.0511875 0.160282 0)
(-0.0442233 0.162947 0)
(-0.0379867 0.165063 0)
(-0.0324133 0.166727 0)
(-0.0274366 0.168024 0)
(-0.0229895 0.169024 0)
(-0.0190054 0.169785 0)
(-0.0154185 0.170355 0)
(-0.0121647 0.170774 0)
(-0.00918097 0.171073 0)
(-0.00640523 0.171286 0)
(-0.00377236 0.171861 0)
(-0.00123347 0.169608 0)
(-0.101627 0.114122 0)
(-0.0907767 0.123949 0)
(-0.0808135 0.132242 0)
(-0.071544 0.139213 0)
(-0.0630205 0.145043 0)
(-0.0552342 0.149894 0)
(-0.0481625 0.153909 0)
(-0.0417692 0.157214 0)
(-0.0360092 0.159919 0)
(-0.0308316 0.16212 0)
(-0.026182 0.163898 0)
(-0.022004 0.165323 0)
(-0.0182405 0.166453 0)
(-0.0148342 0.167337 0)
(-0.0117285 0.168016 0)
(-0.00886726 0.168521 0)
(-0.00619497 0.168888 0)
(-0.00364579 0.169548 0)
(-0.00118817 0.167396 0)
(-0.0917769 0.104908 0)
(-0.0823707 0.115216 0)
(-0.0736515 0.124065 0)
(-0.0654784 0.131631 0)
(-0.0579082 0.138069 0)
(-0.0509463 0.143521 0)
(-0.0445838 0.148117 0)
(-0.0387977 0.151972 0)
(-0.0335555 0.15519 0)
(-0.0288181 0.157861 0)
(-0.0245415 0.160063 0)
(-0.0206793 0.161865 0)
(-0.0171831 0.163324 0)
(-0.0140039 0.164489 0)
(-0.0110922 0.165401 0)
(-0.00839883 0.166092 0)
(-0.0058747 0.166597 0)
(-0.00345424 0.167324 0)
(-0.00112196 0.165283 0)
(-0.0816086 0.0969997 0)
(-0.0735597 0.107657 0)
(-0.0660316 0.116931 0)
(-0.0589265 0.124968 0)
(-0.0523011 0.131899 0)
(-0.0461705 0.137848 0)
(-0.0405351 0.142931 0)
(-0.0353823 0.147253 0)
(-0.0306896 0.150909 0)
(-0.0264278 0.153986 0)
(-0.0225622 0.156557 0)
(-0.0190552 0.158688 0)
(-0.0158665 0.160437 0)
(-0.0129547 0.16185 0)
(-0.0102774 0.162968 0)
(-0.00779205 0.163823 0)
(-0.00545591 0.16445 0)
(-0.0032045 0.165228 0)
(-0.00103708 0.163307 0)
(-0.0712224 0.0903042 0)
(-0.064448 0.101207 0)
(-0.0580572 0.110801 0)
(-0.0519873 0.119204 0)
(-0.046292 0.126529 0)
(-0.0409917 0.132882 0)
(-0.0360932 0.138366 0)
(-0.0315915 0.143078 0)
(-0.0274721 0.147104 0)
(-0.0237137 0.150525 0)
(-0.02029 0.153412 0)
(-0.0171709 0.155827 0)
(-0.0143237 0.157825 0)
(-0.0117139 0.159453 0)
(-0.0093059 0.16075 0)
(-0.00706348 0.161749 0)
(-0.0049503 0.162482 0)
(-0.0029035 0.163295 0)
(-0.000935768 0.1615 0)
(-0.0606941 0.0847392 0)
(-0.0551183 0.0958078 0)
(-0.0498136 0.105636 0)
(-0.0447454 0.114318 0)
(-0.0399619 0.12195 0)
(-0.035486 0.128625 0)
(-0.0313283 0.134434 0)
(-0.027489 0.139463 0)
(-0.0239599 0.143795 0)
(-0.0207265 0.147503 0)
(-0.0177691 0.150653 0)
(-0.0150646 0.153307 0)
(-0.0125869 0.155516 0)
(-0.0103083 0.157327 0)
(-0.00819922 0.158777 0)
(-0.00622973 0.159899 0)
(-0.00436963 0.160723 0)
(-0.00255819 0.161555 0)
(-0.000820285 0.159889 0)
(-0.0500795 0.0802334 0)
(-0.0456359 0.091407 0)
(-0.0413714 0.101399 0)
(-0.0372728 0.110286 0)
(-0.0333819 0.118151 0)
(-0.0297213 0.125074 0)
(-0.0263039 0.131137 0)
(-0.0231335 0.13642 0)
(-0.0202066 0.140997 0)
(-0.017514 0.144937 0)
(-0.015042 0.148303 0)
(-0.0127733 0.151152 0)
(-0.010688 0.153535 0)
(-0.00876425 0.155497 0)
(-0.00697872 0.157074 0)
(-0.00530722 0.158297 0)
(-0.00372559 0.159197 0)
(-0.00217557 0.160035 0)
(-0.000692915 0.158498 0)
(-0.0394203 0.0767286 0)
(-0.0360534 0.0879591 0)
(-0.0327898 0.098057 0)
(-0.0296318 0.107086 0)
(-0.0266143 0.115118 0)
(-0.0237587 0.122224 0)
(-0.0210785 0.128479 0)
(-0.0185797 0.133955 0)
(-0.0162625 0.13872 0)
(-0.014122 0.142841 0)
(-0.0121494 0.146375 0)
(-0.0103327 0.149379 0)
(-0.0086575 0.1519 0)
(-0.0071076 0.153982 0)
(-0.00566532 0.15566 0)
(-0.00431212 0.156966 0)
(-0.00302979 0.157926 0)
(-0.00176271 0.158756 0)
(-0.000556019 0.157348 0)
(-0.0287485 0.0741753 0)
(-0.0264134 0.0854232 0)
(-0.0241182 0.0955776 0)
(-0.0218756 0.104694 0)
(-0.0197139 0.112834 0)
(-0.0176525 0.120065 0)
(-0.0157045 0.126454 0)
(-0.0138773 0.132067 0)
(-0.0121738 0.136969 0)
(-0.0105927 0.141221 0)
(-0.0091293 0.14488 0)
(-0.0077764 0.147999 0)
(-0.00652461 0.150624 0)
(-0.00536289 0.152796 0)
(-0.004279 0.154551 0)
(-0.0032599 0.155918 0)
(-0.00229334 0.156925 0)
(-0.00132681 0.157734 0)
(-0.000412289 0.156451 0)
(-0.0181148 0.0725725 0)
(-0.0167819 0.0838035 0)
(-0.0154325 0.0939711 0)
(-0.0140862 0.103124 0)
(-0.0127656 0.111321 0)
(-0.0114876 0.118621 0)
(-0.0102646 0.125088 0)
(-0.00910534 0.130785 0)
(-0.00801452 0.135773 0)
(-0.00699402 0.140109 0)
(-0.00604306 0.143849 0)
(-0.00515872 0.147043 0)
(-0.0043363 0.149736 0)
(-0.00356977 0.151968 0)
(-0.00285204 0.153775 0)
(-0.00217541 0.155185 0)
(-0.00153405 0.156222 0)
(-0.00087969 0.157004 0)
(-0.00026616 0.15583 0)
(-0.00656892 0.0716669 0)
(-0.00616664 0.0828514 0)
(-0.00573688 0.0929967 0)
(-0.00529132 0.102148 0)
(-0.00484024 0.110358 0)
(-0.00439204 0.117685 0)
(-0.0039535 0.124189 0)
(-0.00352981 0.12993 0)
(-0.00312462 0.134965 0)
(-0.00274025 0.13935 0)
(-0.00237776 0.143139 0)
(-0.00203719 0.146379 0)
(-0.00171769 0.149116 0)
(-0.0014177 0.151387 0)
(-0.00113512 0.153227 0)
(-0.000867424 0.154666 0)
(-0.0006139 0.155725 0)
(-0.000348239 0.156466 0)
(-0.000101564 0.155403 0)
)
;

boundaryField
{
    leftWall
    {
        type            noSlip;
    }
    rightWall
    {
        type            noSlip;
    }
    lowerWall
    {
        type            noSlip;
    }
    atmosphere
    {
        type            pressureInletOutletVelocity;
        value           nonuniform List<vector> 
46
(
(0 -0.235009 0)
(0 -0.234861 0)
(0 -0.231665 0)
(0 -0.226844 0)
(0 -0.22045 0)
(0 -0.212543 0)
(0 -0.203194 0)
(0 -0.192488 0)
(0 -0.180526 0)
(0 -0.167424 0)
(0 -0.153316 0)
(0 -0.138352 0)
(0 -0.122693 0)
(0 -0.106507 0)
(0 -0.0899693 0)
(0 -0.0732493 0)
(0 -0.0565099 0)
(0 -0.0398968 0)
(0 -0.0235286 0)
(0 -0.00749847 0)
(-0.0078873 0.0080892 0)
(-0.00767275 0.022788 0)
(-0.00747254 0.0365343 0)
(-0.00728378 0.0460717 0)
(-0.00714304 0.051931 0)
(-0.00699398 0.0575678 0)
(-0.00683444 0.0629956 0)
(-0.00656892 0.0716669 0)
(-0.00616664 0.0828514 0)
(-0.00573688 0.0929967 0)
(-0.00529132 0.102148 0)
(-0.00484024 0.110358 0)
(-0.00439204 0.117685 0)
(-0.0039535 0.124189 0)
(-0.00352981 0.12993 0)
(-0.00312462 0.134965 0)
(-0.00274025 0.13935 0)
(-0.00237776 0.143139 0)
(-0.00203719 0.146379 0)
(-0.00171769 0.149116 0)
(-0.0014177 0.151387 0)
(-0.00113512 0.153227 0)
(-0.000867424 0.154666 0)
(-0.0006139 0.155725 0)
(-0.000348239 0.156466 0)
(-0.000101564 0.155403 0)
)
;
    }
    defaultFaces
    {
        type            empty;
    }
}


// ************************************************************************* //
