/*--------------------------------*- C++ -*----------------------------------*\
| =========                 |                                                 |
| \\      /  F ield         | OpenFOAM: The Open Source CFD Toolbox           |
|  \\    /   O peration     | Version:  5.x                                   |
|   \\  /    A nd           | Web:      www.OpenFOAM.org                      |
|    \\/     M anipulation  |                                                 |
\*---------------------------------------------------------------------------*/
FoamFile
{
    version     2.0;
    format      ascii;
    class       volVectorField;
    location    "0.9";
    object      U;
}
// * * * * * * * * * * * * * * * * * * * * * * * * * * * * * * * * * * * * * //

dimensions      [0 1 -1 0 0 0 0];

internalField   nonuniform List<vector> 
2268
(
(-0.00718562 -0.000375252 0)
(-0.0389801 0.00786552 0)
(-0.0977014 0.017125 0)
(-0.176555 0.0206646 0)
(-0.233179 0.0122494 0)
(-0.240114 0.000391957 0)
(-0.219618 -0.00361692 0)
(-0.206623 -0.00237809 0)
(-0.19671 -0.00245272 0)
(-0.183457 -0.00347348 0)
(-0.164222 -0.00429896 0)
(-0.141709 -0.00491588 0)
(-0.119124 -0.00659 0)
(-0.0967341 -0.0100309 0)
(-0.0752145 -0.012736 0)
(-0.0657222 -0.00527683 0)
(-0.108378 0.0208953 0)
(-0.219936 0.0282796 0)
(-0.285795 0.00839623 0)
(-0.258098 -0.0133256 0)
(-0.195687 -0.0241668 0)
(-0.11913 -0.0277402 0)
(-0.0387136 -0.0224406 0)
(-0.040703 0.0255441 0)
(-0.12342 0.0397094 0)
(-0.208395 0.049874 0)
(-0.269121 0.0431748 0)
(-0.277123 0.016994 0)
(-0.251883 -0.00728655 0)
(-0.230285 -0.0128339 0)
(-0.212477 -0.00859182 0)
(-0.201519 -0.00792626 0)
(-0.187043 -0.0119235 0)
(-0.162904 -0.0162127 0)
(-0.131352 -0.0174312 0)
(-0.101278 -0.014877 0)
(-0.0835862 -0.00986418 0)
(-0.0880628 -0.0017202 0)
(-0.120518 0.0221848 0)
(-0.177303 0.0537695 0)
(-0.230087 0.0480665 0)
(-0.207928 0.00650491 0)
(-0.156943 -0.0304984 0)
(-0.124738 -0.0477254 0)
(-0.07707 -0.0600272 0)
(-0.0226791 -0.0547388 0)
(-0.0537744 0.06965 0)
(-0.144856 0.0799396 0)
(-0.223257 0.079648 0)
(-0.271291 0.0565063 0)
(-0.279902 0.0130114 0)
(-0.264945 -0.0196983 0)
(-0.242608 -0.0244811 0)
(-0.225393 -0.0161238 0)
(-0.212198 -0.0143068 0)
(-0.194086 -0.0221709 0)
(-0.163811 -0.031711 0)
(-0.123865 -0.0350912 0)
(-0.0843117 -0.0290641 0)
(-0.0561341 -0.0145637 0)
(-0.0461072 0.00675013 0)
(-0.0579269 0.0392053 0)
(-0.0910809 0.066543 0)
(-0.102475 0.0468712 0)
(-0.0591685 -0.0125988 0)
(-0.0444024 -0.0445439 0)
(-0.0379133 -0.0559118 0)
(-0.0332091 -0.0716981 0)
(-0.00205324 -0.0688243 0)
(-0.0525152 0.115178 0)
(-0.133813 0.118598 0)
(-0.205092 0.107488 0)
(-0.254075 0.0713161 0)
(-0.267824 0.0140668 0)
(-0.257271 -0.0286007 0)
(-0.247291 -0.0340761 0)
(-0.240756 -0.022596 0)
(-0.230882 -0.0215489 0)
(-0.212799 -0.0345507 0)
(-0.180103 -0.0504615 0)
(-0.1355 -0.0567832 0)
(-0.0901586 -0.0482705 0)
(-0.0548296 -0.0276584 0)
(-0.0317082 0.00132161 0)
(-0.0128942 0.038202 0)
(0.00301175 0.0650297 0)
(0.017545 0.0448862 0)
(0.0301014 -0.0095981 0)
(0.0112284 -0.0407558 0)
(0.00451819 -0.0525544 0)
(-0.0180001 -0.0721425 0)
(0.00485533 -0.0710811 0)
(-0.0445361 0.155264 0)
(-0.11126 0.152734 0)
(-0.17455 0.133612 0)
(-0.218907 0.0874696 0)
(-0.22818 0.0185686 0)
(-0.224381 -0.0303604 0)
(-0.23851 -0.0340084 0)
(-0.25342 -0.0226537 0)
(-0.252936 -0.0258419 0)
(-0.236071 -0.0464733 0)
(-0.198352 -0.0705279 0)
(-0.143272 -0.0792423 0)
(-0.0864655 -0.0664986 0)
(-0.045098 -0.0390818 0)
(-0.0220736 -0.00683022 0)
(-0.00491429 0.0258049 0)
(0.0201516 0.0493471 0)
(0.0396508 0.0342906 0)
(0.0338665 -0.00565508 0)
(0.000661598 -0.0361392 0)
(-0.00719463 -0.0480049 0)
(-0.0275363 -0.0728509 0)
(0.00196406 -0.0762196 0)
(-0.0335354 0.187654 0)
(-0.0834383 0.181271 0)
(-0.134164 0.154915 0)
(-0.166919 0.0996168 0)
(-0.169003 0.0238872 0)
(-0.174583 -0.0228193 0)
(-0.220749 -0.0212574 0)
(-0.263473 -0.0139665 0)
(-0.277596 -0.0270707 0)
(-0.263189 -0.0601664 0)
(-0.212002 -0.0954835 0)
(-0.132213 -0.109808 0)
(-0.0562498 -0.093771 0)
(-0.00905222 -0.0551996 0)
(0.00959066 -0.014444 0)
(0.0157315 0.0205465 0)
(0.0230165 0.0430762 0)
(0.0274675 0.0361966 0)
(0.0150168 0.00710106 0)
(-0.0165349 -0.026003 0)
(-0.023736 -0.0432414 0)
(-0.0336111 -0.0767282 0)
(-0.00223897 -0.0836921 0)
(-0.019929 0.207762 0)
(-0.0538291 0.202237 0)
(-0.0924813 0.169407 0)
(-0.110819 0.107546 0)
(-0.100807 0.0318348 0)
(-0.116094 -0.00902772 0)
(-0.205168 0.00189689 0)
(-0.275772 0.00537013 0)
(-0.305083 -0.0224972 0)
(-0.286463 -0.0774755 0)
(-0.207728 -0.137049 0)
(-0.102888 -0.162417 0)
(-0.0162877 -0.131903 0)
(0.0322152 -0.0743942 0)
(0.0454543 -0.0225464 0)
(0.0457833 0.0146313 0)
(0.0426863 0.0390484 0)
(0.0334409 0.0398411 0)
(0.0153025 0.017659 0)
(-0.0148469 -0.0156061 0)
(-0.0257563 -0.0408295 0)
(-0.0287266 -0.0820602 0)
(-0.00519787 -0.0934153 0)
(-0.00668243 0.224417 0)
(-0.0236523 0.218121 0)
(-0.045682 0.177263 0)
(-0.0324901 0.104168 0)
(0.00179653 0.03114 0)
(-0.0472099 0.0260425 0)
(-0.193645 0.0535566 0)
(-0.287455 0.0350995 0)
(-0.328731 -0.0219963 0)
(-0.29952 -0.110561 0)
(-0.212587 -0.194153 0)
(-0.113185 -0.202234 0)
(-0.0174777 -0.151575 0)
(0.0446777 -0.0838877 0)
(0.0505093 -0.0195904 0)
(0.0488965 0.0275639 0)
(0.0460193 0.0534626 0)
(0.0324806 0.0535733 0)
(0.00937861 0.0282891 0)
(-0.0236498 -0.00966989 0)
(-0.035834 -0.0408016 0)
(-0.0333924 -0.0875465 0)
(-0.0239188 -0.107729 0)
(0.000728208 0.00925891 0)
(-0.164397 0.0208567 0)
(-0.0138851 -0.0443384 0)
(0.257612 -0.0572543 0)
(0.416217 -0.0228882 0)
(0.43246 0.0102575 0)
(0.384252 0.0189856 0)
(0.225917 0.0459403 0)
(-0.185266 0.0457202 0)
(-0.142468 -0.0196808 0)
(-0.130554 0.0224411 0)
(-0.230375 0.0481902 0)
(-0.338636 0.0188056 0)
(-0.41298 -0.00891678 0)
(-0.4765 -0.022013 0)
(-0.444289 -0.0307582 0)
(-0.27394 -0.0494301 0)
(-0.0590647 -0.0571762 0)
(0.0424686 -0.0498536 0)
(-0.110051 0.0564938 0)
(-0.188892 0.00862506 0)
(0.142066 -0.170111 0)
(0.345763 -0.141881 0)
(0.445634 -0.0422127 0)
(0.449036 0.0182018 0)
(0.417792 0.055004 0)
(0.162466 0.167645 0)
(-0.284205 0.130589 0)
(-0.216538 -0.0189182 0)
(-0.19183 0.00741555 0)
(-0.152459 0.0341217 0)
(-0.181035 0.0506437 0)
(-0.217923 0.0554098 0)
(-0.251884 0.0313331 0)
(-0.195429 -0.0502985 0)
(-0.0401862 -0.132206 0)
(0.142642 -0.117677 0)
(0.15316 0.0466874 0)
(-0.152286 0.106947 0)
(-0.115718 -0.0501446 0)
(0.204399 -0.296941 0)
(0.294981 -0.209668 0)
(0.357082 -0.0502926 0)
(0.346509 0.0297577 0)
(0.215857 0.131715 0)
(-0.0689739 0.293708 0)
(-0.278028 0.200776 0)
(-0.357469 -0.0273664 0)
(-0.313106 -0.00851344 0)
(-0.271794 0.0206913 0)
(-0.269199 0.0774192 0)
(-0.277647 0.0496691 0)
(-0.187668 -0.0345154 0)
(-0.0191424 -0.135656 0)
(0.113159 -0.162329 0)
(0.214323 -0.11942 0)
(0.0657098 0.102411 0)
(-0.154504 0.152847 0)
(-0.0262265 -0.118413 0)
(0.165937 -0.367437 0)
(0.110131 -0.22375 0)
(0.148012 -0.0414975 0)
(0.085516 0.0766231 0)
(-0.0825951 0.226908 0)
(-0.209028 0.370421 0)
(-0.236871 0.293348 0)
(-0.238572 -0.071793 0)
(-0.217669 -0.0323043 0)
(-0.267041 0.0265094 0)
(-0.253876 0.04313 0)
(-0.238439 0.015197 0)
(-0.233099 -0.0447511 0)
(-0.208978 -0.146263 0)
(-0.132387 -0.217547 0)
(0.0850173 -0.0909777 0)
(-0.167938 0.126434 0)
(-0.138742 0.181572 0)
(0.037069 -0.172642 0)
(0.0278989 -0.367362 0)
(-0.133541 -0.173584 0)
(-0.170553 0.00237686 0)
(-0.24538 0.144143 0)
(-0.269363 0.267806 0)
(-0.251992 0.423596 0)
(-0.21909 0.283789 0)
(-0.374812 -0.000702875 0)
(-0.362038 -0.0112067 0)
(-0.417819 0.0137102 0)
(-0.591083 0.0803061 0)
(-0.737709 0.0788231 0)
(-0.717471 -0.0630914 0)
(-0.599494 -0.232388 0)
(-0.403462 -0.273374 0)
(-0.119685 -0.0770306 0)
(0.0103396 0.0933409 0)
(-0.121812 0.208113 0)
(0.0306059 -0.194057 0)
(-0.149807 -0.298494 0)
(-0.358602 -0.0981581 0)
(-0.406969 0.0484869 0)
(-0.342722 0.133388 0)
(-0.241807 0.23673 0)
(-0.204656 0.401698 0)
(-0.112069 0.280999 0)
(-0.36612 0.00372437 0)
(-0.597748 0.0315637 0)
(-0.992192 0.129025 0)
(-1.11361 0.157244 0)
(-0.972207 0.0503367 0)
(-0.83469 -0.146372 0)
(-0.727792 -0.340144 0)
(-0.574964 -0.414403 0)
(-0.276135 -0.256142 0)
(0.21076 0.0428317 0)
(-0.11161 0.230499 0)
(-0.0187575 -0.176944 0)
(-0.258981 -0.212017 0)
(-0.440845 -0.0448651 0)
(-0.328005 0.00114722 0)
(-0.058919 0.0157867 0)
(-0.0194441 0.181574 0)
(-0.0979234 0.375373 0)
(-0.0917264 0.326387 0)
(-0.519317 0.166545 0)
(-1.00804 0.265391 0)
(-1.30989 0.239881 0)
(-1.02834 0.0902333 0)
(-0.772703 -0.0210921 0)
(-0.726483 -0.185667 0)
(-0.726317 -0.393711 0)
(-0.682303 -0.541857 0)
(-0.397968 -0.45476 0)
(0.294468 0.0606857 0)
(-0.0949597 0.267316 0)
(-0.0569779 -0.12976 0)
(-0.262853 -0.159858 0)
(-0.324536 -0.0780485 0)
(-0.00853531 -0.144303 0)
(0.129198 -0.0308082 0)
(-0.00710351 0.249647 0)
(-0.166578 0.449518 0)
(-0.482311 0.434366 0)
(-1.07371 0.397835 0)
(-1.35253 0.37584 0)
(-1.23197 0.125332 0)
(-0.874351 -0.0890894 0)
(-0.640667 -0.112532 0)
(-0.489562 -0.161654 0)
(-0.683718 -0.329735 0)
(-0.640741 -0.596156 0)
(-0.440657 -0.590743 0)
(-0.0606954 -0.00540939 0)
(0.0361586 0.212368 0)
(0.0450907 0.237053 0)
(0.0387109 0.177201 0)
(0.0454291 0.10174 0)
(-0.0196169 0.0742181 0)
(-0.131474 0.112918 0)
(-0.237473 0.134243 0)
(-0.322648 0.100434 0)
(-0.375651 0.00390534 0)
(-0.398229 -0.13613 0)
(-0.394935 -0.222689 0)
(-0.288689 -0.263931 0)
(-0.0948553 -0.243292 0)
(0.0449102 -0.162185 0)
(0.107618 -0.0703362 0)
(0.100984 -0.0199961 0)
(0.0650246 0.0111618 0)
(0.0270581 0.0382183 0)
(-0.0180074 0.0491949 0)
(-0.0713494 0.0206626 0)
(-0.0894256 -0.030437 0)
(-0.0851917 -0.0852891 0)
(-0.096956 -0.107142 0)
(0.0427792 0.0850836 0)
(0.11113 0.201762 0)
(0.0281941 0.191565 0)
(-0.09042 0.179089 0)
(-0.175389 0.188759 0)
(-0.210885 0.210413 0)
(-0.254741 0.19581 0)
(-0.356123 0.141656 0)
(-0.555796 0.0776488 0)
(-0.804706 -0.0327767 0)
(-0.911259 -0.277913 0)
(-0.619334 -0.555227 0)
(-0.190624 -0.456873 0)
(0.165016 -0.273584 0)
(0.564149 -0.027051 0)
(0.227299 0.133607 0)
(0.1023 0.132763 0)
(0.0432672 0.121117 0)
(-0.00854847 0.0939727 0)
(-0.0733802 0.0427277 0)
(-0.180765 -0.0192804 0)
(-0.232275 -0.0468865 0)
(-0.173239 -0.087118 0)
(-0.139259 0.114212 0)
(-0.219251 0.354036 0)
(-0.406172 0.397146 0)
(-0.568589 0.309239 0)
(-0.726916 0.207623 0)
(-0.797644 0.224099 0)
(-0.899802 0.317697 0)
(-1.09647 0.406151 0)
(-1.44823 0.38987 0)
(-1.78619 0.0341758 0)
(-1.75178 -0.593133 0)
(-1.58884 -0.904114 0)
(-1.49863 -0.829853 0)
(-1.22672 -0.567974 0)
(-0.921084 -0.185619 0)
(-0.656636 0.0717022 0)
(-0.560933 0.128295 0)
(-0.768018 0.164945 0)
(-0.881642 0.20854 0)
(-0.905515 0.241082 0)
(-0.981684 0.174698 0)
(-0.775474 -0.230346 0)
(-0.477718 -0.28814 0)
(-0.499522 0.475137 0)
(-0.962235 0.583016 0)
(-1.29692 0.481108 0)
(-1.42941 0.371463 0)
(-1.53208 0.319585 0)
(-1.58248 0.336081 0)
(-1.64211 0.44442 0)
(-1.84404 0.657533 0)
(-2.21542 0.720017 0)
(-2.06599 0.0507875 0)
(-1.92403 -0.625832 0)
(-1.88107 -0.958462 0)
(-1.86138 -0.943291 0)
(-1.79908 -0.69607 0)
(-1.76436 -0.265773 0)
(-1.63603 -0.102829 0)
(-1.51218 0.167863 0)
(-1.5395 0.349599 0)
(-1.65611 0.329823 0)
(-1.49174 0.174729 0)
(-0.992272 -0.361887 0)
(-0.710548 -0.633706 0)
(-0.55571 -0.566992 0)
(-0.733231 1.09396 0)
(-1.11993 1.05455 0)
(-1.66534 0.673143 0)
(-1.80607 0.457211 0)
(-1.87114 0.377982 0)
(-1.93711 0.409981 0)
(-2.09228 0.719214 0)
(-2.15278 0.956194 0)
(-1.99704 0.668678 0)
(-1.76492 -0.0853526 0)
(-1.6963 -0.710032 0)
(-1.80138 -0.927859 0)
(-1.88538 -0.919304 0)
(-1.85848 -0.756959 0)
(-1.72282 -0.379135 0)
(-1.55655 -0.112809 0)
(-1.47561 0.0688403 0)
(-1.2949 0.203903 0)
(-1.12776 0.174406 0)
(-0.80489 -0.0395699 0)
(-0.341574 -0.632332 0)
(-0.425984 -0.725411 0)
(-0.540624 -0.624072 0)
(-0.919192 1.86632 0)
(-0.931564 1.72398 0)
(-1.47088 1.00911 0)
(-1.65626 0.573659 0)
(-1.83297 0.467021 0)
(-1.90586 0.486775 0)
(-1.8959 0.646338 0)
(-1.74703 0.764121 0)
(-1.47362 0.568973 0)
(-1.36063 0.0893104 0)
(-1.43478 -0.5325 0)
(-1.65139 -0.774903 0)
(-1.73668 -0.881616 0)
(-1.75236 -0.836334 0)
(-1.62646 -0.675655 0)
(-1.30604 -0.434591 0)
(-1.0012 -0.253519 0)
(-0.683319 -0.060027 0)
(-0.380089 -0.119406 0)
(-0.155412 -0.35187 0)
(-0.108827 -0.498746 0)
(-0.309858 -0.489693 0)
(-0.481822 -0.528503 0)
(-0.91417 2.5996 0)
(-0.720929 2.29763 0)
(-1.03468 1.61417 0)
(-1.13063 0.938071 0)
(-1.23822 0.610502 0)
(-1.34373 0.439394 0)
(-1.34444 0.433247 0)
(-1.20615 0.401983 0)
(-1.04139 0.216411 0)
(-0.994993 -0.077226 0)
(-1.08426 -0.3609 0)
(-1.31011 -0.5834 0)
(-1.50503 -0.778435 0)
(-1.58457 -0.853548 0)
(-1.55267 -0.822454 0)
(-1.40838 -0.712547 0)
(-1.16501 -0.589481 0)
(-0.918232 -0.509904 0)
(-0.627117 -0.428958 0)
(-0.490088 -0.448389 0)
(-0.422827 -0.436941 0)
(-0.422251 -0.477787 0)
(-0.437723 -0.404983 0)
(-0.527281 3.51449 0)
(-0.499569 2.37483 0)
(-0.482634 1.88087 0)
(-0.602325 1.0363 0)
(-0.629467 0.702818 0)
(-0.706679 0.56611 0)
(-0.730663 0.487188 0)
(-0.690025 0.373057 0)
(-0.637918 0.178297 0)
(-0.644998 -0.0492283 0)
(-0.7393 -0.236301 0)
(-0.924946 -0.380793 0)
(-1.14596 -0.582302 0)
(-1.32447 -0.774121 0)
(-1.41259 -0.851891 0)
(-1.38762 -0.819979 0)
(-1.27293 -0.735391 0)
(-1.12098 -0.642929 0)
(-0.971014 -0.586412 0)
(-0.850392 -0.571261 0)
(-0.731177 -0.574493 0)
(-0.678566 -0.562951 0)
(-0.592365 -0.443922 0)
(-0.352341 3.88 0)
(-0.36943 2.2187 0)
(-0.285492 1.77302 0)
(-0.345832 0.976614 0)
(-0.381887 0.701658 0)
(-0.376091 0.585878 0)
(-0.339265 0.485846 0)
(-0.287417 0.372063 0)
(-0.257796 0.225942 0)
(-0.282773 0.0690966 0)
(-0.381919 -0.0725602 0)
(-0.549186 -0.187029 0)
(-0.78016 -0.33646 0)
(-1.03004 -0.557881 0)
(-1.24 -0.783621 0)
(-1.3371 -0.856463 0)
(-1.30933 -0.846957 0)
(-1.21898 -0.766848 0)
(-1.09217 -0.696446 0)
(-0.968906 -0.636403 0)
(-0.871005 -0.604535 0)
(-0.806313 -0.569746 0)
(-0.737855 -0.44847 0)
(-0.278323 4.15046 0)
(-0.349758 2.26319 0)
(-0.520224 1.56888 0)
(-0.366662 1.00333 0)
(-0.46881 0.702732 0)
(-0.403561 0.524952 0)
(-0.315923 0.387153 0)
(-0.205813 0.282142 0)
(-0.126092 0.187558 0)
(-0.102459 0.103175 0)
(-0.143772 0.0273209 0)
(-0.231838 -0.0234623 0)
(-0.391727 -0.0891386 0)
(-0.668487 -0.269593 0)
(-0.959329 -0.537687 0)
(-1.18429 -0.752714 0)
(-1.33133 -0.878945 0)
(-1.34433 -0.856814 0)
(-1.24778 -0.814561 0)
(-1.14443 -0.718701 0)
(-1.04747 -0.660562 0)
(-0.957491 -0.630781 0)
(-0.855688 -0.524679 0)
(-0.0913302 4.3073 0)
(-0.188816 2.80442 0)
(-0.746346 1.42287 0)
(-0.533953 1.03605 0)
(-0.665706 0.705471 0)
(-0.593938 0.437003 0)
(-0.488732 0.249654 0)
(-0.335012 0.147337 0)
(-0.200563 0.0901454 0)
(-0.107666 0.0632753 0)
(-0.0722656 0.0522222 0)
(-0.0887982 0.0478613 0)
(-0.144003 0.0501069 0)
(-0.278937 -0.00387842 0)
(-0.563129 -0.214761 0)
(-0.862339 -0.489715 0)
(-1.10704 -0.727007 0)
(-1.29248 -0.806076 0)
(-1.43614 -0.929624 0)
(-1.42623 -0.898602 0)
(-1.30546 -0.893505 0)
(-1.15123 -0.809586 0)
(-0.985961 -0.642115 0)
(0.158288 4.15466 0)
(0.135976 3.47157 0)
(-0.614465 1.53404 0)
(-0.688584 1.04176 0)
(-0.780851 0.712916 0)
(-0.732889 0.356567 0)
(-0.627617 0.0952599 0)
(-0.457544 -0.0305439 0)
(-0.284587 -0.0480396 0)
(-0.154395 -0.0248677 0)
(-0.072857 0.0130495 0)
(-0.0338022 0.0529609 0)
(-0.0328874 0.0901884 0)
(-0.061766 0.120783 0)
(-0.195232 0.0504338 0)
(-0.480465 -0.192074 0)
(-0.755738 -0.431405 0)
(-0.981488 -0.595941 0)
(-1.18587 -0.726458 0)
(-1.35171 -0.814704 0)
(-1.42961 -0.921946 0)
(-1.37093 -0.966598 0)
(-1.20918 -0.835833 0)
(0.427596 3.73978 0)
(0.585712 3.95583 0)
(-0.0478277 2.14671 0)
(-0.614465 1.12829 0)
(-0.72249 0.707349 0)
(-0.691511 0.280326 0)
(-0.603769 -0.0696217 0)
(-0.453271 -0.243352 0)
(-0.274953 -0.231582 0)
(-0.125548 -0.140147 0)
(-0.0387868 -0.0547767 0)
(0.0117523 0.0201739 0)
(0.0387674 0.0860332 0)
(0.0444443 0.149168 0)
(0.0232809 0.192098 0)
(-0.138861 0.0800382 0)
(-0.419574 -0.166687 0)
(-0.679939 -0.363188 0)
(-0.919995 -0.502537 0)
(-1.17476 -0.63911 0)
(-1.40513 -0.823372 0)
(-1.52219 -1.04112 0)
(-1.44774 -1.15191 0)
(0.60694 2.93385 0)
(1.01687 4.11677 0)
(0.75446 2.99136 0)
(0.00353286 1.57807 0)
(-0.362771 0.789828 0)
(-0.398544 0.238846 0)
(-0.348809 -0.187754 0)
(-0.25627 -0.408584 0)
(-0.139454 -0.396486 0)
(-0.0193228 -0.256883 0)
(0.0550399 -0.116919 0)
(0.0916448 -0.0145142 0)
(0.112938 0.0665922 0)
(0.124587 0.142056 0)
(0.134173 0.225067 0)
(0.0972966 0.25187 0)
(-0.0917133 0.104996 0)
(-0.349152 -0.107485 0)
(-0.580596 -0.242809 0)
(-0.86039 -0.376675 0)
(-1.15832 -0.599486 0)
(-1.37866 -0.86804 0)
(-1.52276 -1.08956 0)
(0.577381 1.91945 0)
(1.28025 3.78662 0)
(1.43632 3.4717 0)
(0.96858 2.27918 0)
(0.449032 1.1722 0)
(0.218466 0.363859 0)
(0.145109 -0.192831 0)
(0.12925 -0.472756 0)
(0.128335 -0.483623 0)
(0.159883 -0.3308 0)
(0.194112 -0.154298 0)
(0.205226 -0.0286349 0)
(0.205208 0.0577529 0)
(0.206399 0.132563 0)
(0.211517 0.216381 0)
(0.223648 0.303483 0)
(0.161478 0.295259 0)
(-0.0414981 0.130901 0)
(-0.241145 -0.0090677 0)
(-0.429219 -0.0846506 0)
(-0.708464 -0.321491 0)
(-0.961796 -0.666172 0)
(-1.16044 -0.928306 0)
(0.310229 0.968639 0)
(1.23804 3.07866 0)
(1.73797 3.4346 0)
(1.68007 2.70266 0)
(1.32939 1.63313 0)
(1.00357 0.668896 0)
(0.781648 -0.0246714 0)
(0.613028 -0.392527 0)
(0.474856 -0.451874 0)
(0.391374 -0.317746 0)
(0.354366 -0.143786 0)
(0.329647 -0.0144102 0)
(0.306898 0.0690685 0)
(0.292301 0.135963 0)
(0.287076 0.207212 0)
(0.300028 0.296579 0)
(0.310048 0.369224 0)
(0.231876 0.323718 0)
(0.0368176 0.143496 0)
(-0.0967633 0.024403 0)
(-0.15634 -0.0730392 0)
(-0.297375 -0.387545 0)
(-0.490418 -0.681486 0)
(-0.0326715 0.383324 0)
(0.898338 2.2406 0)
(1.60106 3.01165 0)
(1.85649 2.72167 0)
(1.77781 1.8985 0)
(1.5457 0.984044 0)
(1.28716 0.249258 0)
(1.02164 -0.181473 0)
(0.779776 -0.29648 0)
(0.60429 -0.213116 0)
(0.501655 -0.0780734 0)
(0.441518 0.0283908 0)
(0.400841 0.098087 0)
(0.374166 0.152421 0)
(0.361262 0.208728 0)
(0.365481 0.278338 0)
(0.393531 0.364306 0)
(0.408471 0.410629 0)
(0.328457 0.317771 0)
(0.16051 0.105188 0)
(0.0676763 -0.0826276 0)
(0.0836266 -0.240908 0)
(-0.00484032 -0.481011 0)
(-0.207471 0.148053 0)
(0.452273 1.53882 0)
(1.13858 2.41478 0)
(1.57019 2.44984 0)
(1.71697 1.91043 0)
(1.65007 1.15969 0)
(1.45929 0.494658 0)
(1.20423 0.0767451 0)
(0.941863 -0.0723345 0)
(0.733892 -0.0502381 0)
(0.601405 0.0249413 0)
(0.522637 0.0910115 0)
(0.473075 0.137914 0)
(0.441281 0.176226 0)
(0.425136 0.216995 0)
(0.425224 0.26532 0)
(0.449717 0.328022 0)
(0.498355 0.39642 0)
(0.522054 0.403563 0)
(0.446414 0.253486 0)
(0.28239 0.011692 0)
(0.162718 -0.239178 0)
(0.103602 -0.399977 0)
(-0.223073 0.13684 0)
(0.0544158 1.02875 0)
(0.60005 1.85387 0)
(1.05865 2.06018 0)
(1.33755 1.75197 0)
(1.42025 1.20015 0)
(1.34323 0.666567 0)
(1.16102 0.30818 0)
(0.945779 0.147768 0)
(0.764998 0.116125 0)
(0.642581 0.133227 0)
(0.565918 0.157993 0)
(0.517316 0.179984 0)
(0.486635 0.201163 0)
(0.471303 0.226168 0)
(0.471247 0.25612 0)
(0.49107 0.291451 0)
(0.536725 0.334758 0)
(0.604688 0.372636 0)
(0.635608 0.3367 0)
(0.578596 0.166994 0)
(0.4042 -0.0809109 0)
(0.222034 -0.354976 0)
(-0.188612 0.251299 0)
(-0.175727 0.763677 0)
(0.180735 1.42024 0)
(0.576937 1.66548 0)
(0.894609 1.51237 0)
(1.06895 1.13994 0)
(1.08999 0.749745 0)
(0.995716 0.467613 0)
(0.856139 0.314271 0)
(0.729936 0.247956 0)
(0.637846 0.223544 0)
(0.57572 0.216621 0)
(0.534805 0.217371 0)
(0.509145 0.222795 0)
(0.497066 0.232999 0)
(0.498679 0.246912 0)
(0.516391 0.262056 0)
(0.552584 0.275485 0)
(0.616952 0.289825 0)
(0.698732 0.290937 0)
(0.749669 0.239432 0)
(0.737131 0.0858366 0)
(0.591655 -0.121879 0)
(-0.126767 0.421367 0)
(-0.218052 0.696021 0)
(-0.0371894 1.11206 0)
(0.270288 1.314 0)
(0.563659 1.24653 0)
(0.760955 1.01627 0)
(0.83293 0.756242 0)
(0.806991 0.549916 0)
(0.737278 0.414953 0)
(0.664749 0.334353 0)
(0.605508 0.287673 0)
(0.561601 0.261174 0)
(0.531166 0.246521 0)
(0.512211 0.239021 0)
(0.504258 0.236485 0)
(0.507962 0.236701 0)
(0.524382 0.236949 0)
(0.554649 0.231814 0)
(0.601435 0.21706 0)
(0.673866 0.195419 0)
(0.759297 0.162098 0)
(0.836229 0.101065 0)
(0.857692 -0.0422814 0)
(-0.0596167 0.563246 0)
(-0.152403 0.712221 0)
(-0.0724417 0.918651 0)
(0.146805 1.04103 0)
(0.377314 1.01271 0)
(0.548096 0.881792 0)
(0.632307 0.719189 0)
(0.647439 0.573384 0)
(0.626323 0.461325 0)
(0.593283 0.381731 0)
(0.560547 0.327518 0)
(0.53326 0.291203 0)
(0.513281 0.266653 0)
(0.501123 0.249476 0)
(0.497186 0.236785 0)
(0.502456 0.22605 0)
(0.517253 0.214572 0)
(0.542594 0.198148 0)
(0.576205 0.169222 0)
(0.620871 0.124007 0)
(0.67724 0.0654886 0)
(0.746552 0.000445249 0)
(0.797817 -0.0948472 0)
(-0.0101787 0.629563 0)
(-0.0600767 0.738613 0)
(-0.0169754 0.806285 0)
(0.129309 0.854235 0)
(0.289645 0.839501 0)
(0.417871 0.76727 0)
(0.495257 0.665998 0)
(0.529059 0.562799 0)
(0.534987 0.473215 0)
(0.526347 0.402268 0)
(0.512182 0.348698 0)
(0.49808 0.308774 0)
(0.487131 0.278573 0)
(0.480955 0.254753 0)
(0.480424 0.234593 0)
(0.486449 0.21575 0)
(0.499161 0.195651 0)
(0.51894 0.171397 0)
(0.543534 0.137551 0)
(0.569866 0.0876411 0)
(0.59462 0.0197016 0)
(0.623541 -0.0548978 0)
(0.647945 -0.13458 0)
(0.0108096 0.63252 0)
(0.00753709 0.74206 0)
(0.0469323 0.73185 0)
(0.14242 0.732533 0)
(0.248793 0.720686 0)
(0.34044 0.678422 0)
(0.405289 0.612125 0)
(0.443866 0.537379 0)
(0.462139 0.466767 0)
(0.467146 0.406253 0)
(0.465127 0.356713 0)
(0.460711 0.316616 0)
(0.456894 0.283744 0)
(0.455513 0.255837 0)
(0.457591 0.230713 0)
(0.463803 0.206417 0)
(0.474282 0.180797 0)
(0.488793 0.151701 0)
(0.505976 0.116135 0)
(0.522572 0.0699402 0)
(0.532618 0.00933101 0)
(0.534659 -0.0595707 0)
(0.527466 -0.129907 0)
(0.0139587 0.610013 0)
(0.038907 0.71725 0)
(0.0840727 0.67101 0)
(0.15145 0.650176 0)
(0.224168 0.638771 0)
(0.290652 0.610758 0)
(0.343534 0.563854 0)
(0.380629 0.507679 0)
(0.403499 0.451566 0)
(0.415734 0.400488 0)
(0.421323 0.355868 0)
(0.423618 0.317331 0)
(0.425044 0.283769 0)
(0.427231 0.253777 0)
(0.431149 0.225795 0)
(0.437291 0.198301 0)
(0.445752 0.169677 0)
(0.45611 0.138338 0)
(0.467337 0.102605 0)
(0.477409 0.0607007 0)
(0.481453 0.0100375 0)
(0.475264 -0.0473842 0)
(0.456738 -0.104967 0)
(0.012136 0.581741 0)
(0.0480424 0.676043 0)
(0.096616 0.617172 0)
(0.149601 0.589898 0)
(0.203258 0.57916 0)
(0.254014 0.558025 0)
(0.297595 0.522119 0)
(0.331407 0.478067 0)
(0.355343 0.432542 0)
(0.371152 0.389187 0)
(0.381257 0.349337 0)
(0.387922 0.313139 0)
(0.392939 0.280137 0)
(0.397602 0.249527 0)
(0.402727 0.220282 0)
(0.408709 0.191299 0)
(0.415579 0.161428 0)
(0.422968 0.129572 0)
(0.429983 0.0947083 0)
(0.435353 0.0562521 0)
(0.436216 0.013166 0)
(0.429343 -0.033796 0)
(0.412186 -0.0810028 0)
(0.0109779 0.553175 0)
(0.0487986 0.630508 0)
(0.0961896 0.568893 0)
(0.140613 0.542119 0)
(0.183326 0.532663 0)
(0.224316 0.515208 0)
(0.261133 0.485951 0)
(0.291555 0.450038 0)
(0.314992 0.412217 0)
(0.332264 0.374988 0)
(0.344808 0.339406 0)
(0.354095 0.305807 0)
(0.361385 0.274095 0)
(0.36764 0.243857 0)
(0.373499 0.214458 0)
(0.379287 0.185155 0)
(0.385005 0.155164 0)
(0.390365 0.123762 0)
(0.394667 0.0903246 0)
(0.397027 0.054692 0)
(0.395976 0.0167132 0)
(0.389827 -0.0229062 0)
(0.376617 -0.06243 0)
(0.0107241 0.525476 0)
(0.047032 0.586368 0)
(0.0906005 0.525868 0)
(0.128857 0.502247 0)
(0.16463 0.494318 0)
(0.19917 0.479134 0)
(0.230976 0.454258 0)
(0.25831 0.424057 0)
(0.280543 0.391938 0)
(0.298051 0.359551 0)
(0.311676 0.327663 0)
(0.322352 0.29665 0)
(0.330934 0.2666 0)
(0.33811 0.23734 0)
(0.344358 0.208507 0)
(0.349934 0.179634 0)
(0.354837 0.150217 0)
(0.358852 0.119809 0)
(0.361478 0.0880547 0)
(0.362101 0.0549386 0)
(0.359911 0.0206193 0)
(0.354103 -0.0142156 0)
(0.343397 -0.048583 0)
(0.0105823 0.498926 0)
(0.0442857 0.545517 0)
(0.083289 0.487852 0)
(0.116636 0.46805 0)
(0.147496 0.461555 0)
(0.177401 0.447958 0)
(0.205315 0.42622 0)
(0.229904 0.400216 0)
(0.250639 0.372422 0)
(0.267687 0.34389 0)
(0.281536 0.315161 0)
(0.29277 0.286587 0)
(0.301953 0.258339 0)
(0.309564 0.230392 0)
(0.315949 0.202564 0)
(0.321297 0.174585 0)
(0.325618 0.146163 0)
(0.328759 0.117049 0)
(0.330387 0.0870748 0)
(0.330095 0.0563003 0)
(0.327367 0.0249402 0)
(0.321814 -0.00641101 0)
(0.312678 -0.0370346 0)
(0.0102724 0.473837 0)
(0.0410417 0.508482 0)
(0.0755846 0.454361 0)
(0.104869 0.438232 0)
(0.131948 0.432951 0)
(0.158264 0.420573 0)
(0.183013 0.401242 0)
(0.205163 0.378454 0)
(0.224308 0.354023 0)
(0.240518 0.328604 0)
(0.25407 0.302569 0)
(0.265319 0.276233 0)
(0.274633 0.249796 0)
(0.282337 0.223318 0)
(0.288673 0.196736 0)
(0.293778 0.169921 0)
(0.297667 0.142727 0)
(0.300245 0.115041 0)
(0.3013 0.0868171 0)
(0.300577 0.0581554 0)
(0.297739 0.0292531 0)
(0.292631 0.000587752 0)
(0.284768 -0.0273219 0)
(0.00983708 0.450446 0)
(0.0376323 0.475296 0)
(0.0680642 0.424862 0)
(0.0939055 0.411967 0)
(0.117892 0.407658 0)
(0.141262 0.396278 0)
(0.163337 0.37889 0)
(0.183303 0.358652 0)
(0.200861 0.336903 0)
(0.216036 0.314034 0)
(0.228978 0.290307 0)
(0.239898 0.265994 0)
(0.249028 0.241302 0)
(0.256585 0.216334 0)
(0.262735 0.191108 0)
(0.267575 0.165585 0)
(0.271124 0.139718 0)
(0.273329 0.11348 0)
(0.274061 0.086895 0)
(0.273178 0.0600829 0)
(0.270472 0.033219 0)
(0.265936 0.006683 0)
(0.259232 -0.0192246 0)
(0.00936649 0.428808 0)
(0.0343004 0.44579 0)
(0.0610007 0.398876 0)
(0.0838682 0.388703 0)
(0.105212 0.385147 0)
(0.126057 0.374612 0)
(0.145801 0.358843 0)
(0.16379 0.340683 0)
(0.179805 0.321118 0)
(0.19385 0.300371 0)
(0.206 0.278632 0)
(0.216374 0.256135 0)
(0.225113 0.233082 0)
(0.232358 0.209597 0)
(0.23822 0.185744 0)
(0.242771 0.161547 0)
(0.24603 0.137017 0)
(0.247972 0.112183 0)
(0.248529 0.0871043 0)
(0.247633 0.0619118 0)
(0.245172 0.0367649 0)
(0.241187 0.0119696 0)
(0.235512 -0.0123087 0)
(0.00892745 0.408842 0)
(0.0311965 0.419727 0)
(0.0544904 0.375989 0)
(0.0747616 0.36805 0)
(0.0937825 0.365059 0)
(0.1124 0.35525 0)
(0.130069 0.34086 0)
(0.146249 0.324428 0)
(0.160785 0.306675 0)
(0.173667 0.287717 0)
(0.184926 0.267699 0)
(0.194621 0.246826 0)
(0.202837 0.225286 0)
(0.209661 0.203214 0)
(0.215168 0.180698 0)
(0.219409 0.157798 0)
(0.222405 0.134564 0)
(0.224153 0.111054 0)
(0.224626 0.0873485 0)
(0.223806 0.063576 0)
(0.22165 0.0398783 0)
(0.218258 0.0164979 0)
(0.213428 -0.0064901 0)
(0.00856918 0.390384 0)
(0.0284088 0.396877 0)
(0.0485275 0.355858 0)
(0.0665219 0.34971 0)
(0.0834644 0.347125 0)
(0.100086 0.337947 0)
(0.115885 0.324747 0)
(0.1304 0.309773 0)
(0.143528 0.293545 0)
(0.155254 0.276112 0)
(0.165579 0.257592 0)
(0.174528 0.238167 0)
(0.182148 0.218009 0)
(0.188489 0.197254 0)
(0.193603 0.176004 0)
(0.197529 0.154336 0)
(0.200288 0.132323 0)
(0.201891 0.110037 0)
(0.20234 0.0875663 0)
(0.20165 0.0650279 0)
(0.199822 0.0425428 0)
(0.196972 0.0202951 0)
(0.192992 -0.00173618 0)
(0.00832455 0.373216 0)
(0.0259788 0.37703 0)
(0.0430757 0.338228 0)
(0.0590609 0.333445 0)
(0.0741131 0.331122 0)
(0.088932 0.322504 0)
(0.103029 0.310345 0)
(0.116002 0.296613 0)
(0.1278 0.28168 0)
(0.138403 0.265557 0)
(0.147791 0.248343 0)
(0.155973 0.230204 0)
(0.162967 0.211297 0)
(0.168803 0.191751 0)
(0.173515 0.171672 0)
(0.177132 0.15115 0)
(0.179677 0.130263 0)
(0.181169 0.109089 0)
(0.181625 0.0877143 0)
(0.181082 0.0662419 0)
(0.179569 0.0447712 0)
(0.177211 0.0234436 0)
(0.173961 0.00218866 0)
(0.0081941 0.357118 0)
(0.023892 0.359963 0)
(0.038118 0.32292 0)
(0.0522935 0.319068 0)
(0.0655836 0.316871 0)
(0.0787594 0.308759 0)
(0.091285 0.297516 0)
(0.102821 0.284849 0)
(0.113364 0.271022 0)
(0.122884 0.256024 0)
(0.131354 0.239949 0)
(0.13877 0.222946 0)
(0.145132 0.205157 0)
(0.150456 0.186706 0)
(0.154761 0.167698 0)
(0.158067 0.148223 0)
(0.160393 0.128361 0)
(0.16176 0.108191 0)
(0.16219 0.0877908 0)
(0.161724 0.0672474 0)
(0.160405 0.0466379 0)
(0.158354 0.0260705 0)
(0.155544 0.0054351 0)
(0.00813268 0.341929 0)
(0.0220762 0.345401 0)
(0.0336568 0.309814 0)
(0.0461348 0.306453 0)
(0.0577295 0.304246 0)
(0.0693799 0.296592 0)
(0.080423 0.286153 0)
(0.0905999 0.2744 0)
(0.0999442 0.261517 0)
(0.108414 0.247484 0)
(0.115979 0.232396 0)
(0.122626 0.21639 0)
(0.128342 0.199596 0)
(0.133128 0.18213 0)
(0.136989 0.164093 0)
(0.139934 0.145574 0)
(0.141973 0.126652 0)
(0.143118 0.1074 0)
(0.143386 0.0878895 0)
(0.142808 0.06819 0)
(0.141423 0.0483572 0)
(0.139335 0.0284752 0)
(0.136494 0.00840828 0)
(0.0080541 0.327556 0)
(0.0204091 0.332975 0)
(0.0296565 0.298787 0)
(0.0404718 0.295529 0)
(0.05039 0.293173 0)
(0.0605848 0.285918 0)
(0.0701867 0.276178 0)
(0.0790478 0.265205 0)
(0.0872196 0.25312 0)
(0.0946429 0.23991 0)
(0.101291 0.225676 0)
(0.107137 0.210544 0)
(0.112157 0.194635 0)
(0.116337 0.178057 0)
(0.119669 0.16091 0)
(0.122146 0.143277 0)
(0.123763 0.125236 0)
(0.124518 0.106857 0)
(0.124416 0.0881991 0)
(0.123472 0.0693188 0)
(0.121712 0.0502528 0)
(0.11922 0.0310655 0)
(0.115923 0.0116017 0)
(0.0078862 0.314143 0)
(0.01881 0.322443 0)
(0.0260657 0.289762 0)
(0.0351972 0.286301 0)
(0.0434336 0.283666 0)
(0.0522084 0.276744 0)
(0.0603753 0.267601 0)
(0.0679394 0.257289 0)
(0.0749371 0.245874 0)
(0.0812934 0.233365 0)
(0.0869851 0.21987 0)
(0.0919724 0.205508 0)
(0.0962185 0.190391 0)
(0.0996977 0.174626 0)
(0.102387 0.158306 0)
(0.104265 0.141513 0)
(0.105313 0.124321 0)
(0.105516 0.106797 0)
(0.104866 0.088991 0)
(0.103366 0.0709434 0)
(0.101035 0.0526751 0)
(0.0979467 0.0342234 0)
(0.0940457 0.0154098 0)
(0.00750713 0.30134 0)
(0.0170173 0.313141 0)
(0.0225957 0.282501 0)
(0.0300254 0.278645 0)
(0.0365518 0.275591 0)
(0.0438843 0.268907 0)
(0.050562 0.260259 0)
(0.0568033 0.250494 0)
(0.0625773 0.239636 0)
(0.0678071 0.227728 0)
(0.0724722 0.214882 0)
(0.0765189 0.201209 0)
(0.0799037 0.186818 0)
(0.0825937 0.17181 0)
(0.0845562 0.156274 0)
(0.0857613 0.140291 0)
(0.0861832 0.12393 0)
(0.0858001 0.10725 0)
(0.0846027 0.0902906 0)
(0.0825878 0.0730743 0)
(0.079784 0.0556017 0)
(0.0762696 0.0378579 0)
(0.0720469 0.0196328 0)
(0.00718061 0.291305 0)
(0.0156111 0.306337 0)
(0.0197508 0.277443 0)
(0.0255421 0.273099 0)
(0.0305459 0.269644 0)
(0.0366156 0.263167 0)
(0.0419618 0.254895 0)
(0.0470417 0.245565 0)
(0.0517275 0.235139 0)
(0.0559544 0.22371 0)
(0.0597031 0.211388 0)
(0.0629075 0.198278 0)
(0.0655236 0.184489 0)
(0.0675155 0.170117 0)
(0.068845 0.155249 0)
(0.069478 0.139964 0)
(0.0693807 0.124327 0)
(0.0685267 0.108396 0)
(0.0668984 0.0922006 0)
(0.0644814 0.0757542 0)
(0.0613013 0.0590352 0)
(0.0574119 0.0419642 0)
(0.0528068 0.0243066 0)
(0.00605769 0.276264 0)
(0.0121024 0.297442 0)
(0.0143931 0.272477 0)
(0.0180871 0.267303 0)
(0.0207974 0.263227 0)
(0.0247984 0.256734 0)
(0.0279459 0.248887 0)
(0.031164 0.239974 0)
(0.034022 0.230042 0)
(0.0365815 0.219198 0)
(0.0387847 0.207535 0)
(0.0405725 0.195158 0)
(0.0419139 0.182163 0)
(0.0427755 0.168642 0)
(0.0431258 0.154678 0)
(0.0429316 0.140349 0)
(0.042164 0.125706 0)
(0.0408096 0.110792 0)
(0.0388618 0.0956209 0)
(0.0363244 0.0801787 0)
(0.0332343 0.0644045 0)
(0.0296332 0.048129 0)
(0.0255717 0.0311009 0)
(-0.0651108 -0.077105 0)
(-0.0211707 -0.0711697 0)
(0.0120411 0.0250329 0)
(-0.126057 0.248521 0)
(-0.138228 -0.091236 0)
(-0.16858 -0.0334081 0)
(-0.196393 0.134419 0)
(-0.212562 0.290929 0)
(-0.307056 -0.0827382 0)
(-0.273189 0.0363533 0)
(-0.249654 0.131167 0)
(-0.207231 0.199152 0)
(-0.427036 -0.332761 0)
(-0.349823 -0.150566 0)
(-0.293538 -0.0059196 0)
(-0.245021 0.0849768 0)
(-0.504223 -0.448844 0)
(-0.46201 -0.244116 0)
(-0.436591 -0.0558421 0)
(-0.420286 0.0900635 0)
(-0.553604 -0.455073 0)
(-0.555378 -0.253302 0)
(-0.558412 -0.0371173 0)
(-0.567267 0.145706 0)
(-0.573568 -0.356798 0)
(-0.609646 -0.211399 0)
(-0.626377 -0.00849352 0)
(-0.633055 0.184227 0)
(-0.586094 -0.26656 0)
(-0.626627 -0.132192 0)
(-0.639975 0.046817 0)
(-0.635345 0.22341 0)
(-0.685395 -0.266308 0)
(-0.663065 -0.142418 0)
(-0.649845 0.0058916 0)
(-0.636642 0.158852 0)
(-0.785135 -0.334566 0)
(-0.744132 -0.154804 0)
(-0.702298 0.0269218 0)
(-0.662029 0.189906 0)
(-0.860455 -0.452892 0)
(-0.801638 -0.305396 0)
(-0.747229 -0.128908 0)
(-0.682046 0.0611145 0)
(-1.00673 -0.575141 0)
(-0.886674 -0.405408 0)
(-0.789362 -0.213921 0)
(-0.711355 -0.0899931 0)
(-1.31446 -1.0241 0)
(-1.20622 -0.788996 0)
(-1.04736 -0.452879 0)
(-0.881532 -0.281475 0)
(-1.57017 -1.19266 0)
(-1.5157 -1.13228 0)
(-1.38777 -0.911247 0)
(-1.19036 -0.665141 0)
(-1.31504 -1.04396 0)
(-1.39352 -1.08325 0)
(-1.46282 -1.09951 0)
(-1.46206 -1.04452 0)
(-0.65936 -0.809806 0)
(-0.732844 -0.846244 0)
(-0.819362 -0.887371 0)
(-0.855405 -0.906974 0)
(-0.156955 -0.616781 0)
(-0.264024 -0.672363 0)
(-0.362209 -0.743769 0)
(-0.420333 -0.77984 0)
(0.0682734 -0.430759 0)
(0.0348639 -0.454101 0)
(-0.0475168 -0.544569 0)
(-0.120734 -0.607232 0)
(0.143743 -0.444685 0)
(0.121555 -0.457494 0)
(0.111186 -0.476474 0)
(0.0851442 -0.508124 0)
(0.464393 -0.294225 0)
(0.412168 -0.400181 0)
(0.367986 -0.464448 0)
(0.347591 -0.47691 0)
(0.840557 -0.17258 0)
(0.805404 -0.242871 0)
(0.754854 -0.314126 0)
(0.704003 -0.39603 0)
(0.818553 -0.170556 0)
(0.815158 -0.217701 0)
(0.800542 -0.259529 0)
(0.779868 -0.303486 0)
(0.658719 -0.192278 0)
(0.656842 -0.226086 0)
(0.648886 -0.255643 0)
(0.638283 -0.280718 0)
(0.516963 -0.178271 0)
(0.505072 -0.204599 0)
(0.489842 -0.226108 0)
(0.472573 -0.24354 0)
(0.437565 -0.144323 0)
(0.421549 -0.165582 0)
(0.404168 -0.182766 0)
(0.38609 -0.196189 0)
(0.394913 -0.113942 0)
(0.381173 -0.132398 0)
(0.366719 -0.148278 0)
(0.351989 -0.162093 0)
(0.363583 -0.0903171 0)
(0.35327 -0.106394 0)
(0.342344 -0.120827 0)
(0.331098 -0.133928 0)
(0.333196 -0.0730179 0)
(0.325208 -0.0873444 0)
(0.31668 -0.100505 0)
(0.307824 -0.112727 0)
(0.304274 -0.0589485 0)
(0.297819 -0.0719293 0)
(0.290966 -0.0840189 0)
(0.283847 -0.0953991 0)
(0.277697 -0.0474375 0)
(0.272397 -0.0594571 0)
(0.266832 -0.0707578 0)
(0.261058 -0.081483 0)
(0.253273 -0.037935 0)
(0.248878 -0.0491878 0)
(0.244283 -0.0598631 0)
(0.239516 -0.070074 0)
(0.230525 -0.029928 0)
(0.226839 -0.0406065 0)
(0.222996 -0.0508114 0)
(0.219039 -0.0606482 0)
(0.209205 -0.0232272 0)
(0.20617 -0.0334577 0)
(0.203029 -0.0433169 0)
(0.199816 -0.0529076 0)
(0.189543 -0.0177604 0)
(0.187073 -0.0276464 0)
(0.184551 -0.0372781 0)
(0.182006 -0.0467382 0)
(0.171177 -0.0133331 0)
(0.169189 -0.0230018 0)
(0.167167 -0.0325058 0)
(0.165139 -0.0418952 0)
(0.153144 -0.00969164 0)
(0.151421 -0.0191931 0)
(0.149652 -0.0285875 0)
(0.147854 -0.0378744 0)
(0.134067 -0.00633384 0)
(0.132316 -0.0156362 0)
(0.130487 -0.0248514 0)
(0.128586 -0.0339246 0)
(0.113132 -0.0026995 0)
(0.111137 -0.0117343 0)
(0.109045 -0.0206759 0)
(0.106846 -0.0294301 0)
(0.0908149 0.00160284 0)
(0.0885569 -0.00710618 0)
(0.086221 -0.0157411 0)
(0.0838014 -0.0242281 0)
(0.0686403 0.00624963 0)
(0.0662712 -0.00221278 0)
(0.0638737 -0.0107043 0)
(0.0615244 -0.0192883 0)
(0.0490773 0.0113095 0)
(0.0465003 0.00299871 0)
(0.0439059 -0.0055787 0)
(0.0414656 -0.0144771 0)
(0.0224609 0.0183892 0)
(0.0204875 0.00991211 0)
(0.0187567 0.000830319 0)
(0.0172733 -0.00893521 0)
(-0.140533 0.282805 0)
(-0.0933993 -0.0960432 0)
(-0.217303 -0.152467 0)
(-0.214918 -0.193962 0)
(0.0109146 -0.214059 0)
(-0.130564 0.0465616 0)
(-0.200718 0.334355 0)
(-0.344872 0.606916 0)
(-0.88769 0.680916 0)
(-1.31778 0.513079 0)
(-1.28795 0.275799 0)
(-0.984045 -0.0687661 0)
(-0.683616 -0.270611 0)
(-0.460587 -0.249205 0)
(0.0194687 -0.0192524 0)
(-0.39947 -0.0727686 0)
(-0.523947 -0.538608 0)
(-0.352508 -0.734398 0)
(-0.134005 -0.264272 0)
(-0.151398 0.226168 0)
(-0.10912 -0.0598256 0)
(-0.274843 -0.106774 0)
(-0.394122 -0.154086 0)
(-0.468561 -0.0580745 0)
(-0.54977 0.110368 0)
(-0.498464 0.420565 0)
(-0.440917 0.981807 0)
(-0.78333 1.0027 0)
(-1.01733 0.646896 0)
(-0.845342 0.164634 0)
(-0.454162 -0.335884 0)
(-0.281957 -0.596777 0)
(-0.310754 -0.715819 0)
(-0.113736 -0.185903 0)
(-0.0319217 0.081252 0)
(-0.230181 -0.331172 0)
(-0.155002 -0.882699 0)
(-0.0392856 -0.503877 0)
(-0.143311 0.156228 0)
(-0.189313 0.0246164 0)
(-0.449107 0.0548688 0)
(-0.657614 0.00565721 0)
(-0.764726 -0.0390431 0)
(-0.845587 0.0101933 0)
(-0.720327 0.398397 0)
(-0.398331 1.03751 0)
(-0.202676 1.14545 0)
(-0.0830575 0.691196 0)
(0.191254 0.0353332 0)
(0.165424 -0.324144 0)
(-0.012074 -0.481548 0)
(-0.259577 -0.42867 0)
(-0.511681 -0.29734 0)
(-0.345286 0.124896 0)
(-0.355504 -0.583484 0)
(-0.137723 -0.779329 0)
(0.127687 -0.481554 0)
(-0.237377 0.149179 0)
(-0.387704 0.211195 0)
(-0.663092 0.268636 0)
(-0.855468 0.171591 0)
(-0.954595 0.0420434 0)
(-1.02881 0.0338201 0)
(-0.945622 0.188342 0)
(-0.572503 0.457562 0)
(0.0604217 0.668894 0)
(0.520931 0.419811 0)
(0.766817 0.0163469 0)
(0.72806 -0.209455 0)
(0.481745 -0.217208 0)
(0.0349709 -0.134283 0)
(-0.332203 -0.174117 0)
(-0.615284 0.220665 0)
(-0.524167 -0.800045 0)
(-0.449578 -1.11967 0)
(-0.0203043 -0.560203 0)
(-0.445975 0.25432 0)
(-0.590165 0.403939 0)
(-0.85568 0.443332 0)
(-1.09974 0.263217 0)
(-1.23543 0.0709023 0)
(-1.34076 0.0189606 0)
(-1.26848 0.0394682 0)
(-0.979869 0.0474099 0)
(-0.600628 0.0320826 0)
(-0.215504 -0.00268291 0)
(0.0440289 -0.0626489 0)
(0.134798 -0.0348262 0)
(0.0457845 -0.0098746 0)
(0.0117751 0.0300461 0)
(-0.165667 0.368495 0)
(-0.647771 0.139907 0)
(-0.490299 -1.03588 0)
(-0.558624 -1.40936 0)
(-0.190671 -0.797334 0)
(-0.606033 0.368404 0)
(-0.75269 0.587793 0)
(-1.11884 0.677056 0)
(-1.41356 0.458529 0)
(-1.51578 0.180846 0)
(-1.55484 0.0295821 0)
(-1.34837 -0.105214 0)
(-1.05694 -0.197782 0)
(-0.814615 -0.200071 0)
(-0.443933 -0.215732 0)
(-0.013996 -0.312194 0)
(0.415699 -0.204179 0)
(0.533842 -0.0630866 0)
(0.945455 0.116765 0)
(0.863631 0.776054 0)
(0.232432 0.367219 0)
(-0.114896 -0.880047 0)
(-0.415956 -1.56652 0)
(-0.210039 -1.20659 0)
(-0.663568 0.452268 0)
(-0.796638 0.783488 0)
(-1.09177 1.00624 0)
(-1.12541 0.724008 0)
(-1.03047 0.136972 0)
(-0.897625 -0.127779 0)
(-0.723084 -0.257704 0)
(-0.257864 -0.500473 0)
(-0.217962 -0.569971 0)
(0.0877265 -0.654873 0)
(0.283506 -0.881917 0)
(0.51529 -0.793997 0)
(0.909204 -0.639001 0)
(1.50612 -0.0482563 0)
(1.68608 0.687228 0)
(1.48345 1.01389 0)
(0.593355 -0.0347534 0)
(-0.0685506 -1.38933 0)
(-0.128836 -1.54544 0)
(-0.642976 0.499218 0)
(-0.699674 0.928633 0)
(-0.78051 1.15304 0)
(-0.637649 0.672806 0)
(-0.48866 0.0267201 0)
(-0.266607 -0.285868 0)
(-0.0326205 -0.535578 0)
(0.226817 -0.585485 0)
(0.0296183 -0.594211 0)
(0.22649 -0.726607 0)
(0.291936 -0.865104 0)
(0.33792 -0.827028 0)
(0.268395 -0.926841 0)
(0.616176 -0.46033 0)
(1.38865 0.682865 0)
(1.62589 1.33163 0)
(0.860719 0.53859 0)
(0.451422 -0.564559 0)
(-0.0185125 -1.44927 0)
(-0.623265 0.446409 0)
(-0.600161 0.893929 0)
(-0.430636 1.03459 0)
(-0.160424 0.457869 0)
(0.157537 -0.16755 0)
(0.446782 -0.554125 0)
(0.52105 -0.690972 0)
(0.504867 -0.538044 0)
(0.228375 -0.544561 0)
(0.302698 -0.775377 0)
(0.34977 -0.938603 0)
(0.493611 -0.807731 0)
(0.678797 -0.871202 0)
(0.306455 -0.704347 0)
(0.614202 0.164444 0)
(1.1252 1.36019 0)
(0.376603 0.725657 0)
(0.384983 -0.318803 0)
(0.0916966 -1.17955 0)
(-0.609319 0.444345 0)
(-0.519713 0.779019 0)
(-0.219105 0.662773 0)
(0.177074 0.0410114 0)
(0.493989 -0.611085 0)
(0.460807 -0.665868 0)
(0.33653 -0.595053 0)
(0.239834 -0.460839 0)
(0.269287 -0.512661 0)
(0.328664 -0.769998 0)
(0.278313 -0.950264 0)
(0.348119 -1.04646 0)
(0.591308 -0.889279 0)
(0.0994968 -0.592425 0)
(0.281609 0.0290703 0)
(0.305602 1.37058 0)
(-0.17196 0.836038 0)
(0.264492 -0.287702 0)
(0.090079 -1.05308 0)
(-0.558241 0.335173 0)
(-0.360886 0.582504 0)
(0.105043 0.189114 0)
(0.427785 -0.265889 0)
(0.278578 -0.350304 0)
(0.197838 -0.417612 0)
(0.144285 -0.436251 0)
(0.143408 -0.417318 0)
(0.289688 -0.581731 0)
(0.261412 -0.700875 0)
(-0.0174509 -0.873018 0)
(-0.410956 -0.945769 0)
(-0.602868 -0.750852 0)
(-0.692636 -0.327579 0)
(-0.376921 0.485835 0)
(-0.548038 1.51982 0)
(-0.475528 0.711943 0)
(0.196509 -0.402802 0)
(0.0522351 -0.938987 0)
(-0.542702 0.0720338 0)
(-0.257801 0.250697 0)
(0.0428624 0.17722 0)
(0.104698 -0.0216991 0)
(0.045343 -0.240341 0)
(0.0250653 -0.369362 0)
(0.0654504 -0.4458 0)
(0.185412 -0.517626 0)
(0.226339 -0.595651 0)
(-0.00661194 -0.399016 0)
(-0.912157 -0.447394 0)
(-1.25573 -0.63158 0)
(-1.46154 -0.654437 0)
(-1.58974 -0.518596 0)
(-1.41866 0.391543 0)
(-0.944925 1.20173 0)
(-0.218204 0.15655 0)
(0.154579 -0.504071 0)
(0.0290702 -0.854494 0)
(-0.68008 -0.160705 0)
(-0.438561 -0.056446 0)
(-0.24487 -0.122994 0)
(-0.128645 -0.278405 0)
(-0.0644513 -0.389225 0)
(0.00655486 -0.47392 0)
(0.0264547 -0.581597 0)
(-0.0557597 -0.59104 0)
(-0.347213 -0.376637 0)
(-1.21644 0.410529 0)
(-1.1583 -0.176694 0)
(-1.19537 -0.565197 0)
(-1.24257 -0.619821 0)
(-1.23281 -0.480134 0)
(-1.05592 -0.196441 0)
(-0.58583 0.219943 0)
(0.157691 -0.283459 0)
(0.120265 -0.486821 0)
(0.0159274 -0.791624 0)
(-0.867795 -0.384838 0)
(-0.528088 -0.157955 0)
(-0.31551 -0.167317 0)
(-0.190002 -0.291723 0)
(0.0340876 -0.404798 0)
(-0.00771114 -0.470656 0)
(-0.486472 -0.458072 0)
(-1.21277 -0.167193 0)
(-1.39974 0.43995 0)
(-1.3268 0.132236 0)
(-1.06521 -0.261471 0)
(-0.930002 -0.554548 0)
(-0.862744 -0.669464 0)
(-0.772585 -0.552634 0)
(-0.53767 -0.29971 0)
(-0.137948 -0.218872 0)
(0.0949655 -0.375997 0)
(0.0598714 -0.446346 0)
(0.00572226 -0.754564 0)
(-1.30489 -0.862127 0)
(-0.983667 -0.612828 0)
(-0.606893 -0.505862 0)
(-0.433579 -0.622234 0)
(-0.396487 -0.390185 0)
(-0.536484 -0.136609 0)
(-0.929718 0.1238 0)
(-1.22872 0.189085 0)
(-1.26049 0.152262 0)
(-1.01491 -0.142995 0)
(-0.821384 -0.478901 0)
(-0.666936 -0.695885 0)
(-0.544885 -0.755758 0)
(-0.425462 -0.701702 0)
(-0.264879 -0.582999 0)
(-0.0834304 -0.460375 0)
(0.0348098 -0.428681 0)
(0.0167258 -0.427182 0)
(0.00607489 -0.742138 0)
(-0.869712 -0.909724 0)
(-0.837294 -0.824266 0)
(-0.673261 -0.68364 0)
(-0.571937 -0.542308 0)
(-0.547553 -0.260966 0)
(-0.597213 0.0451822 0)
(-0.794661 0.250608 0)
(-0.917328 0.256652 0)
(-0.845396 0.0305414 0)
(-0.660827 -0.311656 0)
(-0.492611 -0.643232 0)
(-0.373852 -0.828487 0)
(-0.283629 -0.855179 0)
(-0.210421 -0.771349 0)
(-0.125998 -0.653999 0)
(-0.035939 -0.548931 0)
(0.0165511 -0.448584 0)
(0.0122903 -0.420845 0)
(0.0302061 -0.741648 0)
(-0.479973 -0.851822 0)
(-0.569973 -0.83912 0)
(-0.578575 -0.719459 0)
(-0.519687 -0.575465 0)
(-0.509242 -0.273022 0)
(-0.452167 0.0788098 0)
(-0.462637 0.286786 0)
(-0.466612 0.24885 0)
(-0.355056 -0.0104731 0)
(-0.189192 -0.41565 0)
(-0.0759387 -0.738132 0)
(-0.0343905 -0.890531 0)
(-0.0197763 -0.893293 0)
(-0.00965556 -0.806803 0)
(0.0154892 -0.697104 0)
(0.0423272 -0.587779 0)
(0.0449028 -0.457565 0)
(0.0577445 -0.421233 0)
(0.0649062 -0.721207 0)
(-0.153365 -0.748454 0)
(-0.305898 -0.797971 0)
(-0.372672 -0.711286 0)
(-0.32948 -0.600898 0)
(-0.330138 -0.328111 0)
(-0.234082 0.00303883 0)
(-0.125572 0.23194 0)
(-0.0149665 0.186624 0)
(0.110924 -0.108843 0)
(0.251812 -0.482689 0)
(0.276739 -0.756027 0)
(0.226381 -0.873807 0)
(0.164951 -0.866283 0)
(0.124162 -0.791614 0)
(0.109533 -0.6945 0)
(0.101901 -0.586289 0)
(0.0768525 -0.454853 0)
(0.104147 -0.43499 0)
(0.0770542 -0.634982 0)
(0.0934809 -0.668878 0)
(-0.073012 -0.717859 0)
(-0.124525 -0.693659 0)
(-0.10933 -0.606308 0)
(-0.118135 -0.392828 0)
(-0.0254977 -0.152412 0)
(0.129378 0.051401 0)
(0.294367 0.0647849 0)
(0.438821 -0.172586 0)
(0.506198 -0.482566 0)
(0.456838 -0.708546 0)
(0.347153 -0.802376 0)
(0.253709 -0.802801 0)
(0.198812 -0.752154 0)
(0.172638 -0.672387 0)
(0.145506 -0.564242 0)
(0.105259 -0.440172 0)
(0.113476 -0.441566 0)
(0.0561628 -0.534461 0)
(0.350073 -0.591815 0)
(0.222889 -0.658569 0)
(0.151768 -0.661065 0)
(0.102999 -0.579386 0)
(0.0661253 -0.415525 0)
(0.105122 -0.246562 0)
(0.223531 -0.133158 0)
(0.374452 -0.133716 0)
(0.493205 -0.279092 0)
(0.516676 -0.483432 0)
(0.445632 -0.64201 0)
(0.345736 -0.722429 0)
(0.273876 -0.744269 0)
(0.233884 -0.718547 0)
(0.209726 -0.646729 0)
(0.170285 -0.528494 0)
(0.122925 -0.412423 0)
(0.096887 -0.40866 0)
(0.0283225 -0.472831 0)
(0.62603 -0.521199 0)
(0.505286 -0.577637 0)
(0.383397 -0.574176 0)
(0.267813 -0.506789 0)
(0.193317 -0.390042 0)
(0.184637 -0.276525 0)
(0.234564 -0.213561 0)
(0.318034 -0.226824 0)
(0.387336 -0.324747 0)
(0.398768 -0.461844 0)
(0.357287 -0.584519 0)
(0.304783 -0.669529 0)
(0.26622 -0.709659 0)
(0.239321 -0.694853 0)
(0.214999 -0.618779 0)
(0.168738 -0.483591 0)
(0.11932 -0.377071 0)
(0.0683353 -0.35804 0)
(0.0117491 -0.428524 0)
(0.724922 -0.387434 0)
(0.61079 -0.451563 0)
(0.466898 -0.451364 0)
(0.331425 -0.403903 0)
(0.243848 -0.333235 0)
(0.216699 -0.27131 0)
(0.234796 -0.244199 0)
(0.273996 -0.266112 0)
(0.306902 -0.339066 0)
(0.311725 -0.443788 0)
(0.292356 -0.55321 0)
(0.264725 -0.641793 0)
(0.23529 -0.686703 0)
(0.208143 -0.672997 0)
(0.180618 -0.587778 0)
(0.13414 -0.436113 0)
(0.0844329 -0.331676 0)
(0.0254894 -0.31248 0)
(0.00254186 -0.40519 0)
(0.603025 -0.316629 0)
(0.511715 -0.349259 0)
(0.39663 -0.346398 0)
(0.297181 -0.316943 0)
(0.237114 -0.283314 0)
(0.216655 -0.261275 0)
(0.222769 -0.260078 0)
(0.239558 -0.286509 0)
(0.25145 -0.345537 0)
(0.248603 -0.433903 0)
(0.234007 -0.534917 0)
(0.206958 -0.618246 0)
(0.172425 -0.660763 0)
(0.139849 -0.648541 0)
(0.108494 -0.553973 0)
(0.0642796 -0.390178 0)
(0.0175958 -0.284004 0)
(-0.0245078 -0.286977 0)
(0.00190405 -0.407241 0)
(0.438411 -0.264753 0)
(0.375936 -0.280478 0)
(0.307366 -0.278437 0)
(0.253165 -0.267762 0)
(0.222888 -0.258422 0)
(0.211681 -0.255977 0)
(0.210409 -0.264396 0)
(0.210349 -0.289856 0)
(0.205566 -0.34162 0)
(0.192963 -0.422202 0)
(0.173112 -0.513957 0)
(0.135777 -0.587027 0)
(0.0943519 -0.62784 0)
(0.0524776 -0.619504 0)
(0.014174 -0.514744 0)
(-0.0293345 -0.346014 0)
(-0.0604607 -0.251371 0)
(-0.0528119 -0.298721 0)
(0.00926534 -0.425741 0)
(0.356312 -0.210467 0)
(0.315318 -0.225292 0)
(0.276949 -0.234585 0)
(0.245518 -0.239908 0)
(0.223783 -0.243695 0)
(0.209969 -0.248531 0)
(0.199344 -0.258176 0)
(0.186771 -0.280166 0)
(0.170743 -0.327037 0)
(0.148762 -0.401823 0)
(0.120154 -0.483085 0)
(0.0726682 -0.546508 0)
(0.0273495 -0.586798 0)
(-0.029092 -0.579427 0)
(-0.0743598 -0.467591 0)
(-0.109036 -0.313982 0)
(-0.100717 -0.261489 0)
(-0.0362731 -0.353182 0)
(0.0152065 -0.442306 0)
(0.328798 -0.179783 0)
(0.298572 -0.199639 0)
(0.270211 -0.214231 0)
(0.244473 -0.223426 0)
(0.222893 -0.229019 0)
(0.20528 -0.234601 0)
(0.188772 -0.243276 0)
(0.169773 -0.262456 0)
(0.147967 -0.305911 0)
(0.120117 -0.375059 0)
(0.0870764 -0.446344 0)
(0.0383224 -0.501944 0)
(-0.00700949 -0.53823 0)
(-0.0748306 -0.528825 0)
(-0.119423 -0.427299 0)
(-0.129714 -0.317222 0)
(-0.0772827 -0.317226 0)
(-0.00605095 -0.408591 0)
(0.0178865 -0.444073 0)
(0.312549 -0.151918 0)
(0.286982 -0.172873 0)
(0.26199 -0.189341 0)
(0.238265 -0.201427 0)
(0.217257 -0.210439 0)
(0.19917 -0.218101 0)
(0.18156 -0.225898 0)
(0.161925 -0.242358 0)
(0.139994 -0.282397 0)
(0.113081 -0.346581 0)
(0.0832892 -0.4111 0)
(0.0427609 -0.460017 0)
(0.00212944 -0.487987 0)
(-0.0624389 -0.480223 0)
(-0.0994675 -0.409594 0)
(-0.0875583 -0.352807 0)
(-0.0213933 -0.380154 0)
(0.0139561 -0.437323 0)
(0.0206932 -0.433583 0)
(0.292727 -0.130342 0)
(0.271176 -0.152028 0)
(0.249817 -0.170117 0)
(0.229337 -0.184172 0)
(0.210825 -0.194814 0)
(0.194414 -0.202831 0)
(0.178759 -0.209562 0)
(0.163003 -0.224547 0)
(0.146707 -0.262413 0)
(0.127695 -0.323179 0)
(0.106158 -0.383869 0)
(0.0778328 -0.426745 0)
(0.0466839 -0.44583 0)
(-0.00171254 -0.441652 0)
(-0.0328748 -0.40604 0)
(-0.0189821 -0.389818 0)
(0.0248942 -0.416717 0)
(0.0244637 -0.441518 0)
(0.0225812 -0.415831 0)
(0.271655 -0.112427 0)
(0.25411 -0.134236 0)
(0.236412 -0.152953 0)
(0.219064 -0.168096 0)
(0.203303 -0.180288 0)
(0.189808 -0.189634 0)
(0.178649 -0.197444 0)
(0.170105 -0.213345 0)
(0.163315 -0.250498 0)
(0.154754 -0.308117 0)
(0.141062 -0.365537 0)
(0.121939 -0.403915 0)
(0.0997878 -0.416813 0)
(0.0684693 -0.411896 0)
(0.0402231 -0.398442 0)
(0.0397499 -0.404006 0)
(0.0483551 -0.420906 0)
(0.0297455 -0.432466 0)
(0.022724 -0.393968 0)
(0.251186 -0.0979734 0)
(0.236863 -0.119694 0)
(0.222095 -0.138735 0)
(0.207575 -0.154867 0)
(0.194832 -0.168831 0)
(0.185037 -0.180494 0)
(0.17929 -0.191466 0)
(0.178397 -0.210429 0)
(0.180519 -0.247492 0)
(0.179283 -0.300394 0)
(0.169353 -0.352669 0)
(0.153243 -0.387443 0)
(0.134813 -0.396915 0)
(0.111121 -0.388685 0)
(0.0857616 -0.381542 0)
(0.0691347 -0.393599 0)
(0.0566601 -0.406845 0)
(0.0309903 -0.416575 0)
(0.0206925 -0.370803 0)
(0.231412 -0.0861572 0)
(0.219594 -0.107644 0)
(0.207305 -0.126834 0)
(0.195523 -0.144052 0)
(0.185864 -0.160253 0)
(0.179709 -0.175366 0)
(0.178462 -0.191079 0)
(0.182607 -0.214016 0)
(0.188644 -0.250037 0)
(0.188311 -0.295888 0)
(0.177628 -0.34087 0)
(0.16041 -0.371566 0)
(0.140525 -0.378336 0)
(0.116439 -0.367588 0)
(0.0934102 -0.360391 0)
(0.0717541 -0.373808 0)
(0.0543349 -0.387187 0)
(0.0282507 -0.398439 0)
(0.0156932 -0.349294 0)
(0.212393 -0.076441 0)
(0.202709 -0.0976923 0)
(0.192796 -0.117204 0)
(0.183821 -0.135844 0)
(0.177165 -0.154617 0)
(0.173838 -0.173491 0)
(0.17471 -0.193798 0)
(0.179264 -0.219411 0)
(0.182629 -0.252133 0)
(0.177731 -0.289754 0)
(0.164351 -0.327546 0)
(0.145501 -0.353676 0)
(0.123039 -0.357162 0)
(0.0973676 -0.346136 0)
(0.0786953 -0.341264 0)
(0.0609729 -0.356563 0)
(0.0458685 -0.368903 0)
(0.0224813 -0.380552 0)
(0.0082102 -0.332546 0)
(0.19446 -0.0685329 0)
(0.186768 -0.0897434 0)
(0.179258 -0.109924 0)
(0.172997 -0.130185 0)
(0.168753 -0.151272 0)
(0.166656 -0.172967 0)
(0.166681 -0.195932 0)
(0.16737 -0.221342 0)
(0.164027 -0.248901 0)
(0.153753 -0.279843 0)
(0.139141 -0.312881 0)
(0.119974 -0.334458 0)
(0.0970925 -0.334962 0)
(0.0738128 -0.327208 0)
(0.0620317 -0.327879 0)
(0.0489078 -0.343975 0)
(0.0361801 -0.353219 0)
(0.0162298 -0.363769 0)
(0.00066942 -0.322114 0)
(0.177809 -0.0623085 0)
(0.171916 -0.0837152 0)
(0.166439 -0.104771 0)
(0.162076 -0.126422 0)
(0.158793 -0.148825 0)
(0.155912 -0.171499 0)
(0.152902 -0.194554 0)
(0.148236 -0.217356 0)
(0.139319 -0.240276 0)
(0.127566 -0.268169 0)
(0.114108 -0.298503 0)
(0.0957076 -0.315725 0)
(0.0754209 -0.315564 0)
(0.058174 -0.313902 0)
(0.0516371 -0.319185 0)
(0.0398859 -0.333275 0)
(0.0282132 -0.339365 0)
(0.0118697 -0.348541 0)
(-0.00388805 -0.317026 0)
(0.161774 -0.057453 0)
(0.157048 -0.0791387 0)
(0.152598 -0.100909 0)
(0.148654 -0.12322 0)
(0.144599 -0.145588 0)
(0.139631 -0.167615 0)
(0.133438 -0.18929 0)
(0.125515 -0.209403 0)
(0.115984 -0.230501 0)
(0.106964 -0.257923 0)
(0.095122 -0.285241 0)
(0.0781568 -0.298997 0)
(0.0622332 -0.301109 0)
(0.0504971 -0.305031 0)
(0.0449096 -0.311664 0)
(0.0333784 -0.322836 0)
(0.0229979 -0.327418 0)
(0.0100966 -0.335451 0)
(-0.00412765 -0.314333 0)
(0.144757 -0.0533174 0)
(0.140192 -0.075106 0)
(0.135565 -0.0971498 0)
(0.130822 -0.119294 0)
(0.125337 -0.140727 0)
(0.118842 -0.161673 0)
(0.11148 -0.18233 0)
(0.104188 -0.201713 0)
(0.098089 -0.223489 0)
(0.0921756 -0.249901 0)
(0.0810574 -0.273035 0)
(0.0663854 -0.285066 0)
(0.0544016 -0.29061 0)
(0.0452344 -0.297444 0)
(0.0386871 -0.304006 0)
(0.0285698 -0.313464 0)
(0.0200161 -0.317815 0)
(0.00981017 -0.324864 0)
(-0.00166893 -0.311177 0)
(0.125186 -0.0491005 0)
(0.12006 -0.0707954 0)
(0.114842 -0.0927636 0)
(0.10931 -0.114394 0)
(0.103431 -0.134991 0)
(0.0974515 -0.1556 0)
(0.0915043 -0.176537 0)
(0.0872544 -0.196975 0)
(0.0843323 -0.219404 0)
(0.0791471 -0.242934 0)
(0.0686835 -0.262137 0)
(0.0569177 -0.273968 0)
(0.0474453 -0.28215 0)
(0.0393389 -0.290117 0)
(0.0327943 -0.297121 0)
(0.0247809 -0.305864 0)
(0.0178359 -0.310318 0)
(0.00943201 -0.316519 0)
(0.00067627 -0.306778 0)
(0.102992 -0.0443365 0)
(0.0975172 -0.0660716 0)
(0.0923997 -0.0880328 0)
(0.0871224 -0.109489 0)
(0.0825808 -0.130096 0)
(0.0787482 -0.151365 0)
(0.0752514 -0.173233 0)
(0.0732533 -0.194588 0)
(0.0707154 -0.21606 0)
(0.0649589 -0.236292 0)
(0.0560785 -0.253105 0)
(0.0471497 -0.265333 0)
(0.039528 -0.275081 0)
(0.0328307 -0.283812 0)
(0.0273445 -0.291583 0)
(0.0210064 -0.299724 0)
(0.0152895 -0.304308 0)
(0.00817998 -0.309708 0)
(0.0014878 -0.302112 0)
(0.0799537 -0.0393044 0)
(0.0750265 -0.0616351 0)
(0.0709436 -0.0838988 0)
(0.0668804 -0.105815 0)
(0.0644598 -0.127174 0)
(0.0625543 -0.14927 0)
(0.0604992 -0.171378 0)
(0.0585651 -0.192309 0)
(0.055072 -0.212082 0)
(0.0495977 -0.230252 0)
(0.0430161 -0.246057 0)
(0.0366165 -0.25871 0)
(0.0309716 -0.269424 0)
(0.0260279 -0.278765 0)
(0.0217104 -0.286928 0)
(0.0166877 -0.294438 0)
(0.0120993 -0.299151 0)
(0.00626206 -0.303769 0)
(0.00119032 -0.29804 0)
(0.0582819 -0.0351146 0)
(0.0543188 -0.0582187 0)
(0.0513911 -0.0808826 0)
(0.0486581 -0.103613 0)
(0.0475814 -0.125701 0)
(0.0462047 -0.147878 0)
(0.0443076 -0.169223 0)
(0.0418331 -0.189158 0)
(0.0384382 -0.207905 0)
(0.0344651 -0.225299 0)
(0.0301717 -0.240712 0)
(0.0260195 -0.253678 0)
(0.0222874 -0.264904 0)
(0.0188734 -0.274519 0)
(0.0156423 -0.282723 0)
(0.0119927 -0.289757 0)
(0.00857913 -0.294539 0)
(0.0042076 -0.298516 0)
(0.000666016 -0.294698 0)
(0.0384125 -0.0310064 0)
(0.0345219 -0.0549786 0)
(0.0322337 -0.0785439 0)
(0.030413 -0.10208 0)
(0.0295411 -0.124452 0)
(0.0281637 -0.146256 0)
(0.0265342 -0.166946 0)
(0.0246471 -0.186492 0)
(0.0226138 -0.205013 0)
(0.0204087 -0.222142 0)
(0.0180174 -0.237374 0)
(0.0157019 -0.250516 0)
(0.0135326 -0.261912 0)
(0.0114555 -0.271621 0)
(0.00942954 -0.279823 0)
(0.00723131 -0.286593 0)
(0.00508576 -0.291387 0)
(0.00231422 -0.294929 0)
(0.000259419 -0.292778 0)
(0.0151289 -0.0266865 0)
(0.0122817 -0.0523071 0)
(0.0112499 -0.0770965 0)
(0.0105059 -0.101066 0)
(0.00997478 -0.123639 0)
(0.00938794 -0.145468 0)
(0.00880968 -0.166242 0)
(0.00824775 -0.185959 0)
(0.00766025 -0.204551 0)
(0.00695216 -0.221651 0)
(0.00615798 -0.236907 0)
(0.00537487 -0.250194 0)
(0.00462624 -0.261717 0)
(0.00391179 -0.271554 0)
(0.00321713 -0.279826 0)
(0.0024695 -0.286539 0)
(0.00171423 -0.291359 0)
(0.000670608 -0.294679 0)
(-5.98573e-06 -0.293563 0)
)
;

boundaryField
{
    leftWall
    {
        type            noSlip;
    }
    rightWall
    {
        type            noSlip;
    }
    lowerWall
    {
        type            noSlip;
    }
    atmosphere
    {
        type            pressureInletOutletVelocity;
        value           nonuniform List<vector> 
46
(
(0.00605769 0.276264 0)
(0.0121024 0.297442 0)
(0.0143931 0.272477 0)
(0.0180871 0.267303 0)
(0.0207974 0.263227 0)
(0.0247984 0.256734 0)
(0.0279459 0.248887 0)
(0.031164 0.239974 0)
(0.034022 0.230042 0)
(0.0365815 0.219198 0)
(0.0387847 0.207535 0)
(0.0405725 0.195158 0)
(0.0419139 0.182163 0)
(0.0427755 0.168642 0)
(0.0431258 0.154678 0)
(0.0429316 0.140349 0)
(0.042164 0.125706 0)
(0.0408096 0.110792 0)
(0.0388618 0.0956209 0)
(0.0363244 0.0801787 0)
(0.0332343 0.0644045 0)
(0.0296332 0.048129 0)
(0.0255717 0.0311009 0)
(0.0224609 0.0183892 0)
(0.0204875 0.00991211 0)
(0.0187567 0.000830319 0)
(0 -0.00893521 0)
(0 -0.0266865 0)
(0 -0.0523071 0)
(0 -0.0770965 0)
(0 -0.101066 0)
(0 -0.123639 0)
(0 -0.145468 0)
(0 -0.166242 0)
(0 -0.185959 0)
(0 -0.204551 0)
(0 -0.221651 0)
(0 -0.236907 0)
(0 -0.250194 0)
(0 -0.261717 0)
(0 -0.271554 0)
(0 -0.279826 0)
(0 -0.286539 0)
(0 -0.291359 0)
(0 -0.294679 0)
(0 -0.293563 0)
)
;
    }
    defaultFaces
    {
        type            empty;
    }
}


// ************************************************************************* //
