/*--------------------------------*- C++ -*----------------------------------*\
| =========                 |                                                 |
| \\      /  F ield         | OpenFOAM: The Open Source CFD Toolbox           |
|  \\    /   O peration     | Version:  5.x                                   |
|   \\  /    A nd           | Web:      www.OpenFOAM.org                      |
|    \\/     M anipulation  |                                                 |
\*---------------------------------------------------------------------------*/
FoamFile
{
    version     2.0;
    format      ascii;
    class       volVectorField;
    location    "0.5";
    object      U;
}
// * * * * * * * * * * * * * * * * * * * * * * * * * * * * * * * * * * * * * //

dimensions      [0 1 -1 0 0 0 0];

internalField   nonuniform List<vector> 
2268
(
(-0.0317751 0.0103527 0)
(-0.0609748 0.00468744 0)
(-0.0554198 -0.00527999 0)
(-0.0163898 -0.011362 0)
(0.0408782 -0.0147583 0)
(0.104804 -0.0150632 0)
(0.165233 -0.0129208 0)
(0.214325 -0.00963522 0)
(0.248868 -0.00635262 0)
(0.269995 -0.00360158 0)
(0.280587 -0.00145258 0)
(0.283549 0.000511709 0)
(0.279056 0.00245983 0)
(0.267587 0.00484885 0)
(0.247708 0.00831632 0)
(0.216039 0.0134567 0)
(0.165937 0.0201668 0)
(0.0946613 0.0253093 0)
(-0.00676807 0.0138476 0)
(-0.0333329 0.006624 0)
(-0.154985 0.0280728 0)
(-0.231127 -0.000757613 0)
(-0.0799732 -0.0531671 0)
(-0.0413109 0.0312386 0)
(-0.0583589 0.0105451 0)
(-0.050422 -0.0167737 0)
(-0.0105726 -0.0345828 0)
(0.0461008 -0.0444887 0)
(0.109279 -0.0453343 0)
(0.168769 -0.0389114 0)
(0.216737 -0.0291138 0)
(0.250296 -0.0193744 0)
(0.270937 -0.0112733 0)
(0.281813 -0.00500029 0)
(0.285506 2.82761e-05 0)
(0.28548 0.00434701 0)
(0.282996 0.00880717 0)
(0.279062 0.0146569 0)
(0.273771 0.0235752 0)
(0.262486 0.0368907 0)
(0.235664 0.0543243 0)
(0.156391 0.058104 0)
(0.0649209 0.0565825 0)
(-0.120848 0.0614114 0)
(-0.140328 -0.0121395 0)
(-0.030038 -0.123181 0)
(-0.036835 0.051459 0)
(-0.048293 0.0141357 0)
(-0.0397395 -0.0286657 0)
(-0.00165904 -0.0569595 0)
(0.0519337 -0.0731585 0)
(0.11304 -0.0746782 0)
(0.170761 -0.063895 0)
(0.216527 -0.047525 0)
(0.247791 -0.0314868 0)
(0.266778 -0.0183568 0)
(0.276956 -0.00834246 0)
(0.280971 -0.000871331 0)
(0.280439 0.00495733 0)
(0.276434 0.0101556 0)
(0.269859 0.0160954 0)
(0.262354 0.0249908 0)
(0.25646 0.0398052 0)
(0.257496 0.0647638 0)
(0.241011 0.0903151 0)
(0.191019 0.113951 0)
(0.0567061 0.111764 0)
(-0.0300459 -0.0166838 0)
(0.0305893 -0.146458 0)
(-0.0294265 0.067926 0)
(-0.0343339 0.0162935 0)
(-0.0240219 -0.0400963 0)
(0.00913448 -0.0768591 0)
(0.0574273 -0.0999266 0)
(0.115371 -0.103013 0)
(0.171001 -0.0879146 0)
(0.214434 -0.0647279 0)
(0.243254 -0.0425267 0)
(0.260514 -0.0248865 0)
(0.270143 -0.0117275 0)
(0.274754 -0.00189938 0)
(0.27569 0.00583657 0)
(0.273607 0.0126937 0)
(0.268831 0.0199514 0)
(0.261789 0.0291869 0)
(0.253541 0.0423935 0)
(0.250603 0.064548 0)
(0.257337 0.0974629 0)
(0.264237 0.1413 0)
(0.216327 0.155276 0)
(0.142619 0.019362 0)
(0.0984874 -0.109092 0)
(-0.0208336 0.0785505 0)
(-0.0141877 0.0153216 0)
(-0.00194495 -0.0499278 0)
(0.0268859 -0.0942642 0)
(0.0696794 -0.124722 0)
(0.121721 -0.130141 0)
(0.172033 -0.110902 0)
(0.211031 -0.0808209 0)
(0.236638 -0.0525221 0)
(0.252334 -0.0307245 0)
(0.261978 -0.0149677 0)
(0.267765 -0.00341225 0)
(0.270629 0.00564891 0)
(0.270979 0.0137649 0)
(0.269026 0.0222511 0)
(0.265028 0.0324317 0)
(0.259597 0.0455244 0)
(0.254678 0.0641082 0)
(0.257157 0.0915529 0)
(0.2816 0.136759 0)
(0.298151 0.166065 0)
(0.246016 0.0747224 0)
(0.15206 -0.0442564 0)
(-0.0107644 0.0826365 0)
(0.0142862 0.0107434 0)
(0.0322267 -0.0603789 0)
(0.0649422 -0.110861 0)
(0.104562 -0.14674 0)
(0.144702 -0.153468 0)
(0.181816 -0.130323 0)
(0.210817 -0.0946752 0)
(0.230236 -0.0618211 0)
(0.243306 -0.0368299 0)
(0.253086 -0.0188311 0)
(0.260672 -0.00562514 0)
(0.266152 0.00457496 0)
(0.269344 0.0136703 0)
(0.270167 0.0230193 0)
(0.268883 0.0339277 0)
(0.266549 0.0473678 0)
(0.264776 0.0648448 0)
(0.2645 0.0864798 0)
(0.278334 0.120896 0)
(0.315197 0.157212 0)
(0.288267 0.117529 0)
(0.181941 0.0560673 0)
(0.00236873 0.0756741 0)
(0.0489791 -0.00463148 0)
(0.0867914 -0.0755879 0)
(0.136333 -0.126333 0)
(0.172569 -0.162456 0)
(0.190923 -0.167839 0)
(0.205395 -0.141281 0)
(0.219149 -0.102236 0)
(0.229672 -0.0677971 0)
(0.238254 -0.0424808 0)
(0.246644 -0.0242357 0)
(0.254876 -0.010077 0)
(0.262396 0.00218153 0)
(0.268507 0.0124432 0)
(0.272414 0.0228739 0)
(0.273923 0.0340527 0)
(0.27401 0.0469805 0)
(0.27482 0.0638068 0)
(0.277092 0.0839915 0)
(0.281227 0.109782 0)
(0.309276 0.147423 0)
(0.303067 0.152115 0)
(0.217643 0.157223 0)
(0.0163956 0.0581245 0)
(0.0860062 -0.0252309 0)
(0.164621 -0.0961143 0)
(0.236955 -0.144306 0)
(0.259826 -0.171452 0)
(0.245613 -0.171056 0)
(0.233676 -0.143261 0)
(0.233507 -0.103168 0)
(0.237645 -0.0678687 0)
(0.243433 -0.042958 0)
(0.250421 -0.0262574 0)
(0.257806 -0.0139949 0)
(0.264175 -0.00316948 0)
(0.26976 0.008203 0)
(0.274724 0.0212863 0)
(0.278225 0.0352436 0)
(0.281222 0.0489289 0)
(0.28484 0.0643308 0)
(0.290504 0.0829292 0)
(0.295143 0.103926 0)
(0.30909 0.140392 0)
(0.318641 0.184467 0)
(0.212695 0.313583 0)
(0.409403 -0.339684 0)
(1.73397 -0.298783 0)
(2.21258 0.126996 0)
(1.76192 0.133366 0)
(1.827 0.10489 0)
(1.72064 0.190341 0)
(1.10265 0.309476 0)
(-0.0494674 0.0743433 0)
(0.128392 -0.174077 0)
(0.672746 -0.193744 0)
(0.802715 -0.0963355 0)
(-0.910755 0.417318 0)
(-3.40792 0.561756 0)
(-5.1388 0.371859 0)
(-5.48608 -0.0790553 0)
(-4.54947 -0.333297 0)
(-3.45139 -0.388677 0)
(-1.63164 -0.589533 0)
(-0.306831 -0.450195 0)
(0.0920282 -0.686497 0)
(0.633124 -0.519039 0)
(1.09599 -0.075156 0)
(1.10221 -0.0263 0)
(1.12583 -0.141291 0)
(1.80778 0.0692397 0)
(1.86394 0.463931 0)
(0.677388 0.444213 0)
(0.183487 -0.287133 0)
(0.359616 -0.322022 0)
(-0.773746 0.847905 0)
(-3.35798 1.4091 0)
(-5.52742 1.00031 0)
(-4.98461 0.073792 0)
(-3.43891 -0.54522 0)
(-2.77096 -0.64404 0)
(-2.3475 -0.694273 0)
(-1.03793 -1.07894 0)
(0.00463164 -0.762303 0)
(0.0331039 -0.822443 0)
(0.265461 -0.771457 0)
(0.978363 0.0481254 0)
(1.13276 0.117553 0)
(1.1538 -0.1476 0)
(1.33707 -0.0318937 0)
(1.74136 0.554663 0)
(1.1172 0.79311 0)
(0.0579986 -0.0667625 0)
(-1.13789 0.323744 0)
(-3.1816 1.81204 0)
(-5.04898 2.11787 0)
(-5.15216 1.11325 0)
(-3.52812 -0.234465 0)
(-3.24463 -0.793699 0)
(-3.01419 -0.706007 0)
(-2.10476 -1.00156 0)
(-0.854078 -1.41449 0)
(0.154959 -0.954597 0)
(-0.000975359 -0.76066 0)
(-0.619524 -0.702414 0)
(0.0957481 -0.323811 0)
(0.927905 -0.0645064 0)
(1.30578 -0.175718 0)
(1.2031 -0.0611636 0)
(1.43544 0.711015 0)
(0.937363 1.16108 0)
(-0.622908 0.569291 0)
(-3.13243 1.35285 0)
(-4.94167 2.44492 0)
(-5.56374 2.27104 0)
(-4.54465 0.754743 0)
(-3.09484 -0.593829 0)
(-2.93021 -0.950163 0)
(-2.56222 -0.982742 0)
(-2.04566 -1.11358 0)
(-0.759174 -1.87256 0)
(0.265724 -1.22534 0)
(-0.0465156 -0.574331 0)
(-0.725281 -0.791679 0)
(-0.202607 -0.640268 0)
(0.495067 -0.434643 0)
(0.815208 -0.353657 0)
(0.810054 -0.0584512 0)
(0.863752 0.800435 0)
(0.547514 1.59171 0)
(-1.27942 1.43594 0)
(-3.90456 2.06477 0)
(-5.18284 2.70455 0)
(-4.94845 2.0572 0)
(-3.21886 0.186358 0)
(-2.38319 -0.974409 0)
(-1.85399 -1.19518 0)
(-1.60289 -1.18878 0)
(-1.7462 -1.15095 0)
(-1.15742 -2.15337 0)
(0.246328 -1.36168 0)
(-0.0329673 -0.389935 0)
(-0.441364 -0.77962 0)
(-0.411998 -0.877095 0)
(0.12937 -0.59058 0)
(0.411367 -0.405978 0)
(0.402789 -0.00600645 0)
(0.311663 0.929694 0)
(0.123093 2.01342 0)
(-1.30861 2.30123 0)
(-3.50477 2.70023 0)
(-4.4757 2.79982 0)
(-3.91257 1.74041 0)
(-2.13339 -0.421538 0)
(-1.53318 -1.30819 0)
(-0.957885 -1.42027 0)
(-0.622536 -1.33016 0)
(-0.666648 -1.1356 0)
(-0.955522 -2.42979 0)
(0.223528 -1.65397 0)
(0.0606371 -0.33261 0)
(-0.150947 -0.677714 0)
(-0.322932 -0.964654 0)
(-0.133239 -0.697857 0)
(0.0914981 -0.464999 0)
(0.00139067 0.00313218 0)
(-0.0850706 1.04686 0)
(-0.204828 2.31256 0)
(-0.801126 2.94617 0)
(-2.08179 3.24451 0)
(-3.20379 2.84782 0)
(-2.4082 1.38508 0)
(-0.825874 -0.900324 0)
(-0.234909 -1.62071 0)
(0.0624363 -1.61179 0)
(0.161243 -1.42713 0)
(0.742558 -1.14886 0)
(-0.251137 -2.47924 0)
(0.339512 -1.88524 0)
(0.220414 -0.359986 0)
(0.0824901 -0.604828 0)
(-0.0839042 -0.865052 0)
(-0.209183 -0.745816 0)
(-0.0647369 -0.443846 0)
(-0.336018 0.0960767 0)
(-0.400285 1.13972 0)
(-0.379952 2.39858 0)
(-0.294934 3.18881 0)
(-0.230093 3.6668 0)
(-1.44209 2.97759 0)
(-0.286109 0.916363 0)
(0.93775 -0.886721 0)
(1.0748 -1.70313 0)
(0.971641 -1.63627 0)
(0.776837 -1.42035 0)
(1.10543 -1.21532 0)
(-0.125915 -1.62554 0)
(0.349843 -1.91767 0)
(0.0337463 0.000305037 0)
(0.157293 -0.0890268 0)
(0.285726 -0.16246 0)
(0.355293 -0.181577 0)
(0.330395 -0.170401 0)
(0.270887 -0.156748 0)
(0.235447 -0.137788 0)
(0.22858 -0.107004 0)
(0.235449 -0.0741388 0)
(0.249303 -0.047248 0)
(0.265188 -0.0263744 0)
(0.278742 -0.00992673 0)
(0.288038 0.00215624 0)
(0.292034 0.0099371 0)
(0.292273 0.0155629 0)
(0.290565 0.0228873 0)
(0.290738 0.0340904 0)
(0.295609 0.0519036 0)
(0.304586 0.0743502 0)
(0.319929 0.0966935 0)
(0.340741 0.127434 0)
(0.410795 0.163023 0)
(0.489942 0.317871 0)
(0.0625718 -0.108427 0)
(0.229653 -0.259726 0)
(0.368241 -0.28896 0)
(0.32836 -0.186323 0)
(0.224843 -0.116561 0)
(0.153666 -0.106779 0)
(0.118796 -0.114072 0)
(0.108334 -0.114779 0)
(0.126797 -0.105123 0)
(0.172079 -0.0896773 0)
(0.222758 -0.0720187 0)
(0.268462 -0.0513524 0)
(0.302773 -0.0269799 0)
(0.320454 0.000772773 0)
(0.322725 0.0290764 0)
(0.31715 0.0496759 0)
(0.314506 0.0545752 0)
(0.317643 0.0595162 0)
(0.324123 0.0640306 0)
(0.340538 0.0695441 0)
(0.369208 0.0828586 0)
(0.417875 0.0908376 0)
(0.50087 0.103089 0)
(0.10029 -0.306873 0)
(0.207964 -0.429065 0)
(0.184461 -0.258109 0)
(-0.327219 0.0558115 0)
(-0.302333 0.0228255 0)
(-0.298304 -0.0276801 0)
(-0.382932 -0.0349342 0)
(-0.495317 -0.0809323 0)
(-0.497459 -0.145283 0)
(-0.309627 -0.146131 0)
(-0.182019 -0.116879 0)
(-0.0638267 -0.0850428 0)
(0.051057 -0.0489959 0)
(0.151633 -0.0143979 0)
(0.218339 0.0108278 0)
(0.28513 0.0221133 0)
(0.33969 0.0233399 0)
(0.3541 0.0443906 0)
(0.342052 0.0610527 0)
(0.338537 0.0521553 0)
(0.357153 0.0456332 0)
(0.385641 0.0367868 0)
(0.43361 0.016626 0)
(-0.0261692 -0.514264 0)
(-0.159666 -0.123248 0)
(-0.179539 0.253432 0)
(-0.217699 0.114056 0)
(-0.106782 -0.120128 0)
(-0.132243 -0.049346 0)
(-0.149416 0.0386778 0)
(-0.173929 -0.0503465 0)
(-0.251711 -0.18587 0)
(-0.397892 -0.299687 0)
(-0.57007 -0.244606 0)
(-0.707023 -0.217976 0)
(-0.789056 -0.188841 0)
(-0.770494 -0.154458 0)
(-0.547009 -0.118925 0)
(-0.203741 -0.0693156 0)
(0.0351586 -0.0111559 0)
(0.179974 0.0557798 0)
(0.25953 0.0772754 0)
(0.329914 0.0588091 0)
(0.3803 0.045252 0)
(0.407513 0.0206769 0)
(0.43003 -0.0248239 0)
(-0.129861 -0.211892 0)
(-0.226789 -0.194409 0)
(-0.174231 -0.0761402 0)
(-0.0274986 -0.0235807 0)
(-0.0331151 -0.0368954 0)
(-0.0696697 -0.003017 0)
(-0.0413605 0.0183589 0)
(-0.023311 0.0130424 0)
(-0.0419294 0.00623379 0)
(-0.0789829 0.0152063 0)
(-0.119817 0.0502088 0)
(-0.223166 0.00877961 0)
(-0.383048 -0.126137 0)
(-0.437446 -0.263472 0)
(-0.395993 -0.370874 0)
(-0.447015 -0.500008 0)
(-0.51721 -0.290667 0)
(-0.375896 -0.177853 0)
(-0.0696247 -0.0974348 0)
(0.0942158 -0.088429 0)
(0.184247 -0.0277446 0)
(0.259294 -0.00683846 0)
(0.356403 -0.0187883 0)
(-0.0827441 -0.11542 0)
(-0.0805945 -0.189948 0)
(-0.0933812 -0.0551426 0)
(-0.0525886 -0.0361256 0)
(-0.0566419 -0.0515016 0)
(-0.0629675 -0.0263847 0)
(-0.0566915 -0.013809 0)
(-0.0528194 -0.0289356 0)
(-0.0561317 -0.0651638 0)
(-0.0548747 -0.0839499 0)
(-0.0279177 -0.038455 0)
(0.0285643 0.0678438 0)
(-0.0229746 0.0904364 0)
(-0.101665 -0.0825993 0)
(-0.0769653 -0.247829 0)
(-0.117445 -0.224583 0)
(-0.120264 -0.179196 0)
(-0.095114 -0.328732 0)
(-0.149268 -0.362363 0)
(-0.212499 -0.16618 0)
(-0.242842 -0.132244 0)
(-0.0296301 -0.207571 0)
(0.10418 -0.244387 0)
(-0.0427967 -0.0496924 0)
(-0.0454303 -0.14628 0)
(-0.0695273 -0.0746317 0)
(-0.0530707 -0.046842 0)
(-0.0522667 -0.036819 0)
(-0.0493707 -0.0221544 0)
(-0.0435631 -0.0104126 0)
(-0.0388851 -0.0151784 0)
(-0.0417486 -0.0368821 0)
(-0.0506293 -0.0597515 0)
(-0.0509257 -0.0569901 0)
(-0.0180658 -0.0195579 0)
(0.0611782 0.00570028 0)
(0.0578579 -0.121719 0)
(0.0327982 -0.290989 0)
(-0.0487586 -0.304761 0)
(-0.0243011 -0.207323 0)
(0.0111277 -0.187055 0)
(0.0445011 -0.160039 0)
(0.156363 -0.133729 0)
(0.318133 -0.110242 0)
(0.44988 -0.279585 0)
(0.416376 -0.24358 0)
(-0.0262472 -0.015656 0)
(-0.0362858 -0.136847 0)
(-0.0479364 -0.0762984 0)
(-0.0417175 -0.0520904 0)
(-0.0390339 -0.0409903 0)
(-0.0336732 -0.0295163 0)
(-0.0267898 -0.0188425 0)
(-0.0211408 -0.0178967 0)
(-0.0217585 -0.0309104 0)
(-0.0292558 -0.0509319 0)
(-0.0340096 -0.06149 0)
(-0.019867 -0.0503001 0)
(0.0372208 -0.0175706 0)
(0.0823803 -0.0772032 0)
(0.078858 -0.203195 0)
(0.022361 -0.246094 0)
(0.0147477 -0.244899 0)
(0.0288952 -0.311969 0)
(0.0590549 -0.353441 0)
(0.118094 -0.387375 0)
(0.226351 -0.416107 0)
(0.324953 -0.357699 0)
(0.420092 -0.0862352 0)
(-0.0160724 0.0091463 0)
(-0.0263877 -0.126466 0)
(-0.033884 -0.0777216 0)
(-0.0310364 -0.0534911 0)
(-0.0294082 -0.0441672 0)
(-0.0247213 -0.035932 0)
(-0.0177602 -0.0272014 0)
(-0.00968947 -0.0233211 0)
(-0.0046737 -0.0296044 0)
(-0.00540047 -0.045314 0)
(-0.00864596 -0.0641047 0)
(-0.00590904 -0.0826397 0)
(0.0184905 -0.0969714 0)
(0.0657997 -0.138775 0)
(0.0691716 -0.2009 0)
(0.0472492 -0.229484 0)
(0.0399922 -0.240076 0)
(0.0461895 -0.278854 0)
(0.0490531 -0.332954 0)
(0.0726012 -0.369233 0)
(0.105249 -0.420923 0)
(0.13874 -0.422313 0)
(0.20722 -0.278147 0)
(-0.0086759 0.0274888 0)
(-0.0170999 -0.117084 0)
(-0.0242269 -0.0760198 0)
(-0.0234549 -0.0541197 0)
(-0.0223273 -0.0466873 0)
(-0.0187294 -0.0413043 0)
(-0.0124599 -0.0355977 0)
(-0.00337849 -0.0322199 0)
(0.0058086 -0.0353111 0)
(0.0121378 -0.0466561 0)
(0.0157765 -0.0638223 0)
(0.0206693 -0.0850494 0)
(0.0294168 -0.109372 0)
(0.0439576 -0.143624 0)
(0.0437601 -0.188867 0)
(0.0284189 -0.21903 0)
(0.0157398 -0.240912 0)
(0.0118097 -0.284169 0)
(-0.00731803 -0.342163 0)
(-0.00983413 -0.393992 0)
(-0.0151199 -0.453883 0)
(-0.0161131 -0.441921 0)
(0.0032596 -0.321241 0)
(-0.00399765 0.0378348 0)
(-0.0111142 -0.110012 0)
(-0.0173848 -0.0734964 0)
(-0.0177952 -0.0539121 0)
(-0.0173425 -0.0485867 0)
(-0.0148778 -0.0456643 0)
(-0.0101435 -0.0430094 0)
(-0.00264033 -0.0418757 0)
(0.00642801 -0.0449459 0)
(0.0147292 -0.0541883 0)
(0.0209093 -0.0696254 0)
(0.0255233 -0.0896636 0)
(0.0280228 -0.114293 0)
(0.0279853 -0.143798 0)
(0.0208294 -0.176778 0)
(0.00300395 -0.202729 0)
(-0.0126391 -0.226153 0)
(-0.0285489 -0.264034 0)
(-0.0542217 -0.319557 0)
(-0.0770201 -0.379643 0)
(-0.11061 -0.431858 0)
(-0.152004 -0.428741 0)
(-0.173955 -0.338906 0)
(-0.001237 0.0435242 0)
(-0.00737449 -0.104075 0)
(-0.0128508 -0.0708184 0)
(-0.0140199 -0.0530945 0)
(-0.0143284 -0.0494852 0)
(-0.0130892 -0.0484095 0)
(-0.010278 -0.0480242 0)
(-0.00554219 -0.0491237 0)
(0.000745492 -0.0531747 0)
(0.00711088 -0.0615486 0)
(0.0118218 -0.0747515 0)
(0.0138461 -0.0921104 0)
(0.012447 -0.112816 0)
(0.0071959 -0.136312 0)
(-0.00443905 -0.161782 0)
(-0.0210528 -0.185557 0)
(-0.0375489 -0.208225 0)
(-0.057293 -0.239879 0)
(-0.0864349 -0.287706 0)
(-0.127707 -0.343691 0)
(-0.18208 -0.389859 0)
(-0.239646 -0.395265 0)
(-0.269234 -0.338568 0)
(0.000216355 0.0468861 0)
(-0.00506317 -0.0988099 0)
(-0.0100582 -0.0677591 0)
(-0.0118711 -0.051754 0)
(-0.0128499 -0.0494673 0)
(-0.0127626 -0.0496312 0)
(-0.0116972 -0.0506035 0)
(-0.00959901 -0.0530605 0)
(-0.00666476 -0.0578066 0)
(-0.00371781 -0.0655893 0)
(-0.00209062 -0.0767409 0)
(-0.0029768 -0.0910481 0)
(-0.00701095 -0.10799 0)
(-0.014634 -0.126781 0)
(-0.0263285 -0.147596 0)
(-0.041917 -0.16859 0)
(-0.0593269 -0.189692 0)
(-0.0792177 -0.214779 0)
(-0.108646 -0.248004 0)
(-0.156907 -0.288352 0)
(-0.22587 -0.325106 0)
(-0.301487 -0.338107 0)
(-0.359145 -0.311596 0)
(0.000746398 0.0487699 0)
(-0.00382687 -0.0941462 0)
(-0.00850095 -0.0645363 0)
(-0.0108293 -0.0498671 0)
(-0.0124594 -0.0485854 0)
(-0.0133832 -0.04954 0)
(-0.0137301 -0.0511979 0)
(-0.013652 -0.0541804 0)
(-0.0133976 -0.0590248 0)
(-0.0134724 -0.0660744 0)
(-0.0146947 -0.0755226 0)
(-0.0179021 -0.087285 0)
(-0.023697 -0.101102 0)
(-0.0323956 -0.116635 0)
(-0.0444789 -0.133571 0)
(-0.0601949 -0.151372 0)
(-0.0791641 -0.16999 0)
(-0.101641 -0.189964 0)
(-0.130201 -0.211092 0)
(-0.171187 -0.233123 0)
(-0.230573 -0.25352 0)
(-0.304203 -0.263414 0)
(-0.376725 -0.25129 0)
(0.000774539 0.0502146 0)
(-0.00331741 -0.0898535 0)
(-0.0078326 -0.0611044 0)
(-0.0105945 -0.0475 0)
(-0.0128042 -0.0469232 0)
(-0.0145933 -0.0483591 0)
(-0.0160772 -0.0503213 0)
(-0.0174565 -0.0533578 0)
(-0.0190214 -0.0578819 0)
(-0.0211636 -0.0640872 0)
(-0.0243949 -0.0720618 0)
(-0.0292692 -0.0817698 0)
(-0.0362617 -0.0930545 0)
(-0.0458741 -0.10564 0)
(-0.0584966 -0.119193 0)
(-0.0744945 -0.133273 0)
(-0.0944266 -0.147827 0)
(-0.119143 -0.16302 0)
(-0.149257 -0.178042 0)
(-0.185681 -0.19063 0)
(-0.230388 -0.197417 0)
(-0.284192 -0.194863 0)
(-0.343759 -0.179941 0)
(0.000560136 0.05158 0)
(-0.00326951 -0.0857455 0)
(-0.0077525 -0.0574753 0)
(-0.0108719 -0.0447015 0)
(-0.0135924 -0.0445864 0)
(-0.0161095 -0.0462692 0)
(-0.0185271 -0.0483139 0)
(-0.0210179 -0.0511891 0)
(-0.0238497 -0.0552192 0)
(-0.027356 -0.0605365 0)
(-0.0319266 -0.0671782 0)
(-0.0379582 -0.0751065 0)
(-0.0458625 -0.0841672 0)
(-0.0561034 -0.0941506 0)
(-0.0689914 -0.104681 0)
(-0.0848064 -0.115349 0)
(-0.103954 -0.125835 0)
(-0.127029 -0.13609 0)
(-0.154965 -0.14581 0)
(-0.188556 -0.153468 0)
(-0.227473 -0.155694 0)
(-0.26981 -0.148651 0)
(-0.31263 -0.130319 0)
(0.000295206 0.0530769 0)
(-0.00343752 -0.0816668 0)
(-0.00801753 -0.0536365 0)
(-0.011436 -0.0415243 0)
(-0.0145988 -0.0416792 0)
(-0.0177156 -0.0434223 0)
(-0.0208942 -0.0453919 0)
(-0.0242715 -0.0479927 0)
(-0.0280648 -0.0514715 0)
(-0.0325505 -0.0559054 0)
(-0.0380599 -0.0613038 0)
(-0.0449019 -0.0676174 0)
(-0.0534365 -0.0747028 0)
(-0.0640405 -0.0823693 0)
(-0.0769726 -0.090276 0)
(-0.0924955 -0.0980583 0)
(-0.110901 -0.105361 0)
(-0.132482 -0.111821 0)
(-0.157689 -0.116812 0)
(-0.186961 -0.11908 0)
(-0.220087 -0.116737 0)
(-0.255495 -0.108114 0)
(-0.290381 -0.0920854 0)
(4.094e-05 0.0548453 0)
(-0.00371179 -0.0775004 0)
(-0.00846272 -0.0495843 0)
(-0.0121235 -0.0380196 0)
(-0.0156603 -0.0383032 0)
(-0.0192557 -0.039966 0)
(-0.0230291 -0.0417389 0)
(-0.0270935 -0.043985 0)
(-0.0316231 -0.0468848 0)
(-0.0368353 -0.0504689 0)
(-0.0430088 -0.0547239 0)
(-0.0503827 -0.0595842 0)
(-0.0592572 -0.0649235 0)
(-0.069937 -0.0705496 0)
(-0.0826146 -0.0761617 0)
(-0.0975036 -0.0814117 0)
(-0.114828 -0.0859565 0)
(-0.134745 -0.08946 0)
(-0.157439 -0.0914902 0)
(-0.182926 -0.0910448 0)
(-0.210751 -0.086511 0)
(-0.239873 -0.07667 0)
(-0.268559 -0.0611257 0)
(-0.000153142 0.056853 0)
(-0.0040002 -0.0731784 0)
(-0.00897267 -0.0453292 0)
(-0.0128176 -0.0342405 0)
(-0.016659 -0.034553 0)
(-0.0206224 -0.0360391 0)
(-0.0248408 -0.0375349 0)
(-0.029404 -0.0393739 0)
(-0.0344549 -0.0416826 0)
(-0.040171 -0.0444633 0)
(-0.0467709 -0.0476858 0)
(-0.0544365 -0.0512596 0)
(-0.0634155 -0.0550811 0)
(-0.0739399 -0.0589656 0)
(-0.0861445 -0.0626393 0)
(-0.100202 -0.0658056 0)
(-0.116235 -0.0681381 0)
(-0.134293 -0.0692684 0)
(-0.154454 -0.0688428 0)
(-0.176628 -0.0661303 0)
(-0.200333 -0.0600167 0)
(-0.224718 -0.0497785 0)
(-0.248547 -0.0352805 0)
(-0.000265254 0.0590691 0)
(-0.00424913 -0.0686599 0)
(-0.0094683 -0.0408896 0)
(-0.0134391 -0.0302415 0)
(-0.0175173 -0.0305139 0)
(-0.0217508 -0.0317662 0)
(-0.0262861 -0.0329428 0)
(-0.0311844 -0.0343492 0)
(-0.0365659 -0.0360774 0)
(-0.0425865 -0.0381117 0)
(-0.0494064 -0.0404017 0)
(-0.0571678 -0.0428562 0)
(-0.066077 -0.0453769 0)
(-0.0762829 -0.0477809 0)
(-0.0878883 -0.049841 0)
(-0.101047 -0.0512926 0)
(-0.115787 -0.0518413 0)
(-0.132099 -0.051179 0)
(-0.149988 -0.0490507 0)
(-0.169288 -0.044927 0)
(-0.189547 -0.0379327 0)
(-0.210093 -0.0275735 0)
(-0.23006 -0.0139424 0)
(-0.000291481 0.0614219 0)
(-0.00443223 -0.0639247 0)
(-0.00989432 -0.0362948 0)
(-0.0139374 -0.0260771 0)
(-0.0181878 -0.0262654 0)
(-0.0226056 -0.0272533 0)
(-0.0273446 -0.0280943 0)
(-0.0324456 -0.0290682 0)
(-0.0380101 -0.0302453 0)
(-0.0441664 -0.0315982 0)
(-0.0510425 -0.0330559 0)
(-0.0587543 -0.0345375 0)
(-0.0674449 -0.0359405 0)
(-0.0772265 -0.0370947 0)
(-0.088171 -0.0378238 0)
(-0.100389 -0.0378932 0)
(-0.113867 -0.0370294 0)
(-0.128545 -0.0349995 0)
(-0.144393 -0.0316081 0)
(-0.161227 -0.0264958 0)
(-0.17865 -0.018999 0)
(-0.196087 -0.00874157 0)
(-0.212906 0.00404869 0)
(-0.000246007 0.063843 0)
(-0.00454242 -0.0589776 0)
(-0.0102093 -0.0315873 0)
(-0.0142751 -0.0218022 0)
(-0.0186396 -0.0218815 0)
(-0.0231647 -0.0225903 0)
(-0.0280114 -0.0230983 0)
(-0.0332068 -0.0236606 0)
(-0.0388387 -0.0243277 0)
(-0.045005 -0.0250617 0)
(-0.0518057 -0.0257872 0)
(-0.0593398 -0.026424 0)
(-0.0677113 -0.0268683 0)
(-0.0769977 -0.0269813 0)
(-0.0872484 -0.0266157 0)
(-0.0985268 -0.0255785 0)
(-0.110802 -0.0236189 0)
(-0.123993 -0.0205599 0)
(-0.138046 -0.0162625 0)
(-0.152794 -0.0104832 0)
(-0.167876 -0.00272339 0)
(-0.182805 0.00731049 0)
(-0.197184 0.0192821 0)
(-0.00015207 0.0662611 0)
(-0.00457791 -0.0538607 0)
(-0.0103793 -0.0268135 0)
(-0.0144212 -0.0174698 0)
(-0.0188479 -0.0174262 0)
(-0.0234137 -0.0178565 0)
(-0.0282911 -0.0180465 0)
(-0.0334937 -0.0182265 0)
(-0.039095 -0.0184302 0)
(-0.0451714 -0.0186091 0)
(-0.0518044 -0.0186945 0)
(-0.0590714 -0.018608 0)
(-0.0670456 -0.0182466 0)
(-0.0757909 -0.0174932 0)
(-0.0853362 -0.0162341 0)
(-0.0957003 -0.0143033 0)
(-0.106853 -0.0114968 0)
(-0.118711 -0.00766158 0)
(-0.131182 -0.00270049 0)
(-0.144133 0.00351928 0)
(-0.157293 0.0113618 0)
(-0.170245 0.02109 0)
(-0.182718 0.0323765 0)
(-4.42252e-05 0.0686278 0)
(-0.0045264 -0.048648 0)
(-0.0103719 -0.0220332 0)
(-0.0143501 -0.013127 0)
(-0.0187895 -0.0129557 0)
(-0.0233385 -0.0131202 0)
(-0.0281817 -0.0130141 0)
(-0.0333212 -0.0128446 0)
(-0.0388191 -0.0126315 0)
(-0.0447347 -0.0123237 0)
(-0.051134 -0.0118579 0)
(-0.0580725 -0.0111559 0)
(-0.065603 -0.0101199 0)
(-0.0737846 -0.00865825 0)
(-0.0826242 -0.00666539 0)
(-0.0921163 -0.00401298 0)
(-0.10223 -0.000543631 0)
(-0.112878 0.00388803 0)
(-0.123984 0.00932893 0)
(-0.13545 0.015814 0)
(-0.147042 0.0236278 0)
(-0.15837 0.0330529 0)
(-0.169252 0.0438398 0)
(5.22977e-05 0.0708939 0)
(-0.00436666 -0.0434381 0)
(-0.0101649 -0.0173139 0)
(-0.0140432 -0.00881516 0)
(-0.0184481 -0.00852065 0)
(-0.0229268 -0.0084378 0)
(-0.0276809 -0.00806234 0)
(-0.0327002 -0.00757918 0)
(-0.0380385 -0.00699796 0)
(-0.0437437 -0.00626765 0)
(-0.0498664 -0.00532835 0)
(-0.0564396 -0.00410217 0)
(-0.0635092 -0.00250221 0)
(-0.0711191 -0.000461049 0)
(-0.079265 0.00212894 0)
(-0.0879353 0.00536272 0)
(-0.0970894 0.00936391 0)
(-0.106663 0.014229 0)
(-0.116599 0.0200046 0)
(-0.126788 0.026682 0)
(-0.137051 0.0344567 0)
(-0.14705 0.0436073 0)
(-0.156677 0.0540447 0)
(0.000141103 0.0730107 0)
(-0.00407438 -0.0383378 0)
(-0.00975908 -0.012716 0)
(-0.0134961 -0.00457631 0)
(-0.0178225 -0.00416715 0)
(-0.0221776 -0.00385906 0)
(-0.026793 -0.0032405 0)
(-0.0316427 -0.00247744 0)
(-0.0367766 -0.00157268 0)
(-0.0422314 -0.000477664 0)
(-0.048043 0.00086754 0)
(-0.0542286 0.00253535 0)
(-0.0608384 0.00459856 0)
(-0.067893 0.00711598 0)
(-0.0753698 0.0101909 0)
(-0.0832634 0.0138863 0)
(-0.0915608 0.0182951 0)
(-0.100188 0.0235043 0)
(-0.109075 0.0295338 0)
(-0.118164 0.036362 0)
(-0.127346 0.0440927 0)
(-0.13627 0.0529879 0)
(-0.144838 0.0631887 0)
(0.000265867 0.0749352 0)
(-0.00363623 -0.0334329 0)
(-0.00918493 -0.00828507 0)
(-0.012728 -0.000452459 0)
(-0.0169326 5.68377e-05 0)
(-0.0211099 0.000566341 0)
(-0.0255361 0.00140476 0)
(-0.0301654 0.00241883 0)
(-0.0350493 0.00360724 0)
(-0.0402144 0.0050183 0)
(-0.0456853 0.00671202 0)
(-0.051471 0.0087499 0)
(-0.057618 0.0111825 0)
(-0.0641236 0.0140947 0)
(-0.0709678 0.0175628 0)
(-0.0781588 0.0216301 0)
(-0.0856522 0.0263599 0)
(-0.0934243 0.0318468 0)
(-0.101421 0.0380742 0)
(-0.109547 0.0450284 0)
(-0.117819 0.0527256 0)
(-0.1259 0.0614276 0)
(-0.133616 0.0714826 0)
(0.000462961 0.0765103 0)
(-0.0030635 -0.0287643 0)
(-0.00849164 -0.00405933 0)
(-0.0117807 0.00350144 0)
(-0.0158269 0.00409378 0)
(-0.0197678 0.00478622 0)
(-0.0239506 0.00581543 0)
(-0.0283084 0.00705242 0)
(-0.0328914 0.0084906 0)
(-0.037714 0.0101762 0)
(-0.042799 0.0121645 0)
(-0.0481666 0.0145177 0)
(-0.0538304 0.0172679 0)
(-0.0597742 0.0205158 0)
(-0.0660014 0.0242801 0)
(-0.0725217 0.0286411 0)
(-0.0792843 0.0336468 0)
(-0.0862902 0.0393433 0)
(-0.0934707 0.0457737 0)
(-0.100746 0.0528861 0)
(-0.108233 0.0605491 0)
(-0.115635 0.0691299 0)
(-0.122678 0.0790976 0)
(0.000818784 0.0776064 0)
(-0.0023537 -0.0242921 0)
(-0.00774355 -4.79956e-05 0)
(-0.0107091 0.00724078 0)
(-0.0145626 0.00789187 0)
(-0.0182218 0.00874397 0)
(-0.0221167 0.00994258 0)
(-0.0261433 0.0113733 0)
(-0.0303697 0.0130284 0)
(-0.0347976 0.0149526 0)
(-0.039438 0.0171945 0)
(-0.0443226 0.0197995 0)
(-0.0494504 0.0228234 0)
(-0.0548252 0.0263208 0)
(-0.0604359 0.0303483 0)
(-0.0662577 0.0349459 0)
(-0.0722894 0.0401743 0)
(-0.0785135 0.0460544 0)
(-0.0848887 0.0526674 0)
(-0.0914167 0.0599318 0)
(-0.0981475 0.0676807 0)
(-0.104865 0.0762293 0)
(-0.111343 0.086131 0)
(0.00133007 0.0780743 0)
(-0.00156336 -0.0199451 0)
(-0.00701146 0.00375084 0)
(-0.00958287 0.0107346 0)
(-0.0132331 0.0114141 0)
(-0.0165622 0.012406 0)
(-0.0201332 0.0137525 0)
(-0.0237954 0.015328 0)
(-0.0276196 0.0171602 0)
(-0.0315967 0.0192858 0)
(-0.0357525 0.0217367 0)
(-0.0401025 0.0245434 0)
(-0.0446495 0.0277817 0)
(-0.0493694 0.0314915 0)
(-0.0542777 0.0357255 0)
(-0.0593726 0.0405253 0)
(-0.0646258 0.0459328 0)
(-0.0700238 0.0519682 0)
(-0.0755455 0.0587121 0)
(-0.0811959 0.0661484 0)
(-0.0870071 0.0741229 0)
(-0.092941 0.0826795 0)
(-0.0987042 0.0925792 0)
(0.00199768 0.0777313 0)
(-0.000716356 -0.0155318 0)
(-0.00634209 0.00736271 0)
(-0.00846381 0.0139848 0)
(-0.0119302 0.0146475 0)
(-0.014906 0.0157515 0)
(-0.0181724 0.017187 0)
(-0.0214665 0.0188784 0)
(-0.0248576 0.0208437 0)
(-0.02837 0.0231139 0)
(-0.0320239 0.0257219 0)
(-0.0358077 0.0287143 0)
(-0.0397095 0.032137 0)
(-0.0437528 0.0360311 0)
(-0.0479224 0.0403962 0)
(-0.0521969 0.0453233 0)
(-0.0565925 0.0508324 0)
(-0.0610697 0.0569881 0)
(-0.0655659 0.0638599 0)
(-0.0701141 0.0714023 0)
(-0.0748225 0.0795429 0)
(-0.079606 0.0881987 0)
(-0.0841368 0.0981275 0)
(0.00278279 0.0766104 0)
(0.000118074 -0.0110579 0)
(-0.00576704 0.0108193 0)
(-0.0074266 0.016942 0)
(-0.0107991 0.0175733 0)
(-0.0134301 0.0187751 0)
(-0.0164094 0.0202713 0)
(-0.0193519 0.0220383 0)
(-0.0223661 0.0240834 0)
(-0.0254468 0.0264519 0)
(-0.028603 0.0291679 0)
(-0.0318342 0.0322764 0)
(-0.0351417 0.0357971 0)
(-0.0385446 0.0397731 0)
(-0.0419969 0.0442356 0)
(-0.0454689 0.0492301 0)
(-0.0489497 0.054795 0)
(-0.052374 0.0610048 0)
(-0.0557828 0.0678516 0)
(-0.0591241 0.0753619 0)
(-0.0623785 0.0835107 0)
(-0.0655725 0.0922973 0)
(-0.0683369 0.10215 0)
(0.00369115 0.074573 0)
(0.000912756 -0.00640878 0)
(-0.00534991 0.0141597 0)
(-0.00653142 0.0196142 0)
(-0.00988079 0.0202504 0)
(-0.0121944 0.0215133 0)
(-0.0149841 0.0230464 0)
(-0.0176645 0.0248554 0)
(-0.020359 0.0269525 0)
(-0.0230872 0.0293532 0)
(-0.0258642 0.0321068 0)
(-0.0286737 0.0352396 0)
(-0.0314944 0.0387843 0)
(-0.0343239 0.0427735 0)
(-0.0371328 0.0472551 0)
(-0.0398746 0.0522415 0)
(-0.04252 0.0577686 0)
(-0.0450585 0.0638669 0)
(-0.0474283 0.0705385 0)
(-0.0494979 0.0778914 0)
(-0.0512129 0.0859075 0)
(-0.052651 0.0944848 0)
(-0.0533405 0.104015 0)
(0.00465773 0.0716115 0)
(0.00162462 -0.0014048 0)
(-0.00502627 0.0174819 0)
(-0.00575023 0.0221116 0)
(-0.00920903 0.0227385 0)
(-0.0112766 0.0240442 0)
(-0.0139148 0.0255714 0)
(-0.0163901 0.0273955 0)
(-0.0189029 0.0295003 0)
(-0.0214176 0.0319059 0)
(-0.0239232 0.0346658 0)
(-0.0264206 0.0378015 0)
(-0.0288898 0.0413371 0)
(-0.031318 0.0452832 0)
(-0.0336665 0.0496837 0)
(-0.035897 0.0545408 0)
(-0.0379576 0.0598891 0)
(-0.0397813 0.0657351 0)
(-0.041281 0.0721418 0)
(-0.0423012 0.0791223 0)
(-0.0428555 0.0866499 0)
(-0.0428856 0.0946879 0)
(-0.0416567 0.103561 0)
(0.00554155 0.0679852 0)
(0.0021673 0.00408961 0)
(-0.00477698 0.0209485 0)
(-0.00510207 0.0246211 0)
(-0.00870113 0.0252679 0)
(-0.0105311 0.0266027 0)
(-0.0131005 0.0281168 0)
(-0.0154431 0.0299159 0)
(-0.0178159 0.0320074 0)
(-0.0201702 0.0344282 0)
(-0.0225067 0.0371859 0)
(-0.0248222 0.0403052 0)
(-0.0270923 0.0437842 0)
(-0.0292837 0.0476463 0)
(-0.0313652 0.0519068 0)
(-0.0332832 0.0565699 0)
(-0.0349762 0.0616751 0)
(-0.036369 0.0672044 0)
(-0.0373541 0.0731714 0)
(-0.0378394 0.0795807 0)
(-0.0376989 0.0863681 0)
(-0.0368047 0.0936374 0)
(-0.0344545 0.1015 0)
(0.00622065 0.0638163 0)
(0.00254931 0.00985951 0)
(-0.00451383 0.0243883 0)
(-0.00448148 0.0270851 0)
(-0.00819017 0.0277999 0)
(-0.009806 0.029115 0)
(-0.0123105 0.0306104 0)
(-0.0145221 0.0324008 0)
(-0.0167636 0.0344906 0)
(-0.0189963 0.0369025 0)
(-0.0212072 0.0396363 0)
(-0.0233916 0.0427151 0)
(-0.0255195 0.046114 0)
(-0.0275586 0.0498941 0)
(-0.0294871 0.054004 0)
(-0.0312334 0.0584469 0)
(-0.0327457 0.0632908 0)
(-0.033957 0.0684462 0)
(-0.0347399 0.073922 0)
(-0.0350143 0.0797121 0)
(-0.0346329 0.0857916 0)
(-0.0334691 0.092071 0)
(-0.0308588 0.0987383 0)
(0.0066327 0.0589525 0)
(0.00274805 0.0154448 0)
(-0.00417049 0.0273969 0)
(-0.0038489 0.0291027 0)
(-0.00754854 0.0299749 0)
(-0.00892978 0.0311577 0)
(-0.0113161 0.0326524 0)
(-0.0133656 0.0344285 0)
(-0.0154563 0.0364839 0)
(-0.0175363 0.038897 0)
(-0.0195923 0.041598 0)
(-0.0216365 0.0446506 0)
(-0.0235974 0.0480235 0)
(-0.0254719 0.0516452 0)
(-0.0272941 0.0556336 0)
(-0.0288854 0.0599018 0)
(-0.0302667 0.0644428 0)
(-0.0314041 0.0692448 0)
(-0.0321093 0.074276 0)
(-0.0323448 0.0794442 0)
(-0.0320509 0.0848346 0)
(-0.0309873 0.0902508 0)
(-0.0285638 0.0957069 0)
(0.0064216 0.0535973 0)
(0.00261562 0.0208014 0)
(-0.00364882 0.0300019 0)
(-0.00314296 0.0307652 0)
(-0.00666265 0.0317527 0)
(-0.00784607 0.0328491 0)
(-0.00995245 0.0342995 0)
(-0.0118178 0.0360578 0)
(-0.0136599 0.0381216 0)
(-0.0155 0.0404871 0)
(-0.0173291 0.0431908 0)
(-0.0191013 0.0461712 0)
(-0.0209197 0.0494705 0)
(-0.0226037 0.0530309 0)
(-0.0241566 0.0568449 0)
(-0.025628 0.0609762 0)
(-0.0268927 0.0652185 0)
(-0.027896 0.069689 0)
(-0.0286054 0.0743065 0)
(-0.0288451 0.0790003 0)
(-0.0285567 0.0836297 0)
(-0.0278059 0.0882417 0)
(-0.0259166 0.0927154 0)
(0.00557417 0.0490264 0)
(0.00223782 0.0261231 0)
(-0.00296193 0.0326867 0)
(-0.00245984 0.0327935 0)
(-0.00542739 0.0338049 0)
(-0.00636363 0.0348745 0)
(-0.00813537 0.0363145 0)
(-0.00963597 0.0380434 0)
(-0.0111919 0.0401215 0)
(-0.0127029 0.0424781 0)
(-0.0142065 0.0451513 0)
(-0.0157168 0.048091 0)
(-0.0171587 0.0513003 0)
(-0.0185804 0.0548348 0)
(-0.0198979 0.0585274 0)
(-0.0211293 0.0624682 0)
(-0.0222458 0.0665378 0)
(-0.0230962 0.0707362 0)
(-0.023681 0.0749635 0)
(-0.0240379 0.0792419 0)
(-0.0239824 0.0833529 0)
(-0.0233768 0.0872189 0)
(-0.0219604 0.0909129 0)
(0.00432668 0.0457248 0)
(0.00185158 0.0302402 0)
(-0.00201839 0.0346835 0)
(-0.00162211 0.0343894 0)
(-0.00386696 0.0354689 0)
(-0.0044679 0.036478 0)
(-0.00578395 0.0379323 0)
(-0.006892 0.039633 0)
(-0.00798686 0.0417157 0)
(-0.0091047 0.0440876 0)
(-0.0102075 0.0467418 0)
(-0.0112904 0.049667 0)
(-0.0123619 0.0528734 0)
(-0.0134221 0.0562702 0)
(-0.014426 0.0599527 0)
(-0.0153727 0.0637371 0)
(-0.0162358 0.0677354 0)
(-0.0169661 0.0717648 0)
(-0.0175052 0.0758119 0)
(-0.0177991 0.0797483 0)
(-0.0178798 0.0835695 0)
(-0.0176521 0.0870205 0)
(-0.0169039 0.0900779 0)
(0.00268463 0.0436013 0)
(0.00119305 0.033323 0)
(-0.00104379 0.0363389 0)
(-0.000761902 0.0356754 0)
(-0.002119 0.0368742 0)
(-0.00241377 0.0378118 0)
(-0.00323013 0.0392037 0)
(-0.00383946 0.0409927 0)
(-0.00445914 0.0430597 0)
(-0.00512504 0.045417 0)
(-0.00578036 0.0481129 0)
(-0.00642386 0.0510424 0)
(-0.0070782 0.0542395 0)
(-0.00771268 0.0576688 0)
(-0.0083274 0.0612983 0)
(-0.00891033 0.0650879 0)
(-0.00945002 0.0689924 0)
(-0.00994485 0.0729531 0)
(-0.0103292 0.0769309 0)
(-0.0106406 0.0806971 0)
(-0.0108241 0.0842661 0)
(-0.0108375 0.0875086 0)
(-0.0106017 0.0902852 0)
(0.00106971 0.0413152 0)
(0.00057726 0.0342157 0)
(-0.000278407 0.0364552 0)
(-0.000120399 0.0356156 0)
(-0.000530792 0.0367634 0)
(-0.000681552 0.0376344 0)
(-0.000873694 0.0390826 0)
(-0.0010227 0.0408117 0)
(-0.00125422 0.0428467 0)
(-0.00142864 0.0452293 0)
(-0.00161759 0.0478735 0)
(-0.00182397 0.0508343 0)
(-0.00199572 0.0540128 0)
(-0.00220439 0.0574394 0)
(-0.00240209 0.0610485 0)
(-0.00259445 0.0648166 0)
(-0.00278396 0.0686685 0)
(-0.00292562 0.0725686 0)
(-0.00313021 0.0764018 0)
(-0.00328038 0.0801647 0)
(-0.00331296 0.0836456 0)
(-0.00331761 0.0867514 0)
(-0.00321547 0.0892995 0)
(0.578901 0.280143 0)
(0.54091 0.201132 0)
(0.479313 0.119235 0)
(0.450739 0.0247263 0)
(0.597364 0.069728 0)
(0.648641 0.0275133 0)
(0.681652 -0.0178361 0)
(0.710325 -0.0652403 0)
(0.482414 -0.0116478 0)
(0.514801 -0.0369355 0)
(0.539613 -0.0669164 0)
(0.558524 -0.100165 0)
(0.448685 -0.0611014 0)
(0.458622 -0.0818879 0)
(0.461706 -0.100607 0)
(0.45866 -0.120846 0)
(0.4256 -0.0315228 0)
(0.457211 -0.0380118 0)
(0.46671 -0.0424672 0)
(0.461767 -0.060509 0)
(0.193482 -0.219201 0)
(0.21855 -0.161719 0)
(0.203075 -0.107926 0)
(0.217904 -0.0850927 0)
(0.250397 -0.16545 0)
(0.0515801 0.00385867 0)
(-0.0829149 0.0469009 0)
(-0.411714 -0.246926 0)
(0.46727 0.213836 0)
(0.435971 0.408105 0)
(0.401919 0.509562 0)
(0.415219 0.506135 0)
(0.312446 -0.0560594 0)
(0.420438 0.185916 0)
(0.489352 0.370433 0)
(0.619135 0.439508 0)
(0.0612012 -0.175269 0)
(0.138764 -0.0373542 0)
(0.226248 0.109232 0)
(0.332794 0.215831 0)
(-0.160973 -0.217801 0)
(-0.137542 -0.124339 0)
(-0.0969957 -0.0311132 0)
(-0.054089 0.0469614 0)
(-0.262161 -0.249912 0)
(-0.246276 -0.176562 0)
(-0.219237 -0.105327 0)
(-0.174502 -0.0424673 0)
(-0.379484 -0.264911 0)
(-0.379376 -0.225856 0)
(-0.367286 -0.186714 0)
(-0.342089 -0.153011 0)
(-0.421005 -0.224259 0)
(-0.443129 -0.197678 0)
(-0.460329 -0.166156 0)
(-0.472229 -0.131238 0)
(-0.387934 -0.160069 0)
(-0.414829 -0.142506 0)
(-0.43962 -0.122004 0)
(-0.462108 -0.0998777 0)
(-0.343161 -0.109305 0)
(-0.36219 -0.0921531 0)
(-0.380298 -0.0730718 0)
(-0.397427 -0.0529563 0)
(-0.314255 -0.0746297 0)
(-0.328675 -0.0600406 0)
(-0.342195 -0.0436061 0)
(-0.354695 -0.0260165 0)
(-0.288301 -0.0454785 0)
(-0.300311 -0.0328362 0)
(-0.311552 -0.018659 0)
(-0.321818 -0.00336285 0)
(-0.264894 -0.021317 0)
(-0.274858 -0.0101677 0)
(-0.284189 0.00216043 0)
(-0.292792 0.0152726 0)
(-0.24368 -0.00135533 0)
(-0.251941 0.00849012 0)
(-0.259826 0.0191637 0)
(-0.267089 0.0303064 0)
(-0.224447 0.0154333 0)
(-0.231475 0.024238 0)
(-0.238165 0.0336015 0)
(-0.244373 0.043141 0)
(-0.20711 0.0295874 0)
(-0.213129 0.0375944 0)
(-0.218933 0.0460278 0)
(-0.224379 0.0543581 0)
(-0.191414 0.0419043 0)
(-0.196664 0.0492964 0)
(-0.201789 0.0570168 0)
(-0.206635 0.0644185 0)
(-0.176997 0.0528092 0)
(-0.181701 0.0597267 0)
(-0.18633 0.0668557 0)
(-0.19071 0.0734914 0)
(-0.163692 0.0626483 0)
(-0.167957 0.0691868 0)
(-0.172188 0.0757813 0)
(-0.176189 0.0817321 0)
(-0.151258 0.071627 0)
(-0.155176 0.0778919 0)
(-0.159097 0.0840024 0)
(-0.162819 0.0893047 0)
(-0.13955 0.0798756 0)
(-0.143185 0.0859691 0)
(-0.14686 0.0916725 0)
(-0.150366 0.0963989 0)
(-0.128184 0.0875296 0)
(-0.131587 0.0935567 0)
(-0.135063 0.0989978 0)
(-0.138363 0.103264 0)
(-0.116467 0.0946578 0)
(-0.119617 0.100658 0)
(-0.122902 0.105985 0)
(-0.126035 0.110002 0)
(-0.103315 0.101226 0)
(-0.106123 0.107221 0)
(-0.109059 0.112572 0)
(-0.111849 0.116602 0)
(-0.087905 0.106828 0)
(-0.090102 0.112805 0)
(-0.0924064 0.118254 0)
(-0.0946747 0.122552 0)
(-0.070745 0.110783 0)
(-0.0719783 0.116662 0)
(-0.0732363 0.122136 0)
(-0.0745129 0.126722 0)
(-0.054053 0.112397 0)
(-0.0540739 0.11802 0)
(-0.0539842 0.123337 0)
(-0.0539088 0.128055 0)
(-0.0407484 0.111375 0)
(-0.0396005 0.116505 0)
(-0.0381518 0.121322 0)
(-0.0366767 0.125768 0)
(-0.032505 0.108431 0)
(-0.0306392 0.112817 0)
(-0.0283695 0.116853 0)
(-0.0259691 0.12064 0)
(-0.0285714 0.104654 0)
(-0.0264581 0.108165 0)
(-0.0239296 0.111321 0)
(-0.021252 0.114307 0)
(-0.0264348 0.100581 0)
(-0.0244576 0.10325 0)
(-0.0220955 0.10557 0)
(-0.0195967 0.107751 0)
(-0.0240731 0.0966213 0)
(-0.0223518 0.0985533 0)
(-0.0203423 0.100172 0)
(-0.0182238 0.101625 0)
(-0.0205782 0.0938767 0)
(-0.0192617 0.0951817 0)
(-0.0177428 0.0962209 0)
(-0.0161192 0.0970577 0)
(-0.0160781 0.0922464 0)
(-0.015189 0.0931302 0)
(-0.0141762 0.0937977 0)
(-0.0129662 0.0942056 0)
(-0.0102351 0.0920611 0)
(-0.00970481 0.0927883 0)
(-0.00912764 0.0932461 0)
(-0.00857801 0.0933628 0)
(-0.00308122 0.0906521 0)
(-0.00295957 0.0911979 0)
(-0.00287762 0.0914447 0)
(-0.00262588 0.0913564 0)
(0.486717 -0.289452 0)
(0.358495 -0.501429 0)
(0.170388 -0.695047 0)
(-0.106744 -0.758926 0)
(-0.00505294 -0.314242 0)
(-0.438077 0.267804 0)
(-0.497088 1.15384 0)
(-0.282273 2.18219 0)
(0.286288 2.83451 0)
(1.2594 3.37362 0)
(1.59471 2.79841 0)
(2.5019 0.735402 0)
(2.60039 -0.934134 0)
(2.06735 -1.57627 0)
(1.60298 -1.49194 0)
(1.26755 -1.24694 0)
(1.29552 -1.0641 0)
(0.171765 -1.31979 0)
(0.326086 -1.81916 0)
(0.70307 -0.206316 0)
(0.580551 -0.354122 0)
(0.361714 -0.518648 0)
(0.194915 -0.660786 0)
(0.0616396 -0.101772 0)
(-0.163527 0.411328 0)
(-0.22654 1.02495 0)
(0.0812166 1.70735 0)
(0.686541 2.10212 0)
(1.53094 2.30328 0)
(2.4025 1.80193 0)
(2.93235 0.453467 0)
(2.754 -0.651677 0)
(2.20283 -1.18062 0)
(1.75349 -1.21066 0)
(1.48094 -0.967627 0)
(1.26449 -0.717387 0)
(0.0804602 -0.756133 0)
(0.293514 -1.6782 0)
(0.562505 -0.17944 0)
(0.516813 -0.256049 0)
(0.353474 -0.380646 0)
(0.179302 -0.563132 0)
(0.0901479 -0.0517627 0)
(0.262641 0.568354 0)
(0.157849 0.90434 0)
(0.409028 1.30944 0)
(0.834938 1.54328 0)
(1.34752 1.54977 0)
(1.90783 1.16104 0)
(2.2158 0.400009 0)
(2.12056 -0.278051 0)
(1.77456 -0.865349 0)
(1.41441 -0.954118 0)
(1.3194 -0.616592 0)
(0.713777 -0.155947 0)
(-0.0202407 -0.20835 0)
(0.262758 -1.55318 0)
(0.443493 -0.158971 0)
(0.417614 -0.174969 0)
(0.327089 -0.233183 0)
(0.114023 -0.442642 0)
(-0.00734429 -0.541857 0)
(0.398236 0.486829 0)
(0.493231 0.799606 0)
(0.662699 1.01765 0)
(0.884525 1.18926 0)
(1.14785 1.17146 0)
(1.42406 0.901229 0)
(1.59053 0.415708 0)
(1.50637 -0.014976 0)
(1.20643 -0.929618 0)
(0.89248 -0.821334 0)
(0.93569 -0.363335 0)
(-0.281338 0.306486 0)
(0.00758258 -0.496975 0)
(0.236497 -1.43275 0)
(0.440929 -0.117277 0)
(0.384638 -0.134711 0)
(0.333126 -0.107935 0)
(0.151197 -0.209258 0)
(-0.20836 -0.557982 0)
(0.356521 0.582841 0)
(0.584273 0.837838 0)
(0.945759 1.19746 0)
(1.06892 1.20409 0)
(1.09784 1.02855 0)
(1.16147 0.766697 0)
(1.2065 0.537908 0)
(1.04062 0.271918 0)
(0.240351 -0.669166 0)
(0.464331 -0.643908 0)
(0.249381 0.321109 0)
(-0.0635562 0.949822 0)
(0.177051 -0.623816 0)
(0.217068 -1.29313 0)
(0.337375 -0.0599162 0)
(0.405275 -0.044781 0)
(0.35522 -0.0277062 0)
(0.298566 0.0270413 0)
(-0.0765007 -0.0346398 0)
(-0.846919 -0.273529 0)
(-0.0575741 -0.589858 0)
(0.648273 0.356624 0)
(0.967378 1.05893 0)
(0.963136 1.05841 0)
(1.0319 0.768194 0)
(0.935954 0.666354 0)
(1.323 0.650398 0)
(0.157953 -0.238691 0)
(-0.0151843 -0.207427 0)
(-0.742744 0.37333 0)
(0.0987947 0.054908 0)
(0.327441 -0.646115 0)
(0.214833 -1.09557 0)
(-0.33563 -0.362234 0)
(0.157506 -0.118036 0)
(0.3589 0.0266309 0)
(0.400479 0.131627 0)
(0.315612 0.224321 0)
(0.0636134 0.259191 0)
(-0.193588 0.165006 0)
(-1.19419 0.420511 0)
(-0.219686 0.621842 0)
(0.292792 0.743197 0)
(0.639152 0.640489 0)
(0.466934 0.648949 0)
(1.11706 0.731146 0)
(0.573821 0.268791 0)
(0.334171 0.166009 0)
(0.297818 0.108689 0)
(0.455427 -0.113489 0)
(0.458805 -0.524787 0)
(0.234683 -0.846003 0)
(-0.0915817 -0.477702 0)
(-0.312304 -0.562225 0)
(-0.0411881 -0.21121 0)
(0.303426 0.0753099 0)
(0.457366 0.233849 0)
(0.497241 0.324554 0)
(0.407509 0.364018 0)
(0.289434 0.385733 0)
(0.220728 0.457277 0)
(0.267286 0.5327 0)
(0.417578 0.526234 0)
(0.487439 0.478198 0)
(0.72063 0.45274 0)
(0.834399 0.361262 0)
(0.848582 0.246643 0)
(0.849799 0.12844 0)
(0.812159 -0.05252 0)
(0.640228 -0.328396 0)
(0.275794 -0.519405 0)
(0.38044 0.28731 0)
(0.231371 -0.266035 0)
(-0.377929 -0.509533 0)
(-0.314567 -0.335046 0)
(0.279655 0.0815371 0)
(0.516777 0.254343 0)
(0.622576 0.330253 0)
(0.678148 0.374287 0)
(0.693596 0.403663 0)
(0.733462 0.431607 0)
(0.799418 0.436151 0)
(0.884296 0.401649 0)
(0.956381 0.354321 0)
(1.05094 0.287263 0)
(1.10151 0.201544 0)
(1.08908 0.141905 0)
(0.992016 0.0930066 0)
(0.724087 -0.0177355 0)
(0.279758 -0.122538 0)
(0.397467 0.241285 0)
(0.41265 0.117019 0)
(0.262384 0.0448431 0)
(0.175287 -0.426607 0)
(-0.121525 -0.462803 0)
(0.195705 0.0364585 0)
(0.529199 0.234234 0)
(0.696511 0.321191 0)
(0.797081 0.365435 0)
(0.873608 0.387694 0)
(0.950112 0.380263 0)
(1.0284 0.349146 0)
(1.09031 0.301002 0)
(1.14775 0.226338 0)
(1.18256 0.162211 0)
(1.1441 0.154799 0)
(0.951613 0.254887 0)
(0.609554 0.29998 0)
(0.211271 0.26858 0)
(0.110231 0.0916412 0)
(0.115958 -0.0772649 0)
(0.202337 -0.128855 0)
(0.188872 -0.137475 0)
(0.0561418 -0.128634 0)
(0.0239401 -0.239642 0)
(0.13183 -0.178984 0)
(0.354143 0.090251 0)
(0.650729 0.277655 0)
(0.808516 0.334986 0)
(0.934438 0.319886 0)
(0.996372 0.281879 0)
(0.987977 0.245407 0)
(0.477129 0.273003 0)
(0.323308 0.351914 0)
(0.3676 0.471456 0)
(0.307104 0.613402 0)
(0.266911 0.563688 0)
(0.0888437 0.522611 0)
(-0.0664972 0.0193823 0)
(0.0116615 -0.00103594 0)
(0.0364045 -0.0774315 0)
(-0.017377 -0.186421 0)
(-0.143728 -0.139459 0)
(-0.297593 -0.0949298 0)
(-0.446846 -0.0922493 0)
(-0.513176 -0.00925013 0)
(-0.540605 0.0755607 0)
(-0.656602 0.202243 0)
(-1.3202 0.263702 0)
(-1.98585 0.509672 0)
(-1.94355 0.809755 0)
(-2.07123 0.504053 0)
(-1.04603 -0.132735 0)
(-0.693402 -0.0117988 0)
(-0.132781 0.429695 0)
(-0.0162805 0.565652 0)
(0.0131723 0.603122 0)
(-0.297785 -0.126511 0)
(-0.267958 -0.123951 0)
(-0.318334 -0.0745134 0)
(-0.437934 -0.00832582 0)
(-0.535263 0.0379327 0)
(-0.612948 0.0202206 0)
(-0.687346 0.0176325 0)
(-0.74702 0.112882 0)
(-0.790538 0.329957 0)
(-0.86944 0.636696 0)
(-1.27618 0.793252 0)
(-1.82961 0.701215 0)
(-1.62784 0.426273 0)
(-0.885478 -0.308997 0)
(-0.63579 -0.394866 0)
(-0.45343 -0.219191 0)
(-0.235733 0.103744 0)
(-0.117417 0.462104 0)
(0.014542 0.562154 0)
(-0.491678 -0.0773906 0)
(-0.528891 -0.0136161 0)
(-0.576609 0.0276595 0)
(-0.610884 0.041817 0)
(-0.627704 0.0469955 0)
(-0.642443 0.0411284 0)
(-0.673201 0.054593 0)
(-0.723075 0.148571 0)
(-0.779024 0.407572 0)
(-0.838737 0.838054 0)
(-1.0336 1.13792 0)
(-1.45076 0.950513 0)
(-1.57786 0.383315 0)
(-0.795983 -0.538704 0)
(-0.572608 -0.555124 0)
(-0.396211 -0.371746 0)
(-0.221947 -0.0364719 0)
(-0.111264 0.344506 0)
(0.0431094 0.50937 0)
(-0.493803 -0.0636366 0)
(-0.528607 -0.0155732 0)
(-0.552387 0.0239772 0)
(-0.566325 0.0446169 0)
(-0.567482 0.0478286 0)
(-0.567273 0.0528127 0)
(-0.581398 0.089014 0)
(-0.614332 0.194678 0)
(-0.647722 0.445027 0)
(-0.63848 0.883086 0)
(-0.615897 1.24402 0)
(-0.767076 1.04652 0)
(-0.836761 0.258217 0)
(-0.547877 -1.32097 0)
(-0.499891 -0.847833 0)
(-0.350612 -0.615218 0)
(-0.184576 -0.227878 0)
(-0.078383 0.243123 0)
(0.0591537 0.459243 0)
(-0.423068 -0.0202643 0)
(-0.454664 0.0213876 0)
(-0.477198 0.045027 0)
(-0.488034 0.0510511 0)
(-0.490053 0.0486306 0)
(-0.487216 0.0571559 0)
(-0.485671 0.104005 0)
(-0.490902 0.215362 0)
(-0.485276 0.434695 0)
(-0.408061 0.807834 0)
(-0.230434 1.17477 0)
(-0.146724 1.04603 0)
(0.0284993 0.216864 0)
(-0.240264 -0.869112 0)
(-0.281509 -0.768974 0)
(-0.203193 -0.739347 0)
(-0.111138 -0.40539 0)
(-0.0845594 0.136831 0)
(0.0599362 0.457033 0)
(-0.372903 0.00254342 0)
(-0.395093 0.0381106 0)
(-0.413044 0.0589296 0)
(-0.424799 0.0596411 0)
(-0.427191 0.0493996 0)
(-0.418867 0.0516981 0)
(-0.4035 0.0970861 0)
(-0.387162 0.206279 0)
(-0.360596 0.390724 0)
(-0.273145 0.666725 0)
(-0.069698 0.96157 0)
(0.145528 0.906585 0)
(0.237778 0.208137 0)
(-0.00205443 -0.667611 0)
(-0.161543 -0.758829 0)
(-0.164159 -0.693664 0)
(-0.149326 -0.418136 0)
(-0.122258 0.0950969 0)
(0.0423224 0.454209 0)
(-0.336322 0.0216704 0)
(-0.352843 0.0528923 0)
(-0.365795 0.0698285 0)
(-0.37495 0.0652592 0)
(-0.375576 0.046486 0)
(-0.364969 0.0392815 0)
(-0.345213 0.0780414 0)
(-0.320314 0.182178 0)
(-0.291267 0.344273 0)
(-0.239543 0.549103 0)
(-0.119924 0.755379 0)
(0.0448858 0.758243 0)
(0.0453163 0.284758 0)
(-0.298495 -0.454589 0)
(-0.26734 -0.722491 0)
(-0.284151 -0.675789 0)
(-0.284156 -0.472469 0)
(-0.201081 0.0751094 0)
(0.0235311 0.405739 0)
(-0.304681 0.0367407 0)
(-0.317385 0.0638734 0)
(-0.326671 0.077945 0)
(-0.333905 0.0697883 0)
(-0.335169 0.0439203 0)
(-0.327001 0.0268822 0)
(-0.310726 0.0576046 0)
(-0.289838 0.158304 0)
(-0.268894 0.315086 0)
(-0.257186 0.500416 0)
(-0.242597 0.685182 0)
(-0.207746 0.736258 0)
(-0.333118 0.367527 0)
(-0.544374 -0.375695 0)
(-0.462445 -0.797673 0)
(-0.430096 -0.706875 0)
(-0.405019 -0.547222 0)
(-0.416419 -0.0826236 0)
(0.00172706 0.299011 0)
(-0.276817 0.0485836 0)
(-0.286679 0.0719532 0)
(-0.293421 0.0842721 0)
(-0.299724 0.0747081 0)
(-0.302994 0.0441397 0)
(-0.299703 0.0191717 0)
(-0.291007 0.0437032 0)
(-0.280618 0.143919 0)
(-0.271496 0.308169 0)
(-0.282153 0.511493 0)
(-0.337578 0.723609 0)
(-0.408201 0.816061 0)
(-0.447425 0.528477 0)
(-0.429994 -0.189506 0)
(-0.756784 -0.937703 0)
(-0.49335 -0.726681 0)
(-0.333808 -0.458129 0)
(-0.506787 -0.387606 0)
(-0.179001 -0.150607 0)
(-0.252736 0.058496 0)
(-0.260936 0.0781987 0)
(-0.265993 0.0891883 0)
(-0.271411 0.0798429 0)
(-0.276092 0.0473332 0)
(-0.276926 0.0176 0)
(-0.275167 0.0385885 0)
(-0.274794 0.139842 0)
(-0.274823 0.315497 0)
(-0.290784 0.551194 0)
(-0.37132 0.804927 0)
(-0.49299 0.909045 0)
(-0.591651 0.586863 0)
(-0.823242 -0.181819 0)
(-0.970369 -0.925102 0)
(-0.617189 -0.898878 0)
(-0.283754 -0.486308 0)
(-0.13975 -0.236574 0)
(-0.0227294 -0.353625 0)
(-0.231852 0.0672613 0)
(-0.239223 0.0836033 0)
(-0.243385 0.0931925 0)
(-0.247766 0.0846424 0)
(-0.252219 0.0520423 0)
(-0.254592 0.0200494 0)
(-0.25576 0.0396322 0)
(-0.25931 0.141729 0)
(-0.261975 0.32391 0)
(-0.267248 0.587223 0)
(-0.323988 0.887418 0)
(-0.434028 1.02804 0)
(-0.536009 0.729608 0)
(-0.740472 -0.043226 0)
(-0.993754 -0.909041 0)
(-0.965166 -1.33249 0)
(-0.506585 -0.908698 0)
(-0.0594298 -0.44503 0)
(0.121719 -0.245892 0)
(-0.213391 0.0752749 0)
(-0.22025 0.0885701 0)
(-0.224149 0.0965241 0)
(-0.227874 0.088354 0)
(-0.231153 0.0559149 0)
(-0.232257 0.0224043 0)
(-0.231378 0.0409712 0)
(-0.230943 0.142824 0)
(-0.228323 0.324162 0)
(-0.217097 0.598794 0)
(-0.227726 0.936041 0)
(-0.294614 1.12634 0)
(-0.379939 0.888037 0)
(-0.55329 0.196048 0)
(-0.840797 -0.661858 0)
(-1.03497 -1.34326 0)
(-0.769959 -1.36588 0)
(-0.376683 -0.953283 0)
(0.0985705 -0.263209 0)
(-0.196827 0.0826673 0)
(-0.203212 0.0933891 0)
(-0.207162 0.0997771 0)
(-0.211149 0.0912998 0)
(-0.214145 0.0578533 0)
(-0.212988 0.0220807 0)
(-0.207792 0.038079 0)
(-0.200432 0.137273 0)
(-0.187239 0.313695 0)
(-0.161782 0.584795 0)
(-0.133646 0.940906 0)
(-0.14797 1.17868 0)
(-0.202559 0.992438 0)
(-0.369345 0.321119 0)
(-0.560142 -0.542835 0)
(-0.702671 -1.26026 0)
(-0.626956 -1.42694 0)
(-0.446417 -1.35573 0)
(0.0715093 -0.577635 0)
(-0.181803 0.0895017 0)
(-0.187825 0.0981197 0)
(-0.191783 0.103434 0)
(-0.196561 0.0949997 0)
(-0.200726 0.0596132 0)
(-0.19766 0.01949 0)
(-0.188263 0.0313332 0)
(-0.17729 0.125782 0)
(-0.157485 0.294462 0)
(-0.122089 0.554678 0)
(-0.069138 0.911322 0)
(-0.0329275 1.18423 0)
(-0.0180267 1.05211 0)
(-0.149955 0.451506 0)
(-0.183922 -0.436126 0)
(-0.254325 -1.20589 0)
(-0.294453 -1.49249 0)
(-0.365912 -1.47398 0)
(0.191621 -0.798199 0)
(-0.168112 0.095879 0)
(-0.174033 0.102809 0)
(-0.178154 0.107347 0)
(-0.18355 0.0992996 0)
(-0.18878 0.0614987 0)
(-0.184685 0.0147073 0)
(-0.173025 0.0219042 0)
(-0.162466 0.112174 0)
(-0.14583 0.270702 0)
(-0.108756 0.514309 0)
(-0.0387379 0.854285 0)
(0.038543 1.13998 0)
(0.143118 1.05558 0)
(0.0546204 0.506092 0)
(0.182737 -0.381308 0)
(0.0973888 -1.07751 0)
(-0.0246634 -1.51076 0)
(-0.206202 -1.54952 0)
(0.201656 -0.731911 0)
(-0.155452 0.102064 0)
(-0.161553 0.107799 0)
(-0.166553 0.111653 0)
(-0.173622 0.103955 0)
(-0.180156 0.0633996 0)
(-0.176528 0.0093446 0)
(-0.166093 0.012765 0)
(-0.15957 0.101246 0)
(-0.151093 0.249428 0)
(-0.121556 0.468606 0)
(-0.0441214 0.77276 0)
(0.0676497 1.04169 0)
(0.235901 0.995253 0)
(0.231582 0.486988 0)
(0.366037 -0.333342 0)
(0.319926 -0.995134 0)
(0.172848 -1.3392 0)
(-0.12979 -1.58398 0)
(0.143603 -0.783851 0)
(-0.143433 0.108281 0)
(-0.150227 0.113541 0)
(-0.156663 0.117718 0)
(-0.167138 0.11067 0)
(-0.178043 0.0671037 0)
(-0.179143 0.00613581 0)
(-0.170269 0.00768923 0)
(-0.169114 0.0976572 0)
(-0.171989 0.236333 0)
(-0.153672 0.426434 0)
(-0.0833361 0.677907 0)
(0.0488146 0.901607 0)
(0.236984 0.87331 0)
(0.338849 0.379483 0)
(0.461638 -0.362128 0)
(0.412654 -0.971595 0)
(0.363038 -1.18357 0)
(0.0704356 -1.54113 0)
(0.129255 -0.799936 0)
(-0.131158 0.114769 0)
(-0.138773 0.120469 0)
(-0.146715 0.126558 0)
(-0.161454 0.121867 0)
(-0.180246 0.0765333 0)
(-0.19223 0.00634865 0)
(-0.182353 0.00557432 0)
(-0.179989 0.103752 0)
(-0.200451 0.233563 0)
(-0.194879 0.396138 0)
(-0.143774 0.588869 0)
(-0.0168134 0.744022 0)
(0.178636 0.699069 0)
(0.305961 0.232244 0)
(0.446543 -0.435585 0)
(0.479078 -0.945619 0)
(0.524205 -0.988421 0)
(0.263712 -1.19618 0)
(0.162539 -0.681335 0)
(-0.116786 0.12157 0)
(-0.125098 0.128454 0)
(-0.133854 0.137648 0)
(-0.150494 0.137914 0)
(-0.175838 0.0953515 0)
(-0.20548 0.011284 0)
(-0.205968 -0.00140342 0)
(-0.191919 0.111261 0)
(-0.21875 0.242712 0)
(-0.230747 0.377399 0)
(-0.200451 0.518426 0)
(-0.100293 0.605296 0)
(0.0703725 0.535187 0)
(0.26777 0.0824837 0)
(0.454971 -0.578322 0)
(0.505465 -0.941179 0)
(0.526423 -0.945195 0)
(0.329293 -1.02729 0)
(0.172034 -0.486709 0)
(-0.0988103 0.128199 0)
(-0.106416 0.136797 0)
(-0.114482 0.14927 0)
(-0.129321 0.156163 0)
(-0.156598 0.125746 0)
(-0.206343 0.0345167 0)
(-0.238156 -0.00236313 0)
(-0.218211 0.109116 0)
(-0.218252 0.259557 0)
(-0.243276 0.374163 0)
(-0.23058 0.476236 0)
(-0.160571 0.498009 0)
(0.00756764 0.335643 0)
(0.286389 -0.174153 0)
(0.450065 -0.648478 0)
(0.53395 -0.977796 0)
(0.527881 -0.953645 0)
(0.34591 -0.900087 0)
(0.173748 -0.266666 0)
(-0.0767208 0.133257 0)
(-0.081538 0.143826 0)
(-0.0869774 0.158592 0)
(-0.0951194 0.171842 0)
(-0.115233 0.164106 0)
(-0.169731 0.0869068 0)
(-0.243557 0.0173498 0)
(-0.247053 0.0953451 0)
(-0.206919 0.265006 0)
(-0.211817 0.382111 0)
(-0.198748 0.447024 0)
(-0.126331 0.389619 0)
(0.129947 0.118654 0)
(0.283636 -0.266204 0)
(0.531146 -0.725657 0)
(0.548561 -0.967611 0)
(0.490902 -0.953637 0)
(0.234228 -0.592493 0)
(0.189485 -0.107291 0)
(-0.0532725 0.135082 0)
(-0.0531164 0.14666 0)
(-0.053498 0.161967 0)
(-0.0511276 0.17829 0)
(-0.0566742 0.190237 0)
(-0.0832363 0.154794 0)
(-0.16109 0.076515 0)
(-0.216829 0.0787785 0)
(-0.186486 0.227702 0)
(-0.132284 0.365113 0)
(-0.0923171 0.401248 0)
(0.0465688 0.246471 0)
(0.239202 -0.105367 0)
(0.331436 -0.469435 0)
(0.619713 -0.870901 0)
(0.507549 -0.915777 0)
(0.408028 -0.865246 0)
(0.145694 -0.224705 0)
(0.215075 0.0251941 0)
(-0.0334093 0.132465 0)
(-0.0278841 0.143707 0)
(-0.0216395 0.157269 0)
(-0.00943856 0.17304 0)
(0.000454252 0.189442 0)
(0.00997699 0.187474 0)
(-0.0229548 0.147705 0)
(-0.069316 0.108338 0)
(-0.0897369 0.167308 0)
(-0.0211955 0.283861 0)
(0.0607909 0.291605 0)
(0.214781 0.0949956 0)
(0.288289 -0.194838 0)
(0.406726 -0.597729 0)
(0.560188 -0.908839 0)
(0.477315 -0.809572 0)
(0.440344 -0.762565 0)
(0.13517 -0.221005 0)
(0.251012 0.172946 0)
(-0.0208595 0.126116 0)
(-0.0117727 0.135658 0)
(-3.33865e-05 0.145947 0)
(0.0176125 0.158141 0)
(0.0386511 0.169179 0)
(0.0675111 0.176264 0)
(0.079194 0.163979 0)
(0.0809425 0.139985 0)
(0.0849449 0.157611 0)
(0.129704 0.206996 0)
(0.211864 0.183445 0)
(0.316155 0.0283793 0)
(0.299882 -0.233629 0)
(0.462242 -0.715457 0)
(0.542051 -0.892669 0)
(0.424017 -0.746638 0)
(0.484993 -0.70193 0)
(-0.0192827 -0.0949436 0)
(0.303674 0.326401 0)
(-0.0155747 0.118146 0)
(-0.00551489 0.124856 0)
(0.00839395 0.131492 0)
(0.0264696 0.138325 0)
(0.0518727 0.141177 0)
(0.0831899 0.145372 0)
(0.117748 0.140904 0)
(0.145857 0.121601 0)
(0.18893 0.125683 0)
(0.24089 0.160112 0)
(0.291997 0.142356 0)
(0.335884 0.000795711 0)
(0.322986 -0.284397 0)
(0.46497 -0.816684 0)
(0.504513 -0.861321 0)
(0.378683 -0.670055 0)
(0.450008 -0.583111 0)
(-0.31914 0.37418 0)
(0.318761 0.387562 0)
(-0.0143518 0.109928 0)
(-0.00517135 0.113808 0)
(0.00793468 0.116989 0)
(0.0232743 0.118729 0)
(0.0480943 0.115705 0)
(0.0711809 0.11295 0)
(0.110037 0.106704 0)
(0.145122 0.0809846 0)
(0.191214 0.0664843 0)
(0.25086 0.108035 0)
(0.308363 0.114406 0)
(0.319156 -0.0186615 0)
(0.34422 -0.343677 0)
(0.303718 -0.874192 0)
(0.442784 -0.821725 0)
(0.351283 -0.568203 0)
(0.308076 -0.357276 0)
(-0.323444 0.301533 0)
(0.282982 0.278354 0)
(-0.0138411 0.102449 0)
(-0.00635446 0.104197 0)
(0.00456657 0.104566 0)
(0.0166373 0.102401 0)
(0.0384117 0.0967094 0)
(0.0532331 0.0864566 0)
(0.0874638 0.0776642 0)
(0.12561 0.0454722 0)
(0.155597 0.0145639 0)
(0.231204 0.0550559 0)
(0.320033 0.0792876 0)
(0.342437 -0.0381428 0)
(0.400535 -0.362831 0)
(0.303049 -0.897382 0)
(0.365684 -0.887231 0)
(0.391053 -0.462579 0)
(0.268216 -0.115755 0)
(-0.28979 0.448236 0)
(-0.260972 0.372972 0)
(-0.012691 0.0970412 0)
(-0.00708851 0.0969872 0)
(0.00120755 0.0950589 0)
(0.0105443 0.0897064 0)
(0.0277106 0.0817333 0)
(0.0393421 0.0651602 0)
(0.0669718 0.0520158 0)
(0.105563 0.015136 0)
(0.125377 -0.0357926 0)
(0.197772 -0.0171774 0)
(0.309073 0.0219715 0)
(0.396651 -0.0568355 0)
(0.444688 -0.352392 0)
(0.428779 -0.791091 0)
(0.233491 -0.942649 0)
(0.472378 -0.396128 0)
(0.321597 0.125347 0)
(-0.182856 1.02621 0)
(-0.0341558 -0.694175 0)
(-0.0107054 0.0936194 0)
(-0.0071579 0.0920864 0)
(-0.00154742 0.0882768 0)
(0.00523167 0.0806952 0)
(0.0170576 0.0695687 0)
(0.026958 0.0489 0)
(0.0463619 0.0279611 0)
(0.0755552 -0.0118513 0)
(0.0897345 -0.0701713 0)
(0.122738 -0.0940271 0)
(0.21569 -0.0862634 0)
(0.337415 -0.138639 0)
(0.387953 -0.376172 0)
(0.387056 -0.731142 0)
(0.221223 -0.81624 0)
(0.367756 -0.47573 0)
(0.477136 0.132777 0)
(0.609795 0.651194 0)
(0.302864 0.371369 0)
(-0.00744741 0.0926546 0)
(-0.00546113 0.0903817 0)
(-0.00202592 0.0853692 0)
(0.00195103 0.076144 0)
(0.0082945 0.0625557 0)
(0.0145355 0.0402915 0)
(0.0257922 0.0139091 0)
(0.0400986 -0.0281555 0)
(0.0475791 -0.0829423 0)
(0.0588628 -0.13219 0)
(0.0977006 -0.17253 0)
(0.191645 -0.23447 0)
(0.237423 -0.428961 0)
(0.219013 -0.698906 0)
(0.124161 -0.741119 0)
(0.0669792 -0.620925 0)
(0.328623 0.346218 0)
(1.12304 1.1946 0)
(0.378022 0.271939 0)
(-0.00222561 0.0905694 0)
(-0.00168437 0.0877824 0)
(-0.000659956 0.081978 0)
(0.000663877 0.0719057 0)
(0.00302087 0.0573809 0)
(0.00518071 0.0343781 0)
(0.00930251 0.00646735 0)
(0.0131701 -0.0370841 0)
(0.0154581 -0.0892807 0)
(0.0188598 -0.141153 0)
(0.0254812 -0.19905 0)
(0.0602222 -0.276973 0)
(0.0827076 -0.451224 0)
(0.0748014 -0.680326 0)
(0.0340729 -0.777954 0)
(0.342859 -0.712047 0)
(-0.0903814 -0.818858 0)
(3.31218 -0.738302 0)
(0.402094 2.96871 0)
)
;

boundaryField
{
    leftWall
    {
        type            noSlip;
    }
    rightWall
    {
        type            noSlip;
    }
    lowerWall
    {
        type            noSlip;
    }
    atmosphere
    {
        type            pressureInletOutletVelocity;
        value           nonuniform List<vector> 
46
(
(0.00106971 0.0413152 0)
(0.00057726 0.0342157 0)
(-0.000278407 0.0364552 0)
(-0.000120399 0.0356156 0)
(-0.000530792 0.0367634 0)
(-0.000681552 0.0376344 0)
(-0.000873694 0.0390826 0)
(-0.0010227 0.0408117 0)
(-0.00125422 0.0428467 0)
(-0.00142864 0.0452293 0)
(-0.00161759 0.0478735 0)
(-0.00182397 0.0508343 0)
(-0.00199572 0.0540128 0)
(-0.00220439 0.0574394 0)
(-0.00240209 0.0610485 0)
(-0.00259445 0.0648166 0)
(-0.00278396 0.0686685 0)
(-0.00292562 0.0725686 0)
(-0.00313021 0.0764018 0)
(-0.00328038 0.0801647 0)
(-0.00331296 0.0836456 0)
(-0.00331761 0.0867514 0)
(-0.00321547 0.0892995 0)
(-0.00308122 0.0906521 0)
(-0.00295957 0.0911979 0)
(-0.00287762 0.0914447 0)
(-0.00262588 0.0913564 0)
(-0.00222561 0.0905694 0)
(-0.00168437 0.0877824 0)
(-0.000659956 0.081978 0)
(0.000663877 0.0719057 0)
(0.00302087 0.0573809 0)
(0.00518071 0.0343781 0)
(0.00930251 0.00646735 0)
(0 -0.0370841 0)
(0 -0.0892807 0)
(0 -0.141153 0)
(0 -0.19905 0)
(0 -0.276973 0)
(0 -0.451224 0)
(0 -0.680326 0)
(0 -0.777954 0)
(0 -0.712047 0)
(0 -0.818858 0)
(0 -0.738302 0)
(0.402094 2.96871 0)
)
;
    }
    defaultFaces
    {
        type            empty;
    }
}


// ************************************************************************* //
