/*--------------------------------*- C++ -*----------------------------------*\
| =========                 |                                                 |
| \\      /  F ield         | OpenFOAM: The Open Source CFD Toolbox           |
|  \\    /   O peration     | Version:  5.x                                   |
|   \\  /    A nd           | Web:      www.OpenFOAM.org                      |
|    \\/     M anipulation  |                                                 |
\*---------------------------------------------------------------------------*/
FoamFile
{
    version     2.0;
    format      ascii;
    class       surfaceScalarField;
    location    "0.85";
    object      phi;
}
// * * * * * * * * * * * * * * * * * * * * * * * * * * * * * * * * * * * * * //

dimensions      [0 3 -1 0 0 0 0];

internalField   nonuniform List<scalar> 
4432
(
-4.44263e-06
4.44263e-06
-9.85737e-06
5.41474e-06
-1.58021e-05
5.94469e-06
-2.19325e-05
6.13044e-06
-2.60728e-05
4.14031e-06
-2.64442e-05
3.71334e-07
-2.45991e-05
-1.84504e-06
-2.29614e-05
-1.63773e-06
-2.22703e-05
-6.91126e-07
-2.20583e-05
-2.1196e-07
-2.19123e-05
-1.45957e-07
-2.15498e-05
-3.62503e-07
-2.05707e-05
-9.79127e-07
-1.84743e-05
-2.09639e-06
-1.52565e-05
-3.21781e-06
-1.2701e-05
-2.55551e-06
-1.44995e-05
1.79853e-06
-2.03358e-05
5.83631e-06
-2.27362e-05
2.4004e-06
-2.00778e-05
-2.65849e-06
-1.42064e-05
-5.87136e-06
-6.60342e-06
-7.60301e-06
-6.60342e-06
-8.14956e-06
1.25922e-05
-1.5807e-05
1.30722e-05
-2.23875e-05
1.25252e-05
-2.71177e-05
1.08606e-05
-2.88203e-05
5.84288e-06
-2.77514e-05
-6.9757e-07
-2.53568e-05
-4.23965e-06
-2.33629e-05
-3.63157e-06
-2.25005e-05
-1.55356e-06
-2.22821e-05
-4.30341e-07
-2.19819e-05
-4.46165e-07
-2.11284e-05
-1.21599e-06
-1.95761e-05
-2.53142e-06
-1.77511e-05
-3.92143e-06
-1.66183e-05
-4.35066e-06
-1.7073e-05
-2.10081e-06
-1.85568e-05
3.28233e-06
-1.83747e-05
5.65416e-06
-1.5655e-05
-3.19239e-07
-1.17853e-05
-6.52823e-06
-8.24984e-06
-9.40679e-06
-3.96584e-06
-1.1887e-05
-1.05693e-05
-8.48279e-06
2.1075e-05
-1.58205e-05
2.04099e-05
-2.19758e-05
1.86805e-05
-2.67041e-05
1.55889e-05
-2.90764e-05
8.21514e-06
-2.84307e-05
-1.3433e-06
-2.61976e-05
-6.47267e-06
-2.42252e-05
-5.60405e-06
-2.32132e-05
-2.56548e-06
-2.27407e-05
-9.02885e-07
-2.20347e-05
-1.1521e-06
-2.04965e-05
-2.7542e-06
-1.79884e-05
-5.03951e-06
-1.49108e-05
-6.99907e-06
-1.21864e-05
-7.07508e-06
-1.04718e-05
-3.8154e-06
-8.64359e-06
1.45409e-06
-5.81424e-06
2.82481e-06
-2.97601e-06
-3.15746e-06
-1.19099e-06
-8.31325e-06
-8.43983e-07
-9.7538e-06
-1.46834e-07
-1.25842e-05
-1.07161e-05
-7.53129e-06
2.86062e-05
-1.41672e-05
2.70458e-05
-1.99963e-05
2.45096e-05
-2.46926e-05
2.02852e-05
-2.71795e-05
1.07021e-05
-2.7083e-05
-1.43975e-06
-2.58332e-05
-7.72247e-06
-2.4856e-05
-6.58125e-06
-2.43046e-05
-3.11689e-06
-2.40006e-05
-1.20686e-06
-2.34291e-05
-1.72357e-06
-2.19191e-05
-4.26427e-06
-1.91061e-05
-7.85244e-06
-1.51084e-05
-1.09969e-05
-1.04611e-05
-1.17223e-05
-5.53526e-06
-8.74127e-06
-3.94784e-07
-3.68639e-06
3.53496e-06
-1.10493e-06
5.18672e-06
-4.80923e-06
5.06212e-06
-8.18864e-06
3.39389e-06
-8.08557e-06
1.69478e-06
-1.0885e-05
-9.02131e-06
-6.15589e-06
3.47621e-05
-1.18985e-05
3.27884e-05
-1.68793e-05
2.94905e-05
-2.064e-05
2.40459e-05
-2.25874e-05
1.26495e-05
-2.31107e-05
-9.16484e-07
-2.37275e-05
-7.10564e-06
-2.47537e-05
-5.55511e-06
-2.539e-05
-2.48051e-06
-2.55267e-05
-1.07017e-06
-2.51245e-05
-2.12581e-06
-2.36846e-05
-5.70413e-06
-2.07261e-05
-1.0811e-05
-1.62517e-05
-1.54712e-05
-1.07963e-05
-1.71777e-05
-4.91631e-06
-1.46213e-05
7.71467e-07
-9.37418e-06
5.01903e-06
-5.35249e-06
6.03578e-06
-5.82597e-06
5.19534e-06
-7.34819e-06
3.54473e-06
-6.43494e-06
1.67303e-06
-9.01333e-06
-7.34827e-06
-4.42111e-06
3.91832e-05
-8.94674e-06
3.7314e-05
-1.26565e-05
3.32002e-05
-1.50997e-05
2.64891e-05
-1.6425e-05
1.39749e-05
-1.76614e-05
3.1992e-07
-2.06208e-05
-4.14634e-06
-2.40963e-05
-2.07964e-06
-2.63128e-05
-2.63985e-07
-2.71754e-05
-2.07575e-07
-2.70181e-05
-2.28303e-06
-2.55848e-05
-7.13743e-06
-2.22511e-05
-1.41447e-05
-1.68801e-05
-2.08422e-05
-1.03693e-05
-2.36885e-05
-3.99438e-06
-2.09962e-05
1.14635e-06
-1.45149e-05
4.5253e-06
-8.73143e-06
5.13701e-06
-6.43766e-06
4.2011e-06
-6.41226e-06
2.7507e-06
-4.98454e-06
1.3003e-06
-7.56291e-06
-6.04798e-06
-2.46518e-06
4.16484e-05
-5.85935e-06
4.07081e-05
-8.35281e-06
3.56937e-05
-9.21368e-06
2.735e-05
-9.67643e-06
1.44376e-05
-1.20443e-05
2.68783e-06
-1.803e-05
1.83931e-06
-2.36447e-05
3.53511e-06
-2.72676e-05
3.35885e-06
-2.89662e-05
1.4911e-06
-2.91641e-05
-2.08518e-06
-2.75291e-05
-8.77244e-06
-2.31014e-05
-1.85723e-05
-1.5928e-05
-2.80157e-05
-7.87392e-06
-3.17426e-05
-9.2785e-07
-2.79422e-05
3.86614e-06
-1.93089e-05
6.37456e-06
-1.12398e-05
6.50478e-06
-6.56789e-06
5.14276e-06
-5.05025e-06
3.59504e-06
-3.43681e-06
1.75662e-06
-5.72449e-06
-4.29134e-06
-3.16577e-07
4.1965e-05
-1.45996e-06
4.18515e-05
-1.77638e-06
3.60101e-05
-6.63573e-07
2.62372e-05
-1.24568e-06
1.50197e-05
-8.05582e-06
9.49797e-06
-1.71463e-05
1.09298e-05
-2.37024e-05
1.00912e-05
-2.79474e-05
7.60389e-06
-3.0484e-05
4.02763e-06
-3.09292e-05
-1.63997e-06
-2.83694e-05
-1.13323e-05
-2.22449e-05
-2.46968e-05
-1.38659e-05
-3.63947e-05
-5.36705e-06
-4.02414e-05
1.48393e-06
-3.47932e-05
6.24547e-06
-2.40704e-05
8.14138e-06
-1.31357e-05
7.78417e-06
-6.21069e-06
6.14346e-06
-3.40953e-06
4.68054e-06
-1.97389e-06
2.37726e-06
-3.42122e-06
-1.91407e-06
-1.26989e-05
1.26989e-05
-2.76798e-05
1.49809e-05
-1.66011e-05
-1.10787e-05
1.04436e-05
-2.70447e-05
2.20899e-05
-1.16463e-05
2.11988e-05
8.91159e-07
1.31304e-05
8.06839e-06
-1.70972e-05
3.02276e-05
-3.3718e-05
1.66207e-05
-1.14984e-05
-2.22196e-05
-1.8475e-06
-9.65088e-06
-9.08727e-06
7.23978e-06
-1.80757e-05
8.98847e-06
-2.26347e-05
4.55893e-06
-2.87241e-05
6.08946e-06
-3.66408e-05
7.91663e-06
-3.41499e-05
-2.49086e-06
-1.95584e-05
-1.45915e-05
-1.95584e-05
-2.19394e-05
3.46382e-05
-2.68568e-05
1.98983e-05
-8.3193e-06
-2.96162e-05
1.39023e-05
-4.92662e-05
2.12035e-05
-1.89475e-05
1.30003e-05
9.09428e-06
-1.25053e-05
3.35741e-05
-3.52243e-05
5.29466e-05
-2.21867e-05
3.58317e-06
6.03133e-06
-5.04376e-05
8.69974e-06
-1.23193e-05
8.67843e-06
7.2611e-06
8.53639e-06
9.13051e-06
9.12172e-06
3.97359e-06
3.96696e-06
1.12442e-05
-1.14219e-05
2.33055e-05
-1.95221e-05
5.60938e-06
-1.02239e-05
-2.38897e-05
-2.97823e-05
-2.07936e-05
5.54318e-05
-2.17083e-05
2.08131e-05
-2.46165e-06
-4.88628e-05
1.25304e-05
-6.42583e-05
1.03349e-05
-1.6752e-05
-8.87708e-06
2.83062e-05
-3.33982e-05
5.80952e-05
-2.44583e-05
4.40066e-05
-1.01403e-05
-1.07347e-05
-3.65173e-06
-5.69262e-05
-3.73641e-06
-1.22346e-05
-5.24077e-06
8.76546e-06
-4.57744e-06
8.46719e-06
-3.37485e-07
-2.66378e-07
7.04527e-06
3.86148e-06
1.37966e-05
1.65541e-05
1.54324e-05
3.97361e-06
3.32653e-06
-1.17838e-05
-2.64558e-05
-1.68314e-05
7.22633e-05
-1.69795e-05
2.09612e-05
-1.96303e-06
-6.38794e-05
2.56738e-06
-6.87887e-05
-9.58728e-06
-4.59735e-06
-3.07779e-05
4.94969e-05
-3.45474e-05
6.18647e-05
-5.66006e-06
1.51193e-05
4.44079e-06
-2.08355e-05
-4.38737e-06
-4.80981e-05
-7.84949e-06
-8.77249e-06
-1.26221e-05
1.3538e-05
-1.1227e-05
7.07216e-06
-4.1418e-06
-7.35159e-06
5.3914e-06
-5.67173e-06
1.67192e-05
5.22634e-06
2.14776e-05
-7.84801e-07
7.44225e-06
2.25155e-06
-1.90135e-05
-1.29421e-05
8.52053e-05
-1.30892e-05
2.11082e-05
-5.76731e-06
-7.12012e-05
-1.28107e-05
-6.17454e-05
-3.3955e-05
1.65469e-05
-4.63339e-05
6.18758e-05
-1.68947e-05
3.24255e-05
1.58583e-05
-1.76337e-05
7.48572e-06
-1.2463e-05
-1.35302e-05
-2.70822e-05
-2.63557e-05
4.05309e-06
-2.8851e-05
1.60333e-05
-3.18925e-05
1.01137e-05
-3.78607e-05
-1.38342e-06
-3.08683e-05
-1.26641e-05
-7.66238e-06
-1.79796e-05
8.31867e-06
-1.67659e-05
1.32897e-05
-2.7195e-06
-5.72382e-06
-9.83206e-06
9.50374e-05
-1.07866e-05
2.20628e-05
-1.28037e-05
-6.91842e-05
-3.20697e-05
-4.24794e-05
-5.27672e-05
3.72445e-05
-4.64421e-05
5.55507e-05
-1.16307e-06
-1.28535e-05
2.65963e-05
-4.53931e-05
7.76612e-06
6.36719e-06
-1.7937e-05
-1.379e-06
-3.51416e-05
2.12577e-05
-5.57108e-05
3.66025e-05
-9.56364e-05
5.00393e-05
-0.000126406
2.93859e-05
-0.000116592
-2.24782e-05
-8.14053e-05
-5.31659e-05
-3.59535e-05
-6.22177e-05
6.31679e-06
-4.49897e-05
5.92977e-07
-7.37403e-06
0.000102411
-9.80795e-06
2.44967e-05
-2.17648e-05
-5.72273e-05
-4.82601e-05
-1.5984e-05
-6.15234e-05
5.05078e-05
-3.10919e-05
2.51192e-05
8.39841e-06
-5.23438e-05
1.52839e-05
-5.22786e-05
-3.297e-06
2.49481e-05
-4.16018e-05
3.69258e-05
-8.49279e-05
6.45839e-05
-0.000136421
8.80956e-05
-0.000166591
8.0209e-05
-0.000157883
2.06786e-05
-0.000134976
-4.53856e-05
-0.000106058
-8.20835e-05
-5.98541e-05
-0.000108422
-2.43172e-06
-0.000102412
-1.83875e-06
-4.11616e-06
0.000106528
-8.406e-06
2.87865e-05
-2.8639e-05
-3.69944e-05
-5.53289e-05
1.07059e-05
-5.66612e-05
5.18401e-05
-2.11417e-05
-1.04003e-05
-4.33484e-06
-6.91507e-05
-8.64696e-06
-4.79665e-05
-2.32078e-05
3.9509e-05
-5.68557e-05
7.05736e-05
-9.98128e-05
0.000107541
-0.000142502
0.000130785
-0.000154242
9.19486e-05
-0.000135808
2.24468e-06
-0.000114893
-6.63008e-05
-9.17781e-05
-0.000105198
-5.95446e-05
-0.000140656
-2.20456e-05
-0.000139911
-2.38843e-05
8.01881e-06
3.39462e-05
5.18215e-06
4.46882e-05
-4.88525e-07
4.16808e-05
-1.20728e-05
3.78215e-05
-2.85738e-05
3.15207e-05
-4.35928e-05
2.4517e-05
-5.11146e-05
1.84516e-05
-5.59924e-05
1.4969e-05
-6.1704e-05
1.33155e-05
-6.70621e-05
9.38571e-06
-6.88744e-05
1.72331e-07
-6.58444e-05
-1.43623e-05
-5.83302e-05
-3.22111e-05
-4.4936e-05
-4.97888e-05
-2.36147e-05
-6.15628e-05
-6.41488e-07
-5.77664e-05
1.55836e-05
-4.02956e-05
1.92903e-05
-1.68424e-05
1.53464e-05
-2.26684e-06
9.35768e-06
2.5792e-06
5.86843e-06
1.51538e-06
1.32127e-07
2.31508e-06
5.57889e-06
-7.36083e-06
-2.4397e-05
5.83432e-05
-4.04842e-05
6.07753e-05
-5.7769e-05
5.89656e-05
-7.34383e-05
5.34908e-05
-8.6328e-05
4.44103e-05
-9.05337e-05
2.87228e-05
-8.51365e-05
1.30544e-05
-7.76469e-05
7.4794e-06
-7.59451e-05
1.16137e-05
-8.2025e-05
1.54655e-05
-9.62641e-05
1.44115e-05
-0.000116588
5.96132e-06
-0.000127015
-2.17843e-05
-0.000105776
-7.10275e-05
-5.77231e-05
-0.000109616
-4.58208e-06
-0.000110907
3.35617e-05
-7.84394e-05
4.14726e-05
-2.47532e-05
3.13695e-05
7.83629e-06
1.56993e-05
1.82494e-05
1.05545e-06
1.61592e-05
-8.91151e-06
1.2282e-05
1.12317e-05
-1.45643e-05
-0.000130506
0.000188849
-0.000180062
0.000110332
-0.00022451
0.000103413
-0.000255184
8.41657e-05
-0.000264949
5.41748e-05
-0.000250029
1.38025e-05
-0.000229707
-7.26768e-06
-0.00021736
-4.86692e-06
-0.000222121
1.63748e-05
-0.000241703
3.50471e-05
-0.000267991
4.0699e-05
-0.0002813
1.92706e-05
-0.000265615
-3.74693e-05
-0.00021803
-0.000118613
-0.000148492
-0.000179154
-7.00808e-05
-0.000189318
1.37682e-05
-0.000162288
6.79308e-05
-7.89159e-05
6.64158e-05
9.35127e-06
2.40258e-05
6.06395e-05
-1.84792e-05
5.86643e-05
-4.43136e-05
3.81164e-05
2.58828e-05
-5.89648e-05
-0.000293447
0.000482296
-0.000352385
0.000169269
-0.000367892
0.000118921
-0.000361454
7.7727e-05
-0.000354759
4.74798e-05
-0.000341453
4.96714e-07
-0.000347389
-1.33167e-06
-0.000367819
1.55634e-05
-0.000382316
3.08715e-05
-0.000384345
3.7076e-05
-0.000377733
3.40871e-05
-0.000358219
-2.44009e-07
-0.000324428
-7.12592e-05
-0.000289878
-0.000153163
-0.000262461
-0.000206571
-0.000234549
-0.000217231
-0.000197521
-0.000199316
-0.000155956
-0.000120481
-0.000159548
1.29443e-05
-0.000170705
7.17961e-05
-0.000195977
8.39366e-05
-0.000212093
5.42314e-05
-1.61582e-05
-0.000170051
-0.000133307
0.000615603
-0.00023213
0.000268093
-0.00028282
0.00016961
-0.000311264
0.00010617
-0.000314344
5.05601e-05
-0.000321014
7.1668e-06
-0.000332397
1.00506e-05
-0.000338788
2.19543e-05
-0.000343665
3.57487e-05
-0.000351718
4.51295e-05
-0.000349328
3.16972e-05
-0.000334521
-1.50516e-05
-0.000314392
-9.13874e-05
-0.000305123
-0.000162432
-0.000297844
-0.00021385
-0.000287428
-0.000227646
-0.000275903
-0.000210841
-0.000251249
-0.000145135
-0.000242557
4.2524e-06
-0.000234906
6.41453e-05
-0.00021888
6.79097e-05
-0.000197373
3.27249e-05
-3.96305e-05
-0.000173901
-7.15722e-05
0.000687176
-0.000137522
0.000334042
-0.000167056
0.000199145
-0.00017257
0.000111685
-0.000176345
5.43353e-05
-0.000197921
2.87425e-05
-0.000219031
3.11606e-05
-0.000235241
3.81648e-05
-0.00024887
4.93775e-05
-0.000257995
5.42546e-05
-0.000255243
2.89447e-05
-0.000248113
-2.21815e-05
-0.000254103
-8.53968e-05
-0.000273617
-0.000142919
-0.000284921
-0.000202546
-0.000291381
-0.000221185
-0.000292481
-0.000209742
-0.000275817
-0.000161799
-0.000218997
-5.2567e-05
-0.000200378
4.55258e-05
-0.000182611
5.01427e-05
-0.00015548
5.59396e-06
-6.26955e-05
-0.000132415
-2.42115e-05
0.000711387
-7.50366e-05
0.000384867
-8.43599e-05
0.000208468
-8.30129e-05
0.000110337
-7.85252e-05
4.98477e-05
-8.53154e-05
3.55327e-05
-9.99085e-05
4.57538e-05
-0.000121498
5.97546e-05
-0.000140001
6.78802e-05
-0.000150231
6.44841e-05
-0.000159572
3.82862e-05
-0.000173965
-7.78773e-06
-0.00020312
-5.6242e-05
-0.000233479
-0.00011256
-0.000261823
-0.000174202
-0.000278812
-0.000204196
-0.000286811
-0.000201743
-0.000277502
-0.000171108
-0.000223077
-0.000106992
-0.000162131
-1.54205e-05
-0.00011584
3.85239e-06
-8.28679e-05
-2.73789e-05
-6.94051e-05
-7.61581e-05
2.2411e-05
0.000688976
-2.91084e-05
0.000436387
-3.9009e-05
0.000218368
-4.22102e-05
0.000113539
-4.31409e-05
5.07783e-05
-4.00617e-05
3.24534e-05
-3.48621e-05
4.05542e-05
-3.39694e-05
5.88617e-05
-3.98397e-05
7.37504e-05
-4.90995e-05
7.3744e-05
-6.46657e-05
5.38525e-05
-9.19879e-05
1.95346e-05
-0.000129066
-1.91644e-05
-0.000173788
-6.78375e-05
-0.000223813
-0.000124178
-0.000256565
-0.000171444
-0.000272414
-0.000185893
-0.000271608
-0.000171914
-0.000242796
-0.000135804
-0.00017236
-8.58564e-05
-0.000106446
-6.20619e-05
-7.88676e-05
-5.49576e-05
-5.56332e-05
-9.26393e-05
6.18625e-05
0.000627113
9.89473e-06
0.000488354
-1.58211e-05
0.000244084
-2.52393e-05
0.000122957
-3.2339e-05
5.78781e-05
-2.64412e-05
2.65558e-05
-1.36715e-05
2.77842e-05
4.94425e-07
4.4696e-05
1.18865e-05
6.23584e-05
1.40691e-05
7.15614e-05
3.66208e-06
6.42594e-05
-2.00421e-05
4.32388e-05
-5.60777e-05
1.68716e-05
-0.000109875
-1.40405e-05
-0.000170034
-6.40176e-05
-0.000223461
-0.000118017
-0.000252876
-0.000156478
-0.000260907
-0.000163884
-0.000250815
-0.000145896
-0.000218397
-0.000118275
-0.000187786
-9.26728e-05
-0.000164392
-7.83516e-05
-7.27366e-05
-0.000147289
8.97615e-05
0.000537352
5.63569e-05
0.000521759
9.20249e-06
0.000291238
-1.19507e-05
0.00014411
-2.16526e-05
6.75798e-05
-1.65668e-05
2.147e-05
-3.29716e-06
1.45143e-05
1.06972e-05
3.07018e-05
2.43838e-05
4.86718e-05
3.4358e-05
6.15875e-05
3.42799e-05
6.43377e-05
2.1589e-05
5.593e-05
-2.92689e-06
4.13874e-05
-4.35896e-05
2.66222e-05
-0.000107701
9.35596e-08
-0.000171089
-5.46283e-05
-0.000220081
-0.000107486
-0.000249225
-0.00013474
-0.00024431
-0.000150811
-0.000228199
-0.000134386
-0.000206838
-0.000114034
-0.000192118
-9.30716e-05
-8.1142e-05
-0.000183713
0.000110021
0.000427331
0.000111745
0.000520035
5.7285e-05
0.000345698
1.8466e-05
0.000182929
3.39976e-06
8.2646e-05
3.11529e-06
2.17547e-05
1.20893e-05
5.54033e-06
2.12341e-05
2.15571e-05
2.85535e-05
4.13525e-05
3.57389e-05
5.44024e-05
3.89493e-05
6.11274e-05
3.41302e-05
6.07492e-05
1.99937e-05
5.55238e-05
-3.43731e-06
5.00533e-05
-4.8035e-05
4.46912e-05
-0.000116535
1.38717e-05
-0.000178316
-4.5705e-05
-0.000213091
-9.99649e-05
-0.000235304
-0.000128598
-0.000227289
-0.000142401
-0.000209899
-0.000131424
-0.000193175
-0.000109795
-8.92211e-05
-0.000185096
0.000115851
0.000311479
0.000155014
0.000480872
0.000120678
0.000380034
7.63775e-05
0.00022723
5.06118e-05
0.000108412
3.94378e-05
3.29288e-05
3.71217e-05
7.85672e-06
3.76876e-05
2.09912e-05
3.74345e-05
4.16055e-05
3.78046e-05
5.40324e-05
3.83679e-05
6.05643e-05
3.59993e-05
6.31176e-05
2.85119e-05
6.30112e-05
1.51231e-05
6.34422e-05
-7.35438e-06
6.71688e-05
-5.4802e-05
6.13193e-05
-0.000119656
1.91485e-05
-0.000174225
-4.53961e-05
-0.000204032
-9.87906e-05
-0.000218999
-0.000127434
-0.000220654
-0.000129769
-0.00019084
-0.000139609
-0.000112724
-0.000167338
0.000101564
0.000209915
0.000168136
0.0004143
0.000167488
0.000380682
0.000137323
0.000257395
0.000108377
0.000137357
8.58462e-05
5.546e-05
6.90186e-05
2.46845e-05
5.78865e-05
3.21234e-05
5.02656e-05
4.92263e-05
4.46976e-05
5.96003e-05
4.10528e-05
6.42091e-05
3.77129e-05
6.64574e-05
3.26718e-05
6.80523e-05
2.49418e-05
7.11722e-05
1.42624e-05
7.78484e-05
-8.88174e-06
8.44635e-05
-5.7399e-05
6.7666e-05
-0.000117018
1.42226e-05
-0.000169192
-4.66165e-05
-0.000214698
-8.19269e-05
-0.000240143
-0.000104324
-0.000258247
-0.000121505
-0.000125108
-0.000245863
6.82312e-05
0.000141684
0.000143845
0.000338687
0.000174836
0.00034969
0.000169452
0.00026278
0.000148363
0.000158445
0.000121292
8.25319e-05
9.48525e-05
5.11237e-05
7.51431e-05
5.18329e-05
6.24539e-05
6.19152e-05
5.36164e-05
6.84378e-05
4.71142e-05
7.07113e-05
4.20494e-05
7.15223e-05
3.71171e-05
7.29847e-05
3.14936e-05
7.67957e-05
2.56063e-05
8.37357e-05
1.64141e-05
9.36558e-05
-1.08417e-05
9.49218e-05
-6.10796e-05
6.44605e-05
-0.000116943
9.24702e-06
-0.000163859
-3.50108e-05
-0.000208765
-5.94185e-05
-0.000251463
-7.88073e-05
-0.000103377
-0.000273193
2.78569e-05
0.000113827
9.65744e-05
0.000269969
0.000146195
0.00030007
0.000163584
0.000245391
0.000155653
0.000166376
0.000132185
0.000106
0.000105166
7.81426e-05
8.40048e-05
7.29938e-05
7.03353e-05
7.55848e-05
6.10518e-05
7.77212e-05
5.38777e-05
7.78854e-05
4.79793e-05
7.74208e-05
4.27076e-05
7.82566e-05
3.7663e-05
8.18406e-05
3.3199e-05
8.81996e-05
2.925e-05
9.76048e-05
1.74999e-05
0.000106672
-1.65541e-05
9.85145e-05
-6.51118e-05
5.78049e-05
-0.000106196
6.07384e-06
-0.000147783
-1.78316e-05
-0.000203892
-2.26985e-05
-5.12477e-05
-0.000256021
-1.90021e-06
0.000115728
5.04754e-05
0.000217594
0.00010346
0.000247086
0.000133271
0.00021558
0.00013639
0.000163258
0.000121232
0.000121158
0.000100855
9.85193e-05
8.42101e-05
8.96385e-05
7.30387e-05
8.67564e-05
6.53057e-05
8.54544e-05
5.9105e-05
8.40859e-05
5.36348e-05
8.28911e-05
4.8641e-05
8.32504e-05
4.41357e-05
8.63459e-05
4.03288e-05
9.20065e-05
3.78172e-05
0.000100116
3.37533e-05
0.000110736
1.50412e-05
0.000117226
-2.89131e-05
0.000101759
-7.55071e-05
5.2668e-05
-0.000110587
1.72485e-05
-0.000151528
1.82426e-05
-1.64634e-06
-0.00020113
-1.33536e-05
0.000129081
2.14533e-05
0.000182787
6.6928e-05
0.000201611
9.77016e-05
0.000184806
0.000106699
0.00015426
0.00010043
0.000127426
8.91247e-05
0.000109825
7.90881e-05
9.96749e-05
7.17936e-05
9.40505e-05
6.64504e-05
9.07977e-05
6.19895e-05
8.85469e-05
5.78188e-05
8.70618e-05
5.3901e-05
8.71682e-05
5.05267e-05
8.97201e-05
4.79095e-05
9.46238e-05
4.65108e-05
0.000101515
4.63345e-05
0.000110912
4.17937e-05
0.000121767
1.74513e-05
0.000126101
-2.37036e-05
9.3823e-05
-4.73386e-05
4.08835e-05
-5.38256e-05
2.47297e-05
3.65791e-05
-9.20509e-05
-9.70574e-06
0.000138787
1.08928e-05
0.000162188
4.40452e-05
0.000168458
6.91133e-05
0.000159738
7.98736e-05
0.0001435
8.0316e-05
0.000126984
7.65011e-05
0.00011364
7.20916e-05
0.000104084
6.83505e-05
9.77916e-05
6.536e-05
9.37883e-05
6.27577e-05
9.11493e-05
6.02392e-05
8.95802e-05
5.79074e-05
8.94999e-05
5.62e-05
9.14274e-05
5.54502e-05
9.53736e-05
5.60201e-05
0.000100945
5.86463e-05
0.000108286
6.31749e-05
0.000117239
6.01439e-05
0.000129132
2.9376e-05
0.000124591
-5.5274e-06
7.57869e-05
1.8827e-07
1.90141e-05
1.63647e-05
2.04028e-05
-1.41491e-06
0.000140202
1.06838e-05
0.000150089
3.25767e-05
0.000146565
5.07832e-05
0.000141532
6.10892e-05
0.000133194
6.51971e-05
0.000122876
6.59163e-05
0.000112921
6.51808e-05
0.00010482
6.40519e-05
9.89204e-05
6.29919e-05
9.48482e-05
6.20441e-05
9.20972e-05
6.1158e-05
9.04664e-05
6.05338e-05
9.01241e-05
6.06468e-05
9.13146e-05
6.19341e-05
9.40863e-05
6.47497e-05
9.81293e-05
6.97495e-05
0.000103286
7.81097e-05
0.000108879
8.88661e-05
0.000118376
8.33179e-05
0.000130139
4.61307e-05
0.000112974
1.21015e-05
5.30433e-05
1.01278e-06
2.74535e-05
4.5445e-06
0.000135658
1.33156e-05
0.000141319
2.7595e-05
0.000132286
4.04362e-05
0.000128691
4.93942e-05
0.000124236
5.48125e-05
0.000117458
5.77062e-05
0.000110027
5.90621e-05
0.000103464
5.9687e-05
9.82957e-05
6.00916e-05
9.44436e-05
6.04952e-05
9.16934e-05
6.10203e-05
8.99413e-05
6.19223e-05
8.92221e-05
6.36385e-05
8.95984e-05
6.66369e-05
9.10882e-05
7.12801e-05
9.34863e-05
7.81307e-05
9.64355e-05
8.79161e-05
9.90934e-05
0.000103733
0.000102559
0.000120273
0.000113599
0.000113152
0.000120096
7.32834e-05
9.29114e-05
3.85555e-05
3.57407e-05
6.65741e-06
0.000129
1.49244e-05
0.000133052
2.5055e-05
0.000122155
3.44557e-05
0.00011929
4.20086e-05
0.000116683
4.75566e-05
0.00011191
5.13386e-05
0.000106245
5.38459e-05
0.000100957
5.56291e-05
9.65126e-05
5.71149e-05
9.2958e-05
5.85726e-05
9.02357e-05
6.02128e-05
8.83011e-05
6.23053e-05
8.71298e-05
6.52169e-05
8.66868e-05
6.93801e-05
8.69249e-05
7.51684e-05
8.76981e-05
8.30663e-05
8.85377e-05
9.34171e-05
8.87425e-05
0.000108649
8.73279e-05
0.000133019
8.92289e-05
0.000155494
9.76203e-05
0.000154468
9.39376e-05
6.30232e-05
0.000130001
6.7211e-06
0.000122279
1.48588e-05
0.000124914
2.29493e-05
0.000114065
3.03731e-05
0.000111866
3.6851e-05
0.000110205
4.21602e-05
0.000106601
4.62732e-05
0.000102132
4.94292e-05
9.78007e-05
5.19811e-05
9.39607e-05
5.42517e-05
9.06874e-05
5.64995e-05
8.79879e-05
5.89561e-05
8.58444e-05
6.18736e-05
8.42124e-05
6.55447e-05
8.30158e-05
7.03202e-05
8.21494e-05
7.65524e-05
8.1466e-05
8.45804e-05
8.05098e-05
9.46205e-05
7.87024e-05
0.000107317
7.46312e-05
0.000127321
6.92252e-05
0.000157064
6.78772e-05
0.000183049
6.79523e-05
5.20209e-05
0.000194052
6.22095e-06
0.000116058
1.39107e-05
0.000117224
2.08626e-05
0.000107113
2.71501e-05
0.000105578
3.28922e-05
0.000104463
3.79149e-05
0.000101578
4.21261e-05
9.79211e-05
4.56447e-05
9.42819e-05
4.8695e-05
9.09104e-05
5.15129e-05
8.78696e-05
5.43184e-05
8.51824e-05
5.73224e-05
8.28404e-05
6.0739e-05
8.07958e-05
6.47934e-05
7.89614e-05
6.97373e-05
7.72054e-05
7.58446e-05
7.53586e-05
8.32991e-05
7.30553e-05
9.21826e-05
6.9819e-05
0.000102191
6.46232e-05
0.000114709
5.6707e-05
0.000134415
4.8171e-05
0.00015957
4.27978e-05
3.17284e-05
0.000179862
5.70388e-06
0.000110354
1.27501e-05
0.000110178
1.89001e-05
0.000100963
2.44637e-05
0.000100015
2.96859e-05
9.92409e-05
3.44385e-05
9.68256e-05
3.86305e-05
9.37291e-05
4.2326e-05
9.05864e-05
4.56719e-05
8.75645e-05
4.88381e-05
8.47033e-05
5.19977e-05
8.20227e-05
5.53222e-05
7.9516e-05
5.89802e-05
7.71379e-05
6.31375e-05
7.4804e-05
6.79582e-05
7.23847e-05
7.36096e-05
6.97072e-05
8.01658e-05
6.64992e-05
8.75745e-05
6.24104e-05
9.53402e-05
5.68578e-05
0.000102909
4.91386e-05
0.000111872
3.92077e-05
0.000124649
3.00206e-05
1.92767e-05
0.000137101
5.24804e-06
0.000105106
1.16257e-05
0.0001038
1.71391e-05
9.54498e-05
2.21806e-05
9.49731e-05
2.69999e-05
9.44217e-05
3.14967e-05
9.23288e-05
3.55969e-05
8.96289e-05
3.93396e-05
8.68436e-05
4.28249e-05
8.40793e-05
4.61742e-05
8.1354e-05
4.95166e-05
7.86802e-05
5.29819e-05
7.60507e-05
5.66953e-05
7.34245e-05
6.07733e-05
7.0726e-05
6.53162e-05
6.78419e-05
7.04033e-05
6.46201e-05
7.6045e-05
6.08575e-05
8.21385e-05
5.63171e-05
8.83095e-05
5.06868e-05
9.3818e-05
4.36301e-05
9.83437e-05
3.4682e-05
0.000103328
2.50358e-05
1.45398e-05
0.000108065
4.83526e-06
0.000100271
1.05921e-05
9.80437e-05
1.55786e-05
9.04634e-05
2.02048e-05
9.03467e-05
2.46844e-05
8.99422e-05
2.89333e-05
8.80798e-05
3.28938e-05
8.56683e-05
3.65929e-05
8.31446e-05
4.01005e-05
8.05717e-05
4.35031e-05
7.79515e-05
4.68939e-05
7.52894e-05
5.0367e-05
7.25776e-05
5.40112e-05
6.97803e-05
5.79042e-05
6.6833e-05
6.21039e-05
6.36422e-05
6.66377e-05
6.00865e-05
7.14813e-05
5.6014e-05
7.65354e-05
5.12631e-05
8.15678e-05
4.56544e-05
8.61368e-05
3.90612e-05
8.96155e-05
3.12032e-05
9.21729e-05
2.24784e-05
1.29805e-05
9.37323e-05
4.45523e-06
9.58159e-05
9.65476e-06
9.28444e-05
1.41912e-05
8.59269e-05
1.84627e-05
8.60752e-05
2.26382e-05
8.57668e-05
2.66432e-05
8.40748e-05
3.04323e-05
8.18792e-05
3.40253e-05
7.95516e-05
3.74717e-05
7.71253e-05
4.08327e-05
7.45905e-05
4.41744e-05
7.19478e-05
4.75626e-05
6.91894e-05
5.10579e-05
6.62851e-05
5.47088e-05
6.31821e-05
5.8545e-05
5.98061e-05
6.25666e-05
5.60649e-05
6.67317e-05
5.1849e-05
7.09483e-05
4.70465e-05
7.50543e-05
4.15484e-05
7.88077e-05
3.53077e-05
8.17896e-05
2.82213e-05
8.38017e-05
2.04663e-05
1.20514e-05
8.47308e-05
4.10706e-06
9.17088e-05
8.80849e-06
8.81432e-05
1.29489e-05
8.17864e-05
1.69014e-05
8.21228e-05
2.07936e-05
8.18747e-05
2.45564e-05
8.03119e-05
2.81527e-05
7.82829e-05
3.15971e-05
7.61073e-05
3.49251e-05
7.37974e-05
3.81791e-05
7.13365e-05
4.14048e-05
6.87222e-05
4.46469e-05
6.59474e-05
4.79444e-05
6.29877e-05
5.13249e-05
5.98017e-05
5.47986e-05
5.63325e-05
5.83513e-05
5.25123e-05
6.19348e-05
4.82656e-05
6.54633e-05
4.3518e-05
6.88078e-05
3.82039e-05
7.1812e-05
3.23036e-05
7.42441e-05
2.57892e-05
7.59292e-05
1.87811e-05
1.12641e-05
7.67164e-05
3.79097e-06
8.79179e-05
8.04474e-06
8.38895e-05
1.18285e-05
7.80027e-05
1.54844e-05
7.8467e-05
1.91057e-05
7.82535e-05
2.26266e-05
7.6791e-05
2.60153e-05
7.48942e-05
2.92827e-05
7.284e-05
3.24536e-05
7.06266e-05
3.55568e-05
6.82333e-05
3.86226e-05
6.56565e-05
4.16801e-05
6.28901e-05
4.47522e-05
5.99156e-05
4.78522e-05
5.67018e-05
5.09779e-05
5.32068e-05
5.4108e-05
4.93823e-05
5.71958e-05
4.51778e-05
6.01673e-05
4.05466e-05
6.29193e-05
3.54518e-05
6.53358e-05
2.98871e-05
6.72732e-05
2.38517e-05
6.86107e-05
1.74435e-05
1.06564e-05
6.92183e-05
3.50661e-06
8.44114e-05
7.35396e-06
8.00421e-05
1.0812e-05
7.45447e-05
1.41867e-05
7.50924e-05
1.75452e-05
7.4895e-05
2.08245e-05
7.35117e-05
2.39959e-05
7.17228e-05
2.70671e-05
6.9769e-05
3.00551e-05
6.76387e-05
3.29787e-05
6.53099e-05
3.58568e-05
6.27784e-05
3.87069e-05
6.00402e-05
4.15408e-05
5.70818e-05
4.43621e-05
5.38806e-05
4.7162e-05
5.0407e-05
4.99165e-05
4.66278e-05
5.25841e-05
4.25101e-05
5.5104e-05
3.80267e-05
5.73962e-05
3.31597e-05
5.93706e-05
2.79126e-05
6.09256e-05
2.22968e-05
6.19783e-05
1.63908e-05
1.01914e-05
6.24433e-05
3.25434e-06
8.11572e-05
6.72647e-06
7.65701e-05
9.88456e-06
7.13867e-05
1.29903e-05
7.19867e-05
1.60932e-05
7.17922e-05
1.91321e-05
7.04727e-05
2.20806e-05
6.87744e-05
2.49435e-05
6.69063e-05
2.77323e-05
6.48501e-05
3.0458e-05
6.25842e-05
3.31318e-05
6.01049e-05
3.57624e-05
5.74097e-05
3.83546e-05
5.44898e-05
4.09058e-05
5.13296e-05
4.34039e-05
4.7909e-05
4.58253e-05
4.42064e-05
4.8134e-05
4.02014e-05
5.02811e-05
3.58796e-05
5.22052e-05
3.12356e-05
5.38384e-05
2.62795e-05
5.51076e-05
2.10277e-05
5.5957e-05
1.55413e-05
9.81663e-06
5.63318e-05
3.03644e-06
7.81207e-05
6.1533e-06
7.34533e-05
9.03215e-06
6.85079e-05
1.18807e-05
6.91382e-05
1.47361e-05
6.89369e-05
1.75382e-05
6.76707e-05
2.0262e-05
6.60506e-05
2.29106e-05
6.42578e-05
2.54909e-05
6.22699e-05
2.8009e-05
6.00663e-05
3.04699e-05
5.76441e-05
3.28769e-05
5.50028e-05
3.52299e-05
5.2137e-05
3.75227e-05
4.90368e-05
3.97424e-05
4.56894e-05
4.18671e-05
4.20817e-05
4.38663e-05
3.82022e-05
4.57011e-05
3.40449e-05
4.7325e-05
2.96117e-05
4.86881e-05
2.49165e-05
4.97383e-05
1.99776e-05
5.04372e-05
1.48425e-05
9.50648e-06
5.07473e-05
2.85637e-06
7.52644e-05
5.62816e-06
7.06817e-05
8.24086e-06
6.58951e-05
1.08445e-05
6.65347e-05
1.34627e-05
6.63189e-05
1.60337e-05
6.50998e-05
1.85349e-05
6.35495e-05
2.09681e-05
6.18246e-05
2.33372e-05
5.9901e-05
2.56446e-05
5.77592e-05
2.78912e-05
5.53977e-05
3.00768e-05
5.28174e-05
3.21981e-05
5.00159e-05
3.42475e-05
4.69874e-05
3.6212e-05
4.37249e-05
3.80726e-05
4.02212e-05
3.9804e-05
3.64708e-05
4.13757e-05
3.24732e-05
4.27533e-05
2.82343e-05
4.39005e-05
2.37695e-05
4.4781e-05
1.90971e-05
4.53691e-05
1.42544e-05
9.23269e-06
4.56428e-05
2.71493e-06
7.25495e-05
5.1496e-06
6.82471e-05
7.49972e-06
6.35451e-05
9.8702e-06
6.41644e-05
1.22618e-05
6.39275e-05
1.46087e-05
6.2753e-05
1.68918e-05
6.12664e-05
1.91126e-05
5.96038e-05
2.12727e-05
5.7741e-05
2.33721e-05
5.566e-05
2.54091e-05
5.33607e-05
2.73811e-05
5.08455e-05
2.92831e-05
4.81139e-05
3.11069e-05
4.51636e-05
3.28405e-05
4.19913e-05
3.44677e-05
3.8594e-05
3.59682e-05
3.49704e-05
3.73186e-05
3.11228e-05
3.84939e-05
2.70591e-05
3.9469e-05
2.27944e-05
4.02206e-05
1.83455e-05
4.07339e-05
1.37412e-05
8.96597e-06
4.10006e-05
2.60556e-06
6.99441e-05
4.71944e-06
6.61333e-05
6.80345e-06
6.14611e-05
8.94792e-06
6.202e-05
1.11206e-05
6.1755e-05
1.32495e-05
6.06241e-05
1.53197e-05
5.91962e-05
1.73325e-05
5.7591e-05
1.92883e-05
5.57852e-05
2.11858e-05
5.37626e-05
2.30214e-05
5.15252e-05
2.47908e-05
4.90762e-05
2.6488e-05
4.64167e-05
2.8105e-05
4.35467e-05
2.96307e-05
4.04656e-05
3.10515e-05
3.71731e-05
3.23515e-05
3.36704e-05
3.35128e-05
2.99615e-05
3.45179e-05
2.6054e-05
3.53507e-05
2.19616e-05
3.59982e-05
1.76981e-05
3.64541e-05
1.32853e-05
8.70081e-06
3.67192e-05
2.51356e-06
6.74306e-05
4.33653e-06
6.43104e-05
6.14936e-06
5.96483e-05
8.06727e-06
6.01021e-05
1.00228e-05
5.97995e-05
1.19366e-05
5.87103e-05
1.37967e-05
5.7336e-05
1.56045e-05
5.57832e-05
1.73601e-05
5.40296e-05
1.90608e-05
5.20619e-05
2.07018e-05
4.98843e-05
2.22775e-05
4.75004e-05
2.37814e-05
4.49128e-05
2.52052e-05
4.21229e-05
2.65387e-05
3.91321e-05
2.77702e-05
3.59416e-05
2.88867e-05
3.2554e-05
2.98746e-05
2.89736e-05
3.07211e-05
2.52075e-05
3.14163e-05
2.12664e-05
3.19537e-05
1.71606e-05
3.23319e-05
1.29071e-05
8.47817e-06
3.25545e-05
2.42036e-06
6.50104e-05
3.99258e-06
6.27383e-05
5.53096e-06
5.81099e-05
7.21449e-06
5.84186e-05
8.94832e-06
5.80657e-05
1.06448e-05
5.70138e-05
1.22934e-05
5.56874e-05
1.3895e-05
5.41816e-05
1.545e-05
5.24746e-05
1.69541e-05
5.05579e-05
1.84012e-05
4.84371e-05
1.9785e-05
4.61167e-05
2.10978e-05
4.35999e-05
2.23311e-05
4.08897e-05
2.34749e-05
3.79883e-05
2.45186e-05
3.4898e-05
2.54504e-05
3.16222e-05
2.6259e-05
2.8165e-05
2.69343e-05
2.45322e-05
2.74693e-05
2.07314e-05
2.78597e-05
1.677e-05
2.81052e-05
1.26615e-05
8.37605e-06
2.82071e-05
2.30886e-06
6.27016e-05
3.67044e-06
6.13767e-05
4.93429e-06
5.68461e-05
6.37297e-06
5.69799e-05
7.87599e-06
5.65627e-05
9.34792e-06
5.55419e-05
1.07788e-05
5.42566e-05
1.21683e-05
5.2792e-05
1.35167e-05
5.11262e-05
1.48178e-05
4.92568e-05
1.60645e-05
4.71904e-05
1.72494e-05
4.4932e-05
1.83638e-05
4.24856e-05
1.93985e-05
3.98551e-05
2.03434e-05
3.70436e-05
2.11879e-05
3.40536e-05
2.1921e-05
3.08891e-05
2.25321e-05
2.75538e-05
2.3012e-05
2.40521e-05
2.33541e-05
2.03892e-05
2.3554e-05
1.65698e-05
2.36121e-05
1.26032e-05
8.459e-06
2.3529e-05
2.17388e-06
6.05278e-05
3.35549e-06
6.01951e-05
4.34651e-06
5.58551e-05
5.53254e-06
5.57939e-05
6.79421e-06
5.5301e-05
8.0331e-06
5.4303e-05
9.23827e-06
5.30514e-05
1.04081e-05
5.16223e-05
1.15416e-05
4.99927e-05
1.26307e-05
4.81677e-05
1.36674e-05
4.61539e-05
1.46431e-05
4.39564e-05
1.55486e-05
4.15803e-05
1.6374e-05
3.90298e-05
1.71092e-05
3.63084e-05
1.77434e-05
3.34194e-05
1.82663e-05
3.03661e-05
1.86674e-05
2.71526e-05
1.89381e-05
2.37812e-05
1.9072e-05
2.02551e-05
1.90654e-05
1.65762e-05
1.89222e-05
1.27463e-05
8.73588e-06
1.86451e-05
1.98983e-06
5.8538e-05
3.00023e-06
5.91846e-05
3.73301e-06
5.51224e-05
4.66508e-06
5.48619e-05
5.6739e-06
5.42923e-05
6.66936e-06
5.33076e-05
7.63959e-06
5.20812e-05
8.58048e-06
5.06814e-05
9.49e-06
4.90833e-05
1.03579e-05
4.72999e-05
1.11759e-05
4.5336e-05
1.19352e-05
4.31972e-05
1.26263e-05
4.08894e-05
1.32396e-05
3.84166e-05
1.37657e-05
3.57825e-05
1.41939e-05
3.29912e-05
1.45151e-05
3.00448e-05
1.472e-05
2.69476e-05
1.48008e-05
2.37002e-05
1.47524e-05
2.03033e-05
1.45734e-05
1.67551e-05
1.42732e-05
1.30464e-05
9.15148e-06
1.38575e-05
1.84895e-06
5.66889e-05
2.70204e-06
5.83315e-05
3.18527e-06
5.46392e-05
3.89417e-06
5.4153e-05
4.67058e-06
5.35159e-05
5.45085e-06
5.25274e-05
6.20887e-06
5.13233e-05
6.94571e-06
4.99447e-05
7.65473e-06
4.83743e-05
8.32503e-06
4.66296e-05
8.94855e-06
4.47126e-05
9.51616e-06
4.26297e-05
1.0019e-05
4.03866e-05
1.04481e-05
3.79876e-05
1.07941e-05
3.54365e-05
1.1047e-05
3.27383e-05
1.11976e-05
2.98941e-05
1.12372e-05
2.69079e-05
1.1158e-05
2.37793e-05
1.09546e-05
2.05066e-05
1.06253e-05
1.70843e-05
1.0177e-05
1.34947e-05
9.71967e-06
9.60882e-06
1.41101e-06
1.96061e-06
2.20403e-06
2.58044e-06
2.99955e-06
3.44345e-06
3.86863e-06
4.28791e-06
4.68406e-06
5.05189e-06
5.38261e-06
5.66911e-06
5.90503e-06
6.08348e-06
6.19691e-06
6.23793e-06
6.20021e-06
6.07993e-06
5.87354e-06
5.57926e-06
5.19841e-06
4.74059e-06
4.21856e-06
-8.96226e-06
1.60143e-06
-9.93921e-06
9.76946e-07
-1.26804e-05
2.74117e-06
1.44351e-05
-2.71154e-05
-1.82473e-05
5.28441e-06
-2.29683e-05
5.69797e-06
-2.80001e-05
7.77298e-06
1.60595e-05
-2.96245e-05
-5.23223e-05
-1.3581e-06
-4.38753e-05
-2.74895e-06
-3.73805e-05
1.27818e-06
9.77978e-06
-3.11009e-05
-0.000136191
-3.52183e-05
-0.000109696
-2.9244e-05
-8.92247e-05
-1.91934e-05
-7.78364e-06
-7.16612e-05
-0.000149517
-5.96025e-05
-0.000134059
-4.47011e-05
-0.000120951
-3.23019e-05
-2.00899e-05
-0.000108645
-0.00014689
-4.51275e-05
-0.000144378
-4.72132e-05
-0.000132001
-4.46786e-05
-2.70594e-05
-0.000125032
-9.18314e-05
-2.94543e-05
-0.000109184
-2.98607e-05
-0.000124989
-2.8873e-05
-2.71691e-05
-0.00012488
-0.000107106
-1.49872e-05
-0.000118387
-1.85799e-05
-0.000119588
-2.76719e-05
-2.00941e-05
-0.000126663
-0.000136222
-2.60541e-05
-0.000131757
-2.30447e-05
-0.000132284
-2.71451e-05
-2.4183e-05
-0.000128195
-0.000177311
-3.24558e-05
-0.000168928
-3.14281e-05
-0.000165804
-3.02683e-05
-2.60194e-05
-0.000163968
-0.000183379
-3.41733e-05
-0.000182107
-3.26997e-05
-0.000180226
-3.21494e-05
-2.94661e-05
-0.000176779
-0.000164877
-3.66346e-05
-0.000160621
-3.69549e-05
-0.000154628
-3.81428e-05
-3.27914e-05
-0.000151303
-0.000222642
-5.98558e-05
-0.000199772
-5.98249e-05
-0.000165718
-7.21964e-05
-5.60772e-05
-0.000142432
-0.000272619
-6.043e-05
-0.000257003
-7.54408e-05
-0.000249638
-7.95616e-05
-7.26337e-05
-0.000233081
-0.00027408
-4.2371e-05
-0.00029266
-5.68601e-05
-0.000304361
-6.78609e-05
-7.28527e-05
-0.000304142
-0.000221276
-2.22241e-05
-0.000239903
-3.82333e-05
-0.000253913
-5.38505e-05
-6.4925e-05
-0.000261841
-0.000119982
5.70681e-06
-0.000139315
-1.88998e-05
-0.000154664
-3.85015e-05
-5.22946e-05
-0.000167294
5.77333e-06
2.03364e-05
-1.98824e-05
6.75598e-06
-4.58918e-05
-1.24922e-05
-3.25004e-05
-6.56859e-05
4.42862e-05
3.50389e-06
4.70502e-05
3.99229e-06
3.67384e-05
-2.18003e-06
-1.51739e-05
1.9412e-05
3.49175e-05
4.32708e-06
3.9554e-05
-6.44147e-07
4.46578e-05
-7.28384e-06
-1.81233e-05
4.76073e-05
0.000118611
1.57166e-05
0.000112
5.96706e-06
0.000109235
-4.51873e-06
-1.66626e-05
0.000107774
0.000193881
1.58878e-05
0.000192085
7.76233e-06
0.000188487
-9.20384e-07
-1.07433e-05
0.000182568
0.000186645
9.10514e-06
0.000190205
4.20199e-06
0.000190934
-1.64875e-06
-7.55124e-06
0.000187742
0.000141775
4.43066e-06
0.000144846
1.1319e-06
0.00014564
-2.44328e-06
-5.82384e-06
0.000143913
0.000109592
2.90415e-06
0.000110365
3.59281e-07
0.000110155
-2.23356e-06
-4.7603e-06
0.000109091
9.39375e-05
2.699e-06
9.38193e-05
4.77485e-07
9.33501e-05
-1.76431e-06
-3.93586e-06
9.25257e-05
8.47903e-05
2.6395e-06
8.45782e-05
6.89567e-07
8.40707e-05
-1.25685e-06
-3.14869e-06
8.32836e-05
7.67346e-05
2.62125e-06
7.65076e-05
9.16541e-07
7.60419e-05
-7.91166e-07
-2.43987e-06
7.53332e-05
6.92108e-05
2.62869e-06
6.90146e-05
1.11276e-06
6.86288e-05
-4.05402e-07
-1.88146e-06
6.80704e-05
6.24372e-05
2.63474e-06
6.22872e-05
1.26268e-06
6.19919e-05
-1.10149e-07
-1.45782e-06
6.15682e-05
5.63314e-05
2.63507e-06
5.622e-05
1.37398e-06
5.5996e-05
1.13721e-07
-1.13068e-06
5.56688e-05
5.07521e-05
2.6302e-06
5.06709e-05
1.45513e-06
5.05057e-05
2.7876e-07
-8.94886e-07
5.02699e-05
4.56621e-05
2.61089e-06
4.56177e-05
1.4995e-06
4.55122e-05
3.84121e-07
-7.28058e-07
4.53454e-05
4.10426e-05
2.56895e-06
4.10385e-05
1.50355e-06
4.09904e-05
4.32139e-07
-6.37147e-07
4.08995e-05
3.67803e-05
2.5079e-06
3.68072e-05
1.47662e-06
3.68005e-05
4.38732e-07
-5.97283e-07
3.67606e-05
3.26078e-05
2.45448e-06
3.26313e-05
1.45305e-06
3.26242e-05
4.45772e-07
-5.58056e-07
3.2585e-05
2.82084e-05
2.45313e-06
2.81774e-05
1.48399e-06
2.81127e-05
5.10408e-07
-4.5973e-07
2.80144e-05
2.34431e-05
2.53895e-06
2.3322e-05
1.60506e-06
2.31661e-05
6.66281e-07
-2.74123e-07
2.29804e-05
1.84679e-05
2.71614e-06
1.82578e-05
1.81512e-06
1.80216e-05
9.02424e-07
-3.39583e-08
1.77815e-05
1.36172e-05
2.9564e-06
1.33578e-05
2.07456e-06
1.30951e-05
1.16507e-06
2.25559e-07
1.28356e-05
9.29637e-06
3.26883e-06
8.97745e-06
2.39347e-06
8.66802e-06
1.4745e-06
5.10557e-07
8.38303e-06
3.96397e-06
3.71663e-06
3.48289e-06
3.27405e-06
-1.00104e-05
8.94225e-05
-1.89852e-05
3.77614e-05
-6.44351e-05
8.45553e-06
-0.000107244
5.35152e-05
-9.38259e-05
3.84215e-05
-6.09398e-05
-4.32864e-05
-7.74328e-05
-5.26578e-05
-9.58823e-05
-2.95169e-05
-0.000107683
5.13095e-05
-0.000127438
9.0329e-05
-0.000158193
0.000138296
-0.000203212
0.000175804
-0.000231139
0.000119876
-0.000231686
2.79174e-06
-0.000211189
-8.67981e-05
-0.000182024
-0.000134363
-0.000129392
-0.000193288
-6.00574e-05
-0.000209245
-8.39417e-05
-1.03134e-05
7.01114e-05
-1.6098e-05
4.35459e-05
-6.25442e-05
5.49018e-05
-0.000105027
9.59981e-05
-0.000118975
5.23691e-05
-0.000140628
-2.16333e-05
-0.000160298
-3.29876e-05
-0.000171644
-1.81706e-05
-0.000149324
2.89893e-05
-0.000120445
6.14497e-05
-9.16727e-05
0.000109524
-8.89863e-05
0.000173118
-0.000107759
0.000138648
-0.000123088
1.81215e-05
-0.000137603
-7.22832e-05
-0.000146479
-0.000125486
-0.000120563
-0.000219205
-5.06722e-05
-0.000279136
-0.000134614
-9.28175e-06
4.82923e-05
-2.85835e-05
6.28477e-05
-8.32526e-05
0.000109571
-0.000126888
0.000139634
-0.000153643
7.9124e-05
-0.00017776
2.48382e-06
-0.000187843
-2.29052e-05
-0.000189045
-1.69681e-05
-0.000162866
2.80972e-06
-0.0001243
2.28842e-05
-7.89084e-05
6.41319e-05
-4.54855e-05
0.000139695
-4.71741e-05
0.000140337
-7.2089e-05
4.30364e-05
-0.000109536
-3.48359e-05
-0.000138894
-9.61283e-05
-0.000122935
-0.000235164
-5.70292e-05
-0.000345042
-0.000191643
-4.73517e-05
2.39828e-05
-6.89532e-05
8.44492e-05
-0.000115651
0.000156269
-0.000150905
0.000174887
-0.00016912
9.73396e-05
-0.000182155
1.55186e-05
-0.000189673
-1.5387e-05
-0.000197962
-8.67944e-06
-0.000192633
-2.51913e-06
-0.000164678
-5.07045e-06
-0.000125658
2.51115e-05
-7.74157e-05
9.14528e-05
-4.93378e-05
0.000112259
-6.36269e-05
5.73255e-05
-0.000100073
1.6099e-06
-0.000134556
-6.16451e-05
-0.000108772
-0.000260948
-5.08315e-05
-0.000402982
-0.000242475
-9.32484e-05
8.58649e-06
-0.000105557
9.67577e-05
-0.000133279
0.000183991
-0.000149973
0.000191581
-0.000156639
0.000104006
-0.000182749
4.16283e-05
-0.000213677
1.55413e-05
-0.000246281
2.39243e-05
-0.000251813
3.01262e-06
-0.000220353
-3.65307e-05
-0.000174928
-2.03134e-05
-0.000126902
4.34274e-05
-0.000102751
8.8108e-05
-0.000115234
6.98082e-05
-0.000130108
1.64837e-05
-0.000192607
8.54349e-07
-0.000133632
-0.000319924
-8.98572e-05
-0.000446757
-0.000332331
-0.00011516
-1.28573e-06
-0.000119709
0.000101307
-0.000133078
0.00019736
-0.000147774
0.000206277
-0.000178033
0.000134265
-0.000250628
0.000114224
-0.000311718
7.66308e-05
-0.000311321
2.35274e-05
-0.000286706
-2.16028e-05
-0.000274035
-4.92013e-05
-0.000238521
-5.58275e-05
-0.000190287
-4.80686e-06
-0.00015776
5.55817e-05
-0.000182151
9.41985e-05
-0.000193463
2.77964e-05
-0.000101165
-9.14434e-05
-4.06008e-05
-0.000380488
-3.58039e-05
-0.000451554
-0.000368135
-0.000124441
-1.72469e-06
-0.000118469
9.53356e-05
-0.000120746
0.000199637
-0.000144532
0.000230063
-0.000202434
0.000192167
-0.000240259
0.000152048
-0.000221402
5.7774e-05
-0.000145094
-5.27802e-05
-0.000102724
-6.39725e-05
-6.28726e-05
-8.90531e-05
2.84495e-05
-0.00014715
3.66766e-05
-1.30338e-05
-4.98483e-06
9.72431e-05
-4.94012e-05
0.000138615
-4.99896e-05
2.83848e-05
7.22601e-06
-0.000148659
1.15219e-05
-0.000384784
5.10418e-06
-0.000445136
-0.000363031
-0.00012348
-4.90835e-06
-0.000112798
8.46544e-05
-0.000106266
0.000193105
-0.0001265
0.000250297
-0.000152037
0.000217704
-0.000134067
0.000134077
-0.000103594
2.73018e-05
-5.41032e-05
-0.000102271
-3.64824e-05
-8.15934e-05
-1.20578e-05
-0.000113478
1.84769e-05
-0.000177684
0.000126119
-0.000120676
0.00020798
1.53825e-05
0.000207344
0.000139251
0.000153957
8.17717e-05
7.22886e-05
-6.69901e-05
2.56616e-05
-0.000338156
6.74591e-06
-0.00042622
-0.000356285
-0.000120069
-1.30338e-05
-0.000109196
7.37808e-05
-9.66302e-05
0.000180539
-0.000106269
0.000259936
-7.73443e-05
0.000188779
-3.26619e-05
8.93951e-05
3.90143e-05
-4.43743e-05
4.56968e-05
-0.000108954
6.97959e-06
-4.28761e-05
2.39483e-05
-0.000130446
3.47507e-05
-0.000188487
8.09511e-05
-0.000166876
0.00020776
-0.000111426
0.000303772
4.32378e-05
0.000247766
0.000137778
9.25639e-05
8.8212e-05
1.13973e-05
-0.00025699
-3.5449e-06
-0.000411278
-0.00035983
-0.000147953
-2.90484e-05
-0.000117562
4.33892e-05
-7.28861e-05
0.000135864
-2.40924e-05
0.000211142
4.45915e-05
0.000120095
9.16569e-05
4.233e-05
0.000105826
-5.8543e-05
4.9073e-05
-5.2201e-05
3.64453e-05
-3.02483e-05
5.3378e-05
-0.000147379
6.41098e-05
-0.000199219
6.20551e-05
-0.000164821
9.71827e-05
-0.000146553
0.00017745
-3.70299e-05
0.000116022
0.000199206
1.04887e-05
0.000193746
-4.46382e-05
-0.000201863
-3.57191e-05
-0.000420197
-0.000395549
-0.000160053
-4.5775e-05
-0.000125579
8.91561e-06
-5.78243e-05
6.8109e-05
4.949e-05
0.000103828
0.00012704
4.2545e-05
0.000156725
1.26456e-05
0.000106269
-8.08765e-06
3.6121e-05
1.79475e-05
6.04376e-05
-5.4565e-05
5.74776e-05
-0.000144419
3.92056e-05
-0.000180946
1.95342e-05
-0.00014515
2.73543e-05
-0.000154374
-5.75818e-06
-3.91731e-06
-6.67463e-05
0.000260194
-5.36896e-05
0.000180689
-6.12686e-05
-0.000194284
-4.86458e-05
-0.00043282
-0.000444195
-0.000150003
-4.70743e-05
-0.00013004
-1.10481e-05
-8.32911e-05
2.13604e-05
-1.96102e-05
4.01469e-05
3.52273e-06
1.94122e-05
1.05839e-05
5.58443e-06
2.53712e-06
-4.07778e-08
3.95549e-05
-1.90702e-05
7.50648e-05
-9.00748e-05
4.36838e-05
-0.000113038
-2.0596e-05
-0.000116667
-6.18651e-05
-0.000103881
-0.000125464
-9.07747e-05
-0.000204669
7.52877e-05
-0.000176831
0.000232356
-4.74469e-05
5.13054e-05
-2.25874e-05
-0.000219143
-2.96322e-05
-0.000425775
-0.000473827
-0.000115783
-7.37231e-05
-0.000102448
-2.43836e-05
-7.82867e-05
-2.80078e-06
-4.41162e-05
5.97642e-06
-1.9902e-05
-4.80203e-06
3.33174e-06
-1.76493e-05
3.87226e-05
-3.54316e-05
6.63233e-05
-4.6671e-05
1.64199e-05
-4.01714e-05
-5.46264e-05
-4.19916e-05
-9.65547e-05
-7.47385e-05
-0.000148739
-5.16966e-05
-0.000217894
-2.16198e-05
-0.000228969
8.63632e-05
-0.000108999
0.000112386
1.49641e-05
-7.26575e-05
3.15352e-05
-0.000235714
-1.53801e-08
-0.000394224
-0.000473842
-0.000174425
-0.000132379
-0.000110825
-8.79836e-05
-6.79031e-05
-4.57229e-05
-3.89524e-05
-2.29744e-05
-1.56969e-05
-2.80575e-05
3.18301e-06
-3.65292e-05
-3.56375e-07
-3.18923e-05
-5.24578e-05
5.43045e-06
-0.000119332
2.67027e-05
-0.000143296
-1.80272e-05
-0.000185299
-3.27362e-05
-0.000201527
-3.54687e-05
-0.000200586
-2.256e-05
-0.000131315
1.70916e-05
-1.26242e-05
-6.30499e-06
6.63019e-05
-0.000151584
6.79807e-05
-0.000237393
2.26418e-05
-0.000348886
-0.0004512
-0.00027095
-0.000165571
-0.000209044
-0.00014989
-0.000143137
-0.00011163
-8.81478e-05
-7.79633e-05
-4.78897e-05
-6.83155e-05
-4.69437e-05
-3.74751e-05
-8.60629e-05
7.22707e-06
-0.000128398
4.77657e-05
-0.000159411
5.7716e-05
-0.000200775
2.33369e-05
-0.000201008
-3.25032e-05
-0.000165343
-7.1134e-05
-0.000102361
-8.55417e-05
-2.92535e-06
-8.23446e-05
9.5846e-05
-0.000105076
0.000107888
-0.000163625
8.80577e-05
-0.000217563
4.05153e-05
-0.000301343
-0.000410685
-0.000253124
-0.000174288
-0.000212477
-0.000190537
-0.000160772
-0.000163334
-0.000108322
-0.000130414
-7.91836e-05
-9.74535e-05
-7.66947e-05
-3.9964e-05
-0.000101084
3.16159e-05
-0.000137608
8.42899e-05
-0.00017274
9.28488e-05
-0.000177048
2.76442e-05
-0.000149564
-5.99872e-05
-0.000104231
-0.000116467
-4.74553e-05
-0.000142318
2.22006e-05
-0.000152001
8.32253e-05
-0.000166101
9.97887e-05
-0.000180189
8.36468e-05
-0.000201421
4.42734e-05
-0.00026197
-0.000366412
-0.000183702
-0.000157881
-0.000175228
-0.000199011
-0.000147524
-0.000191038
-0.000123614
-0.000154323
-0.000114443
-0.000106624
-0.000114426
-3.99804e-05
-0.000121575
3.87642e-05
-0.000128011
9.07262e-05
-0.00012054
8.53775e-05
-9.69631e-05
4.06771e-06
-6.83599e-05
-8.85905e-05
-3.3004e-05
-0.000151822
5.85325e-06
-0.000181175
4.30258e-05
-0.000189173
7.19163e-05
-0.000194992
8.30838e-05
-0.000191356
7.10571e-05
-0.000189395
4.0565e-05
-0.000231478
-0.000325847
-9.3531e-05
-0.000130035
-0.000105095
-0.000187447
-0.000103214
-0.000192919
-9.53443e-05
-0.000162193
-9.63991e-05
-0.00010557
-9.66169e-05
-3.97626e-05
-8.77159e-05
2.98632e-05
-6.84748e-05
7.14852e-05
-3.54429e-05
5.23456e-05
-1.37758e-06
-2.99975e-05
2.59012e-05
-0.000115869
4.49325e-05
-0.000170854
6.02652e-05
-0.000196508
7.19694e-05
-0.000200877
7.66683e-05
-0.000199691
7.47481e-05
-0.000189436
6.11207e-05
-0.000175767
3.60971e-05
-0.000206454
-0.00028975
-6.40378e-06
-0.00010422
-2.96083e-05
-0.000164242
-4.22904e-05
-0.000180237
-4.48308e-05
-0.000159653
-4.48984e-05
-0.000105502
-3.86933e-05
-4.59677e-05
-1.48647e-05
6.03477e-06
2.08404e-05
3.57801e-05
6.19955e-05
1.11904e-05
8.88872e-05
-5.68891e-05
9.89281e-05
-0.00012591
9.95033e-05
-0.000171429
9.44262e-05
-0.00019143
8.78038e-05
-0.000194255
7.95541e-05
-0.000191441
6.9657e-05
-0.000179539
5.50633e-05
-0.000161174
3.33913e-05
-0.000184782
-0.000256358
4.47406e-05
-0.000101353
3.24763e-05
-0.000151978
1.67684e-05
-0.000164529
3.26022e-06
-0.000146145
1.29516e-06
-0.000103537
1.42317e-05
-5.89041e-05
4.28775e-05
-2.26111e-05
8.48025e-05
-6.14487e-06
0.000119952
-2.3959e-05
0.000134533
-7.14709e-05
0.000131273
-0.00012265
0.000119098
-0.000159254
0.000104703
-0.000177035
9.18585e-05
-0.00018141
7.95241e-05
-0.000179107
6.62242e-05
-0.000166239
5.19016e-05
-0.000146851
3.23072e-05
-0.000165188
-0.000224051
9.88311e-05
-9.24099e-05
8.2382e-05
-0.000135529
6.28511e-05
-0.000144998
4.2822e-05
-0.000126116
3.38506e-05
-9.45654e-05
3.90539e-05
-6.41074e-05
5.97567e-05
-4.33139e-05
9.05728e-05
-3.69611e-05
0.000116636
-5.00219e-05
0.000126905
-8.17404e-05
0.000123039
-0.000118784
0.000112464
-0.000148679
0.000101118
-0.00016569
9.05983e-05
-0.00017089
7.86679e-05
-0.000167176
6.37237e-05
-0.000151295
4.88358e-05
-0.000131963
2.95252e-05
-0.000145877
-0.000194526
0.000155506
-6.53478e-05
0.000123647
-0.00010367
9.12423e-05
-0.000112593
6.6201e-05
-0.000101074
5.33446e-05
-8.1709e-05
5.33402e-05
-6.41031e-05
6.36678e-05
-5.36416e-05
8.02723e-05
-5.35657e-05
9.62877e-05
-6.60374e-05
0.000104766
-9.0219e-05
0.000105305
-0.000119322
0.000101419
-0.000144793
9.55553e-05
-0.000159826
8.77993e-05
-0.000163134
7.62998e-05
-0.000155676
6.02344e-05
-0.000135229
4.37091e-05
-0.000115437
2.43775e-05
-0.000126545
-0.000170148
0.000164779
-4.23857e-05
0.000130617
-6.95077e-05
9.79282e-05
-7.99043e-05
7.40756e-05
-7.72219e-05
6.16852e-05
-6.93186e-05
5.97126e-05
-6.21305e-05
6.51136e-05
-5.90428e-05
7.43503e-05
-6.28026e-05
8.37826e-05
-7.54698e-05
9.02511e-05
-9.66877e-05
9.28018e-05
-0.000121873
9.17633e-05
-0.000143755
8.75691e-05
-0.000155632
8.04378e-05
-0.000156003
6.89862e-05
-0.000144225
5.27132e-05
-0.000118956
3.56007e-05
-9.83247e-05
1.86552e-05
-0.0001096
-0.000151493
0.000129774
-2.82469e-05
0.00010798
-4.77133e-05
8.70004e-05
-5.89251e-05
7.17234e-05
-6.19449e-05
6.34576e-05
-6.10528e-05
6.12004e-05
-5.98735e-05
6.31258e-05
-6.09684e-05
6.7406e-05
-6.7083e-05
7.25866e-05
-8.06507e-05
7.70396e-05
-0.000101141
7.89738e-05
-0.000123808
7.73125e-05
-0.000142094
7.26167e-05
-0.000150936
6.57995e-05
-0.000149186
5.49633e-05
-0.000133389
3.96724e-05
-0.000103665
2.47168e-05
-8.33693e-05
1.27476e-05
-9.76307e-05
-0.000138746
0.000102427
-2.15828e-05
9.08977e-05
-3.61837e-05
7.88374e-05
-4.68647e-05
6.93837e-05
-5.24913e-05
6.33394e-05
-5.50087e-05
6.0285e-05
-5.68193e-05
5.94195e-05
-6.01031e-05
6.006e-05
-6.77236e-05
6.17656e-05
-8.23565e-05
6.3148e-05
-0.000102524
6.20713e-05
-0.000122731
5.78024e-05
-0.000137825
5.18549e-05
-0.000144989
4.51897e-05
-0.000142521
3.48495e-05
-0.000123048
2.14626e-05
-9.02785e-05
1.13331e-05
-7.32398e-05
7.82057e-06
-9.41183e-05
-0.000130925
8.86483e-05
-1.77054e-05
8.19655e-05
-2.95008e-05
7.42247e-05
-3.91239e-05
6.72068e-05
-4.54735e-05
6.16764e-05
-4.94783e-05
5.76426e-05
-5.27856e-05
5.46927e-05
-5.71533e-05
5.26482e-05
-6.56792e-05
5.1224e-05
-8.09324e-05
4.89425e-05
-0.000100242
4.40471e-05
-0.000117836
3.68115e-05
-0.00013059
2.91836e-05
-0.000137361
2.16654e-05
-0.000135002
1.13253e-05
-0.000112708
2.09123e-06
-8.10446e-05
1.18501e-06
-7.23336e-05
5.89372e-06
-9.88271e-05
-0.000125031
8.02318e-05
-1.46537e-05
7.53852e-05
-2.46541e-05
6.94937e-05
-3.32324e-05
6.36864e-05
-3.96663e-05
5.8622e-05
-4.4414e-05
5.4207e-05
-4.83706e-05
5.00676e-05
-5.3014e-05
4.61611e-05
-6.17728e-05
4.20804e-05
-7.68518e-05
3.66945e-05
-9.48562e-05
2.89777e-05
-0.000110119
1.96311e-05
-0.000121243
9.93641e-06
-0.000127666
2.12627e-07
-0.000125279
-8.65304e-06
-0.000103843
-1.03591e-05
-7.93387e-05
-1.37184e-06
-8.13209e-05
5.77773e-06
-0.000105977
-0.000119254
7.28149e-05
-1.21354e-05
6.90964e-05
-2.09356e-05
6.45691e-05
-2.87052e-05
5.98826e-05
-3.49797e-05
5.54318e-05
-3.99633e-05
5.10791e-05
-4.40178e-05
4.66019e-05
-4.85368e-05
4.18988e-05
-5.70697e-05
3.64738e-05
-7.14268e-05
2.9773e-05
-8.81553e-05
2.13104e-05
-0.000101656
1.13002e-05
-0.000111233
4.84575e-08
-0.000116414
-1.05846e-05
-0.000114646
-1.5847e-05
-9.85804e-05
-9.70359e-06
-8.54821e-05
2.66506e-06
-9.36896e-05
6.29076e-06
-0.000109603
-0.000112963
6.61279e-05
-1.01929e-05
6.33e-05
-1.81077e-05
5.97983e-05
-2.52034e-05
5.60624e-05
-3.12439e-05
5.23732e-05
-3.6274e-05
4.86825e-05
-4.03271e-05
4.49217e-05
-4.47759e-05
4.08259e-05
-5.29739e-05
3.58383e-05
-6.64391e-05
2.9729e-05
-8.2046e-05
2.24277e-05
-9.4355e-05
1.35067e-05
-0.000102312
2.94898e-06
-0.000105857
-6.56776e-06
-0.000105129
-8.39593e-06
-9.67523e-05
-2.39862e-07
-9.36383e-05
7.37149e-06
-0.000101301
6.78825e-06
-0.000109019
-0.000106175
6.00858e-05
-8.71052e-06
5.79025e-05
-1.59245e-05
5.52012e-05
-2.25021e-05
5.23558e-05
-2.83985e-05
4.96196e-05
-3.35378e-05
4.71206e-05
-3.7828e-05
4.4924e-05
-4.25792e-05
4.25798e-05
-5.06296e-05
3.92876e-05
-6.31469e-05
3.47251e-05
-7.74834e-05
2.92988e-05
-8.89287e-05
2.26409e-05
-9.56541e-05
1.46791e-05
-9.78949e-05
7.09875e-06
-9.75488e-05
5.48501e-06
-9.51387e-05
8.96169e-06
-9.71152e-05
9.92131e-06
-0.000102261
6.89569e-06
-0.000105994
-9.92792e-05
5.45279e-05
-7.56967e-06
5.28415e-05
-1.42381e-05
5.08211e-05
-2.04818e-05
4.88092e-05
-2.63866e-05
4.70929e-05
-3.18216e-05
4.5967e-05
-3.67021e-05
4.55368e-05
-4.21489e-05
4.51411e-05
-5.02337e-05
4.35967e-05
-6.16024e-05
4.03696e-05
-7.42563e-05
3.62487e-05
-8.48078e-05
3.1455e-05
-9.08604e-05
2.5789e-05
-9.2229e-05
1.97181e-05
-9.1478e-05
1.59999e-05
-9.14207e-05
1.41488e-05
-9.52642e-05
1.08275e-05
-9.89398e-05
6.60469e-06
-0.000101771
-9.26746e-05
4.94038e-05
-6.70367e-06
4.81552e-05
-1.29896e-05
4.67506e-05
-1.90772e-05
4.54847e-05
-2.51206e-05
4.46515e-05
-3.09884e-05
4.45794e-05
-3.66301e-05
4.52892e-05
-4.28587e-05
4.59348e-05
-5.08794e-05
4.51412e-05
-6.08088e-05
4.24345e-05
-7.15496e-05
3.87144e-05
-8.10878e-05
3.4466e-05
-8.66121e-05
2.95362e-05
-8.72993e-05
2.40607e-05
-8.60026e-05
1.90946e-05
-8.64547e-05
1.49138e-05
-9.10835e-05
1.02914e-05
-9.43176e-05
5.7317e-06
-9.72118e-05
-8.6943e-05
4.47451e-05
-6.1034e-06
4.39231e-05
-1.21677e-05
4.30836e-05
-1.82378e-05
4.24256e-05
-2.44626e-05
4.21462e-05
-3.07091e-05
4.24536e-05
-3.69375e-05
4.32191e-05
-4.36242e-05
4.35411e-05
-5.12013e-05
4.23105e-05
-5.95782e-05
3.94948e-05
-6.87339e-05
3.57738e-05
-7.73669e-05
3.12918e-05
-8.21302e-05
2.6189e-05
-8.21966e-05
2.12513e-05
-8.1065e-05
1.70399e-05
-8.22435e-05
1.313e-05
-8.71737e-05
8.6991e-06
-8.98869e-05
4.25605e-06
-9.27689e-05
-8.26871e-05
4.05446e-05
-5.74853e-06
4.00967e-05
-1.17199e-05
3.96924e-05
-1.78335e-05
3.93981e-05
-2.41684e-05
3.92453e-05
-3.05564e-05
3.92742e-05
-3.69664e-05
3.92507e-05
-4.36007e-05
3.84221e-05
-5.03728e-05
3.63442e-05
-5.75003e-05
3.34213e-05
-6.5811e-05
2.97589e-05
-7.37046e-05
2.51317e-05
-7.7503e-05
2.03059e-05
-7.73709e-05
1.66012e-05
-7.73603e-05
1.38035e-05
-7.94459e-05
1.06427e-05
-8.40131e-05
6.71081e-06
-8.59551e-05
2.56851e-06
-8.86268e-05
-8.01187e-05
3.65748e-05
-5.56273e-06
3.63437e-05
-1.14889e-05
3.61193e-05
-1.76092e-05
3.58447e-05
-2.38938e-05
3.54344e-05
-3.0146e-05
3.48621e-05
-3.63941e-05
3.39157e-05
-4.26542e-05
3.21845e-05
-4.86415e-05
2.98568e-05
-5.51726e-05
2.7193e-05
-6.31472e-05
2.36947e-05
-7.02064e-05
1.94181e-05
-7.32265e-05
1.56906e-05
-7.36435e-05
1.33286e-05
-7.49984e-05
1.12867e-05
-7.74041e-05
8.41341e-06
-8.114e-05
4.9922e-06
-8.25341e-05
1.29942e-06
-8.49342e-05
-7.88193e-05
3.24017e-05
-5.37948e-06
3.21555e-05
-1.12427e-05
3.18343e-05
-1.72879e-05
3.13214e-05
-2.33809e-05
3.05258e-05
-2.93504e-05
2.94818e-05
-3.53499e-05
2.81181e-05
-4.12905e-05
2.63996e-05
-4.6923e-05
2.46117e-05
-5.33846e-05
2.23536e-05
-6.08891e-05
1.90819e-05
-6.69347e-05
1.55572e-05
-6.97018e-05
1.3007e-05
-7.10933e-05
1.12585e-05
-7.325e-05
9.32941e-06
-7.54751e-05
6.70076e-06
-7.85114e-05
3.89799e-06
-7.97314e-05
8.04396e-07
-8.18407e-05
-7.8015e-05
2.76823e-05
-5.04738e-06
2.7276e-05
-1.08365e-05
2.67515e-05
-1.67634e-05
2.60212e-05
-2.26505e-05
2.50612e-05
-2.83903e-05
2.39883e-05
-3.4277e-05
2.28561e-05
-4.01582e-05
2.1791e-05
-4.58578e-05
2.06599e-05
-5.22534e-05
1.86643e-05
-5.88935e-05
1.57712e-05
-6.40416e-05
1.3049e-05
-6.69796e-05
1.11283e-05
-6.91726e-05
9.44669e-06
-7.15684e-05
7.66141e-06
-7.36898e-05
5.49583e-06
-7.63459e-05
3.33554e-06
-7.75712e-05
9.04842e-07
-7.94102e-05
-7.71102e-05
2.24868e-05
-4.55371e-06
2.19608e-05
-1.03104e-05
2.13481e-05
-1.61506e-05
2.06436e-05
-2.19459e-05
1.98837e-05
-2.76303e-05
1.91747e-05
-3.35678e-05
1.85541e-05
-3.95376e-05
1.80388e-05
-4.53424e-05
1.71521e-05
-5.13666e-05
1.53447e-05
-5.7086e-05
1.29899e-05
-6.16868e-05
1.08922e-05
-6.48819e-05
9.25179e-06
-6.75321e-05
7.7089e-06
-7.00255e-05
6.26728e-06
-7.22482e-05
4.58214e-06
-7.46608e-05
2.94433e-06
-7.59335e-05
1.07355e-06
-7.75395e-05
-7.60367e-05
1.72476e-05
-4.01979e-06
1.6748e-05
-9.81072e-06
1.62311e-05
-1.56337e-05
1.57724e-05
-2.14871e-05
1.53967e-05
-2.72545e-05
1.50936e-05
-3.32646e-05
1.47765e-05
-3.92204e-05
1.43485e-05
-4.49144e-05
1.34411e-05
-5.04591e-05
1.19314e-05
-5.55763e-05
1.01629e-05
-5.99182e-05
8.58031e-06
-6.32993e-05
7.2686e-06
-6.62204e-05
6.07405e-06
-6.88309e-05
4.98174e-06
-7.11559e-05
3.68413e-06
-7.33632e-05
2.44226e-06
-7.46917e-05
9.80447e-07
-7.60778e-05
-7.50563e-05
1.23505e-05
-3.53469e-06
1.19564e-05
-9.41656e-06
1.1618e-05
-1.52952e-05
1.14143e-05
-2.12833e-05
1.13018e-05
-2.7142e-05
1.11516e-05
-3.31143e-05
1.08296e-05
-3.88984e-05
1.03012e-05
-4.4386e-05
9.48108e-06
-4.9639e-05
8.39984e-06
-5.4495e-05
7.2092e-06
-5.87275e-05
6.14837e-06
-6.22384e-05
5.25213e-06
-6.53241e-05
4.43375e-06
-6.80125e-05
3.63694e-06
-7.03591e-05
2.69173e-06
-7.24181e-05
1.78377e-06
-7.37838e-05
6.9272e-07
-7.49868e-05
-7.43636e-05
7.82254e-06
-2.97418e-06
7.44344e-06
-9.03743e-06
7.21258e-06
-1.50643e-05
7.10566e-06
-2.11764e-05
7.02484e-06
-2.70611e-05
6.84982e-06
-3.29393e-05
6.52276e-06
-3.85713e-05
6.09813e-06
-4.39613e-05
5.57553e-06
-4.91164e-05
4.95547e-06
-5.38749e-05
4.29504e-06
-5.8067e-05
3.7161e-06
-6.16594e-05
3.20233e-06
-6.48103e-05
2.71615e-06
-6.75263e-05
2.22034e-06
-6.98633e-05
1.63559e-06
-7.18333e-05
1.06624e-06
-7.32145e-05
3.7101e-07
-7.42916e-05
-7.39926e-05
2.87173e-06
2.6282e-06
2.52462e-06
2.44902e-06
2.38659e-06
2.28019e-06
2.15362e-06
2.01834e-06
1.85419e-06
1.65425e-06
1.44571e-06
1.26316e-06
1.09069e-06
9.27041e-07
7.57703e-07
5.55414e-07
3.58777e-07
9.34942e-08
)
;

boundaryField
{
    leftWall
    {
        type            calculated;
        value           uniform 0;
    }
    rightWall
    {
        type            calculated;
        value           uniform 0;
    }
    lowerWall
    {
        type            calculated;
        value           uniform 0;
    }
    atmosphere
    {
        type            calculated;
        value           nonuniform List<scalar> 
46
(
5.52778e-05
5.77819e-05
5.43958e-05
5.37766e-05
5.30968e-05
5.20835e-05
5.08981e-05
4.95254e-05
4.79782e-05
4.62619e-05
4.43819e-05
4.23433e-05
4.01507e-05
3.78091e-05
3.53231e-05
3.26973e-05
2.99318e-05
2.70281e-05
2.39857e-05
2.08009e-05
1.74651e-05
1.39525e-05
1.02417e-05
3.52342e-06
2.64081e-06
1.70824e-06
7.19402e-07
-2.57185e-06
-8.79389e-06
-1.49607e-05
-2.11008e-05
-2.69987e-05
-3.28329e-05
-3.84447e-05
-4.3826e-05
-4.89522e-05
-5.3675e-05
-5.78584e-05
-6.14769e-05
-6.46378e-05
-6.73627e-05
-6.9694e-05
-7.16311e-05
-7.30179e-05
-7.40264e-05
-7.38991e-05
)
;
    }
    defaultFaces
    {
        type            empty;
        value           nonuniform 0();
    }
}


// ************************************************************************* //
