/*--------------------------------*- C++ -*----------------------------------*\
| =========                 |                                                 |
| \\      /  F ield         | OpenFOAM: The Open Source CFD Toolbox           |
|  \\    /   O peration     | Version:  5.x                                   |
|   \\  /    A nd           | Web:      www.OpenFOAM.org                      |
|    \\/     M anipulation  |                                                 |
\*---------------------------------------------------------------------------*/
FoamFile
{
    version     2.0;
    format      ascii;
    class       surfaceScalarField;
    location    "0.95";
    object      phi;
}
// * * * * * * * * * * * * * * * * * * * * * * * * * * * * * * * * * * * * * //

dimensions      [0 3 -1 0 0 0 0];

internalField   nonuniform List<scalar> 
4432
(
1.83279e-06
-1.83279e-06
3.89311e-07
1.44348e-06
-4.11402e-06
4.50334e-06
-8.61849e-06
4.50447e-06
-9.33322e-06
7.14722e-07
-6.89805e-06
-2.43516e-06
-4.29881e-06
-2.59925e-06
-2.66696e-06
-1.63185e-06
-1.9002e-06
-7.66748e-07
-2.14644e-06
2.46233e-07
-3.53374e-06
1.3873e-06
-5.76088e-06
2.22714e-06
-8.09138e-06
2.3305e-06
-9.6594e-06
1.56802e-06
-1.14816e-05
1.82224e-06
-1.73445e-05
5.86281e-06
-2.7207e-05
9.86257e-06
-3.2428e-05
5.22094e-06
-2.99069e-05
-2.52109e-06
-2.30122e-05
-6.89471e-06
-1.52232e-05
-7.78896e-06
-6.67197e-06
-8.55125e-06
-6.67197e-06
-3.61196e-06
1.77919e-06
-8.38778e-06
6.2193e-06
-1.26594e-05
8.77497e-06
-1.36676e-05
5.51264e-06
-1.132e-05
-1.63289e-06
-7.77701e-06
-5.9781e-06
-4.83438e-06
-5.54187e-06
-2.89996e-06
-3.56629e-06
-1.88777e-06
-1.77893e-06
-1.75942e-06
1.17877e-07
-2.6307e-06
2.25857e-06
-4.51944e-06
4.11589e-06
-7.49133e-06
5.3024e-06
-1.18731e-05
5.94979e-06
-1.79757e-05
7.92489e-06
-2.53314e-05
1.32184e-05
-2.95096e-05
1.40409e-05
-2.78996e-05
3.61085e-06
-2.22775e-05
-8.14316e-06
-1.66165e-05
-1.25557e-05
-1.10085e-05
-1.3397e-05
-4.75819e-06
-1.48015e-05
-1.14302e-05
-6.00093e-06
7.78012e-06
-1.13936e-05
1.16119e-05
-1.44852e-05
1.18666e-05
-1.46606e-05
5.68814e-06
-1.24155e-05
-3.878e-06
-8.94257e-06
-9.45105e-06
-5.73859e-06
-8.74585e-06
-3.43228e-06
-5.87262e-06
-1.94984e-06
-3.26135e-06
-1.40968e-06
-4.22288e-07
-1.87494e-06
2.72384e-06
-3.26089e-06
5.50185e-06
-5.60538e-06
7.64689e-06
-9.42569e-06
9.77011e-06
-1.49534e-05
1.34526e-05
-1.98699e-05
1.81349e-05
-2.06149e-05
1.47859e-05
-1.76211e-05
6.17051e-07
-1.36423e-05
-1.2122e-05
-1.03964e-05
-1.58016e-05
-6.99e-06
-1.68034e-05
-3.01672e-06
-1.87748e-05
-1.44469e-05
-5.80416e-06
1.35843e-05
-1.0657e-05
1.64647e-05
-1.346e-05
1.46696e-05
-1.40748e-05
6.303e-06
-1.23833e-05
-5.56949e-06
-9.36018e-06
-1.24742e-05
-6.61839e-06
-1.14876e-05
-4.2994e-06
-8.19161e-06
-2.53746e-06
-5.02328e-06
-1.84559e-06
-1.11415e-06
-2.32086e-06
3.19912e-06
-3.70289e-06
6.88388e-06
-5.69517e-06
9.63918e-06
-8.09866e-06
1.21736e-05
-1.05367e-05
1.58906e-05
-1.17144e-05
1.93126e-05
-1.11134e-05
1.4185e-05
-1.03059e-05
-1.90399e-07
-9.9873e-06
-1.24406e-05
-8.59881e-06
-1.71901e-05
-6.00493e-06
-1.93973e-05
-2.59275e-06
-2.2187e-05
-1.70396e-05
-4.3118e-06
1.78961e-05
-8.25704e-06
2.041e-05
-1.08053e-05
1.72178e-05
-1.1621e-05
7.1187e-06
-1.0584e-05
-6.60646e-06
-8.72151e-06
-1.43367e-05
-7.08172e-06
-1.31274e-05
-5.03951e-06
-1.02338e-05
-2.85434e-06
-7.20845e-06
-1.69445e-06
-2.27404e-06
-1.84801e-06
3.35268e-06
-3.24051e-06
8.27638e-06
-5.39023e-06
1.17889e-05
-7.66399e-06
1.44474e-05
-9.00349e-06
1.72301e-05
-8.59259e-06
1.89017e-05
-8.23332e-06
1.38257e-05
-9.54106e-06
1.11733e-06
-1.11468e-05
-1.08348e-05
-9.84555e-06
-1.84914e-05
-6.36789e-06
-2.2875e-05
-2.35243e-06
-2.62025e-05
-1.93921e-05
-2.20216e-06
2.00983e-05
-4.94503e-06
2.31529e-05
-6.94594e-06
1.92187e-05
-7.73813e-06
7.9109e-06
-7.48326e-06
-6.86134e-06
-7.37503e-06
-1.44449e-05
-7.25527e-06
-1.32472e-05
-5.23117e-06
-1.22579e-05
-1.92627e-06
-1.05133e-05
1.04235e-07
-4.30454e-06
5.70644e-07
2.88627e-06
-6.99128e-07
9.54615e-06
-3.13782e-06
1.42276e-05
-6.03677e-06
1.73463e-05
-8.39711e-06
1.95905e-05
-9.17505e-06
1.96796e-05
-9.93317e-06
1.45838e-05
-1.19201e-05
3.10427e-06
-1.28373e-05
-9.91767e-06
-1.03753e-05
-2.09534e-05
-5.68113e-06
-2.75691e-05
-1.62069e-06
-3.02629e-05
-2.10128e-05
8.57065e-08
2.00125e-05
-1.21903e-06
2.44576e-05
-2.7227e-06
2.07224e-05
-3.05603e-06
8.24424e-06
-3.19328e-06
-6.72408e-06
-5.54713e-06
-1.20911e-05
-7.04245e-06
-1.17518e-05
-4.05405e-06
-1.52463e-05
2.47054e-07
-1.48145e-05
2.27824e-06
-6.33572e-06
2.51591e-06
2.64861e-06
1.20273e-06
1.08593e-05
-8.56197e-07
1.62865e-05
-3.88291e-06
2.0373e-05
-7.1637e-06
2.28713e-05
-9.56948e-06
2.20854e-05
-1.16181e-05
1.66324e-05
-1.36177e-05
5.10391e-06
-1.38004e-05
-9.73502e-06
-1.03635e-05
-2.43903e-05
-4.83128e-06
-3.31013e-05
-1.18815e-06
-3.3906e-05
-2.22009e-05
2.97196e-06
1.70406e-05
2.66545e-06
2.47641e-05
2.09286e-06
2.1295e-05
3.66128e-06
6.67582e-06
2.72735e-06
-5.79014e-06
-3.40246e-06
-5.96129e-06
-6.14508e-06
-9.00922e-06
-2.75775e-06
-1.86337e-05
1.63699e-07
-1.77359e-05
7.21208e-07
-6.89322e-06
7.40723e-07
2.62909e-06
-4.17801e-07
1.20179e-05
-1.97958e-06
1.78483e-05
-4.32564e-06
2.27191e-05
-7.72115e-06
2.62668e-05
-1.07816e-05
2.51459e-05
-1.35591e-05
1.94099e-05
-1.59272e-05
7.47198e-06
-1.60581e-05
-9.60405e-06
-1.22858e-05
-2.81627e-05
-6.03265e-06
-3.93545e-05
-1.57106e-06
-3.83676e-05
-2.3772e-05
-2.38385e-06
2.38385e-06
3.62915e-06
-6.013e-06
2.61989e-05
-2.25697e-05
4.24968e-05
-1.62979e-05
4.67572e-05
-4.26043e-06
4.09866e-05
5.77066e-06
2.99219e-05
1.10646e-05
2.02328e-05
9.6892e-06
6.14825e-06
1.40845e-05
-7.36117e-06
1.35094e-05
-1.76699e-05
1.03087e-05
-2.80065e-05
1.03366e-05
-3.48768e-05
6.8703e-06
-3.32539e-05
-1.62294e-06
-2.37906e-05
-9.4633e-06
-1.03158e-05
-1.34747e-05
4.04348e-06
-1.43593e-05
9.74131e-06
-5.69782e-06
9.74131e-06
-5.19763e-06
7.58148e-06
9.27755e-06
-2.04882e-05
3.37523e-05
-4.70445e-05
4.81875e-05
-3.07331e-05
5.27797e-05
-8.85269e-06
5.04652e-05
8.08524e-06
4.23473e-05
1.91825e-05
2.81117e-05
2.39248e-05
8.83176e-06
3.33645e-05
-3.55609e-06
2.58973e-05
-1.35319e-05
2.02845e-05
-2.15297e-05
1.83344e-05
-2.35059e-05
8.84644e-06
-1.78609e-05
-7.26794e-06
-1.06865e-05
-1.66376e-05
-1.35596e-06
-2.28053e-05
1.12629e-05
-2.69782e-05
1.90769e-05
-1.35118e-05
2.88182e-05
-1.20841e-06
8.78989e-06
1.42771e-05
-3.59736e-05
2.71039e-05
-5.98713e-05
3.42276e-05
-3.78567e-05
3.91815e-05
-1.38066e-05
4.10513e-05
6.21545e-06
3.55354e-05
2.46984e-05
1.8657e-05
4.08033e-05
-6.71098e-06
5.87324e-05
-5.71704e-06
2.49033e-05
-5.50805e-06
2.00755e-05
-1.48866e-05
2.77129e-05
-1.96413e-05
1.36012e-05
-1.97132e-05
-7.196e-06
-2.14431e-05
-1.49077e-05
-1.63706e-05
-2.78778e-05
-2.02515e-06
-4.13237e-05
9.15039e-06
-2.46873e-05
3.79686e-05
1.35774e-06
7.43215e-06
1.23425e-05
-4.69584e-05
1.19458e-05
-5.94747e-05
1.18262e-05
-3.77371e-05
1.76378e-05
-1.96182e-05
2.26903e-05
1.16297e-06
1.93189e-05
2.80697e-05
2.83235e-06
5.72898e-05
-1.6014e-05
7.75788e-05
-9.59098e-06
1.84803e-05
-7.69627e-06
1.81808e-05
-1.18181e-05
3.18347e-05
-2.0904e-05
2.26871e-05
-3.38704e-05
5.7704e-06
-4.14067e-05
-7.3715e-06
-3.78377e-05
-3.14467e-05
-2.49204e-05
-5.4241e-05
-1.58965e-05
-3.37112e-05
2.20722e-05
7.97257e-07
6.6349e-06
6.19714e-06
-5.23582e-05
-2.33571e-06
-5.09418e-05
-9.50882e-06
-3.0564e-05
-8.59435e-06
-2.05326e-05
-2.60922e-06
-4.82214e-06
-1.78828e-06
2.72488e-05
-1.53559e-05
7.08575e-05
-1.82344e-05
8.04573e-05
-1.44779e-05
1.47238e-05
-2.03594e-05
2.40622e-05
-3.23641e-05
4.38394e-05
-4.69153e-05
3.72383e-05
-5.30322e-05
1.18873e-05
-5.36538e-05
-6.74992e-06
-4.93902e-05
-3.57103e-05
-3.60158e-05
-6.76154e-05
-2.41619e-05
-4.5565e-05
-2.08976e-06
1.135e-06
5.4999e-06
3.77051e-06
-5.49937e-05
-3.59088e-06
-4.35805e-05
-1.4283e-05
-1.98719e-05
-2.19409e-05
-1.28747e-05
-1.95874e-05
-7.17562e-06
-2.08722e-05
2.85336e-05
-3.35535e-05
8.35387e-05
-3.21938e-05
7.90976e-05
-3.7913e-05
2.04431e-05
-4.67054e-05
3.28546e-05
-5.21733e-05
4.93074e-05
-5.0158e-05
3.52229e-05
-2.59001e-05
-1.23705e-05
-1.3709e-05
-1.8941e-05
-3.72843e-05
-1.2135e-05
-3.75404e-05
-6.73593e-05
-1.18258e-05
-7.12795e-05
-1.39156e-05
2.86052e-06
2.63938e-06
6.50748e-06
-5.86407e-05
8.55584e-06
-4.56288e-05
9.80116e-06
-2.11172e-05
-1.04823e-05
7.40879e-06
-2.88846e-05
1.12267e-05
-4.31046e-05
4.27536e-05
-5.13809e-05
9.18151e-05
-4.69107e-05
7.46274e-05
-5.66355e-05
3.01678e-05
-5.66093e-05
3.28285e-05
-4.47109e-05
3.74089e-05
-8.31278e-06
-1.17517e-06
7.05724e-05
-9.12557e-05
9.6874e-05
-4.52426e-05
3.63371e-05
4.8402e-05
-3.19698e-05
9.47493e-07
-1.39123e-05
-8.93371e-05
-2.78279e-05
4.90302e-06
-2.26364e-06
9.24097e-06
-6.29786e-05
1.50181e-05
-5.1406e-05
1.9962e-05
-2.60611e-05
6.51767e-08
2.73057e-05
-3.35706e-05
4.48625e-05
-5.69114e-05
6.60945e-05
-6.07332e-05
9.56369e-05
-5.72952e-05
7.11894e-05
-5.74423e-05
3.03149e-05
-3.17068e-05
7.09297e-06
1.06822e-05
-4.98009e-06
8.00929e-05
-7.05858e-05
0.00014952
-0.000160683
0.000166757
-6.24796e-05
0.000109112
0.000106047
1.68202e-06
0.000108377
-2.43421e-05
-6.3313e-05
-5.217e-05
1.88072e-05
-1.7666e-06
2.16968e-05
2.18745e-05
2.10169e-05
2.19749e-05
1.65593e-05
1.11334e-05
9.14269e-07
9.85492e-06
-1.56637e-05
1.06167e-05
-2.08821e-05
-3.79088e-06
-1.72159e-05
-2.22998e-05
-7.33487e-06
-2.7617e-05
2.64844e-06
-1.68766e-05
5.52184e-06
-2.44323e-07
-5.97915e-07
1.81376e-05
-6.21167e-06
2.34621e-05
-9.64659e-06
2.6154e-05
-1.53525e-05
3.19727e-05
-2.4117e-05
3.39104e-05
-3.52678e-05
3.05607e-05
-4.58958e-05
1.80999e-05
-5.26712e-05
-2.8286e-06
-4.88358e-05
-3.19981e-05
-3.13493e-05
-5.6841e-05
-1.08721e-05
-5.88448e-05
-3.65174e-05
1.87332e-06
3.3229e-05
-3.49956e-05
4.11021e-05
1.40015e-05
3.34916e-05
2.95854e-05
1.60358e-05
2.85892e-05
-4.77904e-06
3.06698e-05
-2.65189e-05
3.23565e-05
-5.21956e-05
2.18858e-05
-3.90402e-05
-3.54552e-05
2.07615e-05
-8.74187e-05
4.47959e-05
-4.0911e-05
3.29212e-05
1.16302e-05
8.9086e-06
4.215e-05
-1.96268e-05
5.19974e-05
-4.70469e-05
5.35742e-05
-6.62117e-05
5.11374e-05
-7.34977e-05
4.11964e-05
-8.26707e-05
3.97336e-05
-9.51018e-05
3.05311e-05
-9.99164e-05
1.98591e-06
-9.2933e-05
-3.89815e-05
-6.92357e-05
-8.05383e-05
-3.90826e-05
-8.89979e-05
-5.15579e-05
-2.40421e-05
1.93395e-05
-5.43352e-05
2.25055e-05
1.08355e-05
5.26116e-06
4.68297e-05
-2.92201e-05
6.30704e-05
-7.10787e-05
7.25284e-05
-0.000106178
6.74562e-05
-9.82357e-05
1.39432e-05
-0.000111806
-2.18853e-05
-0.000157966
-4.12586e-05
-0.000200992
2.11472e-06
-0.000221953
3.25919e-05
-0.000219412
3.96087e-05
-0.00022141
5.39958e-05
-0.000237472
6.9636e-05
-0.000248556
6.22215e-05
-0.000241838
3.44774e-05
-0.000211534
9.43038e-06
-0.000182236
1.2333e-06
-0.00014959
-3.06606e-05
-0.000117638
-7.09335e-05
-9.45378e-05
-0.000103638
-6.91031e-05
-0.000114433
-7.05723e-05
-5.00887e-05
-3.12749e-05
-2.30602e-05
-6.16912e-05
4.12518e-05
-0.000102954
8.80923e-05
-0.000168095
0.000128212
-0.000252563
0.000156996
-0.00033924
0.000154133
-0.000371641
4.63443e-05
-0.000373282
-2.02442e-05
-0.000375101
-3.94394e-05
-0.000354521
-1.84662e-05
-0.00033217
1.02408e-05
-0.000323672
3.11117e-05
-0.000306885
3.7208e-05
-0.000287242
4.99936e-05
-0.000260804
3.57827e-05
-0.000221382
-4.94404e-06
-0.000176297
-3.5655e-05
-0.00011422
-6.08436e-05
-5.8487e-05
-8.63934e-05
-4.75159e-05
-8.19046e-05
-7.21224e-05
-7.90319e-05
-7.20765e-05
-0.000114478
-8.08432e-05
-6.18056e-05
-8.58714e-05
6.28111e-05
-0.000157616
0.000112997
-0.000220647
0.000151123
-0.000289488
0.000197053
-0.000368252
0.00023576
-0.000396509
0.000182391
-0.00040126
5.10952e-05
-0.00039948
-2.2024e-05
-0.00038723
-5.16898e-05
-0.000358641
-4.70555e-05
-0.000319839
-2.85602e-05
-0.000287464
-1.26398e-06
-0.000255446
5.1903e-06
-0.00022623
2.07775e-05
-0.000188064
-2.38388e-06
-0.0001505
-4.25078e-05
-0.000106644
-7.95108e-05
-6.38593e-05
-0.000103628
-4.66348e-05
-0.000103618
-4.38159e-05
-8.47234e-05
-5.5187e-05
-6.76607e-05
-7.07782e-05
-9.88873e-05
-6.88342e-05
-8.27873e-05
-9.11749e-05
0.000153986
-0.00019093
0.000212751
-0.000285922
0.000246115
-0.000351016
0.000262147
-0.000383062
0.000267805
-0.000366347
0.000165676
-0.000350031
3.47789e-05
-0.000345216
-2.68385e-05
-0.000345685
-5.12215e-05
-0.000348688
-4.40518e-05
-0.000331391
-4.5858e-05
-0.000288977
-4.36779e-05
-0.000252839
-3.09477e-05
-0.000215664
-1.63972e-05
-0.000177879
-4.01687e-05
-0.00015339
-6.69969e-05
-0.000138396
-9.45046e-05
-0.000125348
-0.000116677
-0.000108219
-0.000120747
-7.96599e-05
-0.000113282
-6.18281e-05
-8.54925e-05
-8.30198e-05
-7.76955e-05
-4.56853e-05
-0.000106169
-5.19457e-05
0.000205932
-0.000171399
0.000332204
-0.000284983
0.0003597
-0.000330253
0.000307417
-0.000316927
0.00025448
-0.000272608
0.000121357
-0.000245606
7.77597e-06
-0.000245458
-2.69864e-05
-0.000280437
-1.62421e-05
-0.000306867
-1.7622e-05
-0.000307656
-4.50691e-05
-0.000303769
-4.75647e-05
-0.000296799
-3.7918e-05
-0.000264161
-4.90349e-05
-0.000221852
-8.24781e-05
-0.00019303
-9.58186e-05
-0.000171997
-0.000115538
-0.000154476
-0.000134198
-0.000134867
-0.000140355
-0.000117663
-0.000130486
-9.90626e-05
-0.000104093
-0.000104775
-7.19827e-05
-2.53968e-05
-0.000125064
-3.56366e-05
0.000241568
-0.000136921
0.000433489
-0.000212756
0.000435535
-0.000228954
0.000323615
-0.000201641
0.000227167
-0.000179945
9.96611e-05
-0.000184203
1.20339e-05
-0.000201577
-9.61244e-06
-0.000212092
-5.72736e-06
-0.000222895
-6.81919e-06
-0.000249413
-1.85508e-05
-0.000275512
-2.14658e-05
-0.000285921
-2.75088e-05
-0.000283072
-5.18839e-05
-0.000258418
-0.000107132
-0.000236256
-0.000117981
-0.000214609
-0.000137184
-0.000192267
-0.00015654
-0.000166993
-0.000165629
-0.000144221
-0.000153258
-0.000127191
-0.000121123
-0.000123039
-7.61351e-05
-1.71737e-05
-0.000131262
-2.75146e-05
0.000269083
-0.000106298
0.000512272
-0.000136318
0.000465556
-0.000132833
0.000320129
-0.000104467
0.000198801
-9.76107e-05
9.28046e-05
-0.000116035
3.0458e-05
-0.000138676
1.30288e-05
-0.000156973
1.25691e-05
-0.000177622
1.38307e-05
-0.000202208
6.03509e-06
-0.000220235
-3.43978e-06
-0.000233507
-1.42366e-05
-0.000236748
-4.86423e-05
-0.000257491
-8.63891e-05
-0.00025952
-0.000115952
-0.000246934
-0.000149771
-0.000225533
-0.000177941
-0.000199949
-0.000191213
-0.000168769
-0.000184438
-0.000148868
-0.000141024
-0.000136707
-8.82957e-05
-2.14462e-05
-0.000132435
-2.38513e-05
0.000292934
-7.00477e-05
0.000558468
-7.152e-05
0.000467028
-6.57182e-05
0.000314327
-4.16784e-05
0.000174761
-4.32557e-05
9.43818e-05
-5.61042e-05
4.33064e-05
-7.01314e-05
2.70562e-05
-8.37077e-05
2.61456e-05
-0.000100123
3.02456e-05
-0.000125081
3.09935e-05
-0.000151753
2.32316e-05
-0.000167788
1.79925e-06
-0.000183957
-3.2474e-05
-0.000204724
-6.56224e-05
-0.000220569
-0.000100107
-0.000230196
-0.000140144
-0.000224808
-0.000183329
-0.000205593
-0.000210428
-0.000189478
-0.000200552
-0.000165942
-0.00016456
-0.000147409
-0.000106829
-3.72703e-05
-0.000131585
-1.76092e-05
0.000310543
-2.71498e-05
0.000568009
-2.05532e-05
0.000460432
-5.97889e-06
0.000299753
-3.58277e-07
0.00016914
-5.6107e-06
9.96338e-05
-2.28736e-05
6.05695e-05
-3.95653e-05
4.3748e-05
-5.10461e-05
3.76262e-05
-5.71457e-05
3.63449e-05
-6.26618e-05
3.65097e-05
-7.36707e-05
3.42408e-05
-9.33751e-05
2.15037e-05
-0.000120636
-5.21285e-06
-0.000148285
-3.79736e-05
-0.000177588
-7.08041e-05
-0.000208525
-0.000109207
-0.000231958
-0.000159897
-0.00023577
-0.000206616
-0.000217814
-0.000218508
-0.000195347
-0.000187027
-0.000159492
-0.000142685
-6.95073e-05
-0.000127255
-5.57627e-07
0.000311101
1.04779e-05
0.000556973
9.91689e-06
0.000460993
2.41786e-05
0.000285491
1.7964e-05
0.000175355
-3.66978e-06
0.000121268
-2.91441e-05
8.60438e-05
-4.70525e-05
6.16564e-05
-5.37849e-05
4.43584e-05
-5.10719e-05
3.36318e-05
-4.2879e-05
2.83171e-05
-3.48458e-05
2.62079e-05
-3.61502e-05
2.2808e-05
-5.4534e-05
1.31709e-05
-8.45164e-05
-7.99115e-06
-0.00011613
-3.91902e-05
-0.000152843
-7.24943e-05
-0.000196126
-0.000116613
-0.000232831
-0.000169912
-0.000244683
-0.000206655
-0.000224855
-0.000206855
-0.000198271
-0.000169268
-0.00012821
-0.000139568
2.41236e-06
0.000308689
-6.30298e-07
0.000560016
1.73768e-05
0.000442986
2.61652e-05
0.000276703
-2.66542e-07
0.000201786
-3.48228e-05
0.000155824
-6.38276e-05
0.000115049
-7.66503e-05
7.44789e-05
-7.4477e-05
4.21852e-05
-6.29729e-05
2.21278e-05
-4.65766e-05
1.19209e-05
-2.8211e-05
7.84238e-06
-1.2457e-05
7.05409e-06
-6.84936e-06
7.5635e-06
-1.99718e-05
5.13144e-06
-4.71196e-05
-1.20425e-05
-7.87504e-05
-4.08636e-05
-0.000120111
-7.52521e-05
-0.000170552
-0.000119472
-0.000216667
-0.00016054
-0.000243123
-0.000180399
-0.000230026
-0.000182365
-0.000154999
-0.000203237
-2.02707e-06
0.000310716
2.03567e-05
0.000537632
2.57813e-05
0.000437561
1.25742e-05
0.00028991
-3.30555e-05
0.000247416
-7.94668e-05
0.000202235
-0.000109855
0.000145437
-0.000116983
8.16071e-05
-0.000104119
2.93211e-05
-8.07322e-05
-1.25893e-06
-5.51776e-05
-1.36339e-05
-3.12731e-05
-1.60624e-05
-9.43757e-06
-1.47813e-05
9.77055e-06
-1.16444e-05
2.03181e-05
-5.41612e-06
1.14716e-05
-3.19623e-06
-1.14442e-05
-1.79478e-05
-4.15781e-05
-4.5118e-05
-8.30301e-05
-7.80195e-05
-0.000130892
-0.000112679
-0.000170196
-0.000141094
-0.000194887
-0.000157675
-0.00015312
-0.000196765
6.83665e-06
0.000303879
3.28794e-05
0.00051159
3.22019e-05
0.000438238
-7.99541e-06
0.000330108
-6.63209e-05
0.000305742
-0.000119223
0.000255138
-0.000153234
0.000179448
-0.000160113
8.8486e-05
-0.000138745
7.95362e-06
-0.000102174
-3.78301e-05
-6.33066e-05
-5.25013e-05
-3.12573e-05
-4.81118e-05
-6.79908e-06
-3.92394e-05
1.34705e-05
-3.19138e-05
3.22364e-05
-2.4182e-05
4.41984e-05
-1.51583e-05
3.78849e-05
-1.16343e-05
1.64774e-05
-2.37107e-05
-1.29122e-05
-4.86295e-05
-4.80606e-05
-7.75301e-05
-8.41579e-05
-0.000104997
-0.000113794
-0.000128039
-0.000138008
-0.000128906
1.44479e-05
0.000289431
4.03446e-05
0.000485693
3.37466e-05
0.000444836
-1.50593e-05
0.000378913
-7.69559e-05
0.000367638
-0.000133154
0.000311336
-0.000172866
0.000219161
-0.000183347
9.89662e-05
-0.000160815
-1.45781e-05
-0.000115714
-8.29319e-05
-6.60608e-05
-0.000102154
-2.57423e-05
-8.84302e-05
2.3672e-06
-6.73488e-05
2.19321e-05
-5.14787e-05
3.78088e-05
-4.00587e-05
5.31237e-05
-3.04733e-05
6.26071e-05
-2.11178e-05
5.63772e-05
-1.74807e-05
3.59264e-05
-2.81788e-05
9.67031e-06
-5.12741e-05
-1.97231e-05
-7.56035e-05
-4.91073e-05
-9.86543e-05
-0.000117772
-6.9343e-05
4.80716e-05
0.000241359
6.68611e-05
0.000466904
4.32097e-05
0.000468488
-3.35383e-06
0.000425477
-5.30956e-05
0.00041738
-0.000102002
0.000360242
-0.000140272
0.000257431
-0.000152232
0.000110926
-0.000135497
-3.13137e-05
-9.50341e-05
-0.000123395
-4.81843e-05
-0.000149004
-9.14541e-06
-0.000127469
1.88612e-05
-9.53553e-05
3.64147e-05
-6.90323e-05
4.84724e-05
-5.21166e-05
5.9284e-05
-4.12847e-05
7.05497e-05
-3.23836e-05
7.7348e-05
-2.42788e-05
7.07321e-05
-2.1563e-05
4.9899e-05
-3.04409e-05
2.51822e-05
-5.0887e-05
1.0469e-06
-7.45192e-05
-9.59566e-05
-2.0769e-05
8.74035e-05
0.000153956
0.00013078
0.000423528
0.000102107
0.000497161
5.03869e-05
0.000477197
1.27758e-05
0.000454991
-1.86383e-05
0.000391656
-3.61327e-05
0.000274925
-3.6255e-05
0.000111049
-3.27403e-05
-3.48282e-05
-2.01586e-05
-0.000135976
3.41873e-06
-0.000172582
2.76053e-05
-0.000151656
4.44708e-05
-0.000112221
5.5467e-05
-8.00288e-05
6.28823e-05
-5.9532e-05
6.87463e-05
-4.71487e-05
7.53539e-05
-3.89914e-05
8.35141e-05
-3.2439e-05
8.90211e-05
-2.70701e-05
8.51448e-05
-2.65648e-05
6.93698e-05
-3.5112e-05
4.80369e-05
-5.31863e-05
-7.50458e-05
2.71263e-05
8.40583e-05
6.98978e-05
0.000184738
0.000322848
0.000205265
0.000476633
0.000169207
0.000513255
0.000135542
0.000488655
0.000115031
0.000412167
0.000104746
0.00028521
9.55552e-05
0.00012024
8.85032e-05
-2.7776e-05
8.2242e-05
-0.000129715
7.70503e-05
-0.00016739
7.54639e-05
-0.000150069
7.58938e-05
-0.00011265
7.68956e-05
-8.10305e-05
7.81015e-05
-6.0738e-05
7.94729e-05
-4.85202e-05
8.15139e-05
-4.10324e-05
8.54436e-05
-3.63689e-05
9.15965e-05
-3.32232e-05
9.72618e-05
-3.223e-05
9.73036e-05
-3.51539e-05
8.84508e-05
-4.43334e-05
-5.95257e-05
7.29306e-05
5.46223e-05
1.52755e-05
0.000187729
0.000189742
0.000278127
0.000386235
0.000300283
0.000491099
0.000291181
0.000497756
0.000277108
0.00042624
0.000264422
0.000297896
0.000244189
0.000140473
0.000214301
2.11154e-06
0.000182469
-9.78826e-05
0.00014999
-0.000134911
0.000123889
-0.000123968
0.000106974
-9.5736e-05
9.72681e-05
-7.13242e-05
9.18359e-05
-5.53057e-05
8.88335e-05
-4.55181e-05
8.74105e-05
-3.96095e-05
8.74492e-05
-3.64077e-05
8.95792e-05
-3.53532e-05
9.36199e-05
-3.62706e-05
9.81813e-05
-3.97153e-05
0.000100201
-4.63528e-05
-5.60297e-05
9.67048e-05
3.02422e-05
-1.49667e-05
0.000141073
7.89108e-05
0.000266221
0.000261087
0.000350281
0.00040704
0.000389316
0.000458721
0.000397955
0.000417601
0.000386417
0.000309434
0.000355158
0.000171732
0.000311007
4.62623e-05
0.000255133
-4.20085e-05
0.000201418
-8.11955e-05
0.000158572
-8.11213e-05
0.000129984
-6.71491e-05
0.000112605
-5.39449e-05
0.000102064
-4.47645e-05
9.54801e-05
-3.89342e-05
9.13782e-05
-3.55076e-05
8.89206e-05
-3.395e-05
8.78141e-05
-3.42468e-05
8.80087e-05
-3.64651e-05
8.92663e-05
-4.09728e-05
9.04513e-05
-4.75378e-05
-5.57169e-05
9.01385e-05
9.78424e-06
-2.47509e-05
7.36364e-05
1.50586e-05
0.00018546
0.000149263
0.00029266
0.00029984
0.000368163
0.000383218
0.000406213
0.000379551
0.000409424
0.000306223
0.00038228
0.000198876
0.000333978
9.45642e-05
0.000274538
1.74315e-05
0.000216641
-2.32981e-05
0.000171234
-3.57143e-05
0.000140401
-3.63157e-05
0.000120518
-3.40624e-05
0.000107555
-3.18014e-05
9.88524e-05
-3.02315e-05
9.29155e-05
-2.95707e-05
8.88697e-05
-2.99041e-05
8.59831e-05
-3.136e-05
8.3725e-05
-3.42069e-05
8.16355e-05
-3.88833e-05
7.94783e-05
-4.53805e-05
-5.29139e-05
7.66752e-05
-7.97489e-06
-1.6776e-05
5.42027e-06
1.66347e-06
7.62707e-05
7.84127e-05
0.000171282
0.00020483
0.000256852
0.000297647
0.000314205
0.000322198
0.000336674
0.000283754
0.000326926
0.000208625
0.000293492
0.000127998
0.000247631
6.32922e-05
0.000202066
2.2267e-05
0.000165802
5.50173e-07
0.000139681
-1.01955e-05
0.00012135
-1.57306e-05
0.000108384
-1.8836e-05
9.90664e-05
-2.09141e-05
9.22764e-05
-2.27806e-05
8.72501e-05
-2.48775e-05
8.33558e-05
-2.74655e-05
7.99399e-05
-3.07908e-05
7.63088e-05
-3.52521e-05
7.19756e-05
-4.10473e-05
-4.75412e-05
6.66028e-05
-2.27786e-05
6.00266e-06
-3.66969e-05
1.5582e-05
-1.49712e-05
5.66871e-05
4.81797e-05
0.000141679
0.000122921
0.000222906
0.000186454
0.000258665
0.000225402
0.000244807
0.000236747
0.00019728
0.000225651
0.000139094
0.000201817
8.71258e-05
0.000174951
4.91332e-05
0.000151077
2.44247e-05
0.000131891
8.98975e-06
0.000116983
-8.2282e-07
0.000105504
-7.35664e-06
9.66832e-05
-1.2093e-05
8.98368e-05
-1.5934e-05
8.44223e-05
-1.9463e-05
7.9966e-05
-2.30091e-05
7.59643e-05
-2.6789e-05
7.17629e-05
-3.10507e-05
6.67089e-05
-3.59934e-05
-4.12735e-05
6.04412e-05
-2.54131e-05
3.14158e-05
-5.26702e-05
4.28393e-05
-5.80356e-05
6.20525e-05
-2.80157e-05
0.000111659
2.64197e-05
0.000168471
8.44447e-05
0.00020064
0.000130212
0.00019904
0.000156487
0.000171004
0.000164299
0.000131283
0.000158977
9.24473e-05
0.000147086
6.10243e-05
0.000133481
3.8029e-05
0.000120651
2.18204e-05
0.000109474
1.0354e-05
0.000100103
2.01393e-06
9.24116e-05
-4.40106e-06
8.60418e-05
-9.56408e-06
8.07042e-05
-1.41252e-05
7.60885e-05
-1.83935e-05
7.18198e-05
-2.25203e-05
6.74765e-05
-2.67073e-05
6.25448e-05
-3.10616e-05
-3.54064e-05
5.66776e-05
-1.85595e-05
4.99755e-05
-4.27702e-05
6.70501e-05
-5.47742e-05
7.40566e-05
-4.28495e-05
9.97344e-05
-8.11328e-06
0.000133735
3.64008e-05
0.000156126
7.76866e-05
0.000157754
0.000107063
0.000141628
0.000122464
0.000115882
0.000126398
8.8513e-05
0.000123103
6.43201e-05
0.000116286
4.48456e-05
0.000108325
2.97817e-05
0.000100468
1.82107e-05
9.32751e-05
9.20672e-06
8.68736e-05
2.0005e-06
8.1293e-05
-3.98345e-06
7.63408e-05
-9.17306e-06
7.18387e-05
-1.38913e-05
6.76005e-05
-1.8282e-05
6.33576e-05
-2.24644e-05
5.88153e-05
-2.65193e-05
-3.03353e-05
5.37442e-05
-1.03772e-05
6.03527e-05
-2.49163e-05
8.15891e-05
-3.2584e-05
8.17242e-05
-2.62805e-05
9.34309e-05
-4.49437e-06
0.000111949
2.61475e-05
0.000125484
5.68211e-05
0.00012708
8.09397e-05
0.000117509
9.59807e-05
0.000100841
0.000102741
8.17527e-05
0.000103558
6.35034e-05
0.000100809
4.75944e-05
9.62624e-05
3.43281e-05
9.10307e-05
2.34425e-05
8.57348e-05
1.45027e-05
8.06682e-05
7.0671e-06
7.59385e-05
7.46257e-07
7.15515e-05
-4.78604e-06
6.73845e-05
-9.72433e-06
6.33692e-05
-1.42667e-05
5.93733e-05
-1.84685e-05
5.52463e-05
-2.23924e-05
-2.59696e-05
5.08805e-05
-5.03984e-06
6.53924e-05
-1.09266e-05
8.74758e-05
-1.28742e-05
8.3672e-05
-7.20565e-06
8.77624e-05
7.05805e-06
9.76853e-05
2.72627e-05
0.00010528
4.822e-05
0.000106123
6.58919e-05
9.98376e-05
7.8242e-05
8.84905e-05
8.5193e-05
7.48018e-05
8.77903e-05
6.09063e-05
8.73715e-05
4.80134e-05
8.50983e-05
3.66014e-05
8.18125e-05
2.67283e-05
7.80606e-05
1.82547e-05
7.41637e-05
1.09641e-05
7.02814e-05
4.62853e-06
6.65172e-05
-1.02182e-06
6.28144e-05
-6.02154e-06
5.91478e-05
-1.06e-05
5.54784e-05
-1.47992e-05
5.17391e-05
-1.86532e-05
-2.21158e-05
4.78853e-05
-2.24291e-06
6.76353e-05
-2.84912e-06
8.80821e-05
-1.21584e-06
8.2039e-05
4.41679e-06
8.21298e-05
1.47301e-05
8.73722e-05
2.83299e-05
9.16798e-05
4.2763e-05
9.16903e-05
5.56371e-05
8.69636e-05
6.54486e-05
7.8679e-05
7.17911e-05
6.84595e-05
7.5036e-05
5.76615e-05
7.58876e-05
4.71619e-05
7.50644e-05
3.74247e-05
7.31565e-05
2.86362e-05
7.05977e-05
2.08135e-05
6.76821e-05
1.38796e-05
6.45962e-05
7.71449e-06
6.13905e-05
2.18384e-06
5.81902e-05
-2.82125e-06
5.49448e-05
-7.35461e-06
5.16574e-05
-1.15118e-05
4.83027e-05
-1.52984e-05
-1.86984e-05
4.48854e-05
-6.30542e-07
6.8266e-05
1.43059e-06
8.6021e-05
4.8025e-06
7.86672e-05
1.02086e-05
7.67237e-05
1.80385e-05
7.95422e-05
2.781e-05
8.19083e-05
3.82627e-05
8.12378e-05
4.79349e-05
7.72914e-05
5.5759e-05
7.0855e-05
6.12992e-05
6.29194e-05
6.46357e-05
5.4325e-05
6.6121e-05
4.56766e-05
6.61824e-05
3.73634e-05
6.52157e-05
2.96029e-05
6.35445e-05
2.24847e-05
6.14119e-05
1.60123e-05
5.89864e-05
1.01399e-05
5.63684e-05
4.80181e-06
5.36226e-05
-7.53694e-08
5.08026e-05
-4.53466e-06
4.78977e-05
-8.60678e-06
4.49364e-05
-1.2337e-05
-1.56842e-05
4.19224e-05
4.77262e-07
6.77888e-05
3.77922e-06
8.2719e-05
7.85462e-06
7.45918e-05
1.27727e-05
7.18056e-05
1.8991e-05
7.33236e-05
2.6427e-05
7.44721e-05
3.436e-05
7.33048e-05
4.18449e-05
6.98065e-05
4.81413e-05
6.45587e-05
5.28884e-05
5.81723e-05
5.60535e-05
5.11599e-05
5.77995e-05
4.39306e-05
5.83716e-05
3.67914e-05
5.80269e-05
2.99477e-05
5.69973e-05
2.35143e-05
5.5473e-05
1.75365e-05
5.35986e-05
1.20144e-05
5.14762e-05
6.92422e-06
4.91692e-05
2.23173e-06
4.67418e-05
-2.1072e-06
4.42243e-05
-6.08915e-06
4.1629e-05
-9.74155e-06
-1.30508e-05
3.89957e-05
1.23132e-06
6.65573e-05
5.07001e-06
7.88803e-05
9.26844e-06
7.03931e-05
1.3669e-05
6.74051e-05
1.87767e-05
6.82158e-05
2.46734e-05
6.85752e-05
3.09036e-05
6.70746e-05
3.68315e-05
6.38785e-05
4.19501e-05
5.94402e-05
4.59863e-05
5.4136e-05
4.88707e-05
4.82755e-05
5.06667e-05
4.21347e-05
5.15089e-05
3.59492e-05
5.156e-05
2.98967e-05
5.09817e-05
2.40926e-05
4.9918e-05
1.86002e-05
4.84871e-05
1.34453e-05
4.67813e-05
8.63012e-06
4.48693e-05
4.14383e-06
4.27996e-05
-3.73611e-08
4.0626e-05
-3.91539e-06
3.83745e-05
-7.48996e-06
-1.07718e-05
3.60957e-05
1.70531e-06
6.48518e-05
5.68386e-06
7.49017e-05
9.72184e-06
6.63549e-05
1.36347e-05
6.34924e-05
1.79359e-05
6.39146e-05
2.27557e-05
6.37554e-05
2.77787e-05
6.20516e-05
3.25658e-05
5.90914e-05
3.67719e-05
5.52341e-05
4.01986e-05
5.07094e-05
4.27714e-05
4.57028e-05
4.45034e-05
4.04028e-05
4.54644e-05
3.49883e-05
4.5755e-05
2.96061e-05
4.54859e-05
2.43616e-05
4.47636e-05
1.93225e-05
4.36824e-05
1.45266e-05
4.23214e-05
9.99123e-06
4.07451e-05
5.72014e-06
3.89989e-05
1.70897e-06
3.71485e-05
-2.06493e-06
3.52178e-05
-5.55916e-06
-8.80443e-06
3.32505e-05
1.98407e-06
6.28676e-05
5.85381e-06
7.10319e-05
9.59601e-06
6.26125e-05
1.30655e-05
6.0023e-05
1.67528e-05
6.02272e-05
2.07823e-05
5.97259e-05
2.49168e-05
5.7917e-05
2.88476e-05
5.51606e-05
3.23405e-05
5.17413e-05
3.52543e-05
4.77957e-05
3.75219e-05
4.34353e-05
3.91331e-05
3.87917e-05
4.01206e-05
3.40009e-05
4.05455e-05
2.91812e-05
4.04829e-05
2.44243e-05
4.00107e-05
1.97947e-05
3.92027e-05
1.53346e-05
3.81252e-05
1.10687e-05
3.68362e-05
7.00921e-06
3.53842e-05
3.16105e-06
3.38165e-05
-4.97236e-07
3.21752e-05
-3.91779e-06
-7.14361e-06
3.05144e-05
2.14028e-06
6.07274e-05
5.75013e-06
6.74219e-05
9.13396e-06
5.92286e-05
1.22028e-05
5.69541e-05
1.54019e-05
5.70282e-05
1.88248e-05
5.63031e-05
2.22818e-05
5.446e-05
2.55533e-05
5.18892e-05
2.84811e-05
4.88137e-05
3.09654e-05
4.53116e-05
3.29505e-05
4.14506e-05
3.44169e-05
3.73255e-05
3.53774e-05
3.30404e-05
3.58684e-05
2.86903e-05
3.59405e-05
2.43522e-05
3.56506e-05
2.00847e-05
3.50559e-05
1.59294e-05
3.42109e-05
1.19137e-05
3.31664e-05
8.05373e-06
3.19692e-05
4.35835e-06
3.06466e-05
8.25375e-07
2.92749e-05
-2.54605e-06
-5.74305e-06
2.78744e-05
2.22311e-06
5.85044e-05
5.49144e-06
6.41535e-05
8.49037e-06
5.62296e-05
1.11952e-05
5.42492e-05
1.39902e-05
5.42331e-05
1.69278e-05
5.33656e-05
1.98502e-05
5.15378e-05
2.26003e-05
4.91393e-05
2.50718e-05
4.63424e-05
2.71951e-05
4.31885e-05
2.89253e-05
3.97205e-05
3.02412e-05
3.60096e-05
3.11451e-05
3.21366e-05
3.16582e-05
2.81771e-05
3.18145e-05
2.41959e-05
3.16548e-05
2.02443e-05
3.12229e-05
1.63614e-05
3.0562e-05
1.25746e-05
2.97139e-05
8.90179e-06
2.87183e-05
5.35396e-06
2.76099e-05
1.93379e-06
2.64263e-05
-1.36241e-06
-4.52886e-06
2.52122e-05
2.25898e-06
5.62455e-05
5.1571e-06
6.12553e-05
7.76394e-06
5.36227e-05
1.01326e-05
5.18805e-05
1.25793e-05
5.17865e-05
1.51126e-05
5.08325e-05
1.7598e-05
4.90524e-05
1.99233e-05
4.68141e-05
2.20178e-05
4.42479e-05
2.38333e-05
4.13731e-05
2.53344e-05
3.82195e-05
2.65011e-05
3.48429e-05
2.73304e-05
3.13072e-05
2.78338e-05
2.76737e-05
2.80333e-05
2.39964e-05
2.7957e-05
2.03206e-05
2.76366e-05
1.66818e-05
2.71045e-05
1.31068e-05
2.63922e-05
9.61404e-06
2.55306e-05
6.2156e-06
2.45483e-05
2.91603e-06
2.3476e-05
-2.90085e-07
-3.39676e-06
2.2344e-05
2.25505e-06
5.39904e-05
4.79343e-06
5.87168e-05
7.01474e-06
5.14014e-05
9.06585e-06
4.98294e-05
1.11979e-05
4.96544e-05
1.3379e-05
4.86513e-05
1.54929e-05
4.69385e-05
1.74589e-05
4.4848e-05
1.92315e-05
4.24754e-05
2.07768e-05
3.98277e-05
2.20671e-05
3.69293e-05
2.30842e-05
3.38258e-05
2.38224e-05
3.0569e-05
2.42862e-05
2.72098e-05
2.44884e-05
2.37943e-05
2.44466e-05
2.03624e-05
2.41815e-05
1.69468e-05
2.37149e-05
1.35734e-05
2.30685e-05
1.02604e-05
2.22643e-05
7.01975e-06
2.1325e-05
3.85535e-06
2.02652e-05
7.69728e-07
-2.2677e-06
1.91362e-05
2.21364e-06
5.17767e-05
4.43136e-06
5.64989e-05
6.28255e-06
4.95502e-05
8.02574e-06
4.80861e-05
9.86119e-06
4.78188e-05
1.17229e-05
4.67895e-05
1.3508e-05
4.51533e-05
1.5158e-05
4.3198e-05
1.66443e-05
4.09891e-05
1.7943e-05
3.85289e-05
1.90313e-05
3.58409e-05
1.98931e-05
3.29639e-05
2.05208e-05
2.99413e-05
2.09138e-05
2.68168e-05
2.10775e-05
2.36306e-05
2.10212e-05
2.04187e-05
2.07565e-05
1.72115e-05
2.02964e-05
1.40334e-05
1.96549e-05
1.09019e-05
1.88473e-05
7.82732e-06
1.78903e-05
4.8124e-06
1.68032e-05
1.85689e-06
-1.10814e-06
1.56437e-05
2.11459e-06
4.9662e-05
4.0396e-06
5.45738e-05
5.5434e-06
4.80463e-05
6.98275e-06
4.66466e-05
8.52226e-06
4.62791e-05
1.00737e-05
4.52379e-05
1.15471e-05
4.36797e-05
1.28993e-05
4.18458e-05
1.41131e-05
3.97752e-05
1.51704e-05
3.74716e-05
1.60522e-05
3.49591e-05
1.67445e-05
3.22716e-05
1.72387e-05
2.94472e-05
1.75312e-05
2.65243e-05
1.76226e-05
2.35392e-05
1.75168e-05
2.05246e-05
1.72198e-05
1.75085e-05
1.67393e-05
1.45138e-05
1.60855e-05
1.15557e-05
1.52712e-05
8.64155e-06
1.43143e-05
5.76936e-06
1.32432e-05
2.92795e-06
4.63357e-08
1.20888e-05
2.03593e-06
4.76259e-05
3.74083e-06
5.28688e-05
4.93145e-06
4.68556e-05
6.10163e-06
4.54763e-05
7.38336e-06
4.49973e-05
8.67198e-06
4.39492e-05
9.88166e-06
4.247e-05
1.09807e-05
4.07467e-05
1.19616e-05
3.87944e-05
1.28086e-05
3.66246e-05
1.35067e-05
3.4261e-05
1.40441e-05
3.17341e-05
1.44127e-05
2.90786e-05
1.46079e-05
2.63292e-05
1.46282e-05
2.3519e-05
1.44739e-05
2.06789e-05
1.41474e-05
1.78349e-05
1.36526e-05
1.50086e-05
1.2995e-05
1.22132e-05
1.21835e-05
9.45304e-06
1.12323e-05
6.72063e-06
1.01683e-05
3.99185e-06
1.22629e-06
8.98836e-06
1.72871e-06
2.96379e-06
3.7549e-06
4.52669e-06
5.37056e-06
6.22114e-06
7.00352e-06
7.70498e-06
8.3169e-06
8.82773e-06
9.22732e-06
9.50719e-06
9.66148e-06
9.68655e-06
9.58026e-06
9.3414e-06
8.97047e-06
8.47001e-06
7.84436e-06
7.10043e-06
6.24884e-06
5.31114e-06
4.33644e-06
9.76725e-06
-7.89393e-06
1.29073e-05
-3.14007e-06
9.07804e-06
3.82928e-06
8.58476e-06
4.93291e-07
-2.44903e-05
-7.44573e-06
-2.79044e-05
2.73983e-07
-2.75794e-05
3.50431e-06
1.00722e-07
-1.90954e-05
-4.72819e-05
-1.02525e-05
-4.19733e-05
-5.03459e-06
-3.36386e-05
-4.83044e-06
-8.00674e-06
-2.55311e-05
-5.73158e-05
-1.47424e-05
-5.42664e-05
-8.084e-06
-5.39824e-05
-5.11443e-06
-2.92452e-06
-5.90646e-05
-8.74989e-05
-1.00307e-05
-9.53225e-05
-2.60455e-07
-0.000108233
7.79611e-06
1.5331e-05
-0.000126489
-0.000116687
4.88011e-07
-0.000131464
1.45161e-05
-0.000152032
2.83637e-05
3.97588e-05
-0.000176459
-0.00013644
1.18646e-05
-0.000152803
3.08788e-05
-0.000175789
5.13496e-05
6.44383e-05
-0.000200468
-0.000138756
1.93583e-05
-0.000152366
4.44889e-05
-0.000173887
7.28705e-05
7.60742e-05
-0.000185523
-0.000131077
1.80003e-05
-0.000130215
4.36264e-05
-0.000129905
7.2561e-05
6.85823e-05
-0.000122413
-0.00012137
7.78539e-06
-0.000102705
2.49611e-05
-7.0043e-05
3.98995e-05
4.00856e-05
-4.15465e-05
-0.000110761
-8.70855e-06
-8.8011e-05
2.21152e-06
-5.57067e-05
7.5952e-06
2.76019e-06
-1.83812e-05
-0.000111966
-3.63108e-05
-8.71132e-05
-2.26414e-05
-6.1313e-05
-1.8205e-05
-1.50175e-05
-4.35353e-05
-0.000183536
-5.60113e-05
-0.000163373
-4.28053e-05
-0.0001271
-5.4478e-05
-4.28536e-05
-9.92635e-05
-0.000187648
-6.5128e-05
-0.000162723
-6.77304e-05
-0.000153228
-6.39727e-05
-5.4723e-05
-0.000141358
-0.000129085
-6.49492e-05
-0.00013113
-6.56859e-05
-0.000129856
-6.52468e-05
-6.41277e-05
-0.000120452
-7.49679e-05
-5.93241e-05
-8.17232e-05
-5.89303e-05
-8.70889e-05
-5.9881e-05
-6.32557e-05
-8.79609e-05
-2.73865e-05
-5.27067e-05
-3.42851e-05
-5.20318e-05
-4.44395e-05
-4.97267e-05
-5.68155e-05
-5.08797e-05
1.82597e-05
-4.38401e-05
1.14213e-05
-4.51935e-05
4.07262e-06
-4.2378e-05
-4.82886e-05
-4.45432e-06
6.31685e-05
-3.40781e-05
5.56463e-05
-3.76714e-05
5.17321e-05
-3.84639e-05
-3.96247e-05
4.30682e-05
9.27274e-05
-3.01008e-05
8.75886e-05
-3.25326e-05
8.36068e-05
-3.44823e-05
-3.55087e-05
7.94908e-05
8.94494e-05
-2.94119e-05
8.8144e-05
-3.12273e-05
8.64023e-05
-3.27406e-05
-3.3687e-05
8.45805e-05
7.50324e-05
-2.77692e-05
7.304e-05
-2.9235e-05
7.06712e-05
-3.03718e-05
-3.11871e-05
6.81712e-05
6.36334e-05
-2.47998e-05
6.04426e-05
-2.60442e-05
5.70629e-05
-2.69922e-05
-2.76245e-05
5.35003e-05
5.7014e-05
-2.13726e-05
5.33407e-05
-2.2371e-05
4.94914e-05
-2.3143e-05
-2.36873e-05
4.55541e-05
5.35416e-05
-1.82367e-05
5.02218e-05
-1.90512e-05
4.67911e-05
-1.97124e-05
-2.02319e-05
4.33355e-05
5.11434e-05
-1.56359e-05
4.84467e-05
-1.63546e-05
4.56994e-05
-1.69652e-05
-1.74839e-05
4.29514e-05
4.87187e-05
-1.34741e-05
4.65137e-05
-1.41497e-05
4.42874e-05
-1.47389e-05
-1.52578e-05
4.20612e-05
4.60161e-05
-1.16049e-05
4.41294e-05
-1.2263e-05
4.22389e-05
-1.28483e-05
-1.33739e-05
4.03551e-05
4.32447e-05
-9.96418e-06
4.16004e-05
-1.06185e-05
3.99623e-05
-1.12101e-05
-1.17487e-05
3.83371e-05
4.04864e-05
-8.52806e-06
3.90522e-05
-9.18418e-06
3.76276e-05
-9.78547e-06
-1.0339e-05
3.62179e-05
3.77439e-05
-7.27614e-06
3.64941e-05
-7.93424e-06
3.52529e-05
-8.54424e-06
-9.11083e-06
3.40248e-05
3.50094e-05
-6.1897e-06
3.39243e-05
-6.84912e-06
3.28468e-05
-7.4667e-06
-8.04687e-06
3.17829e-05
3.23179e-05
-5.257e-06
3.13871e-05
-5.91838e-06
3.0466e-05
-6.54554e-06
-7.14191e-06
2.9561e-05
2.97245e-05
-4.46702e-06
2.89394e-05
-5.13325e-06
2.81649e-05
-5.77104e-06
-6.38536e-06
2.74083e-05
2.72073e-05
-3.7999e-06
2.65442e-05
-4.47013e-06
2.58905e-05
-5.11732e-06
-5.74523e-06
2.52503e-05
2.46297e-05
-3.21742e-06
2.4045e-05
-3.8854e-06
2.34613e-05
-4.53363e-06
-5.16327e-06
2.28794e-05
2.17919e-05
-2.66531e-06
2.12285e-05
-3.32195e-06
2.06556e-05
-3.96072e-06
-4.57829e-06
2.00707e-05
1.85735e-05
-2.1025e-06
1.79937e-05
-2.74209e-06
1.73984e-05
-3.36545e-06
-3.96556e-06
1.67857e-05
1.50642e-05
-1.52299e-06
1.44704e-05
-2.14825e-06
1.3867e-05
-2.76206e-06
-3.36189e-06
1.32633e-05
1.15331e-05
-9.67336e-07
1.09667e-05
-1.58192e-06
1.04064e-05
-2.20173e-06
-2.82608e-06
9.87053e-06
8.36805e-06
-3.47065e-07
7.77807e-06
-9.9198e-07
7.22339e-06
-1.64709e-06
-2.32907e-06
6.72636e-06
3.91154e-06
3.48462e-06
3.09076e-06
2.75624e-06
1.26394e-05
-1.44098e-05
1.32552e-05
-6.35944e-05
1.52133e-05
-5.33641e-05
-3.28563e-06
-7.56214e-06
-4.39731e-05
6.79931e-05
-9.51531e-05
9.60425e-05
-0.000129242
0.000100184
-0.000135895
0.00010229
-0.000130666
6.59597e-05
-7.16019e-05
-2.87488e-05
2.34258e-05
-8.79347e-05
0.000129937
-0.000111491
0.000209775
-0.000150424
0.000230014
-0.000180922
0.000269211
-0.000101677
0.000240676
0.000134582
0.000137196
0.000211857
1.08476e-05
6.30351e-05
-4.13225e-05
-2.30779e-06
-3.11974e-05
-1.52279e-05
-5.06743e-05
-4.39863e-05
-2.46056e-05
-7.83767e-05
2.68283e-05
-9.8362e-05
8.79783e-05
-0.00012609
0.000123771
-0.000147873
0.000121966
-0.000146435
0.000100852
-0.000102277
2.18011e-05
-2.71919e-05
-0.000103834
3.69144e-05
-0.000152041
8.69526e-05
-0.000161529
0.000100224
-0.000163695
7.61157e-05
-0.000156814
0.000101155
-0.000126716
0.000142215
9.35223e-05
0.000196558
0.000157514
0.000143188
0.000116405
0.000101865
-3.09206e-05
-2.58079e-05
-6.59877e-05
-1.56072e-05
-0.000105354
1.47609e-05
-0.00011975
4.12238e-05
-0.000118807
8.70353e-05
-0.000126823
0.000131788
-0.000133398
0.000128541
-0.000106783
7.42372e-05
-2.49597e-05
-6.00225e-05
3.19729e-05
-0.000160766
6.20978e-05
-0.000182166
8.2426e-05
-0.000181858
8.20116e-05
-0.000163281
6.7038e-05
-0.00014184
5.75056e-05
-0.000117184
4.68259e-05
0.000104202
0.000133386
7.09538e-05
0.000144314
0.000105478
0.000246179
-8.92628e-05
4.39027e-06
-0.000128234
2.33638e-05
-0.00014762
3.4147e-05
-0.000144817
3.84212e-05
-0.000125516
6.77337e-05
-0.000104243
0.000110514
-7.545e-05
9.97489e-05
-2.26006e-05
2.13878e-05
3.29061e-05
-0.000115529
3.96298e-05
-0.00016749
5.68968e-05
-0.000199433
7.73557e-05
-0.000202316
9.69211e-05
-0.000182846
0.000103871
-0.000148791
5.22757e-05
-6.55882e-05
-6.15831e-05
0.000218061
-4.9872e-05
5.92428e-05
7.29604e-06
4.83095e-05
0.000253475
-0.000174507
5.2409e-05
-0.000207346
5.6202e-05
-0.000208015
3.48168e-05
-0.000188197
1.86027e-05
-0.000152919
3.24555e-05
-9.45815e-05
5.21774e-05
-2.9264e-05
3.44314e-05
1.50253e-05
-2.29015e-05
2.46679e-05
-0.000125172
4.1949e-05
-0.000184771
6.03527e-05
-0.000217837
8.48752e-05
-0.000226839
0.000114711
-0.000212682
0.000133545
-0.000167624
7.30664e-05
-5.10982e-06
-1.01472e-05
0.000301274
-0.000112439
0.000161535
-0.000124321
6.01909e-05
0.000129154
-0.000230931
0.00010688
-0.000266815
9.2086e-05
-0.000260011
2.80131e-05
-0.000232651
-8.75741e-06
-0.000193802
-6.39341e-06
-0.000140929
-6.95456e-07
-7.05663e-05
-3.59314e-05
5.58369e-06
-9.90515e-05
5.60596e-05
-0.000175648
7.73281e-05
-0.00020604
8.47627e-05
-0.000225271
9.81985e-05
-0.000240275
9.33564e-05
-0.00020784
7.17132e-05
-0.000145981
7.61853e-05
-9.5821e-06
0.000115611
0.000261849
2.47877e-05
0.000252359
-3.48441e-05
0.000119823
9.43102e-05
-0.000243864
0.000150276
-0.000252086
0.000100309
-0.000234185
1.01116e-05
-0.000192769
-5.0173e-05
-0.000123006
-7.61565e-05
-1.56636e-05
-0.000108038
0.000100415
-0.00015201
0.000135253
-0.000133889
0.000114302
-0.000154698
9.4998e-05
-0.000186735
8.28947e-05
-0.000213168
7.36061e-05
-0.000230986
6.6211e-05
-0.000200445
5.27435e-05
-0.000132514
0.000101615
-5.84541e-05
0.000169409
0.000194055
0.000123833
0.000297934
4.11406e-05
0.000202515
0.000135451
-0.000186559
0.000151312
-0.000160697
7.44474e-05
-0.000112425
-3.8161e-05
-6.11822e-05
-0.000101416
-1.39308e-05
-0.000123408
4.05521e-05
-0.00016252
5.39716e-05
-0.00016543
7.51435e-05
-0.000155061
8.53802e-05
-0.000164934
7.69056e-05
-0.00017826
5.69939e-05
-0.000193256
7.87553e-05
-0.000252748
0.000101214
-0.000222904
0.000101994
-0.000133293
9.71642e-05
-5.36246e-05
0.000146794
0.000144426
0.000158904
0.000285825
6.9467e-05
0.000291952
0.000204918
-8.47243e-05
0.000113623
-2.78782e-05
1.76015e-05
2.40916e-05
-9.01305e-05
3.75639e-05
-0.000114888
5.65885e-05
-0.000142433
4.73228e-05
-0.000153255
4.5516e-05
-0.000163623
5.66077e-05
-0.000166153
6.06782e-05
-0.000169005
4.48808e-05
-0.000162463
2.62369e-05
-0.000174612
4.23266e-05
-0.000268837
6.44561e-05
-0.000245034
6.80903e-05
-0.000136927
5.73606e-05
-4.2895e-05
8.8004e-05
0.000113782
0.000100793
0.000273035
4.67581e-05
0.000345987
0.000251676
1.55665e-05
5.65105e-05
6.90072e-05
-3.58392e-05
6.52434e-05
-8.63668e-05
5.61381e-05
-0.000105782
3.8029e-05
-0.000124324
2.9896e-05
-0.000145122
2.98321e-05
-0.000163559
3.01606e-05
-0.000166481
2.8599e-05
-0.000167443
-5.69446e-05
-7.69195e-05
-7.26773e-05
-0.00015888
-7.19653e-05
-0.000269549
-4.9116e-05
-0.000267883
-2.7902e-05
-0.000158141
-2.03124e-05
-5.04846e-05
-1.79072e-05
0.000111377
-2.60074e-05
0.000281135
-2.46748e-05
0.000344654
0.000227001
4.17863e-05
-3.65707e-06
5.01261e-05
-4.41791e-05
3.44628e-05
-7.07035e-05
2.10421e-05
-9.23618e-05
1.73348e-05
-0.000120616
4.01448e-06
-0.000131802
-1.81099e-05
-0.000141435
-2.26564e-05
-0.000161934
-0.000154902
-3.51977e-05
-0.000179003
-5.28184e-05
-0.000173248
-0.000164635
-0.000197548
-0.000245249
-0.000204323
-0.000261109
-0.000170374
-0.00019209
-0.000158491
-6.23676e-05
-0.000175846
0.000128732
-0.000151883
0.000257173
-7.4457e-05
0.000267229
0.000152544
-1.33338e-05
-3.38586e-05
-7.06688e-06
-5.04459e-05
-4.26427e-07
-7.73439e-05
9.01451e-06
-0.000101803
6.03276e-06
-0.000117634
-2.69409e-05
-9.8828e-05
-0.000140053
-2.83225e-05
-0.000253459
-4.85288e-05
-0.0002536
-3.50563e-05
-0.000204353
-0.000102065
-0.000190894
-0.000178094
-0.000229831
-0.000206312
-0.00028047
-0.000210471
-0.000307268
-0.000165292
-0.000317588
-5.20478e-05
-0.000278644
8.97875e-05
-0.000182125
0.000160654
-7.29088e-05
0.000158012
7.9635e-05
-6.38224e-05
-6.92997e-05
-3.44761e-05
-7.97923e-05
-8.03659e-06
-0.000103783
2.47878e-05
-0.000134627
-4.78695e-05
-4.49771e-05
-0.000151869
5.17185e-06
-0.000207191
2.69996e-05
-0.000237535
-1.81856e-05
-0.000206097
-6.64939e-05
-0.000170159
-0.000138004
-0.000165269
-0.000182984
-0.000179368
-0.000192213
-0.000216837
-0.000173002
-0.000259014
-0.000123115
-0.000264677
-4.6385e-05
-0.000209606
3.47165e-05
-0.000128831
7.9878e-05
-5.25702e-05
8.17511e-05
2.70648e-05
-9.67098e-05
-0.000113948
-5.94744e-05
-0.000117028
-4.54175e-05
-0.00011784
-0.000103565
-7.64801e-05
-0.000153955
5.41307e-06
-0.000195511
4.67281e-05
-0.000199943
3.14312e-05
-0.000190516
-2.76127e-05
-0.000165039
-9.19702e-05
-0.000146845
-0.000156198
-0.000137354
-0.000192476
-0.000136985
-0.000192582
-0.000144391
-0.000165596
-0.000150922
-0.000116584
-0.00014357
-5.3737e-05
-0.000112029
3.17518e-06
-7.85627e-05
4.64115e-05
-4.44105e-05
4.75988e-05
-1.73458e-05
-9.72947e-05
-0.000137105
-9.49856e-05
-0.000119337
-0.000111619
-0.000101207
-0.000139219
-4.888e-05
-0.000153178
1.93726e-05
-0.000151646
4.51954e-05
-0.000140582
2.03673e-05
-0.00012913
-3.90646e-05
-0.000114052
-0.000107048
-0.000101948
-0.000168302
-9.72998e-05
-0.000197124
-0.000100211
-0.000189671
-0.000105781
-0.000160026
-0.000105162
-0.000117203
-9.1874e-05
-6.70246e-05
-7.14868e-05
-1.72122e-05
-4.93856e-05
2.43101e-05
-2.8705e-05
2.69181e-05
-4.60508e-05
-8.34491e-05
-0.000141617
-8.84629e-05
-0.000114323
-9.11732e-05
-9.84969e-05
-8.96367e-05
-5.04164e-05
-8.26345e-05
1.23704e-05
-7.30743e-05
3.56353e-05
-6.18698e-05
9.16298e-06
-5.32732e-05
-4.76612e-05
-4.65684e-05
-0.000113753
-4.56654e-05
-0.000169205
-5.13512e-05
-0.000191438
-6.03207e-05
-0.000180701
-6.74261e-05
-0.000152921
-6.77699e-05
-0.00011686
-5.87734e-05
-7.60213e-05
-4.25089e-05
-3.3477e-05
-2.25601e-05
4.36115e-06
-3.34209e-06
7.70001e-06
-4.93929e-05
-5.58009e-05
-0.000136696
-6.14243e-05
-0.0001087
-6.09786e-05
-9.89427e-05
-4.46603e-05
-6.67346e-05
-1.7092e-05
-1.51978e-05
3.7398e-06
1.48035e-05
1.50812e-05
-2.17832e-06
2.1169e-05
-5.37488e-05
1.90813e-05
-0.000111665
7.11845e-06
-0.000157242
-1.10737e-05
-0.000173246
-2.72204e-05
-0.000164555
-3.6747e-05
-0.000143394
-3.84736e-05
-0.000115133
-3.37917e-05
-8.07034e-05
-2.43941e-05
-4.28747e-05
-9.28464e-06
-1.07485e-05
1.19754e-05
-1.35601e-05
-3.74176e-05
-1.91071e-05
-0.000122043
-2.39082e-05
-0.000103898
-2.54599e-05
-9.7391e-05
-1.47606e-05
-7.74338e-05
1.53754e-05
-4.53337e-05
5.03852e-05
-2.02062e-05
7.03073e-05
-2.21004e-05
7.12152e-05
-5.46567e-05
5.85656e-05
-9.90154e-05
3.63869e-05
-0.000135063
1.23301e-05
-0.000149189
-6.27367e-06
-0.000145951
-1.59276e-05
-0.00013374
-1.80334e-05
-0.000113028
-1.59033e-05
-8.28337e-05
-1.23996e-05
-4.63786e-05
-3.36306e-06
-1.97851e-05
8.2787e-06
-2.52019e-05
-2.91389e-05
2.61382e-05
-0.000105113
1.98072e-05
-9.75674e-05
1.46378e-05
-9.22215e-05
1.49761e-05
-7.7772e-05
2.70836e-05
-5.74412e-05
4.94975e-05
-4.26201e-05
6.88967e-05
-4.14995e-05
7.319e-05
-5.895e-05
6.19804e-05
-8.78057e-05
4.04976e-05
-0.00011358
1.85955e-05
-0.000127287
3.57684e-06
-0.000130932
-3.491e-06
-0.000126673
-4.88466e-06
-0.000111634
-4.69905e-06
-8.30194e-05
-5.04387e-06
-4.60338e-05
3.60464e-08
-2.48651e-05
2.93999e-06
-2.81059e-05
-2.61989e-05
6.37226e-05
-8.93448e-05
5.47801e-05
-8.86248e-05
4.42477e-05
-8.16891e-05
3.73717e-05
-7.08959e-05
3.76237e-05
-5.76932e-05
4.38089e-05
-4.88053e-05
5.16725e-05
-4.93631e-05
5.35242e-05
-6.08016e-05
4.53685e-05
-7.965e-05
3.03437e-05
-9.85554e-05
1.59365e-05
-0.00011288
6.42318e-06
-0.000121419
1.71897e-06
-0.000121968
3.80351e-07
-0.000110295
-8.38117e-07
-8.1801e-05
-2.94049e-06
-4.39314e-05
-3.06999e-07
-2.74985e-05
-1.16626e-06
-2.72465e-05
-2.7365e-05
7.53835e-05
-8.01478e-05
6.46369e-05
-7.78781e-05
5.33202e-05
-7.03724e-05
4.34217e-05
-6.09974e-05
3.81768e-05
-5.24484e-05
3.76498e-05
-4.82782e-05
3.89465e-05
-5.06598e-05
3.77035e-05
-5.95586e-05
3.12787e-05
-7.32251e-05
2.14085e-05
-8.86851e-05
1.2089e-05
-0.00010356
4.85278e-06
-0.000114183
3.52974e-07
-0.000117469
-1.789e-06
-0.000108153
-4.46939e-06
-7.91205e-05
-6.68783e-06
-4.17129e-05
-6.08991e-06
-2.80963e-05
-5.34625e-06
-2.79901e-05
-3.27112e-05
6.11492e-05
-7.31258e-05
5.23767e-05
-6.91056e-05
4.32709e-05
-6.12666e-05
3.54834e-05
-5.32099e-05
3.10733e-05
-4.80383e-05
2.99206e-05
-4.71256e-05
2.97627e-05
-5.05019e-05
2.77648e-05
-5.75607e-05
2.23831e-05
-6.78433e-05
1.47623e-05
-8.10643e-05
6.72062e-06
-9.55183e-05
-9.05796e-07
-0.000106557
-6.53022e-06
-0.000111844
-1.06e-05
-0.000104084
-1.45623e-05
-7.51581e-05
-1.61203e-05
-4.01548e-05
-1.58872e-05
-2.83293e-05
-9.97154e-06
-3.39055e-05
-4.26826e-05
4.48002e-05
-6.44257e-05
3.63342e-05
-6.06397e-05
2.97258e-05
-5.46584e-05
2.57867e-05
-4.92709e-05
2.43983e-05
-4.665e-05
2.43086e-05
-4.70358e-05
2.36549e-05
-4.98483e-05
2.08194e-05
-5.47252e-05
1.53613e-05
-6.23852e-05
8.27604e-06
-7.3979e-05
1.57539e-07
-8.73998e-05
-8.26063e-06
-9.81383e-05
-1.56097e-05
-0.000104495
-2.2142e-05
-9.75513e-05
-2.71523e-05
-7.01477e-05
-2.68978e-05
-4.0409e-05
-2.26358e-05
-3.25911e-05
-1.10519e-05
-4.54892e-05
-5.37345e-05
3.67319e-05
-5.56037e-05
2.95089e-05
-5.3417e-05
2.49915e-05
-5.01411e-05
2.30839e-05
-4.73635e-05
2.2562e-05
-4.61282e-05
2.20225e-05
-4.64964e-05
2.02302e-05
-4.8056e-05
1.64023e-05
-5.08972e-05
1.06779e-05
-5.66609e-05
3.73764e-06
-6.70387e-05
-4.38341e-06
-7.92787e-05
-1.32025e-05
-8.93192e-05
-2.22253e-05
-9.54721e-05
-3.04703e-05
-8.93062e-05
-3.45828e-05
-6.6035e-05
-3.05606e-05
-4.44311e-05
-1.99599e-05
-4.31915e-05
-7.30127e-06
-5.81477e-05
-6.10357e-05
3.59353e-05
-4.82036e-05
3.02537e-05
-4.77356e-05
2.66295e-05
-4.6517e-05
2.45773e-05
-4.53114e-05
2.30952e-05
-4.46462e-05
2.12938e-05
-4.46951e-05
1.84786e-05
-4.52408e-05
1.42586e-05
-4.66773e-05
8.81392e-06
-5.12162e-05
2.47727e-06
-6.0702e-05
-4.75385e-06
-7.20476e-05
-1.28286e-05
-8.12444e-05
-2.21079e-05
-8.61927e-05
-3.00501e-05
-8.13638e-05
-3.13882e-05
-6.46967e-05
-2.36916e-05
-5.21275e-05
-1.12858e-05
-5.55971e-05
-2.91939e-06
-6.65141e-05
-6.39551e-05
3.69751e-05
-4.22275e-05
3.20974e-05
-4.2858e-05
2.84276e-05
-4.28473e-05
2.56935e-05
-4.25774e-05
2.33899e-05
-4.23427e-05
2.09906e-05
-4.22959e-05
1.80202e-05
-4.22704e-05
1.42573e-05
-4.29143e-05
9.84142e-06
-4.68004e-05
4.90965e-06
-5.57702e-05
-4.49344e-07
-6.66885e-05
-6.57481e-06
-7.51188e-05
-1.42059e-05
-7.85614e-05
-2.04523e-05
-7.51171e-05
-1.99324e-05
-6.52164e-05
-1.21535e-05
-5.99062e-05
-3.45462e-06
-6.42958e-05
1.84904e-07
-7.01535e-05
-6.37702e-05
3.7068e-05
-3.72343e-05
3.26862e-05
-3.84763e-05
2.90519e-05
-3.92131e-05
2.60909e-05
-3.96166e-05
2.35821e-05
-3.9834e-05
2.12138e-05
-3.99276e-05
1.87099e-05
-3.97665e-05
1.60357e-05
-4.02402e-05
1.3272e-05
-4.40366e-05
1.02598e-05
-5.27579e-05
6.933e-06
-6.33616e-05
3.03068e-06
-7.12163e-05
-1.98016e-06
-7.35504e-05
-6.45511e-06
-7.0642e-05
-6.36562e-06
-6.53057e-05
-1.86964e-06
-6.44021e-05
1.56185e-06
-6.77273e-05
1.73618e-06
-7.03279e-05
-6.2034e-05
3.60772e-05
-3.29565e-05
3.22284e-05
-3.46275e-05
2.89227e-05
-3.59074e-05
2.61341e-05
-3.68281e-05
2.37777e-05
-3.74776e-05
2.17452e-05
-3.78951e-05
2.00258e-05
-3.80472e-05
1.87565e-05
-3.89709e-05
1.78336e-05
-4.31137e-05
1.6618e-05
-5.15423e-05
1.47163e-05
-6.14598e-05
1.21535e-05
-6.86534e-05
9.03055e-06
-7.04273e-05
5.84858e-06
-6.74598e-05
4.41479e-06
-6.38718e-05
4.80778e-06
-6.4795e-05
4.23168e-06
-6.71512e-05
2.63672e-06
-6.8733e-05
-5.93974e-05
3.46638e-05
-2.92832e-05
3.13292e-05
-3.12929e-05
2.83909e-05
-3.29691e-05
2.58555e-05
-3.42927e-05
2.37704e-05
-3.53926e-05
2.22206e-05
-3.63454e-05
2.13908e-05
-3.72175e-05
2.14388e-05
-3.9019e-05
2.19367e-05
-4.36117e-05
2.17817e-05
-5.13873e-05
2.03858e-05
-6.00639e-05
1.80793e-05
-6.63468e-05
1.53726e-05
-6.77204e-05
1.25298e-05
-6.46169e-05
1.0038e-05
-6.13799e-05
7.77921e-06
-6.25362e-05
5.26639e-06
-6.46384e-05
2.89002e-06
-6.63567e-05
-5.65074e-05
3.30412e-05
-2.61064e-05
3.01343e-05
-2.8386e-05
2.75315e-05
-3.03664e-05
2.52976e-05
-3.20588e-05
2.35721e-05
-3.36672e-05
2.25356e-05
-3.5309e-05
2.24224e-05
-3.71045e-05
2.32512e-05
-3.9848e-05
2.42486e-05
-4.46092e-05
2.41416e-05
-5.12804e-05
2.24915e-05
-5.84138e-05
1.9785e-05
-6.36402e-05
1.65675e-05
-6.45029e-05
1.33752e-05
-6.14246e-05
1.05302e-05
-5.85349e-05
7.84819e-06
-5.98542e-05
5.06231e-06
-6.18526e-05
2.48634e-06
-6.37808e-05
-5.40211e-05
3.1264e-05
-2.33455e-05
2.87333e-05
-2.58553e-05
2.64738e-05
-2.81069e-05
2.45987e-05
-3.01838e-05
2.32725e-05
-3.2341e-05
2.26553e-05
-3.4692e-05
2.28773e-05
-3.73267e-05
2.37107e-05
-4.06815e-05
2.41998e-05
-4.50984e-05
2.33655e-05
-5.04462e-05
2.11757e-05
-5.62241e-05
1.80215e-05
-6.0486e-05
1.43027e-05
-6.07841e-05
1.09536e-05
-5.80754e-05
8.52502e-06
-5.61064e-05
6.46414e-06
-5.77934e-05
4.07505e-06
-5.94635e-05
1.60784e-06
-6.13136e-05
-5.24133e-05
2.94057e-05
-2.09683e-05
2.72464e-05
-2.3696e-05
2.53671e-05
-2.62277e-05
2.38949e-05
-2.87117e-05
2.29343e-05
-3.13804e-05
2.25174e-05
-3.42752e-05
2.25878e-05
-3.73973e-05
2.27242e-05
-4.0818e-05
2.21289e-05
-4.45032e-05
2.04613e-05
-4.87785e-05
1.79628e-05
-5.37256e-05
1.46841e-05
-5.72073e-05
1.10045e-05
-5.71045e-05
8.14896e-06
-5.52198e-05
6.47875e-06
-5.44362e-05
4.97789e-06
-5.62925e-05
2.96517e-06
-5.74509e-05
6.91101e-07
-5.90396e-05
-5.17221e-05
2.75602e-05
-1.89674e-05
2.57744e-05
-2.19102e-05
2.42772e-05
-2.47305e-05
2.31526e-05
-2.75871e-05
2.23792e-05
-3.0607e-05
2.18413e-05
-3.37373e-05
2.13609e-05
-3.69169e-05
2.05372e-05
-3.99944e-05
1.90387e-05
-4.30047e-05
1.70599e-05
-4.67998e-05
1.46577e-05
-5.13234e-05
1.1593e-05
-5.41427e-05
8.48604e-06
-5.39976e-05
6.44991e-06
-5.31837e-05
5.29675e-06
-5.32831e-05
3.94621e-06
-5.4942e-05
2.17264e-06
-5.56773e-05
1.35808e-07
-5.70027e-05
-5.15863e-05
2.57485e-05
-1.73076e-05
2.42798e-05
-2.04415e-05
2.30548e-05
-2.35055e-05
2.20756e-05
-2.66079e-05
2.12079e-05
-2.97393e-05
2.02871e-05
-3.28165e-05
1.91816e-05
-3.58114e-05
1.77288e-05
-3.85415e-05
1.6054e-05
-4.13299e-05
1.43535e-05
-4.50993e-05
1.22362e-05
-4.92062e-05
9.55961e-06
-5.14661e-05
7.1954e-06
-5.16334e-05
5.74311e-06
-5.17314e-05
4.69426e-06
-5.22343e-05
3.34668e-06
-5.35944e-05
1.81739e-06
-5.41479e-05
8.40515e-08
-5.52693e-05
-5.15022e-05
2.38262e-05
-1.58834e-05
2.25243e-05
-1.91396e-05
2.13673e-05
-2.23485e-05
2.02946e-05
-2.55353e-05
1.91511e-05
-2.85958e-05
1.78629e-05
-3.15283e-05
1.646e-05
-3.44085e-05
1.5034e-05
-3.71155e-05
1.37996e-05
-4.00955e-05
1.25231e-05
-4.38228e-05
1.06403e-05
-4.73234e-05
8.38435e-06
-4.92102e-05
6.58542e-06
-4.98345e-05
5.33717e-06
-5.04832e-05
4.25976e-06
-5.11569e-05
3.01661e-06
-5.23512e-05
1.75854e-06
-5.28898e-05
3.52168e-07
-5.38628e-05
-5.11499e-05
2.15256e-05
-1.45297e-05
2.02184e-05
-1.78323e-05
1.89737e-05
-2.11038e-05
1.77305e-05
-2.42921e-05
1.64113e-05
-2.72765e-05
1.50805e-05
-3.01974e-05
1.3869e-05
-3.31969e-05
1.29083e-05
-3.61548e-05
1.21515e-05
-3.93387e-05
1.10688e-05
-4.27402e-05
9.359e-06
-4.56137e-05
7.49851e-06
-4.73498e-05
6.03429e-06
-4.83704e-05
4.86359e-06
-4.93126e-05
3.85541e-06
-5.01487e-05
2.78812e-06
-5.12839e-05
1.74938e-06
-5.1851e-05
5.88974e-07
-5.27023e-05
-5.05609e-05
1.8663e-05
-1.3122e-05
1.72978e-05
-1.64671e-05
1.59997e-05
-1.98058e-05
1.47502e-05
-2.30426e-05
1.35674e-05
-2.60937e-05
1.25612e-05
-2.91912e-05
1.1785e-05
-3.24207e-05
1.12145e-05
-3.55843e-05
1.05855e-05
-3.87096e-05
9.50651e-06
-4.16613e-05
8.01327e-06
-4.41204e-05
6.5249e-06
-4.58614e-05
5.31389e-06
-4.71594e-05
4.29386e-06
-4.82925e-05
3.43095e-06
-4.92857e-05
2.51544e-06
-5.03683e-05
1.62752e-06
-5.0963e-05
6.25663e-07
-5.17004e-05
-4.99352e-05
1.5353e-05
-1.16894e-05
1.40548e-05
-1.5169e-05
1.28919e-05
-1.86429e-05
1.18816e-05
-2.20323e-05
1.10683e-05
-2.52804e-05
1.04709e-05
-2.85938e-05
9.98181e-06
-3.19315e-05
9.47084e-06
-3.50733e-05
8.74773e-06
-3.79864e-05
7.72333e-06
-4.06369e-05
6.53128e-06
-4.29284e-05
5.40366e-06
-4.47338e-05
4.45719e-06
-4.62129e-05
3.64198e-06
-4.74773e-05
2.91977e-06
-4.85635e-05
2.13294e-06
-4.95815e-05
1.37151e-06
-5.02015e-05
5.03572e-07
-5.08323e-05
-4.94316e-05
1.19716e-05
-1.03978e-05
1.09119e-05
-1.41094e-05
1.00286e-05
-1.77595e-05
9.34763e-06
-2.13514e-05
8.85819e-06
-2.47909e-05
8.46365e-06
-2.81992e-05
8.00509e-06
-3.14729e-05
7.4187e-06
-3.44868e-05
6.69765e-06
-3.72653e-05
5.87836e-06
-3.98175e-05
5.01976e-06
-4.20697e-05
4.22237e-06
-4.39364e-05
3.52712e-06
-4.55177e-05
2.90086e-06
-4.68511e-05
2.31118e-06
-4.79738e-05
1.67014e-06
-4.89404e-05
1.04829e-06
-4.95796e-05
3.41403e-07
-5.01254e-05
-4.90902e-05
8.82873e-06
-9.35602e-06
8.02361e-06
-1.33043e-05
7.39368e-06
-1.71296e-05
6.93318e-06
-2.08908e-05
6.5709e-06
-2.44286e-05
6.19884e-06
-2.78271e-05
5.73979e-06
-3.10137e-05
5.22198e-06
-3.39689e-05
4.68714e-06
-3.67304e-05
4.13616e-06
-3.92665e-05
3.57173e-06
-4.15053e-05
3.04239e-06
-4.34071e-05
2.55628e-06
-4.50315e-05
2.10011e-06
-4.63949e-05
1.65888e-06
-4.75326e-05
1.18677e-06
-4.84683e-05
7.21779e-07
-4.91146e-05
2.00337e-07
-4.96039e-05
-4.88898e-05
5.79461e-06
-8.42428e-06
5.1216e-06
-1.26312e-05
4.65996e-06
-1.66679e-05
4.32263e-06
-2.05535e-05
4.02987e-06
-2.41358e-05
3.73351e-06
-2.75306e-05
3.42217e-06
-3.07023e-05
3.12105e-06
-3.36677e-05
2.82293e-06
-3.64322e-05
2.50677e-06
-3.89503e-05
2.17728e-06
-4.11758e-05
1.86265e-06
-4.30925e-05
1.56459e-06
-4.47335e-05
1.28325e-06
-4.61136e-05
1.00852e-06
-4.72579e-05
7.14795e-07
-4.81746e-05
4.18739e-07
-4.88185e-05
8.46514e-08
-4.92698e-05
-4.88052e-05
2.15384e-06
1.80336e-06
1.61692e-06
1.475e-06
1.36227e-06
1.25849e-06
1.16511e-06
1.07672e-06
9.79643e-07
8.70067e-07
7.55562e-07
6.46427e-07
5.43154e-07
4.46395e-07
3.50842e-07
2.47679e-07
1.40065e-07
6.77739e-09
)
;

boundaryField
{
    leftWall
    {
        type            calculated;
        value           uniform 0;
    }
    rightWall
    {
        type            calculated;
        value           uniform 0;
    }
    lowerWall
    {
        type            calculated;
        value           uniform 0;
    }
    atmosphere
    {
        type            calculated;
        value           nonuniform List<scalar> 
46
(
4.58971e-05
5.16336e-05
4.60644e-05
4.47044e-05
4.41533e-05
4.30986e-05
4.16876e-05
4.00453e-05
3.81825e-05
3.61138e-05
3.38615e-05
3.14543e-05
2.89244e-05
2.63042e-05
2.36253e-05
2.09177e-05
1.82058e-05
1.55091e-05
1.28389e-05
1.0197e-05
7.5722e-06
4.92954e-06
2.20095e-06
7.78079e-08
-5.65081e-07
-1.25325e-06
-1.99456e-06
-7.82188e-06
-1.22808e-05
-1.64815e-05
-2.04115e-05
-2.4023e-05
-2.74268e-05
-3.06089e-05
-3.35792e-05
-3.63351e-05
-3.88407e-05
-4.10613e-05
-4.29833e-05
-4.46303e-05
-4.60169e-05
-4.71624e-05
-4.80714e-05
-4.87109e-05
-4.91365e-05
-4.87984e-05
)
;
    }
    defaultFaces
    {
        type            empty;
        value           nonuniform 0();
    }
}


// ************************************************************************* //
