/*--------------------------------*- C++ -*----------------------------------*\
| =========                 |                                                 |
| \\      /  F ield         | OpenFOAM: The Open Source CFD Toolbox           |
|  \\    /   O peration     | Version:  5.x                                   |
|   \\  /    A nd           | Web:      www.OpenFOAM.org                      |
|    \\/     M anipulation  |                                                 |
\*---------------------------------------------------------------------------*/
FoamFile
{
    version     2.0;
    format      ascii;
    class       surfaceScalarField;
    location    "0.4";
    object      alphaPhi10;
}
// * * * * * * * * * * * * * * * * * * * * * * * * * * * * * * * * * * * * * //

dimensions      [0 3 -1 0 0 0 0];

internalField   nonuniform List<scalar> 
4432
(
-3.24971e-06
3.24971e-06
-2.36187e-06
-8.87846e-07
2.28523e-06
-4.6471e-06
8.68531e-06
-6.40008e-06
1.52224e-05
-6.53712e-06
2.09269e-05
-5.70449e-06
2.54678e-05
-4.54089e-06
2.88969e-05
-3.42908e-06
3.14161e-05
-2.51921e-06
3.32413e-05
-1.82522e-06
3.45349e-05
-1.29359e-06
3.5372e-05
-8.37101e-07
3.57116e-05
-3.39554e-07
3.5318e-05
3.93602e-07
3.3717e-05
1.60095e-06
3.02871e-05
3.42989e-06
2.41747e-05
6.1124e-06
1.47983e-05
9.37641e-06
3.52083e-06
1.12775e-05
-5.074e-06
9.41311e-06
-1.11097e-05
7.75282e-06
-1.61475e-05
1.17057e-06
-1.61475e-05
-3.31218e-06
6.56189e-06
-2.12397e-06
-2.07605e-06
2.59453e-06
-9.3656e-06
8.99964e-06
-1.28052e-05
1.54861e-05
-1.30236e-05
2.11206e-05
-1.1339e-05
2.56012e-05
-9.02145e-06
2.89992e-05
-6.8271e-06
3.15263e-05
-5.04628e-06
3.33957e-05
-3.69466e-06
3.47601e-05
-2.65799e-06
3.5697e-05
-1.774e-06
3.62401e-05
-8.82603e-07
3.64426e-05
1.91087e-07
3.64197e-05
1.62381e-06
3.60194e-05
3.83024e-06
3.46373e-05
7.49444e-06
3.05979e-05
1.34159e-05
2.14419e-05
2.04334e-05
6.46002e-06
2.45199e-05
-6.29815e-06
2.2426e-05
-8.86216e-06
2.96694e-06
-2.50097e-05
-2.99976e-06
9.56164e-06
-1.68576e-06
-3.39005e-06
3.10604e-06
-1.41574e-05
9.45505e-06
-1.91542e-05
1.57819e-05
-1.93505e-05
2.12179e-05
-1.6775e-05
2.55215e-05
-1.3325e-05
2.88032e-05
-1.01089e-05
3.1289e-05
-7.53201e-06
3.31852e-05
-5.5909e-06
3.46279e-05
-4.10064e-06
3.56749e-05
-2.82102e-06
3.63089e-05
-1.51659e-06
3.64811e-05
1.88445e-08
3.61129e-05
1.99206e-06
3.52821e-05
4.66097e-06
3.43252e-05
8.45133e-06
3.34673e-05
1.42738e-05
3.09036e-05
2.29971e-05
2.33086e-05
3.21149e-05
1.20776e-05
3.36765e-05
3.49692e-06
1.16178e-05
-2.15145e-05
-2.58894e-06
1.21506e-05
-1.021e-06
-4.95799e-06
3.81467e-06
-1.89931e-05
1.00506e-05
-2.53901e-05
1.61397e-05
-2.54396e-05
2.12958e-05
-2.19311e-05
2.53631e-05
-1.73923e-05
2.85056e-05
-1.32513e-05
3.09609e-05
-9.98729e-06
3.29187e-05
-7.54869e-06
3.44862e-05
-5.66815e-06
3.56929e-05
-4.02774e-06
3.65097e-05
-2.33338e-06
3.68665e-05
-3.37955e-07
3.66773e-05
2.18126e-06
3.58915e-05
5.44675e-06
3.46276e-05
9.71524e-06
3.35994e-05
1.5302e-05
3.34714e-05
2.31251e-05
3.23552e-05
3.32311e-05
2.66809e-05
3.93509e-05
1.45679e-05
2.37309e-05
-6.94034e-06
-2.05435e-06
1.42049e-05
-9.28264e-08
-6.91952e-06
4.66822e-06
-2.37541e-05
1.07257e-05
-3.14476e-05
1.65194e-05
-3.12333e-05
2.13418e-05
-2.67535e-05
2.51375e-05
-2.1188e-05
2.81341e-05
-1.6248e-05
3.05783e-05
-1.24315e-05
3.26324e-05
-9.60279e-06
3.43645e-05
-7.40017e-06
3.57694e-05
-5.43265e-06
3.6796e-05
-3.36003e-06
3.73711e-05
-9.13067e-07
3.74268e-05
2.12562e-06
3.69277e-05
5.94579e-06
3.58892e-05
1.07538e-05
3.45577e-05
1.66335e-05
3.40023e-05
2.36806e-05
3.46535e-05
3.25799e-05
3.25754e-05
4.1429e-05
2.07988e-05
3.55074e-05
1.38236e-05
-1.38567e-06
1.55906e-05
7.8553e-07
-9.09072e-06
5.55752e-06
-2.85261e-05
1.13758e-05
-3.72659e-05
1.6849e-05
-3.67064e-05
2.13367e-05
-3.12412e-05
2.48757e-05
-2.4727e-05
2.77573e-05
-1.91295e-05
3.02309e-05
-1.49051e-05
3.24227e-05
-1.17946e-05
3.43549e-05
-9.33242e-06
3.59842e-05
-7.06194e-06
3.72354e-05
-4.61123e-06
3.80279e-05
-1.70552e-06
3.83034e-05
1.85007e-06
3.80539e-05
6.19535e-06
3.73148e-05
1.14929e-05
3.61467e-05
1.78016e-05
3.49134e-05
2.49139e-05
3.46948e-05
3.27985e-05
3.35843e-05
4.25395e-05
2.34687e-05
4.5623e-05
3.72923e-05
-5.90036e-07
1.61806e-05
1.85105e-06
-1.15318e-05
6.44207e-06
-3.31171e-05
1.19136e-05
-4.27374e-05
1.70345e-05
-4.18273e-05
2.12114e-05
-3.54181e-05
2.45474e-05
-2.8063e-05
2.73804e-05
-2.19624e-05
2.99482e-05
-1.7473e-05
3.23318e-05
-1.41781e-05
3.45054e-05
-1.15061e-05
3.63895e-05
-8.94605e-06
3.78879e-05
-6.10959e-06
3.8912e-05
-2.72959e-06
3.93948e-05
1.36727e-06
3.93408e-05
6.24929e-06
3.879e-05
1.20437e-05
3.7848e-05
1.87436e-05
3.64839e-05
2.6278e-05
3.51768e-05
3.41055e-05
3.35501e-05
4.41662e-05
2.54206e-05
5.37526e-05
6.27129e-05
3.90408e-07
1.57902e-05
3.20491e-06
-1.43463e-05
7.58365e-06
-3.74958e-05
1.25628e-05
-4.77165e-05
1.72038e-05
-4.64683e-05
2.10286e-05
-3.92429e-05
2.41822e-05
-3.12167e-05
2.70073e-05
-2.47875e-05
2.97031e-05
-2.01688e-05
3.22958e-05
-1.67708e-05
3.47156e-05
-1.39259e-05
3.68574e-05
-1.10878e-05
3.86126e-05
-7.8648e-06
3.98943e-05
-4.01129e-06
4.06556e-05
6.05932e-07
4.0847e-05
6.05786e-06
4.04737e-05
1.24171e-05
3.96586e-05
1.95586e-05
3.84233e-05
2.75134e-05
3.66822e-05
3.58466e-05
3.42353e-05
4.66131e-05
2.68733e-05
6.11146e-05
8.95862e-05
1.34782e-15
-1.34782e-15
2.59293e-13
-2.57946e-13
3.35669e-14
1.21821e-13
3.33954e-16
1.56019e-14
4.80775e-18
3.87638e-16
4.47332e-20
1.37854e-18
2.78649e-23
1.41352e-20
-6.10233e-26
1.84321e-23
-5.03796e-27
3.09871e-26
-5.04868e-27
1.63856e-27
-1.32958e-26
8.73797e-28
-1.42974e-26
1.04295e-27
-6.59772e-27
2.21326e-28
-3.67561e-27
-8.27619e-28
-3.78128e-27
-1.22183e-27
-8.16551e-27
-3.20029e-27
-1.77939e-26
-1.23245e-26
-6.4315e-28
-3.0682e-26
-1.8834e-27
1.03444e-13
-1.04792e-13
9.77804e-12
-1.02605e-11
1.49109e-12
4.59582e-12
4.56726e-14
9.8845e-13
2.36602e-16
4.52508e-14
8.14495e-19
2.31651e-16
-2.06266e-23
8.14328e-19
-2.67814e-24
5.19349e-23
-4.24214e-25
3.11667e-24
-5.87262e-25
4.5028e-25
-2.40761e-24
4.63218e-25
-3.18778e-24
6.35117e-25
-2.56165e-24
7.3113e-26
-1.06204e-24
-7.03048e-25
-9.17628e-25
-6.5539e-25
-1.15697e-24
-1.03163e-24
-2.03031e-24
-2.88528e-24
-9.49733e-26
-6.4723e-24
-5.16428e-25
4.68048e-12
-4.78527e-12
1.82187e-10
-1.95972e-10
3.60414e-11
9.35036e-11
1.10392e-12
2.44667e-11
9.36993e-15
1.12529e-12
2.3893e-17
9.46707e-15
-3.26652e-21
2.53122e-17
-2.52004e-22
4.40776e-21
-7.82169e-23
4.96148e-22
-9.07934e-23
1.20806e-22
-2.12098e-22
6.67057e-23
-3.58882e-22
8.69245e-23
-4.11375e-22
9.8882e-24
-2.09828e-22
-2.08262e-22
-1.07625e-22
-1.87333e-22
-1.00962e-22
-1.55882e-22
-1.42953e-22
-2.97438e-22
-9.19923e-24
-6.02347e-22
-6.60648e-23
9.54677e-11
-1.00253e-10
3.23022e-09
-6.11945e-09
4.20613e-10
-4.37376e-10
9.83853e-12
3.61076e-10
1.01225e-13
1.06415e-11
3.62595e-16
1.11987e-13
-4.9474e-19
3.94712e-16
-1.9839e-20
1.23599e-19
-1.04867e-20
5.50823e-20
-7.67187e-21
1.73939e-20
-1.34124e-20
6.92169e-21
-2.44556e-20
6.99677e-21
-3.31533e-20
1.2047e-21
-2.31004e-20
-1.94683e-20
-7.85431e-21
-3.6231e-20
-6.06074e-21
-2.01195e-20
-6.56208e-21
-1.984e-20
-5.95613e-22
-3.50753e-20
-5.62883e-21
1.09744e-09
-3.94363e-09
1.09596e-08
1.51258e-09
6.60003e-09
5.31273e-11
7.44181e-11
2.78318e-09
9.0526e-13
8.19116e-11
2.39185e-15
9.66703e-13
-5.22201e-18
3.08652e-15
-2.0724e-19
3.33864e-19
-2.82742e-19
8.21755e-19
-3.95037e-19
7.05527e-19
-5.66887e-19
4.8492e-19
-1.62677e-18
3.25318e-19
-1.3251e-18
1.21748e-19
-9.70372e-19
-1.05221e-18
-4.42736e-19
-1.24622e-18
-2.26348e-19
-1.38761e-18
-2.15831e-19
-9.33336e-19
-2.79464e-20
-1.43301e-18
-3.94339e-19
2.10212e-09
5.96314e-10
1.32505e-08
1.08276e-08
9.91332e-09
6.67182e-10
7.88917e-11
6.0679e-09
7.19008e-13
1.5638e-10
-1.0216e-16
1.65254e-12
-2.02607e-17
2.9874e-15
-1.80648e-18
1.67963e-18
-9.46097e-18
1.20396e-17
-2.38475e-17
3.73777e-17
-1.32542e-17
1.27526e-17
-4.28223e-17
5.0578e-18
-2.61326e-17
5.04179e-18
-1.07659e-17
-2.28381e-17
-6.85014e-18
-1.23959e-17
-5.27339e-18
-9.16082e-18
-5.03683e-18
-2.46047e-17
-8.73781e-19
-3.42424e-17
-1.3646e-17
2.89557e-09
6.29127e-09
2.86949e-08
-1.48297e-08
1.51167e-08
-8.4786e-09
9.52414e-11
1.04705e-08
7.39291e-13
2.45721e-10
-2.64662e-15
2.39272e-12
-1.39079e-17
2.61443e-16
-2.67375e-17
1.50308e-17
-3.71049e-16
1.98744e-16
-8.22431e-16
1.02897e-15
-4.84595e-17
6.31614e-16
-2.02887e-16
1.08349e-17
-1.38413e-16
2.35511e-17
-5.59535e-17
-3.13602e-17
-1.02696e-16
-3.53474e-17
-6.78506e-17
-2.72833e-17
-8.04306e-17
-2.06979e-16
-1.7494e-17
-4.09218e-16
-7.51246e-17
5.07892e-08
-4.44979e-08
4.77182e-08
1.01224e-08
1.18242e-08
-1.66735e-08
-5.90592e-11
1.15533e-08
-1.45899e-12
1.84261e-10
-2.09786e-16
9.33791e-13
-9.26102e-19
3.64938e-17
-5.49497e-18
3.50992e-18
-1.88231e-17
1.95982e-16
-1.98505e-16
1.19111e-15
-5.24797e-17
9.82891e-17
-2.072e-16
1.91906e-17
-1.47265e-16
4.04712e-17
-1.6008e-16
5.23577e-17
-4.15077e-15
3.92375e-15
-8.94098e-16
-2.24128e-15
-1.21192e-15
-1.97489e-16
-4.35862e-16
-2.557e-15
-5.10987e-16
5.63386e-06
1.01564e-05
1.42908e-05
-2.30032e-05
2.36299e-05
-4.68339e-05
3.17962e-05
-5.58805e-05
3.88947e-05
-5.35648e-05
4.5275e-05
-4.56218e-05
5.13524e-05
-3.72933e-05
5.74642e-05
-3.08989e-05
6.36642e-05
-2.63687e-05
6.97617e-05
-2.28682e-05
7.54639e-05
-1.96281e-05
8.0499e-05
-1.61229e-05
8.46698e-05
-1.20356e-05
8.78582e-05
-7.19969e-06
9.00447e-05
-1.58058e-06
9.12805e-05
4.82202e-06
9.13969e-05
1.23007e-05
9.04726e-05
2.04829e-05
8.88017e-05
2.91843e-05
8.63371e-05
3.83112e-05
8.4016e-05
4.89342e-05
8.52153e-05
5.99154e-05
7.91307e-05
9.56708e-05
1.41309e-05
-3.97449e-06
3.09164e-05
-3.97863e-05
4.04925e-05
-5.63929e-05
4.29197e-05
-5.82837e-05
4.41924e-05
-5.4816e-05
4.7558e-05
-4.89711e-05
5.31071e-05
-4.28311e-05
5.99464e-05
-3.77306e-05
6.72561e-05
-3.36735e-05
7.44188e-05
-3.00276e-05
8.09197e-05
-2.61269e-05
8.63859e-05
-2.1588e-05
9.06629e-05
-1.63121e-05
9.38654e-05
-1.04021e-05
9.61322e-05
-3.84741e-06
9.73344e-05
3.61987e-06
9.7721e-05
1.19141e-05
9.75218e-05
2.06821e-05
9.74387e-05
2.92674e-05
9.76847e-05
3.80652e-05
9.91291e-05
4.74897e-05
0.000103433
5.56118e-05
6.77089e-05
0.000114854
2.5267e-05
-2.92415e-05
4.68895e-05
-5.09077e-05
4.46439e-05
-2.61481e-05
3.99158e-05
-1.9759e-05
3.60663e-05
-2.00033e-05
3.61849e-05
-1.95659e-05
4.02335e-05
-1.82048e-05
4.70665e-05
-1.74101e-05
5.48859e-05
-1.67478e-05
6.29757e-05
-1.59543e-05
7.12094e-05
-1.47892e-05
7.96105e-05
-1.31875e-05
8.79978e-05
-1.10412e-05
9.57149e-05
-8.03001e-06
0.000101819
-3.69465e-06
0.000104454
2.66284e-06
0.000103302
1.3067e-05
0.000101475
2.25091e-05
0.000101603
2.91386e-05
0.000103102
3.65667e-05
0.000105316
4.52762e-05
0.000107613
5.33143e-05
6.11922e-05
0.00011413
2.18165e-05
-1.59319e-05
6.80498e-06
-3.79134e-07
3.6264e-06
-3.73282e-09
2.93135e-06
-1.37273e-11
2.44456e-06
-1.71656e-17
1.80547e-06
-2.21531e-16
1.75733e-06
-1.2125e-15
2.13829e-06
-2.51392e-15
2.83929e-06
-2.93262e-14
3.79355e-06
-7.77132e-13
5.19182e-06
-2.96008e-12
7.45647e-06
-9.78919e-13
1.12365e-05
-5.2285e-12
1.75835e-05
-1.39745e-10
2.795e-05
-3.01824e-09
4.45091e-05
-5.24875e-08
7.15599e-05
1.56401e-07
0.00010001
4.69925e-06
0.00011239
1.82028e-05
0.000114991
3.39659e-05
0.000113589
4.6678e-05
0.000113448
5.34554e-05
5.89116e-05
0.000115728
3.82881e-07
-1.27156e-22
3.74655e-09
-6.55237e-21
1.37273e-11
-1.88981e-19
-4.67073e-20
-4.72803e-18
-9.59773e-19
-4.42703e-18
-8.51861e-18
-1.90141e-16
-3.27002e-17
-1.10829e-15
-4.42486e-16
-2.01163e-15
-1.41669e-14
-1.56694e-14
-6.66894e-14
-7.26284e-13
-5.18055e-14
-3.02201e-12
-1.45218e-13
-1.01471e-12
-3.0817e-12
-2.45949e-12
-8.7091e-11
-5.64887e-11
-1.62579e-09
-1.49676e-09
-4.11745e-08
-1.33575e-08
4.35124e-07
-4.87147e-08
6.00228e-06
-1.26687e-08
2.51315e-05
9.24066e-08
5.92561e-05
6.51195e-07
9.89588e-05
5.87777e-06
0.000116654
3.07798e-05
5.14647e-05
0.000124101
-8.2485e-23
-4.46707e-23
-4.07877e-21
-2.56125e-21
-1.13268e-19
-8.02119e-20
-2.25481e-18
-2.6004e-18
-9.0871e-18
-4.35223e-17
-2.04266e-16
-8.79077e-16
-4.99235e-16
-3.53181e-15
-1.51061e-16
-4.69391e-15
1.9725e-14
-2.26052e-14
-1.6263e-12
-2.09912e-12
-7.81591e-13
-1.24816e-11
3.32077e-13
-2.90169e-12
-8.57061e-13
-2.0237e-12
-1.73598e-11
-4.88505e-11
-7.21226e-09
-7.37426e-09
-1.36744e-10
-4.66222e-08
6.78455e-09
-6.97492e-08
1.37278e-08
-3.38486e-08
1.26255e-07
-3.43578e-08
8.17534e-07
-3.41106e-08
6.16962e-06
8.58238e-08
3.36427e-05
2.12248e-07
1.1437e-06
7.92266e-05
-3.73849e-23
-7.28578e-24
-1.48007e-21
-1.12689e-21
-3.85739e-20
-5.16597e-20
-3.25931e-18
-4.06953e-18
-1.77845e-16
-2.02741e-16
-1.78346e-15
-2.5953e-15
-2.50584e-15
-7.64546e-15
2.55079e-15
-8.28224e-15
1.54934e-14
-3.00076e-14
-6.49012e-12
-2.43476e-12
-5.27808e-12
-1.19885e-11
-1.38101e-12
-8.80843e-12
-1.67909e-11
-9.73538e-13
-7.68449e-11
-5.17806e-12
-2.10969e-09
-1.6367e-08
8.7302e-09
-3.93192e-08
1.116e-08
-8.25681e-08
4.05766e-08
-4.64478e-08
9.66087e-08
-6.77737e-08
1.18668e-07
-3.87138e-08
2.17534e-07
-4.97621e-09
4.52553e-07
-1.69034e-08
8.65412e-08
1.52339e-06
-5.15894e-24
-2.12684e-24
-6.335e-22
-4.99584e-22
-3.79842e-20
-3.75655e-20
-6.54321e-18
-3.94503e-18
-3.26991e-16
-2.17143e-16
-2.62274e-15
-2.82155e-15
-3.08484e-15
-8.48071e-15
8.29783e-16
-8.81319e-15
-1.63655e-14
-1.1709e-14
-5.19407e-12
-1.46768e-12
-5.49374e-12
-1.00047e-11
-2.30007e-12
-1.01657e-11
-2.0246e-12
-9.62866e-12
-7.71216e-12
-5.39882e-11
3.68205e-09
-2.76271e-11
2.31638e-09
-3.62033e-10
3.76059e-09
-4.49923e-08
1.53787e-08
-2.43124e-08
3.23959e-08
-4.20016e-08
5.22086e-08
-3.41898e-08
5.27888e-08
-6.22121e-09
3.27086e-08
2.72073e-09
7.67902e-09
1.11945e-07
-4.29978e-24
2.17294e-24
-3.67406e-22
-1.37109e-22
-1.92259e-20
-1.55398e-20
-5.14647e-18
-2.66468e-18
-2.7562e-16
-1.93916e-16
-2.28704e-15
-2.52651e-15
-2.64929e-15
-7.9371e-15
-1.29402e-15
-8.42565e-15
-7.17407e-15
-6.16442e-15
-2.14049e-12
-1.37236e-13
-1.86043e-13
-4.82876e-14
2.19918e-12
-5.35228e-13
-1.57226e-11
-3.3719e-11
2.72684e-11
-2.87913e-10
1.99346e-13
-5.63052e-12
-3.61584e-10
-2.13636e-13
-2.42785e-09
-5.90715e-11
-2.00098e-09
-5.39954e-09
-4.32131e-10
-3.74519e-08
1.29928e-09
-4.11671e-08
3.22166e-09
-8.1014e-09
5.26541e-09
4.71139e-12
3.00347e-09
9.42652e-09
-5.91063e-24
1.98715e-24
-1.19041e-22
-2.31117e-23
-6.22254e-21
-5.04364e-21
-2.88263e-18
-1.30201e-18
-1.52618e-16
-1.14895e-16
-1.37443e-15
-1.33023e-15
-1.73464e-15
-4.37722e-15
-9.94993e-16
-4.5143e-15
-4.28811e-15
-3.1775e-15
-7.38251e-16
-6.64844e-15
-4.26462e-14
-5.10432e-15
-3.68372e-13
-2.08446e-13
-1.37793e-11
-4.32989e-11
3.49165e-11
-1.21516e-11
5.5669e-14
-6.4779e-14
-1.98278e-14
-2.07235e-14
-4.07364e-11
-1.83189e-11
-2.81527e-09
-2.62101e-09
-5.8562e-09
-2.98782e-08
-7.08969e-09
-3.0818e-08
-1.59558e-09
-2.30444e-08
3.02194e-10
-2.4319e-09
1.07891e-09
1.67431e-09
-6.97833e-25
1.01656e-24
-1.94494e-23
-4.36015e-24
-1.72372e-21
-1.30385e-21
-1.31929e-18
-4.27947e-19
-5.48866e-17
-4.48174e-17
-5.22265e-16
-4.38005e-16
-5.35606e-16
-1.48639e-15
-3.45271e-16
-1.42338e-15
-2.9137e-16
-1.45297e-15
-2.13428e-16
-5.48577e-15
-5.71179e-16
-3.2383e-15
-8.32774e-13
-3.63537e-15
6.93932e-14
-2.5384e-11
1.79237e-13
-2.05601e-14
1.6571e-16
-1.03984e-15
-1.96647e-14
-7.59443e-16
-1.81685e-11
-1.38866e-13
-8.18788e-10
-4.93227e-11
-8.30126e-09
-3.3777e-09
-1.45525e-08
-1.51888e-08
-8.02928e-09
-1.94786e-08
-2.1319e-09
-8.73342e-09
1.24896e-10
-1.72195e-09
-7.08728e-26
4.67093e-25
-3.01716e-25
-4.90503e-25
-3.34538e-22
-3.42973e-22
-4.13109e-19
-9.03201e-20
-1.34599e-17
-1.19078e-17
-1.36606e-16
-1.10352e-16
-1.22793e-16
-3.51207e-16
-9.68209e-17
-3.6162e-16
-3.87528e-16
-5.39628e-16
-1.07206e-16
-3.89374e-15
-6.37697e-18
-3.30233e-15
5.35975e-16
-3.15403e-15
1.97882e-14
-7.49801e-16
-3.38617e-18
-6.12742e-16
-3.24423e-17
-5.17386e-16
-2.06981e-16
-4.76098e-16
-1.38493e-13
-4.73979e-16
-4.94169e-11
-4.34964e-14
-3.42511e-09
-1.97789e-12
-5.9002e-09
-6.05288e-11
-1.37753e-08
-1.28717e-09
-1.44051e-08
-3.48281e-09
-5.48589e-10
-9.11089e-09
-6.1519e-27
2.45644e-25
-3.48204e-25
-1.44467e-25
-4.93256e-23
-1.27495e-22
-8.37106e-20
-1.42046e-20
-2.82356e-18
-2.32734e-18
-2.35343e-17
-2.23795e-17
-2.38628e-17
-6.34569e-17
-2.18824e-17
-7.43221e-17
-2.81449e-16
-1.34429e-16
-1.56128e-16
-1.17609e-15
-8.95042e-17
-1.42977e-15
-1.02301e-17
-1.18304e-15
-1.76991e-17
-7.40281e-16
-3.67289e-17
-5.14703e-16
-6.73889e-17
-5.41825e-16
-3.00206e-17
-3.98132e-16
-3.16634e-16
-1.00701e-16
-4.3779e-14
-2.50508e-17
-2.02163e-12
-3.3241e-17
-6.25504e-11
-5.28978e-17
-1.34972e-09
-1.76926e-16
-3.69006e-09
-3.38845e-15
-7.48848e-14
-2.94372e-09
-8.95897e-28
1.6565e-25
-2.91085e-25
1.45722e-25
-8.69888e-24
-5.72103e-23
-1.22856e-20
-1.86063e-21
-5.00172e-19
-3.44596e-19
-3.16186e-18
-3.36241e-18
-3.88506e-18
-9.15991e-18
-4.49249e-18
-1.31445e-17
-4.27785e-17
-2.75612e-17
-6.43788e-17
-7.85766e-17
-6.08686e-17
-2.86756e-16
-3.36567e-17
-5.54551e-16
-4.95034e-17
-4.60384e-16
-7.15491e-17
-3.6956e-16
-8.87671e-17
-3.55397e-16
-4.05736e-17
-1.19704e-16
-5.70394e-18
-3.82241e-17
-7.90192e-18
-1.40051e-17
-1.0967e-17
-2.1027e-17
-1.6748e-17
-3.8639e-17
-1.42082e-16
-3.96594e-17
-3.39668e-15
-5.53571e-17
-8.67261e-17
-7.81091e-14
7.45531e-28
1.23469e-25
-1.23193e-24
4.03984e-25
-2.30493e-24
-2.10463e-23
-1.46832e-21
-2.13115e-22
-6.41555e-20
-3.87205e-20
-3.40332e-19
-3.80833e-19
-5.44787e-19
-1.06324e-18
-9.48522e-19
-2.05722e-18
-2.11567e-18
-5.45883e-18
-9.59529e-18
-1.85627e-17
-3.38386e-17
-7.82887e-17
-5.38125e-17
-1.41468e-16
-5.2919e-17
-1.0691e-16
-5.73925e-17
-5.25473e-17
-2.57834e-17
-2.82072e-17
-9.86084e-18
-1.59532e-17
-5.68731e-18
-5.8206e-18
-9.08677e-18
-1.76679e-18
-2.0465e-17
-1.99346e-18
-2.35208e-17
-2.97539e-18
-2.71306e-17
-1.36244e-17
-3.05886e-17
-2.72731e-17
-3.87749e-17
-5.25251e-17
1.80854e-27
8.54431e-26
-3.44533e-25
3.80421e-25
-6.09004e-25
-4.85212e-24
-1.39164e-22
-2.39777e-23
-6.11708e-21
-3.20746e-21
-2.95409e-20
-3.19907e-20
-6.54451e-20
-1.07306e-19
-1.57033e-19
-3.21644e-19
-4.86419e-19
-1.07404e-18
-3.30997e-18
-3.09901e-18
-8.39063e-18
-1.05188e-17
-1.52831e-17
-1.19515e-17
-6.97929e-18
-9.70569e-18
-4.22854e-18
-5.23276e-18
-3.23313e-18
-2.67303e-18
-1.70544e-18
-1.52798e-18
-4.22332e-19
-6.29766e-19
-5.29135e-19
-1.45575e-19
-1.02416e-18
-1.18315e-19
-3.98095e-18
-3.78894e-19
-2.24512e-17
-1.83084e-18
-7.06102e-17
-6.99566e-18
-1.91192e-17
-1.15174e-16
1.60849e-27
5.05706e-26
-6.25555e-26
2.61298e-25
-1.10473e-25
-5.60051e-25
-1.00801e-23
-2.76213e-24
-3.91747e-22
-1.87076e-22
-2.12669e-21
-1.97945e-21
-7.57168e-21
-1.12442e-20
-3.02462e-20
-5.53589e-20
-9.62821e-20
-2.16479e-19
-6.34126e-19
-5.67158e-19
-8.81508e-19
-1.1719e-18
-9.66695e-19
-1.28864e-18
-7.22186e-19
-1.08592e-18
-4.4195e-19
-5.96918e-19
-3.1615e-19
-2.35642e-19
-1.82878e-19
-1.00677e-19
-3.99157e-20
-3.60162e-20
-3.75324e-20
-1.07422e-20
-5.93408e-20
-1.41597e-20
-3.3894e-19
-6.85089e-20
-2.13544e-18
-4.19578e-19
-1.32873e-17
-2.01988e-18
-8.09061e-18
-4.79268e-17
1.01119e-27
2.46171e-26
-5.67639e-27
1.41955e-25
-1.0412e-26
2.54066e-26
-5.23212e-25
-2.48856e-25
-1.5031e-23
-7.05789e-24
-1.38987e-22
-1.06998e-22
-9.8603e-22
-1.39326e-21
-5.95792e-21
-9.56899e-21
-2.22876e-20
-4.0934e-20
-7.55177e-20
-1.10808e-19
-1.03404e-19
-2.09171e-19
-1.16468e-19
-2.20253e-19
-9.12185e-20
-1.85252e-19
-4.46754e-20
-9.90585e-20
-2.26664e-20
-3.00488e-20
-1.01807e-20
-7.68549e-21
-2.60025e-21
-1.83982e-21
-3.14107e-21
-9.27228e-22
-7.96464e-21
-1.89672e-21
-6.25681e-20
-1.42683e-20
-4.69337e-19
-1.09213e-19
-4.50373e-18
-7.24441e-19
-4.38969e-18
-1.97778e-17
4.75027e-28
9.51239e-27
4.48134e-28
6.01049e-26
-4.5305e-27
4.82605e-26
-1.58871e-26
3.65449e-28
-4.15753e-25
-1.37431e-25
-1.03935e-23
-7.63994e-24
-1.38936e-22
-1.6575e-22
-1.0267e-21
-1.37005e-21
-4.33866e-21
-6.78575e-21
-1.43241e-20
-1.97554e-20
-1.83427e-20
-4.00885e-20
-2.05265e-20
-4.25134e-20
-1.59558e-20
-3.55521e-20
-6.44246e-21
-1.89865e-20
-1.94941e-21
-5.41427e-21
-4.76743e-22
-9.99127e-22
-2.18357e-22
-1.58565e-22
-2.7274e-22
-1.12472e-22
-1.15749e-21
-3.44291e-22
-1.16935e-20
-3.55954e-21
-1.12477e-19
-3.32787e-20
-1.89968e-18
-3.26738e-19
-2.89671e-18
-1.00658e-17
1.51101e-28
2.78206e-27
7.64192e-28
1.87716e-26
1.12901e-29
2.7052e-26
-3.10958e-27
5.97476e-27
-1.31152e-26
-8.73364e-28
-8.86035e-25
-6.07695e-25
-1.58418e-23
-1.32051e-23
-1.45964e-22
-1.45978e-22
-6.84024e-22
-8.8614e-22
-2.57073e-21
-2.8252e-21
-3.38157e-21
-6.02846e-21
-3.75318e-21
-6.4044e-21
-2.90389e-21
-5.35204e-21
-1.14331e-21
-2.90862e-21
-2.57439e-22
-8.34079e-22
-3.32828e-23
-1.13675e-22
-2.43934e-23
-1.01369e-23
-3.18147e-23
-1.16994e-23
-2.08461e-22
-7.46013e-23
-2.41976e-21
-9.86557e-22
-3.19399e-20
-1.12208e-20
-9.52696e-19
-1.70872e-19
-2.06277e-18
-5.70039e-18
2.64473e-29
5.73247e-28
3.81579e-28
3.95582e-27
1.68101e-28
7.77378e-27
-1.61203e-29
2.61827e-27
-1.37794e-27
4.88453e-28
-5.16047e-26
-2.36664e-26
-1.23571e-24
-5.87682e-25
-1.55681e-23
-1.14617e-23
-8.46522e-23
-8.35507e-23
-3.4681e-22
-2.89348e-22
-4.57461e-22
-6.21656e-22
-5.04353e-22
-6.52739e-22
-3.92117e-22
-5.44589e-22
-1.57774e-22
-3.03256e-22
-2.7162e-23
-9.07178e-23
-1.562e-24
-9.9047e-24
-1.77204e-24
-7.78832e-25
-3.46503e-24
-1.62006e-24
-4.09157e-23
-1.94218e-23
-5.20159e-22
-2.81964e-22
-9.9362e-21
-3.89783e-21
-4.9249e-19
-9.28501e-20
-1.40919e-18
-3.15855e-18
2.49121e-31
7.41266e-29
9.5762e-29
4.90666e-28
6.63994e-29
1.04088e-27
1.7003e-29
3.44121e-28
-5.43068e-28
7.97998e-29
-1.37469e-27
-1.06428e-29
-6.63361e-26
-1.61114e-26
-1.18492e-24
-6.53702e-25
-7.47519e-24
-5.32179e-24
-3.15525e-23
-1.947e-23
-4.06403e-23
-4.09649e-23
-4.41802e-23
-4.23859e-23
-3.45956e-23
-3.54914e-23
-1.45717e-23
-2.07864e-23
-2.0629e-24
-7.06384e-24
-1.07739e-25
-9.36335e-25
-1.25584e-25
-1.28655e-25
-5.23347e-25
-3.6894e-25
-8.29483e-24
-5.16757e-24
-1.08555e-22
-7.70049e-23
-3.08274e-21
-1.29105e-21
-2.27093e-19
-4.74402e-20
-8.52837e-19
-1.51697e-18
-2.35698e-31
4.75119e-30
1.087e-29
2.99398e-29
7.75687e-30
6.38626e-29
2.45854e-30
2.0557e-29
-4.19276e-31
4.6349e-30
-1.19335e-29
-2.65121e-31
-2.67396e-27
-4.90895e-28
-6.15915e-26
-2.31931e-26
-4.32794e-25
-2.05738e-25
-1.79349e-24
-7.96661e-25
-2.22626e-24
-1.6021e-24
-2.3946e-24
-1.6326e-24
-1.91375e-24
-1.38701e-24
-8.98714e-25
-8.69891e-25
-1.52207e-25
-3.36233e-25
-1.46822e-26
-5.18457e-26
-1.74846e-26
-1.60525e-26
-9.99529e-26
-7.68179e-26
-1.53627e-24
-1.28205e-24
-2.01191e-23
-1.93633e-23
-8.44611e-22
-3.87071e-22
-8.33571e-20
-2.14432e-20
-4.59797e-19
-5.67782e-19
-3.11019e-32
3.73761e-51
5.31055e-31
-1.92214e-44
3.95356e-31
-1.02097e-40
1.22397e-31
-2.36224e-37
-9.03239e-33
-1.92688e-34
-3.67054e-31
-7.09952e-34
-7.2321e-29
-4.85682e-31
-1.87067e-27
-2.85123e-28
-1.48589e-26
-3.71506e-27
-5.82507e-26
-1.61846e-26
-6.97777e-26
-3.47871e-26
-7.45015e-26
-3.64416e-26
-6.15551e-26
-3.22525e-26
-3.20521e-26
-2.15614e-26
-5.72281e-27
-8.71633e-27
-1.32898e-27
-1.40607e-27
-1.67625e-27
-1.44757e-27
-1.58513e-26
-1.55345e-26
-2.39808e-25
-2.98135e-25
-3.03582e-24
-4.53652e-24
-1.75674e-22
-1.02381e-22
-2.2627e-20
-8.54922e-21
-2.24475e-19
-1.40627e-19
-3.65801e-53
2.05916e-51
-1.92211e-44
-2.38919e-49
-1.02115e-40
-1.29004e-45
-2.12897e-36
-7.35781e-43
-5.21052e-36
-3.02733e-39
-2.84155e-35
-7.04654e-37
-4.31911e-31
-1.16401e-33
-2.30726e-29
-9.20661e-31
-2.23993e-28
-1.31109e-29
-9.60336e-28
-5.67852e-29
-1.19597e-27
-1.32909e-28
-1.27003e-27
-1.58583e-28
-1.08803e-27
-1.46827e-28
-5.83026e-28
-1.08866e-28
-6.77074e-29
-5.07904e-29
-6.95828e-29
-3.50694e-29
-1.20633e-28
-1.47755e-28
-2.04913e-27
-3.16716e-27
-2.89821e-26
-6.62022e-26
-3.17549e-25
-1.04185e-24
-2.04096e-23
-2.47822e-23
-2.59471e-21
-3.1732e-21
-1.00402e-19
-1.47023e-21
-2.66885e-53
8.47437e-52
-6.12024e-49
4.01228e-52
-6.26182e-48
-2.20658e-50
-5.15508e-43
-1.25527e-46
-3.66001e-41
-4.83249e-43
-2.86527e-38
-5.68866e-40
-9.62945e-34
-1.82385e-36
-6.02617e-32
-2.9357e-33
-5.49493e-31
-6.34032e-32
-2.37297e-30
-3.63712e-31
-3.67854e-30
-1.04987e-30
-3.82293e-30
-1.9995e-30
-3.42951e-30
-2.27293e-30
-1.69542e-30
-2.16004e-30
-9.95361e-31
-1.52607e-30
-1.04754e-30
-1.87069e-30
-7.62082e-30
-2.39846e-29
-1.58499e-28
-6.23805e-28
-1.45743e-27
-1.44621e-26
-8.11223e-29
-2.52496e-25
1.00344e-24
-6.15775e-24
3.44602e-22
-1.11997e-21
-4.24111e-20
1.87916e-20
-1.37453e-53
2.31728e-52
-1.62591e-54
1.19361e-52
-8.26805e-51
8.23963e-54
-7.02938e-46
-7.23278e-50
-4.55175e-45
-6.61e-46
-2.61099e-40
-4.46752e-44
-1.33994e-36
-6.09105e-42
-1.43876e-34
-1.73772e-38
-1.86975e-33
-3.72655e-35
-8.42018e-33
-9.7125e-34
-2.3849e-32
-5.8109e-33
-3.08476e-32
-1.74708e-32
-2.86346e-32
-2.62567e-32
-1.75663e-32
-2.48187e-32
-1.2892e-32
-2.10801e-32
-1.1539e-32
-1.25601e-31
1.20165e-31
-4.06429e-30
1.60663e-29
-1.19246e-28
7.91047e-28
-3.10854e-27
2.44898e-26
-6.3211e-26
9.63432e-25
-1.53461e-24
2.83429e-22
-3.79082e-22
-1.69647e-20
1.43625e-20
-4.61479e-54
3.16024e-53
-3.65836e-55
1.51563e-53
-1.10517e-52
2.46875e-54
-1.69752e-50
-7.75414e-55
-4.24505e-48
-2.04714e-50
-2.45063e-46
-5.26046e-48
-7.4323e-44
-4.49872e-46
-7.3489e-39
-7.31237e-43
-9.80871e-37
-1.95764e-38
-1.14784e-35
-2.20957e-36
-4.83469e-35
-1.78439e-35
-6.10558e-35
-6.1573e-35
5.56073e-36
-1.04057e-34
9.36967e-35
-1.02204e-34
1.91884e-34
-4.48126e-34
4.05659e-33
-1.77716e-32
2.32524e-31
-6.55257e-31
1.03343e-29
-2.16436e-29
3.91936e-28
-6.38842e-28
1.14556e-26
-1.52682e-26
3.90519e-25
-3.81245e-25
1.40075e-22
-1.22773e-22
-6.28717e-21
7.66824e-21
-7.63663e-55
3.29782e-65
-9.80771e-56
5.08133e-63
-7.34008e-57
-1.94208e-58
5.01076e-57
-5.6395e-57
1.83779e-53
-4.57986e-53
2.92352e-51
-4.88953e-51
3.47405e-49
-3.69498e-49
1.25816e-45
-2.89258e-47
6.98318e-41
-4.85168e-44
1.33735e-38
-2.38554e-40
1.58221e-37
-9.53321e-39
7.00758e-37
-6.80622e-38
1.30605e-36
-1.34006e-37
1.85506e-36
-1.06338e-36
2.14639e-35
-5.30144e-35
1.35709e-33
-2.31378e-33
6.82859e-32
-9.63526e-32
3.04818e-30
-3.62999e-30
1.20192e-28
-1.20185e-28
3.84299e-27
-3.31058e-27
1.28252e-25
-9.00123e-26
5.67456e-23
-3.70105e-23
-2.09007e-21
3.35455e-21
-9.48157e-67
1.8399e-65
-4.93344e-65
2.88699e-63
2.73567e-60
-1.13788e-63
3.92284e-59
-1.1624e-59
3.51347e-55
-7.25579e-55
4.21153e-53
-1.05843e-52
3.82353e-51
-1.11669e-50
3.79104e-49
-1.1268e-48
8.0771e-46
-7.78596e-47
5.10188e-42
-6.1412e-45
2.48688e-40
-5.58221e-43
1.84313e-39
-2.6119e-41
4.77134e-39
-1.55317e-39
6.55734e-38
-1.07542e-37
4.64337e-36
-5.53522e-36
2.61947e-34
-2.76377e-34
1.40851e-32
-1.27046e-32
6.83785e-31
-5.43069e-31
2.89935e-29
-1.99753e-29
1.02683e-27
-6.2662e-28
3.63108e-26
-1.90331e-26
1.97994e-23
-9.95432e-24
-6.05634e-22
1.23767e-21
-6.14514e-67
7.69733e-66
-3.60678e-65
1.11199e-63
3.95327e-65
3.15332e-65
1.40092e-61
-4.37132e-61
9.86196e-57
-2.13703e-56
1.668e-54
-3.44819e-54
2.11527e-52
-4.20867e-52
2.61945e-50
-4.78302e-50
2.21717e-48
-4.47899e-48
2.1868e-46
-3.68795e-46
2.45818e-44
-2.50231e-44
1.46263e-42
-2.05644e-42
1.10602e-40
-1.44586e-40
9.89064e-39
-8.71755e-39
6.36312e-37
-5.12387e-37
3.99711e-35
-2.84905e-35
2.30411e-33
-1.46448e-33
1.23513e-31
-7.03327e-32
5.68105e-30
-2.89586e-30
2.23982e-28
-1.04264e-28
8.65977e-27
-3.4963e-27
5.85271e-24
-2.2887e-24
-1.49853e-22
3.82904e-22
-2.91568e-67
2.14827e-66
-1.62081e-65
2.87757e-64
-4.19758e-67
2.06426e-65
6.78172e-63
-8.05153e-63
3.79842e-58
-5.2878e-58
7.16819e-56
-9.39671e-56
1.04941e-53
-1.25524e-53
1.45222e-51
-1.56842e-51
1.67777e-49
-1.52487e-49
1.70625e-47
-1.58122e-47
1.42448e-45
-1.33337e-45
1.46865e-43
-1.13075e-43
1.27808e-41
-7.9905e-42
9.46909e-40
-6.15329e-40
6.89375e-38
-4.00422e-38
4.74035e-36
-2.52279e-36
3.01151e-34
-1.45711e-34
1.78498e-32
-7.78149e-33
9.07769e-31
-3.66431e-31
4.0535e-29
-1.52826e-29
1.70197e-27
-5.59604e-28
1.40809e-24
-4.34655e-25
-3.12385e-23
9.73004e-23
-9.01801e-68
2.99971e-67
-4.53924e-66
3.75757e-65
-2.97365e-67
-1.03599e-68
1.3833e-64
-3.99679e-64
1.0302e-59
-8.59526e-60
2.14586e-57
-1.72283e-57
3.43563e-55
-2.62676e-55
5.21533e-53
-3.80086e-53
6.20786e-51
-4.33603e-51
7.93621e-49
-5.08381e-49
8.26342e-47
-4.77097e-47
8.6238e-45
-4.927e-45
7.48619e-43
-3.99203e-43
7.1273e-41
-3.5972e-41
5.69303e-39
-2.62394e-39
4.40261e-37
-1.83215e-37
3.1212e-35
-1.21882e-35
2.0417e-33
-7.31675e-34
1.18055e-31
-4.00612e-32
6.05319e-30
-1.93713e-30
2.74933e-28
-7.89498e-29
2.64429e-25
-6.65375e-26
-5.42941e-24
1.98191e-23
-1.35853e-68
1.01924e-78
-6.0109e-67
1.29944e-77
3.80541e-67
-9.91991e-67
6.69603e-66
-1.23513e-65
1.60471e-61
-9.06523e-62
3.75736e-59
-2.2085e-59
6.85984e-57
-3.8616e-57
1.20716e-54
-6.64295e-55
1.69085e-52
-9.10444e-53
2.44218e-50
-1.24401e-50
2.82941e-48
-1.42649e-48
3.60793e-46
-1.66977e-46
3.60505e-44
-1.5958e-44
3.99858e-42
-1.61701e-42
3.58227e-40
-1.39886e-40
3.06225e-38
-1.05537e-38
2.49734e-36
-8.13788e-37
1.83492e-34
-5.73113e-35
1.23018e-32
-3.66697e-33
7.27503e-31
-2.06667e-31
3.66275e-29
-9.72114e-30
3.75659e-26
-8.04808e-27
-7.74001e-25
3.17084e-24
-4.81156e-80
5.39247e-79
-1.98812e-79
8.40193e-76
2.29477e-68
-2.35784e-71
1.62844e-67
-1.37978e-67
1.4317e-63
-5.39755e-64
4.02909e-61
-1.61992e-61
8.41545e-59
-3.80391e-59
1.76496e-56
-7.30452e-57
2.98852e-54
-1.33433e-54
5.06726e-52
-2.03819e-52
7.23855e-50
-3.03799e-50
1.05205e-47
-3.9075e-48
1.24875e-45
-4.50165e-46
1.56645e-43
-5.37512e-44
1.67253e-41
-5.26277e-42
1.5525e-39
-4.65511e-40
1.4709e-37
-4.02413e-38
1.27252e-35
-3.5028e-36
9.96633e-34
-2.64103e-34
6.85927e-32
-1.76838e-32
3.97475e-30
-9.82309e-31
3.95893e-27
-7.48361e-28
-8.75889e-26
3.91353e-25
-2.55282e-80
2.13942e-79
-1.16911e-77
3.6211e-76
2.4399e-73
-1.29697e-73
1.52252e-69
-7.18956e-70
6.35662e-66
-1.40604e-66
2.15255e-63
-4.92286e-64
6.00453e-61
-1.63385e-61
1.4153e-58
-4.07954e-59
3.2375e-56
-9.8006e-57
6.23936e-54
-1.87522e-54
1.17795e-51
-3.60114e-52
1.91227e-49
-5.39615e-50
2.78068e-47
-8.51221e-48
4.16472e-45
-1.13822e-45
5.08617e-43
-1.27953e-43
5.6006e-41
-1.41886e-41
5.99682e-39
-1.49292e-39
6.44366e-37
-1.52525e-37
5.96116e-35
-1.36411e-35
4.88072e-33
-1.11898e-33
3.32651e-31
-7.16869e-32
3.03844e-28
-5.08297e-29
-7.42127e-27
3.63216e-26
-9.73858e-81
5.66118e-80
-4.38116e-78
9.48376e-77
1.03354e-75
-8.98626e-78
5.5734e-72
-2.19032e-73
1.07417e-68
-5.42187e-70
4.04647e-66
-4.12e-67
1.57589e-63
-1.53561e-64
4.906e-61
-6.92938e-62
1.51894e-58
-2.1152e-59
3.79738e-56
-6.64754e-57
9.54014e-54
-1.43414e-54
1.86477e-51
-3.90178e-52
3.81275e-49
-6.916e-50
6.53994e-47
-1.0852e-47
9.36407e-45
-1.64994e-45
1.3151e-42
-2.70138e-43
1.73691e-40
-3.62562e-41
2.20479e-38
-4.14152e-39
2.43298e-36
-4.39589e-37
2.44893e-34
-4.69276e-35
1.91751e-32
-3.2803e-33
1.63609e-29
-2.38691e-30
-4.30063e-28
2.41593e-27
-2.3321e-81
7.50274e-81
-9.46104e-79
1.26491e-77
5.49602e-79
8.27887e-79
1.06298e-75
-2.66107e-78
2.19312e-72
-1.2958e-74
1.58812e-69
-1.76929e-71
6.71356e-67
-1.33124e-68
3.94736e-64
-8.58934e-66
1.68006e-61
-3.69642e-63
7.48375e-59
-2.00456e-60
2.26938e-56
-6.90907e-58
8.54809e-54
-2.17518e-55
2.05667e-51
-8.81289e-53
4.30694e-49
-2.29708e-50
8.60461e-47
-5.5945e-48
1.82354e-44
-1.19227e-45
3.1207e-42
-2.32201e-43
4.48573e-40
-3.99302e-41
5.93106e-38
-5.87074e-39
7.81398e-36
-1.00845e-36
6.67441e-34
-7.49859e-35
5.90862e-31
-8.87691e-32
-1.48705e-29
1.05074e-28
-2.54871e-82
-5.02299e-101
-9.77709e-80
-3.34544e-104
-3.2145e-81
-8.65195e-96
9.30093e-81
-3.80537e-85
1.856e-77
-3.17004e-81
1.35899e-74
-8.02068e-78
8.97295e-72
-1.17716e-74
1.06023e-68
-1.30129e-71
9.41639e-66
-9.08731e-69
9.48044e-63
-8.31473e-66
5.47447e-60
-4.88675e-63
2.68151e-57
-4.02364e-60
1.60002e-54
-1.8456e-57
5.88847e-52
-8.60557e-55
1.96013e-49
-3.72696e-52
5.55703e-47
-1.49716e-49
1.40856e-44
-5.48322e-47
3.09445e-42
-1.70364e-44
5.72348e-40
-4.66931e-42
1.21706e-37
-1.35631e-39
1.10813e-35
-1.01411e-37
1.61646e-32
-2.25041e-33
-2.32879e-31
2.46345e-30
1.25574e-102
-4.35965e-112
1.22229e-102
-6.87442e-110
5.07243e-98
6.03769e-103
6.0576e-88
-1.59162e-98
1.28976e-84
-3.19705e-94
-2.75575e-81
-1.65269e-97
-8.57933e-78
-5.38545e-87
-4.0343e-75
-1.6496e-83
3.75156e-72
-2.84809e-80
1.51887e-68
-7.03303e-77
1.95576e-65
-1.12436e-73
2.8402e-62
-2.37054e-70
2.055e-59
-3.18152e-67
1.41177e-56
-4.10994e-64
8.59058e-54
-4.90072e-61
4.67743e-51
-5.39552e-58
2.25592e-48
-8.07935e-55
9.01651e-46
-6.5262e-52
3.11835e-43
-4.96958e-49
1.11788e-40
-1.80638e-46
1.02287e-38
-1.4473e-40
2.7732e-34
-1.19126e-35
-5.76181e-34
1.70405e-32
3.52135e-114
-0
1.47076e-112
3.4634e-128
-1.5925e-105
3.38246e-130
2.85403e-101
2.11642e-132
1.6545e-97
-6.90839e-112
1.81568e-100
-1.05651e-111
2.7232e-90
-4.11873e-101
1.18854e-86
-4.37787e-102
3.60476e-83
-6.60543e-105
1.55681e-79
-5.79337e-91
4.07525e-76
-6.7498e-94
1.31939e-72
-5.24017e-98
2.57854e-69
-7.10795e-104
4.65948e-66
-3.43078e-78
7.5334e-63
-4.40796e-75
1.0957e-59
-3.42009e-72
2.11801e-56
-5.86252e-69
2.1651e-53
-5.71079e-66
2.04975e-50
-3.7302e-68
9.13134e-48
-1.28609e-60
8.84752e-42
-8.81345e-54
8.58516e-37
-9.16456e-49
-4.26328e-47
2.45864e-35
0
-6.88616e-131
-5.3395e-133
-2.46044e-135
7.73148e-115
4.0544e-115
2.806e-104
6.61706e-105
1.16266e-107
6.75032e-94
5.24069e-98
5.20988e-102
5.13881e-102
2.00185e-80
3.19511e-77
3.12052e-74
7.05329e-71
3.7932e-68
6.30007e-70
2.50838e-62
1.36273e-55
1.6646e-50
4.42298e-49
6.06097e-05
3.50611e-05
3.62393e-05
2.43704e-05
1.17967e-05
5.57271e-06
-9.59465e-06
4.80132e-07
0.000113147
3.67682e-05
0.000102335
3.51827e-05
7.81813e-05
2.97265e-05
2.0385e-05
3.38364e-05
0.000118736
3.21619e-05
0.00011955
3.43685e-05
0.00011319
3.60864e-05
3.64231e-05
9.71487e-05
0.000117964
2.99257e-05
0.000120663
3.16705e-05
0.000122693
3.40558e-05
3.72186e-05
0.000121897
0.000125151
2.88755e-05
0.000126113
3.07086e-05
0.000128009
3.21597e-05
3.41823e-05
0.000131044
0.000101553
4.14651e-06
0.000119146
9.87436e-06
0.000126651
1.80057e-05
2.57623e-05
0.000135068
5.24106e-06
1.2242e-07
1.39649e-05
1.94661e-07
2.92886e-05
2.36498e-07
2.37737e-07
5.11257e-05
2.27367e-07
7.6176e-09
4.11024e-07
1.18039e-08
6.31211e-07
1.79253e-08
2.82597e-08
8.42764e-07
1.41233e-08
2.64151e-09
2.23428e-08
3.4229e-09
3.50965e-08
5.1826e-09
6.98178e-09
5.66481e-08
2.53193e-09
1.52954e-09
3.27276e-09
2.46459e-09
4.23511e-09
4.09843e-09
6.17282e-09
5.08939e-09
-1.6273e-10
1.82641e-09
6.72871e-10
5.18597e-09
1.02338e-08
8.12943e-09
1.08156e-08
1.69979e-08
-6.11099e-09
1.01024e-09
-4.35799e-10
1.17453e-09
2.47431e-09
2.20653e-09
5.91643e-09
9.071e-09
-1.9467e-09
-7.98872e-13
-1.47449e-09
-9.66033e-13
-2.27227e-09
-1.91767e-11
-5.90371e-11
-4.09728e-09
-8.76497e-13
-4.63669e-16
-2.5191e-12
-4.42246e-15
-2.16509e-11
-3.97609e-14
-2.62556e-13
-8.02979e-11
-4.87747e-16
-1.54193e-17
-4.87113e-15
-1.83877e-17
-3.2991e-14
-6.29011e-17
-4.38366e-17
-2.95066e-13
-1.41263e-16
-1.25089e-17
-1.42253e-16
-1.31038e-17
-1.85073e-16
-1.15457e-17
-7.03598e-18
-1.89843e-16
-7.8902e-17
-6.62866e-18
-1.28834e-16
-8.9989e-18
-1.66318e-16
-1.06062e-17
-8.83425e-18
-1.57672e-16
-3.45082e-17
-4.133e-18
-6.33251e-17
-6.23727e-18
-8.3005e-17
-8.54226e-18
-9.17953e-18
-2.10642e-17
-1.82463e-17
-3.00335e-18
-3.49037e-17
-4.86342e-18
-5.1674e-17
-7.30761e-18
-9.61711e-18
-2.17515e-17
-1.04888e-17
-2.27733e-18
-2.05244e-17
-3.81693e-18
-3.55785e-17
-6.37495e-18
-8.62963e-18
-2.61389e-17
-5.6371e-18
-1.62737e-18
-1.24346e-17
-2.71871e-18
-1.8778e-17
-5.51839e-18
-7.45986e-18
6.98158e-18
-2.51823e-18
-1.03097e-18
-6.58775e-18
-1.71288e-18
-9.51381e-18
-3.84166e-18
-5.59108e-18
2.7899e-17
-9.13896e-19
-5.77507e-19
-2.23184e-18
-9.97156e-19
-3.28677e-18
-1.83395e-18
-2.88337e-18
1.0985e-17
-2.27833e-19
-2.85678e-19
-3.95536e-19
-5.07589e-19
-5.62375e-19
-9.09702e-19
-1.44525e-18
-4.46139e-20
1.50435e-20
-1.29774e-19
6.69531e-20
-2.31986e-19
2.07643e-19
-4.26724e-19
-7.15606e-19
5.43403e-19
5.22204e-20
-5.55046e-20
1.226e-19
-9.89265e-20
2.90722e-19
-1.92578e-19
-3.69073e-19
7.00204e-19
3.70355e-20
-2.23195e-20
8.20994e-20
-3.9636e-20
2.03402e-19
-8.63694e-20
-2.02875e-19
5.62915e-19
1.91089e-20
-8.22326e-21
4.17327e-20
-1.46961e-20
1.18436e-19
-3.81443e-20
-1.13367e-19
4.00993e-19
8.11573e-21
-2.69194e-21
1.79121e-20
-4.92954e-21
6.22407e-20
-1.6043e-20
-6.08612e-20
2.60278e-19
2.91022e-21
-7.64237e-22
6.65504e-21
-1.46909e-21
2.95934e-20
-6.24372e-21
-2.99689e-20
1.51632e-19
8.77885e-22
-1.85303e-22
2.14134e-21
-3.86155e-22
1.25245e-20
-2.19953e-21
-1.29535e-20
7.74432e-20
2.18939e-22
-3.80607e-23
5.91581e-22
-8.99904e-23
4.58827e-21
-6.87487e-22
-4.71489e-21
3.31956e-20
4.41861e-23
-6.57814e-24
1.39377e-22
-1.88584e-23
1.40781e-21
-1.90195e-22
-1.40537e-21
1.13596e-20
7.0805e-24
-9.41593e-25
2.80569e-23
-3.58742e-24
3.56765e-22
-4.58622e-23
-3.31212e-22
2.98578e-21
8.834e-25
-1.07509e-25
4.82866e-24
-5.98967e-25
7.30973e-23
-9.06903e-24
-5.7735e-23
5.80007e-22
8.30857e-26
-9.09297e-27
6.82774e-25
-7.72491e-26
1.14485e-23
-1.29804e-24
-6.73769e-24
7.8628e-23
5.51954e-27
-4.98526e-28
6.98986e-26
-5.87073e-27
1.2248e-24
-1.03321e-25
-4.77754e-25
6.85595e-24
2.26622e-28
-1.35026e-29
3.98439e-27
-1.28827e-28
7.069e-26
-2.15888e-27
-2.52191e-26
3.60506e-25
4.20235e-30
-1.03542e-31
6.19156e-29
-8.44096e-31
1.13001e-27
-3.05471e-29
-1.33719e-27
1.49391e-26
1.70033e-32
-1.23031e-34
2.76019e-31
-5.07817e-35
1.13277e-29
-3.31871e-33
-1.89554e-31
5.4394e-28
7.65959e-36
-3.50962e-48
5.23925e-36
-7.98724e-50
7.21736e-34
-2.76086e-52
-9.01572e-55
4.43673e-32
8.01494e-50
2.76991e-52
9.04762e-55
3.19026e-57
6.65249e-08
-1.21026e-06
4.12756e-08
5.90753e-08
7.36299e-10
-7.35704e-11
-1.24403e-10
4.68568e-09
-4.19788e-14
1.53244e-11
-6.41353e-17
2.81109e-13
-4.64002e-15
4.30138e-15
-4.83381e-14
5.85829e-15
-1.50127e-13
1.01947e-13
-7.87756e-12
2.93427e-12
-3.64186e-14
1.38318e-12
-4.40118e-15
-2.50919e-15
-4.24254e-15
4.59196e-16
-1.24293e-14
7.60649e-15
-2.78219e-13
2.70383e-13
-3.88685e-14
-1.88464e-13
-4.06261e-14
-6.96803e-15
-2.40078e-14
-7.07098e-14
-2.45188e-14
-1.16684e-05
-3.56992e-06
-2.67795e-07
-2.85239e-07
-4.51131e-09
-2.6384e-07
-1.10977e-11
1.80638e-10
-8.23354e-13
2.10792e-12
-1.17809e-11
1.00917e-11
-1.31628e-09
6.53719e-10
-5.25394e-12
1.22707e-09
-8.72304e-13
5.48753e-12
-6.55999e-13
1.64276e-11
-9.77605e-14
1.01176e-11
-1.55929e-14
-1.82388e-13
-3.93363e-13
3.78575e-13
-1.25059e-12
8.66879e-13
-1.74625e-11
1.64233e-11
-1.78376e-12
-1.60328e-11
-1.34297e-12
-5.08954e-13
-1.24833e-12
-8.48766e-13
-1.27284e-12
8.51986e-06
7.01222e-05
-5.19268e-06
2.35077e-05
-8.50671e-11
-5.45644e-06
-1.96251e-12
9.51754e-11
-3.95399e-12
1.7303e-12
-2.68158e-11
3.11681e-11
-8.36108e-11
1.98458e-10
1.43905e-11
3.45454e-10
-5.3568e-10
5.64803e-10
-8.17602e-09
1.3872e-08
-4.90403e-11
7.74333e-09
-6.77198e-12
-7.47682e-12
-7.75219e-11
7.11767e-11
-1.3155e-10
5.56509e-11
-6.52e-10
2.28405e-12
-5.51328e-11
-6.26178e-10
-3.94306e-11
-1.7854e-11
-5.96491e-11
2.73887e-12
-6.0828e-11
9.66047e-05
9.53879e-05
3.12402e-05
9.22852e-05
-3.56288e-06
5.70736e-05
-1.15272e-05
1.15937e-05
-7.10624e-07
3.69926e-05
-1.40604e-10
8.81456e-06
-6.13422e-10
6.56148e-10
-5.57353e-09
4.96629e-09
-5.04034e-08
4.55578e-08
-3.87232e-07
3.50441e-07
-6.32505e-10
-3.08014e-07
-2.60263e-10
1.14832e-09
-8.30209e-09
8.11416e-09
-5.12607e-09
-3.11547e-09
-1.84097e-08
2.99249e-09
-1.79454e-09
-1.77902e-08
-1.28733e-09
-5.62163e-10
-2.52862e-09
9.30987e-10
-2.58942e-09
0.000136801
8.96241e-05
0.000130345
9.87007e-05
9.11996e-05
0.000104443
6.13383e-05
0.000108127
6.04736e-05
9.948e-05
4.55389e-05
9.48379e-05
3.35023e-05
8.95118e-05
4.11586e-05
8.18788e-05
3.37587e-05
7.34184e-05
-1.84214e-06
6.20472e-05
-3.02543e-06
2.78277e-05
-2.41758e-08
1.07886e-05
-4.83674e-07
4.67189e-07
-1.14233e-08
-8.64127e-07
-3.69336e-07
3.52588e-07
-4.33459e-08
-3.55861e-07
-2.98665e-08
-1.4693e-08
-4.78507e-08
1.44875e-08
-5.04409e-08
0.000148153
7.64992e-05
0.000160262
8.64911e-05
0.000171813
9.27687e-05
0.000181421
9.85624e-05
0.000186083
9.63194e-05
0.000191968
9.09894e-05
0.000200174
8.77616e-05
0.000203616
8.31357e-05
0.000199454
7.91123e-05
0.000182485
7.9647e-05
0.000139572
7.61633e-05
9.34978e-05
7.46828e-05
4.57319e-05
6.83386e-05
2.90888e-06
4.65259e-05
4.15942e-07
7.69075e-06
-3.08282e-07
-1.1274e-05
-1.96437e-07
-1.38473e-07
-3.01103e-07
7.5615e-08
-3.51225e-07
0.000104686
3.88413e-06
0.000140942
2.47498e-05
0.0001637
4.61048e-05
0.000185577
6.80096e-05
0.00020173
8.22014e-05
0.000214515
7.89804e-05
0.000226111
7.75865e-05
0.000235039
7.58696e-05
0.00024123
7.44529e-05
0.000246204
7.63014e-05
0.000243792
7.9821e-05
0.000235201
8.38746e-05
0.000217638
8.62337e-05
0.000183789
8.10888e-05
0.000127565
6.48246e-05
2.60531e-05
2.52566e-05
-1.88124e-07
-3.27153e-06
-1.99983e-06
1.58742e-06
-2.34973e-06
3.29828e-06
1.16349e-07
1.84604e-05
2.38158e-07
4.33291e-05
4.39491e-07
7.35394e-05
3.52673e-07
0.000102327
1.84813e-06
0.000122285
6.54067e-06
0.000136761
1.01798e-05
0.00014954
1.25399e-05
0.000165443
1.43457e-05
0.000191341
1.86542e-05
0.000223799
2.95832e-05
0.000248686
5.60561e-05
0.000254101
8.11339e-05
0.000244481
9.09484e-05
0.000218245
9.12327e-05
0.000166969
7.69441e-05
3.85209e-05
4.28745e-05
3.74558e-06
-8.10586e-06
-6.45224e-05
1.60131e-07
1.34036e-08
3.87809e-07
9.9782e-09
7.94825e-07
2.75606e-08
1.09478e-06
3.87857e-08
1.80559e-06
4.01466e-08
3.49602e-06
-1.55885e-08
5.37976e-06
2.5385e-08
7.38123e-06
7.28929e-08
1.0199e-05
7.83306e-08
1.70496e-05
1.5527e-07
3.51222e-05
3.77071e-07
8.13249e-05
7.47069e-07
0.000153649
3.80653e-06
0.000220573
3.62929e-05
0.000228009
8.42085e-05
0.000204981
0.000100264
0.000157238
7.63504e-05
5.51054e-05
1.58326e-05
-0.000101288
7.03841e-09
1.20977e-08
1.156e-08
5.99392e-09
2.72869e-08
1.07472e-08
5.74772e-08
-2.38861e-09
9.11146e-08
-3.60526e-09
1.29294e-07
-3.76475e-09
1.60025e-07
-8.53144e-09
2.27563e-07
3.46961e-10
2.98538e-07
1.4444e-09
4.45206e-07
3.26144e-09
8.07356e-07
1.19786e-08
1.51236e-06
4.43024e-08
5.13743e-06
2.14267e-07
4.46322e-05
1.82436e-06
0.000169438
2.26168e-05
0.000188616
9.34143e-05
0.000164289
9.98912e-05
0.000106526
5.08221e-05
-5.48141e-05
2.7304e-08
2.77961e-08
4.50311e-08
5.50856e-09
6.55302e-08
4.34228e-09
5.34231e-08
4.45308e-09
3.33604e-08
3.28377e-09
1.04595e-08
1.60841e-09
1.88878e-09
-3.31553e-11
2.13432e-09
4.17355e-12
3.52542e-09
1.47397e-11
6.8827e-09
3.88085e-11
1.84404e-08
1.77306e-10
6.23338e-08
7.7085e-10
2.7272e-07
6.72005e-09
2.02783e-06
9.66619e-08
2.25144e-05
2.46035e-06
0.000145076
3.35543e-05
0.000135017
0.000110286
0.000100948
8.14994e-05
1.4565e-05
2.27495e-08
1.76736e-08
2.29774e-08
8.06479e-09
1.54732e-08
5.71307e-09
3.11085e-09
9.64505e-11
1.62301e-10
2.59632e-11
4.00247e-11
1.06067e-11
4.5868e-12
7.15703e-13
7.3419e-12
-4.36515e-14
2.39905e-11
-3.97582e-13
6.10277e-11
1.12044e-13
2.16446e-10
1.72003e-11
9.82736e-10
1.51677e-11
7.78432e-09
5.79647e-11
1.04644e-07
8.83378e-10
2.32043e-06
2.71978e-07
6.71241e-05
1.04132e-05
9.30711e-05
9.57333e-05
7.28044e-05
9.42481e-05
5.50606e-05
-2.26256e-09
1.12036e-11
-9.37373e-10
2.14622e-11
-1.26016e-10
3.79308e-11
-3.4274e-11
7.3076e-12
-1.06243e-11
1.4225e-12
-7.04261e-13
2.42143e-13
-5.90183e-14
3.04856e-14
-1.28559e-13
3.86482e-15
2.31555e-12
-7.41289e-16
4.58271e-12
-8.27523e-12
6.87092e-12
8.58136e-12
1.18597e-11
5.46004e-12
6.11752e-11
2.80947e-11
1.40338e-10
1.00448e-09
-8.72758e-09
2.81927e-07
9.9387e-06
1.89303e-06
5.13168e-05
5.64658e-05
5.20323e-05
8.73172e-05
6.96765e-05
-6.82128e-11
-3.57604e-13
-4.6409e-11
1.0116e-13
-8.90786e-12
3.21828e-13
-1.58367e-12
7.22882e-14
-2.30097e-13
4.72356e-14
-1.40415e-14
9.90379e-15
-2.62622e-15
4.1324e-15
-4.23203e-17
1.11366e-15
6.19165e-16
-1.57003e-15
2.92216e-12
-8.44611e-12
1.30178e-13
2.69993e-11
-1.51051e-12
1.16112e-10
2.54255e-11
1.0819e-10
-7.55158e-10
1.79439e-09
2.55021e-07
2.21126e-08
-2.73174e-06
2.26965e-07
2.49182e-05
2.52305e-05
3.53824e-05
7.17489e-05
5.98469e-05
-6.41691e-13
-4.52797e-15
-5.04159e-13
-1.77668e-14
-1.22595e-13
-2.67166e-14
-2.96789e-14
-3.76602e-15
-8.99218e-15
1.59803e-14
-4.66555e-15
7.14775e-15
-1.69275e-15
2.95496e-15
4.56566e-16
-4.51056e-15
3.01743e-14
-3.1455e-14
2.97335e-12
-8.18673e-15
-8.30426e-13
5.746e-11
-6.14633e-12
2.07731e-10
-6.01667e-11
3.33854e-10
-2.83004e-10
7.11694e-10
3.16338e-09
5.30071e-09
2.41968e-07
-3.72715e-08
1.3289e-05
1.91269e-05
1.16026e-05
4.73651e-05
2.82501e-05
-2.69062e-15
3.43015e-17
-7.94093e-15
5.80958e-16
-1.1967e-14
3.29091e-15
-1.0597e-14
9.30179e-15
-7.84571e-15
1.03753e-14
-6.74142e-15
6.86222e-15
-8.33116e-15
2.13341e-15
7.94063e-15
-1.70239e-13
4.19142e-14
-5.7886e-13
1.40976e-14
-8.25401e-14
1.27893e-11
1.24885e-11
2.43406e-11
2.26523e-10
5.71403e-12
5.65317e-10
1.771e-11
3.36154e-10
1.803e-09
2.03779e-09
-1.29932e-06
-4.96772e-07
-2.0958e-06
2.21198e-05
-4.76046e-06
3.22615e-05
4.05758e-06
-1.54655e-15
8.50253e-18
-5.23498e-15
8.35461e-16
-9.70567e-15
4.07578e-15
-1.01268e-14
8.55713e-15
-6.67096e-15
1.02458e-14
-2.82696e-15
4.72327e-15
-8.65044e-15
-2.22982e-15
6.58219e-14
-1.23341e-14
3.24049e-13
-1.11711e-14
3.30503e-13
-2.64481e-13
1.21901e-11
4.57167e-13
4.5644e-11
1.17444e-10
7.32782e-11
5.16763e-10
5.08623e-11
2.64973e-10
1.59544e-09
3.91741e-10
-8.19565e-06
7.26805e-07
-9.34756e-06
2.54681e-05
-6.60137e-06
4.54081e-05
2.08961e-06
-1.52335e-15
-2.47584e-17
-7.34047e-15
6.47314e-16
-1.10879e-14
4.39781e-15
-1.3739e-14
9.26369e-15
-1.0228e-14
1.20534e-14
-6.16569e-15
6.46531e-15
-1.0127e-15
-2.3915e-14
2.19208e-15
-1.62075e-14
4.1247e-15
-1.37224e-14
2.17444e-12
-1.91492e-12
2.5051e-12
6.6964e-13
4.02836e-11
1.36296e-10
1.1165e-10
4.23404e-10
2.1618e-11
2.6457e-10
-6.88779e-08
6.92761e-08
-8.70671e-06
9.98938e-07
-1.65639e-05
1.43246e-05
-6.25794e-06
6.24367e-05
3.36261e-06
-8.14545e-16
-2.31024e-17
-5.98381e-15
2.18211e-16
-7.71293e-15
2.98903e-15
-7.62029e-15
6.11157e-15
-2.38197e-14
9.14837e-15
-1.57815e-14
3.17226e-15
-1.26375e-15
-2.98248e-14
2.24163e-15
-4.47683e-15
3.75909e-14
-4.977e-14
1.5583e-12
-2.79675e-13
3.65865e-12
1.33119e-11
4.57398e-12
2.06054e-10
3.94373e-11
3.94637e-10
5.15087e-10
6.86743e-10
6.48833e-08
1.07747e-08
-3.18826e-06
2.97353e-07
-9.08689e-06
4.9416e-06
-5.25358e-06
6.43859e-05
1.6093e-05
-3.64091e-16
-3.7681e-17
-4.96841e-15
2.15004e-17
-5.59636e-15
2.08172e-15
-6.5384e-15
4.44668e-15
-1.9164e-14
8.14396e-15
-1.00146e-14
-3.33719e-16
-4.60958e-15
-3.77997e-14
-1.61342e-15
1.87763e-14
-8.02305e-16
-5.29692e-14
-3.62179e-13
-1.98071e-14
-3.29444e-11
2.07081e-11
-2.58896e-11
2.04743e-10
5.92424e-13
3.68044e-10
8.2298e-11
4.15797e-10
8.51087e-09
1.29702e-09
2.48815e-07
5.04156e-08
-5.68359e-06
1.68586e-06
-9.94256e-07
5.98162e-05
5.43639e-05
-7.89396e-16
-8.98472e-17
-7.30946e-15
-5.40616e-16
-7.88788e-15
2.12622e-15
-4.41723e-15
4.92564e-15
-1.31171e-15
2.61527e-15
-5.45402e-15
-7.28074e-16
-4.33354e-13
2.04418e-14
-6.39066e-13
-8.47322e-12
2.03324e-13
-8.38142e-12
-1.54333e-12
1.79016e-13
-4.48236e-11
1.47431e-11
-8.86254e-11
8.24269e-11
-4.77421e-11
9.68846e-11
-2.40941e-11
1.09018e-10
3.64633e-10
5.6138e-10
4.16833e-08
8.04726e-09
-2.13972e-06
1.21332e-06
2.01485e-06
5.56869e-05
3.8734e-05
-1.58855e-15
-9.4092e-17
-5.49812e-15
-8.4031e-16
-4.51838e-15
6.85488e-16
-1.83442e-15
3.11126e-15
-3.13464e-16
1.36878e-15
-3.43167e-16
-7.47867e-16
-1.13432e-12
-4.55996e-12
-4.72208e-12
-1.73215e-11
-4.08669e-12
-8.40275e-12
1.06457e-12
6.37447e-12
-3.14103e-11
1.1805e-11
-3.65914e-11
8.23524e-12
-2.1786e-11
2.75802e-11
-1.93325e-10
1.74707e-10
-2.21892e-09
2.45675e-09
-5.74741e-08
6.29345e-08
-3.36537e-07
2.74775e-07
1.57518e-05
3.97078e-05
1.91463e-05
-3.23927e-16
-1.54283e-17
-2.24257e-15
-6.41951e-16
-9.44529e-16
-5.59687e-16
1.56753e-16
1.48873e-15
5.90773e-16
9.4536e-16
4.44216e-16
-7.46797e-16
-6.48541e-13
-5.94199e-14
-4.5485e-12
-1.28074e-11
-1.08788e-11
-1.80769e-12
-3.57794e-12
2.63912e-11
-7.82181e-12
6.79713e-12
-9.33143e-12
4.66315e-12
-3.6513e-11
4.50049e-11
-8.81403e-10
9.89146e-10
-1.31175e-08
1.44045e-08
-2.13112e-08
6.71702e-08
-2.33487e-06
-7.72641e-07
1.56774e-05
8.5626e-07
5.22239e-06
-9.9911e-18
-9.80824e-18
2.32701e-16
-3.38557e-16
1.68067e-15
-1.04112e-15
2.55484e-15
4.65721e-16
1.64705e-15
7.72452e-16
1.75151e-15
-8.37569e-16
5.21546e-14
-1.09784e-13
-2.80359e-12
-5.63016e-13
-1.16497e-11
7.35345e-12
-1.11316e-11
2.61681e-11
-8.88607e-12
2.08768e-11
-1.49506e-11
1.15729e-11
-5.65467e-11
8.15042e-11
-5.19154e-10
1.39842e-09
3.50463e-09
9.88571e-09
-1.37207e-07
1.22988e-08
-1.52235e-06
-4.26531e-07
-2.85315e-07
-2.16071e-06
4.93707e-06
7.94208e-18
-9.86141e-18
4.88855e-16
-2.80184e-16
3.29663e-15
-1.47156e-15
4.7129e-15
-3.50981e-16
3.66066e-15
4.06495e-16
1.1193e-14
-9.23503e-15
1.25098e-13
-3.90694e-13
3.89283e-14
-6.24859e-13
-4.43535e-12
4.0156e-14
-2.09443e-11
1.66852e-11
-1.2695e-11
3.06403e-11
-4.56641e-12
8.24596e-12
5.58919e-11
2.46522e-11
1.49165e-09
2.42164e-10
5.72023e-09
2.70397e-09
2.78742e-08
1.88649e-10
1.83262e-07
-2.51633e-08
-9.35737e-07
-2.39864e-06
2.6177e-05
1.56858e-17
-1.27321e-17
6.06126e-16
-2.82959e-16
3.39161e-15
-1.42702e-15
4.41553e-15
-5.71032e-16
5.49589e-15
-1.71583e-17
8.1987e-13
-9.54347e-14
2.13442e-12
-9.07655e-13
1.80092e-12
4.56149e-14
3.24811e-13
4.37976e-13
-2.88116e-12
-2.76328e-12
-5.65909e-12
9.51356e-12
5.64855e-13
8.22519e-12
2.26378e-11
9.58868e-12
-1.81629e-10
1.14629e-10
4.58152e-11
8.62146e-11
4.81016e-09
1.61471e-10
-1.50989e-08
-1.00711e-08
-1.67042e-06
-3.12116e-06
6.82241e-05
2.66782e-17
-1.59938e-17
6.51277e-16
-2.51229e-16
2.65911e-15
-1.03862e-15
2.98666e-15
-5.11752e-16
3.50801e-15
-1.87564e-16
1.88875e-12
-3.77923e-14
2.78753e-12
-7.85545e-13
2.61469e-12
3.49696e-13
1.22667e-12
1.85544e-12
1.35888e-13
1.44203e-13
-9.09744e-13
-1.91012e-12
-7.82785e-13
5.31347e-12
-1.01552e-12
4.79752e-13
7.47728e-12
4.94165e-12
1.12882e-11
7.91502e-11
2.04976e-12
1.91936e-11
6.84034e-08
-7.86157e-08
9.97407e-07
-3.91254e-06
9.3331e-05
3.57735e-17
-1.83918e-17
5.2434e-16
-1.64476e-16
1.81851e-15
-8.57377e-16
1.84718e-15
-5.51654e-16
3.60039e-15
-1.93966e-15
1.12756e-13
-1.64335e-14
6.8601e-13
-3.47164e-14
1.21796e-12
1.962e-16
1.012e-12
8.38829e-14
2.815e-13
7.48831e-13
1.26804e-13
1.9238e-13
5.39892e-13
5.76592e-13
1.43915e-12
1.00934e-12
5.40842e-12
1.86635e-12
1.3142e-11
7.05391e-11
5.86556e-07
3.41485e-06
4.77883e-06
1.12525e-06
1.13112e-05
-2.71179e-06
0.000124191
3.82706e-17
-1.44451e-17
3.19103e-16
-1.00485e-16
1.46619e-15
-8.31112e-16
1.70875e-15
-6.10827e-16
1.59642e-14
-2.36342e-15
2.75152e-14
-2.85604e-14
3.58874e-14
-4.32895e-14
4.46668e-14
-4.53695e-15
8.41526e-14
4.03556e-14
1.96153e-13
1.1153e-13
1.58168e-13
2.03891e-13
3.53245e-13
3.38776e-13
8.23531e-13
1.24849e-13
2.08111e-12
8.3686e-14
2.11134e-05
5.05061e-06
3.39704e-05
1.30111e-05
2.26168e-05
1.88281e-05
2.36119e-05
8.00226e-06
0.000186266
2.54323e-17
-8.54827e-18
1.90299e-16
-5.72405e-17
1.3404e-15
-6.98284e-16
1.64227e-15
-7.08059e-16
1.09886e-14
-6.87044e-16
6.06451e-14
-7.54447e-15
7.48123e-14
7.14374e-14
9.09947e-14
-7.05572e-15
8.54639e-14
3.10836e-14
1.18475e-13
6.43828e-14
1.92152e-13
1.06812e-13
4.86737e-13
2.31997e-14
5.78576e-07
2.22209e-08
3.8709e-05
7.88759e-06
3.50099e-05
1.14153e-05
3.80193e-05
1.41448e-05
5.28209e-05
9.12124e-06
4.64943e-05
2.6868e-05
0.000286459
1.44455e-17
-4.22686e-18
1.01916e-16
-2.56934e-17
1.20852e-15
-3.65386e-16
1.62632e-15
-4.29281e-16
2.35639e-15
-9.69538e-16
1.54694e-14
-1.50281e-15
1.93776e-13
-8.53079e-14
1.13448e-13
5.05585e-14
1.26062e-13
4.32804e-15
1.66554e-13
1.05995e-14
2.54905e-09
-2.54872e-09
2.51091e-09
3.81623e-11
2.25287e-05
4.00209e-06
2.58491e-05
7.37737e-06
2.69385e-05
1.29914e-05
9.11155e-06
5.83421e-07
2.59338e-05
1.66781e-06
6.0101e-05
3.35315e-05
0.000364002
6.58786e-18
-1.55548e-18
4.15649e-17
-9.11232e-18
5.1853e-16
-1.09474e-16
6.30418e-16
-1.44212e-16
4.26561e-15
-1.13186e-15
2.8651e-14
-1.29959e-15
8.98116e-12
-5.71252e-11
3.6674e-12
-3.26036e-12
4.64044e-12
-9.82006e-13
1.73925e-08
-1.73858e-08
2.32072e-06
-1.65176e-07
8.84918e-06
7.54272e-07
1.22542e-05
3.42358e-06
8.12189e-06
-4.50011e-07
3.7461e-06
1.88264e-07
2.62162e-06
-3.34204e-08
1.73938e-05
2.13629e-06
5.26857e-05
4.73955e-05
0.000325504
2.15865e-18
-3.82564e-19
1.33857e-17
-2.7266e-18
1.47307e-16
-2.78706e-17
2.57899e-16
-5.49846e-17
4.88976e-15
-1.23197e-15
1.88702e-15
-1.97936e-16
5.56017e-11
-5.39882e-11
3.05924e-11
-3.30282e-11
3.41344e-11
-4.57078e-12
4.82619e-07
-4.99969e-07
2.88099e-06
-1.9383e-07
5.21157e-06
1.74537e-06
2.126e-06
-1.27548e-07
6.3917e-07
1.285e-08
7.88312e-07
-1.55998e-08
7.3737e-07
-1.04318e-08
2.10744e-05
2.06724e-05
1.56932e-05
3.37159e-05
3.58834e-05
4.67971e-19
-6.87681e-20
3.56415e-18
-6.78731e-19
3.95505e-17
-9.53492e-18
1.07241e-16
-2.76753e-17
3.26911e-15
-4.8271e-16
2.10747e-15
-2.00269e-16
6.29779e-11
-5.72906e-11
9.25608e-11
-7.33974e-11
9.58987e-11
-8.40968e-12
2.99714e-06
-5.44807e-07
7.61469e-06
-5.06358e-07
2.09731e-06
1.01888e-06
1.4772e-07
1.79058e-07
1.16699e-07
-1.08501e-08
8.15613e-08
-1.93717e-08
3.11601e-08
1.5356e-08
2.74624e-06
2.95727e-05
-5.25848e-06
1.2022e-06
2.32423e-06
7.19526e-20
-9.69279e-21
7.60502e-19
-1.51604e-19
1.24657e-17
-3.28822e-18
4.71863e-17
-1.24509e-17
9.10028e-16
-1.68689e-17
5.35876e-16
-9.8604e-16
6.12096e-11
-6.82127e-16
1.06847e-10
-3.24307e-11
9.75481e-11
-7.20467e-12
2.45982e-06
-1.41856e-12
4.31942e-06
-1.12799e-06
2.58777e-06
1.49794e-06
1.03841e-07
5.63697e-07
8.08777e-08
-2.9872e-08
3.92935e-08
-1.52554e-08
2.34113e-08
6.83552e-07
-7.15847e-07
3.76091e-05
-1.77587e-06
1.00892e-06
5.48219e-07
8.3445e-21
-1.15687e-21
1.38018e-19
-2.88654e-20
3.40896e-18
-9.36997e-19
1.28114e-17
-1.69436e-18
3.5467e-17
-6.47398e-17
1.91661e-15
-8.41146e-15
8.46937e-16
-2.78664e-15
2.89022e-11
-1.81389e-15
5.50315e-12
-3.9842e-17
6.52654e-12
-7.25829e-13
4.33641e-06
-1.26972e-06
2.21867e-06
2.85081e-06
1.14415e-07
8.97155e-07
4.97329e-08
-2.65742e-09
4.27326e-09
-6.21794e-09
-1.09628e-06
9.43755e-07
-1.06295e-06
1.61455e-06
-4.20923e-07
5.2433e-07
1.27471e-07
7.90033e-22
-1.27017e-22
2.01061e-20
-3.9827e-21
5.6224e-19
-9.0218e-20
1.24797e-18
-3.88891e-19
6.4212e-17
-5.96817e-17
9.61716e-15
-1.56621e-15
1.81786e-15
-9.5787e-16
1.35141e-16
-1.2895e-16
1.35299e-17
8.17689e-17
5.18677e-12
-5.91259e-12
5.67639e-06
-5.77276e-07
1.57586e-06
4.30942e-06
8.40691e-08
8.33913e-07
3.11931e-09
2.90933e-08
-4.4997e-08
5.45233e-09
-2.93697e-07
1.36787e-07
-2.27641e-07
2.5187e-07
-1.11628e-07
1.3461e-07
1.58006e-08
6.58993e-23
-1.08749e-23
2.00008e-21
-3.36322e-22
4.6017e-20
-6.20087e-21
2.56256e-19
-7.06798e-20
6.16202e-17
-3.19339e-17
1.23586e-15
-8.87035e-18
1.589e-16
-2.95243e-19
2.99642e-17
-1.43387e-20
-8.33031e-17
5.53577e-16
4.83335e-11
-5.42461e-11
3.8912e-06
-7.4928e-07
3.39757e-06
4.15459e-06
1.63983e-07
2.73844e-06
3.37668e-08
1.29925e-07
2.2121e-10
9.61368e-09
-2.3992e-08
7.01668e-08
-5.16441e-08
1.33731e-07
-1.68885e-08
5.56128e-08
-1.03339e-09
4.01137e-24
-3.84403e-25
1.17176e-22
-1.30821e-23
2.36794e-21
-2.22781e-22
3.29458e-20
-6.0034e-21
9.48532e-18
2.68852e-20
3.39001e-19
1.55254e-20
3.06156e-20
1.31427e-20
2.66647e-21
1.36104e-20
-3.40104e-16
2.13767e-15
4.99721e-10
-5.53967e-10
2.92658e-06
-2.15468e-06
5.34063e-06
3.57413e-06
5.28418e-07
5.35911e-06
5.25733e-08
5.82248e-07
8.07598e-09
2.47275e-08
1.10019e-08
3.72442e-08
9.56217e-09
1.09059e-07
-5.39323e-09
7.95861e-08
7.39273e-09
9.28286e-26
-2.73901e-28
2.96668e-24
-4.18778e-26
5.68685e-23
-2.66263e-24
9.40668e-22
-3.42378e-23
-8.53316e-21
1.6438e-20
-5.21979e-21
5.85608e-21
-4.34101e-21
5.36737e-21
-4.47187e-21
7.53325e-21
-2.98656e-16
4.21925e-15
4.23745e-09
-4.79146e-09
3.44474e-06
-6.37519e-10
6.00956e-06
2.69703e-06
4.98123e-06
7.9293e-06
2.59423e-07
2.08341e-06
6.50494e-08
1.89163e-07
6.9724e-09
7.30085e-08
2.40207e-08
8.09809e-08
4.74763e-10
1.02258e-07
2.22511e-09
3.85636e-29
-3.18434e-57
5.55468e-27
-5.90147e-60
3.82328e-25
2.96553e-28
2.83713e-24
2.08261e-24
-3.09151e-21
3.52912e-21
-1.24062e-21
5.63814e-22
-1.30749e-21
1.1196e-21
-2.10564e-21
2.10936e-21
-7.32237e-16
2.3554e-20
2.51357e-09
1.47469e-20
1.87605e-09
9.97593e-21
6.10784e-06
2.23665e-06
3.17354e-06
1.24055e-05
5.47055e-08
2.48596e-07
6.57467e-08
9.50767e-08
1.55867e-08
9.43728e-08
4.90752e-09
1.11935e-07
7.20564e-10
1.32208e-07
3.14303e-09
5.91508e-60
1.36115e-62
-1.49263e-29
-1.17906e-25
-2.28659e-22
-4.48669e-23
-1.25493e-22
-3.76314e-22
-1.05419e-20
-1.17571e-20
-1.01774e-20
2.53542e-06
-2.73452e-07
-2.48558e-08
2.25168e-08
2.65541e-08
1.93345e-09
1.17021e-09
)
;

boundaryField
{
    leftWall
    {
        type            calculated;
        value           uniform 0;
    }
    rightWall
    {
        type            calculated;
        value           uniform 0;
    }
    lowerWall
    {
        type            calculated;
        value           uniform 0;
    }
    atmosphere
    {
        type            calculated;
        value           nonuniform List<scalar> 
46
(
0
0
0
0
0
0
0
0
0
0
0
0
0
0
0
0
0
0
0
0
0
0
0
0
0
0
0
0
0
0
0
0
0
0
0
0
0
0
2.0066e-06
1.6345e-05
0
0
4.003e-08
1.39993e-07
1.46577e-07
5.11758e-09
)
;
    }
    defaultFaces
    {
        type            empty;
        value           nonuniform 0();
    }
}


// ************************************************************************* //
