/*--------------------------------*- C++ -*----------------------------------*\
| =========                 |                                                 |
| \\      /  F ield         | OpenFOAM: The Open Source CFD Toolbox           |
|  \\    /   O peration     | Version:  5.x                                   |
|   \\  /    A nd           | Web:      www.OpenFOAM.org                      |
|    \\/     M anipulation  |                                                 |
\*---------------------------------------------------------------------------*/
FoamFile
{
    version     2.0;
    format      ascii;
    class       volVectorField;
    location    "0.4";
    object      U;
}
// * * * * * * * * * * * * * * * * * * * * * * * * * * * * * * * * * * * * * //

dimensions      [0 1 -1 0 0 0 0];

internalField   nonuniform List<vector> 
2268
(
(-0.0336736 0.00890648 0)
(-0.0448032 -0.00200995 0)
(-0.00658282 -0.0123439 0)
(0.059931 -0.0171687 0)
(0.134444 -0.017621 0)
(0.205556 -0.0154006 0)
(0.265395 -0.0122379 0)
(0.31137 -0.00918898 0)
(0.344984 -0.00667857 0)
(0.369157 -0.00475764 0)
(0.386402 -0.00328986 0)
(0.398204 -0.00204384 0)
(0.404867 -0.000727232 0)
(0.40564 0.0016903 0)
(0.395503 0.00576057 0)
(0.369365 0.0123071 0)
(0.319286 0.0220986 0)
(0.234609 0.0334398 0)
(0.107625 0.0371634 0)
(-0.0196274 0.0189007 0)
(-0.138239 0.0191847 0)
(-0.235981 0.0105893 0)
(-0.0833305 -0.0583267 0)
(-0.0379302 0.0266424 0)
(-0.0424453 -0.0075948 0)
(-0.00358713 -0.0375873 0)
(0.0637659 -0.0518294 0)
(0.138188 -0.0530389 0)
(0.208527 -0.046363 0)
(0.267395 -0.0369444 0)
(0.312678 -0.0279086 0)
(0.346099 -0.0204982 0)
(0.370572 -0.0148355 0)
(0.388508 -0.0104966 0)
(0.401301 -0.00682075 0)
(0.409532 -0.00303662 0)
(0.413017 0.00197269 0)
(0.414113 0.00951709 0)
(0.412685 0.0210956 0)
(0.406289 0.0391317 0)
(0.384299 0.065068 0)
(0.316676 0.0911192 0)
(0.179049 0.0950777 0)
(-0.028526 0.075797 0)
(-0.169501 -0.00579708 0)
(0.00661046 -0.134377 0)
(-0.0349677 0.0438633 0)
(-0.0383307 -0.0141522 0)
(0.00199425 -0.0630731 0)
(0.069685 -0.086228 0)
(0.14296 -0.0877365 0)
(0.211118 -0.0763998 0)
(0.267569 -0.0607617 0)
(0.310969 -0.0459536 0)
(0.343413 -0.0339491 0)
(0.367809 -0.0248461 0)
(0.386379 -0.0178715 0)
(0.400295 -0.0119476 0)
(0.409788 -0.0059599 0)
(0.414473 0.000836473 0)
(0.413535 0.00968747 0)
(0.406535 0.0223769 0)
(0.395586 0.0421299 0)
(0.386261 0.0743378 0)
(0.378786 0.11944 0)
(0.330023 0.157944 0)
(0.20103 0.15533 0)
(0.0323656 0.0392931 0)
(0.0703054 -0.142365 0)
(-0.0321595 0.0591653 0)
(-0.0318168 -0.021641 0)
(0.010045 -0.0889235 0)
(0.07759 -0.120267 0)
(0.148892 -0.121431 0)
(0.213901 -0.105188 0)
(0.267091 -0.0834859 0)
(0.308122 -0.0633177 0)
(0.339523 -0.047213 0)
(0.364122 -0.035111 0)
(0.38382 -0.0258259 0)
(0.399428 -0.0178532 0)
(0.410931 -0.00976068 0)
(0.417754 -0.000229246 0)
(0.419066 0.0117799 0)
(0.413888 0.0276833 0)
(0.402168 0.0491873 0)
(0.385915 0.079462 0)
(0.380296 0.124939 0)
(0.383753 0.181186 0)
(0.350354 0.206292 0)
(0.223712 0.100434 0)
(0.144941 -0.0786992 0)
(-0.0290089 0.0718844 0)
(-0.0228017 -0.0308944 0)
(0.0201358 -0.114665 0)
(0.0867013 -0.153306 0)
(0.155347 -0.15343 0)
(0.216562 -0.132097 0)
(0.265967 -0.104683 0)
(0.304386 -0.0798215 0)
(0.334831 -0.060322 0)
(0.359967 -0.0457891 0)
(0.38124 -0.0345691 0)
(0.399001 -0.0247482 0)
(0.412887 -0.0145915 0)
(0.42217 -0.00266972 0)
(0.426056 0.0122339 0)
(0.423853 0.0312404 0)
(0.415522 0.0556416 0)
(0.400905 0.0862268 0)
(0.38575 0.125487 0)
(0.386757 0.178214 0)
(0.399782 0.222174 0)
(0.320621 0.163068 0)
(0.191319 0.0154802 0)
(-0.0248704 0.0813884 0)
(-0.0112111 -0.041953 0)
(0.0315408 -0.139937 0)
(0.0956453 -0.184885 0)
(0.161159 -0.183487 0)
(0.218505 -0.156956 0)
(0.264243 -0.124232 0)
(0.300342 -0.0954404 0)
(0.330271 -0.073359 0)
(0.356441 -0.0570294 0)
(0.379752 -0.0442611 0)
(0.400029 -0.0327729 0)
(0.416538 -0.0206322 0)
(0.428357 -0.0063531 0)
(0.434684 0.0112905 0)
(0.435044 0.0332252 0)
(0.429603 0.0603252 0)
(0.418758 0.0929618 0)
(0.403422 0.130161 0)
(0.388106 0.173948 0)
(0.39927 0.224696 0)
(0.351724 0.218034 0)
(0.21584 0.139182 0)
(-0.0192282 0.0869221 0)
(0.00259036 -0.0543958 0)
(0.0438195 -0.164945 0)
(0.103832 -0.215657 0)
(0.165316 -0.212573 0)
(0.218762 -0.180707 0)
(0.261317 -0.142945 0)
(0.295827 -0.110852 0)
(0.326032 -0.0868577 0)
(0.353944 -0.0692213 0)
(0.379845 -0.055141 0)
(0.403047 -0.0419842 0)
(0.422484 -0.027693 0)
(0.437075 -0.0108671 0)
(0.445896 0.00930802 0)
(0.448486 0.0338332 0)
(0.445131 0.0635339 0)
(0.436345 0.0985636 0)
(0.424313 0.137811 0)
(0.403014 0.178685 0)
(0.395562 0.231003 0)
(0.359921 0.266004 0)
(0.241484 0.263776 0)
(-0.0118351 0.0885858 0)
(0.0185521 -0.0682893 0)
(0.060158 -0.190179 0)
(0.11498 -0.245271 0)
(0.170178 -0.240126 0)
(0.218538 -0.202924 0)
(0.257829 -0.160595 0)
(0.291159 -0.126072 0)
(0.322095 -0.101026 0)
(0.352028 -0.0827291 0)
(0.380606 -0.0677813 0)
(0.406712 -0.053243 0)
(0.429099 -0.036885 0)
(0.446636 -0.0171643 0)
(0.458557 0.00661507 0)
(0.464155 0.0341598 0)
(0.46334 0.0658543 0)
(0.456104 0.10198 0)
(0.445624 0.142962 0)
(0.42692 0.185711 0)
(0.406458 0.240515 0)
(0.373946 0.309948 0)
(0.237824 0.415952 0)
(0.02717 -0.0264294 0)
(0.274854 -0.056053 0)
(0.467656 -0.01212 0)
(0.421529 0.0201958 0)
(0.299157 0.0240609 0)
(0.176192 0.0222206 0)
(0.0740185 0.021781 0)
(-0.0179305 0.0184847 0)
(-0.091827 0.0153227 0)
(-0.149801 0.0120259 0)
(-0.190647 0.00817574 0)
(-0.214795 0.00497237 0)
(-0.225893 0.00191335 0)
(-0.223248 -0.00157693 0)
(-0.207222 -0.00502731 0)
(-0.177624 -0.00865791 0)
(-0.132668 -0.012546 0)
(-0.0743542 -0.0154744 0)
(-0.0207151 -0.0110498 0)
(0.0276887 -0.0870443 0)
(0.320476 -0.164497 0)
(0.51042 -0.0314758 0)
(0.456792 0.0693353 0)
(0.294155 0.0821129 0)
(0.133174 0.0731178 0)
(0.0180662 0.0645009 0)
(-0.0677038 0.0503668 0)
(-0.123837 0.0392645 0)
(-0.164236 0.0291983 0)
(-0.188734 0.0180673 0)
(-0.201346 0.00982446 0)
(-0.205194 0.00248572 0)
(-0.199624 -0.0057192 0)
(-0.183568 -0.013881 0)
(-0.156657 -0.0225062 0)
(-0.116404 -0.0318922 0)
(-0.063577 -0.039205 0)
(-0.0165079 -0.0275885 0)
(0.0236105 -0.160348 0)
(0.3598 -0.302998 0)
(0.57302 -0.0447169 0)
(0.476203 0.13481 0)
(0.281339 0.149063 0)
(0.123595 0.128744 0)
(0.0168504 0.106527 0)
(-0.0627444 0.0788347 0)
(-0.118119 0.0595779 0)
(-0.163149 0.0440005 0)
(-0.193047 0.0259145 0)
(-0.208661 0.0134142 0)
(-0.214901 0.00242267 0)
(-0.21028 -0.0103996 0)
(-0.193972 -0.0229673 0)
(-0.165909 -0.0365127 0)
(-0.12349 -0.0514618 0)
(-0.0676578 -0.0626295 0)
(-0.0175015 -0.0426445 0)
(-0.0042646 -0.236659 0)
(0.354709 -0.467355 0)
(0.627668 -0.0702771 0)
(0.510915 0.212526 0)
(0.283284 0.220499 0)
(0.12595 0.184575 0)
(0.0163557 0.148216 0)
(-0.0672139 0.107428 0)
(-0.123788 0.0812845 0)
(-0.171105 0.0617885 0)
(-0.201747 0.0356015 0)
(-0.216171 0.0186202 0)
(-0.22335 0.0039791 0)
(-0.22001 -0.0144751 0)
(-0.20404 -0.0322546 0)
(-0.175547 -0.0516685 0)
(-0.131168 -0.0731034 0)
(-0.0720081 -0.0887627 0)
(-0.0186046 -0.0602575 0)
(-0.0679818 -0.291684 0)
(0.323985 -0.599804 0)
(0.636312 -0.0862819 0)
(0.520564 0.302822 0)
(0.272484 0.296363 0)
(0.117544 0.242088 0)
(0.00133666 0.191484 0)
(-0.0833908 0.136771 0)
(-0.135328 0.102797 0)
(-0.182641 0.0808078 0)
(-0.212953 0.0441062 0)
(-0.224271 0.0229182 0)
(-0.231928 0.00606628 0)
(-0.229793 -0.0183755 0)
(-0.213846 -0.0414209 0)
(-0.184848 -0.0670891 0)
(-0.138476 -0.0956012 0)
(-0.0759365 -0.116025 0)
(-0.0194587 -0.0788359 0)
(-0.0999719 -0.334314 0)
(0.297064 -0.763438 0)
(0.68011 -0.115261 0)
(0.52673 0.382109 0)
(0.241346 0.364607 0)
(0.0966549 0.301373 0)
(-0.0243728 0.236884 0)
(-0.106265 0.163415 0)
(-0.149435 0.119765 0)
(-0.196971 0.0982541 0)
(-0.227777 0.0484743 0)
(-0.233594 0.0267367 0)
(-0.242108 0.00904876 0)
(-0.241871 -0.0225278 0)
(-0.2258 -0.0507038 0)
(-0.196125 -0.0830334 0)
(-0.147064 -0.119312 0)
(-0.0804551 -0.144682 0)
(-0.0203858 -0.0983744 0)
(0.103516 -0.40068 0)
(0.273795 -0.987452 0)
(0.656767 -0.120764 0)
(0.505 0.493304 0)
(0.188241 0.451991 0)
(0.0703001 0.359001 0)
(-0.058924 0.275505 0)
(-0.135581 0.192145 0)
(-0.164586 0.144976 0)
(-0.212702 0.129391 0)
(-0.243314 0.0611764 0)
(-0.240615 0.0271492 0)
(-0.251917 0.0135782 0)
(-0.254723 -0.0265447 0)
(-0.238921 -0.0595153 0)
(-0.210155 -0.0995462 0)
(-0.157616 -0.144272 0)
(-0.0860674 -0.17467 0)
(-0.0215888 -0.119041 0)
(0.509147 -0.563939 0)
(0.256045 -1.14051 0)
(0.517639 -0.155515 0)
(0.384824 0.558918 0)
(0.107645 0.494004 0)
(0.041323 0.423948 0)
(-0.0903405 0.336173 0)
(-0.157685 0.211616 0)
(-0.172962 0.12703 0)
(-0.225059 0.125686 0)
(-0.264418 0.0363349 0)
(-0.24693 0.0248277 0)
(-0.257145 0.022289 0)
(-0.266535 -0.0290156 0)
(-0.249293 -0.067178 0)
(-0.225641 -0.11746 0)
(-0.170467 -0.172405 0)
(-0.0929433 -0.207766 0)
(-0.0234582 -0.141979 0)
(0.00173399 0.0747623 0)
(0.0525814 -0.0964972 0)
(0.108601 -0.226754 0)
(0.153703 -0.281219 0)
(0.190034 -0.272211 0)
(0.225026 -0.229538 0)
(0.258419 -0.1832 0)
(0.290716 -0.147277 0)
(0.32341 -0.122122 0)
(0.356367 -0.103574 0)
(0.3881 -0.0876315 0)
(0.416934 -0.0713602 0)
(0.441564 -0.0528127 0)
(0.461267 -0.0306799 0)
(0.47578 -0.0032896 0)
(0.485029 0.0312532 0)
(0.488875 0.0717137 0)
(0.48699 0.114828 0)
(0.480286 0.159944 0)
(0.470749 0.206475 0)
(0.456885 0.262655 0)
(0.468289 0.333363 0)
(0.469418 0.507525 0)
(0.0210132 0.027916 0)
(0.123068 -0.153358 0)
(0.214075 -0.271795 0)
(0.24039 -0.313721 0)
(0.234941 -0.300225 0)
(0.243475 -0.258887 0)
(0.269328 -0.215346 0)
(0.303404 -0.181537 0)
(0.341509 -0.157031 0)
(0.380732 -0.137064 0)
(0.417652 -0.117254 0)
(0.449758 -0.095026 0)
(0.475466 -0.0694253 0)
(0.49457 -0.0409924 0)
(0.50778 -0.0109599 0)
(0.517034 0.0200849 0)
(0.521641 0.0565092 0)
(0.522045 0.0983998 0)
(0.520649 0.144261 0)
(0.522211 0.194562 0)
(0.523264 0.25252 0)
(0.539581 0.30815 0)
(0.567679 0.40105 0)
(0.0448933 -0.0768502 0)
(0.220521 -0.270561 0)
(0.339488 -0.335229 0)
(0.324353 -0.322161 0)
(0.258714 -0.300508 0)
(0.23784 -0.281902 0)
(0.257411 -0.26094 0)
(0.293933 -0.239541 0)
(0.337981 -0.219702 0)
(0.384525 -0.199889 0)
(0.430526 -0.177194 0)
(0.473939 -0.149739 0)
(0.512332 -0.11669 0)
(0.543392 -0.0774843 0)
(0.562564 -0.0315946 0)
(0.566012 0.0213414 0)
(0.55903 0.0791747 0)
(0.546806 0.133822 0)
(0.539512 0.177223 0)
(0.543813 0.217643 0)
(0.554016 0.259296 0)
(0.567833 0.295053 0)
(0.58532 0.33027 0)
(0.0854329 -0.224277 0)
(0.272432 -0.459319 0)
(0.373265 -0.391393 0)
(0.254979 -0.239224 0)
(0.149466 -0.221348 0)
(0.12023 -0.256104 0)
(0.114288 -0.268683 0)
(0.124108 -0.264006 0)
(0.147451 -0.250336 0)
(0.177361 -0.232611 0)
(0.220222 -0.211057 0)
(0.276424 -0.182671 0)
(0.344409 -0.146092 0)
(0.418317 -0.101309 0)
(0.502868 -0.0487616 0)
(0.580864 0.0046425 0)
(0.623155 0.0510332 0)
(0.636525 0.0892449 0)
(0.635841 0.126841 0)
(0.624097 0.178427 0)
(0.609669 0.233927 0)
(0.602586 0.277068 0)
(0.607505 0.309828 0)
(0.0275858 -0.514148 0)
(0.118215 -0.622599 0)
(0.0792745 -0.268275 0)
(-0.0217861 -0.0892618 0)
(-0.0222902 -0.148611 0)
(-0.0324459 -0.215211 0)
(-0.0649679 -0.22763 0)
(-0.0938751 -0.234127 0)
(-0.124707 -0.230205 0)
(-0.152309 -0.227348 0)
(-0.156801 -0.226817 0)
(-0.150251 -0.216862 0)
(-0.156297 -0.191718 0)
(-0.214311 -0.159856 0)
(-0.226081 -0.122921 0)
(-0.257094 -0.0609286 0)
(0.094996 0.0350557 0)
(0.443317 0.118816 0)
(0.58561 0.160463 0)
(0.631 0.206439 0)
(0.645634 0.248651 0)
(0.657667 0.284352 0)
(0.663798 0.315906 0)
(-0.0642879 -0.441419 0)
(-0.179895 -0.266546 0)
(-0.191271 -0.164791 0)
(-0.133001 -0.174235 0)
(-0.0698287 -0.199381 0)
(-0.0649359 -0.214618 0)
(-0.0824831 -0.211135 0)
(-0.105234 -0.207072 0)
(-0.128287 -0.203982 0)
(-0.142543 -0.216457 0)
(-0.146872 -0.230677 0)
(-0.149633 -0.211418 0)
(-0.175496 -0.138695 0)
(-0.260993 -0.0726492 0)
(-0.251818 -0.140281 0)
(-0.0722064 -0.342834 0)
(0.0612315 -0.453078 0)
(0.212055 -0.325761 0)
(0.411401 -0.0109511 0)
(0.527721 0.187306 0)
(0.558553 0.243534 0)
(0.617288 0.269994 0)
(0.656309 0.305736 0)
(-0.106916 -0.27005 0)
(-0.144976 -0.410408 0)
(-0.134148 -0.339679 0)
(-0.0931885 -0.241548 0)
(-0.0858014 -0.214856 0)
(-0.0820829 -0.212357 0)
(-0.0912856 -0.206263 0)
(-0.102175 -0.20082 0)
(-0.112621 -0.205247 0)
(-0.120255 -0.222609 0)
(-0.123394 -0.237536 0)
(-0.12828 -0.211092 0)
(-0.127117 -0.113555 0)
(-0.159585 -0.0612937 0)
(-0.0677175 -0.255405 0)
(0.0369601 -0.456591 0)
(0.0948473 -0.459747 0)
(0.192713 -0.381545 0)
(0.345709 -0.273967 0)
(0.612639 -0.0258138 0)
(0.796023 0.221616 0)
(0.814913 0.218827 0)
(0.700542 0.25094 0)
(-0.0545983 -0.207832 0)
(-0.0543027 -0.369286 0)
(-0.079714 -0.28839 0)
(-0.078941 -0.244311 0)
(-0.0761436 -0.219958 0)
(-0.0725794 -0.210414 0)
(-0.0746526 -0.199293 0)
(-0.0790616 -0.190567 0)
(-0.0856858 -0.192687 0)
(-0.0955854 -0.207939 0)
(-0.105911 -0.221291 0)
(-0.116605 -0.202506 0)
(-0.0949477 -0.12477 0)
(-0.054153 -0.101446 0)
(0.0473581 -0.329759 0)
(0.0274096 -0.480148 0)
(0.00550867 -0.527523 0)
(0.0633545 -0.491252 0)
(0.15154 -0.424739 0)
(0.341144 -0.271197 0)
(0.623259 0.0045022 0)
(0.808361 0.2333 0)
(0.829552 0.378133 0)
(-0.0214865 -0.162088 0)
(-0.0385761 -0.336767 0)
(-0.0601092 -0.279568 0)
(-0.061846 -0.24103 0)
(-0.0617027 -0.222537 0)
(-0.0599842 -0.211685 0)
(-0.0595889 -0.19869 0)
(-0.0596477 -0.187045 0)
(-0.0618014 -0.185243 0)
(-0.0688684 -0.196072 0)
(-0.0783316 -0.209968 0)
(-0.0871305 -0.211688 0)
(-0.0649334 -0.182733 0)
(0.0149171 -0.189602 0)
(0.0564281 -0.313235 0)
(0.011776 -0.410371 0)
(-0.0435571 -0.484195 0)
(-0.0666867 -0.509031 0)
(-0.0380245 -0.511074 0)
(0.0024847 -0.455107 0)
(0.164919 -0.239663 0)
(0.435012 0.0938035 0)
(0.586982 0.329303 0)
(-0.00789016 -0.139928 0)
(-0.0269756 -0.322813 0)
(-0.0429381 -0.27411 0)
(-0.0470723 -0.237951 0)
(-0.0491336 -0.222627 0)
(-0.0488875 -0.212363 0)
(-0.0473557 -0.200403 0)
(-0.0437323 -0.188637 0)
(-0.0399228 -0.183809 0)
(-0.0395058 -0.189727 0)
(-0.0420027 -0.202055 0)
(-0.0443303 -0.21614 0)
(-0.0325488 -0.222497 0)
(0.0152005 -0.240633 0)
(0.0332235 -0.30591 0)
(0.0196043 -0.377604 0)
(-0.0270491 -0.441609 0)
(-0.0638306 -0.493532 0)
(-0.0880192 -0.521412 0)
(-0.120189 -0.46065 0)
(-0.143779 -0.347684 0)
(-0.0552251 -0.108157 0)
(0.123322 0.17926 0)
(-0.00211343 -0.126773 0)
(-0.0163435 -0.305825 0)
(-0.0308208 -0.263546 0)
(-0.0361894 -0.233658 0)
(-0.0386695 -0.221528 0)
(-0.0390327 -0.213218 0)
(-0.0371033 -0.203875 0)
(-0.0319807 -0.194309 0)
(-0.0246998 -0.188906 0)
(-0.0183066 -0.191608 0)
(-0.0142357 -0.202049 0)
(-0.0113999 -0.218686 0)
(-0.00617997 -0.238389 0)
(0.00784947 -0.262191 0)
(0.0184362 -0.310352 0)
(0.00368671 -0.355512 0)
(-0.0313783 -0.40537 0)
(-0.0700566 -0.460841 0)
(-0.122287 -0.498198 0)
(-0.157385 -0.430543 0)
(-0.195962 -0.297271 0)
(-0.26489 -0.148685 0)
(-0.201619 0.0480533 0)
(0.000316434 -0.120134 0)
(-0.0105187 -0.293088 0)
(-0.0225334 -0.255158 0)
(-0.0276611 -0.229071 0)
(-0.0305668 -0.219819 0)
(-0.0314122 -0.213729 0)
(-0.0300729 -0.207264 0)
(-0.0257239 -0.20089 0)
(-0.0185662 -0.197066 0)
(-0.0106584 -0.198861 0)
(-0.00419287 -0.207488 0)
(-0.000210741 -0.222366 0)
(0.00100716 -0.241596 0)
(0.00119283 -0.266674 0)
(-0.00647624 -0.298318 0)
(-0.0274904 -0.330016 0)
(-0.0589759 -0.363356 0)
(-0.112891 -0.40441 0)
(-0.192448 -0.44129 0)
(-0.24928 -0.410784 0)
(-0.245443 -0.294884 0)
(-0.199438 -0.152312 0)
(-0.153721 -0.0446351 0)
(0.00128312 -0.116243 0)
(-0.00711535 -0.283031 0)
(-0.0169116 -0.247617 0)
(-0.021667 -0.224815 0)
(-0.0246155 -0.217773 0)
(-0.0259253 -0.21356 0)
(-0.0255764 -0.209397 0)
(-0.0231073 -0.205743 0)
(-0.0184162 -0.203967 0)
(-0.0126635 -0.205892 0)
(-0.00784987 -0.212687 0)
(-0.00589431 -0.224259 0)
(-0.00758423 -0.239505 0)
(-0.0144924 -0.257642 0)
(-0.0287565 -0.279876 0)
(-0.0525316 -0.301513 0)
(-0.0852086 -0.320152 0)
(-0.134758 -0.338577 0)
(-0.214287 -0.35347 0)
(-0.308472 -0.34724 0)
(-0.377351 -0.293399 0)
(-0.386511 -0.189754 0)
(-0.346795 -0.0750126 0)
(0.00134914 -0.113926 0)
(-0.00514597 -0.274874 0)
(-0.0131213 -0.241227 0)
(-0.0174368 -0.220838 0)
(-0.0203545 -0.215517 0)
(-0.022066 -0.212685 0)
(-0.0226183 -0.210003 0)
(-0.0219563 -0.208008 0)
(-0.0201064 -0.207566 0)
(-0.0176864 -0.209565 0)
(-0.0160994 -0.214714 0)
(-0.0169165 -0.223016 0)
(-0.0213237 -0.233889 0)
(-0.0302777 -0.246722 0)
(-0.0449367 -0.260943 0)
(-0.0665649 -0.274657 0)
(-0.0952277 -0.285064 0)
(-0.130766 -0.290654 0)
(-0.17512 -0.289395 0)
(-0.230153 -0.275665 0)
(-0.28714 -0.244426 0)
(-0.32921 -0.193277 0)
(-0.344503 -0.122819 0)
(0.00104145 -0.112208 0)
(-0.00402877 -0.268373 0)
(-0.010554 -0.235794 0)
(-0.0144917 -0.217165 0)
(-0.0173407 -0.213098 0)
(-0.0193637 -0.211242 0)
(-0.0206146 -0.209428 0)
(-0.0212281 -0.20823 0)
(-0.0214155 -0.208263 0)
(-0.0216332 -0.209959 0)
(-0.0226979 -0.213635 0)
(-0.0257103 -0.219256 0)
(-0.0315925 -0.226542 0)
(-0.0411499 -0.234915 0)
(-0.0551786 -0.243508 0)
(-0.0745235 -0.250921 0)
(-0.0995269 -0.255412 0)
(-0.130208 -0.255475 0)
(-0.165997 -0.24748 0)
(-0.203947 -0.227181 0)
(-0.239249 -0.192318 0)
(-0.26615 -0.144718 0)
(-0.279446 -0.091678 0)
(0.000705705 -0.110738 0)
(-0.00337604 -0.26307 0)
(-0.00882346 -0.231111 0)
(-0.0124362 -0.213757 0)
(-0.0152073 -0.210584 0)
(-0.0174462 -0.209391 0)
(-0.0192012 -0.208091 0)
(-0.0206329 -0.2072 0)
(-0.022019 -0.207196 0)
(-0.0237558 -0.208328 0)
(-0.0263686 -0.210696 0)
(-0.0305729 -0.214234 0)
(-0.0370543 -0.218674 0)
(-0.0464352 -0.223508 0)
(-0.0592659 -0.227871 0)
(-0.0759662 -0.230694 0)
(-0.0966203 -0.230592 0)
(-0.121054 -0.226126 0)
(-0.14843 -0.215705 0)
(-0.176495 -0.197624 0)
(-0.201714 -0.170974 0)
(-0.220153 -0.136223 0)
(-0.228797 -0.0955012 0)
(0.000457134 -0.109397 0)
(-0.00295534 -0.258639 0)
(-0.00764356 -0.226981 0)
(-0.0109641 -0.210586 0)
(-0.0136505 -0.208028 0)
(-0.0160189 -0.207247 0)
(-0.0181287 -0.206238 0)
(-0.0201012 -0.205435 0)
(-0.0221806 -0.205199 0)
(-0.0247046 -0.205679 0)
(-0.0280591 -0.206887 0)
(-0.0327602 -0.208734 0)
(-0.0392919 -0.210911 0)
(-0.0480859 -0.212969 0)
(-0.0594757 -0.214251 0)
(-0.0736704 -0.213866 0)
(-0.090567 -0.210692 0)
(-0.109759 -0.203723 0)
(-0.130395 -0.191755 0)
(-0.150823 -0.173923 0)
(-0.168895 -0.150147 0)
(-0.182233 -0.121042 0)
(-0.188788 -0.0882607 0)
(0.000319202 -0.108144 0)
(-0.00262522 -0.254815 0)
(-0.00680269 -0.223262 0)
(-0.00986055 -0.207632 0)
(-0.0124471 -0.205484 0)
(-0.014864 -0.204923 0)
(-0.0171867 -0.204036 0)
(-0.0195005 -0.203197 0)
(-0.0219921 -0.20267 0)
(-0.0249161 -0.20253 0)
(-0.0285968 -0.202727 0)
(-0.0333897 -0.203178 0)
(-0.0396045 -0.203568 0)
(-0.0475746 -0.203525 0)
(-0.0574937 -0.202519 0)
(-0.0693586 -0.19983 0)
(-0.0830736 -0.194598 0)
(-0.0981596 -0.186194 0)
(-0.11377 -0.173857 0)
(-0.128799 -0.157268 0)
(-0.141765 -0.136649 0)
(-0.151284 -0.112278 0)
(-0.155971 -0.0850171 0)
(0.000308283 -0.107022 0)
(-0.00230807 -0.251402 0)
(-0.00616916 -0.219855 0)
(-0.0089691 -0.204877 0)
(-0.0114351 -0.203001 0)
(-0.0138263 -0.202527 0)
(-0.0162284 -0.201643 0)
(-0.0187023 -0.200685 0)
(-0.0213911 -0.199852 0)
(-0.0244697 -0.199157 0)
(-0.0281929 -0.19854 0)
(-0.0328053 -0.197862 0)
(-0.0384943 -0.196863 0)
(-0.0455043 -0.195284 0)
(-0.0538996 -0.192641 0)
(-0.0635882 -0.18836 0)
(-0.0744896 -0.18197 0)
(-0.0861344 -0.172834 0)
(-0.0977911 -0.160607 0)
(-0.10875 -0.145185 0)
(-0.117979 -0.126837 0)
(-0.124658 -0.105797 0)
(-0.12778 -0.0823478 0)
(0.000401538 -0.106089 0)
(-0.00196722 -0.248268 0)
(-0.00564447 -0.216694 0)
(-0.00818984 -0.202316 0)
(-0.0105088 -0.200627 0)
(-0.0128108 -0.200154 0)
(-0.0151779 -0.199205 0)
(-0.0176553 -0.198091 0)
(-0.0203476 -0.196963 0)
(-0.0233919 -0.195799 0)
(-0.0269514 -0.194533 0)
(-0.0311603 -0.192993 0)
(-0.0362021 -0.190968 0)
(-0.042206 -0.18828 0)
(-0.0490838 -0.184499 0)
(-0.0568634 -0.179263 0)
(-0.0653533 -0.17218 0)
(-0.0741214 -0.162755 0)
(-0.0827237 -0.150861 0)
(-0.0905941 -0.136522 0)
(-0.0969946 -0.119993 0)
(-0.10149 -0.101456 0)
(-0.10326 -0.0808455 0)
(0.000580065 -0.105411 0)
(-0.00159601 -0.245305 0)
(-0.00516894 -0.21375 0)
(-0.00745821 -0.199953 0)
(-0.00960429 -0.198403 0)
(-0.0117627 -0.197881 0)
(-0.0140108 -0.196841 0)
(-0.0163747 -0.19557 0)
(-0.0189299 -0.194182 0)
(-0.0217753 -0.192642 0)
(-0.0250085 -0.190859 0)
(-0.0287014 -0.188672 0)
(-0.0330199 -0.18597 0)
(-0.0379968 -0.182497 0)
(-0.0435371 -0.177978 0)
(-0.0496065 -0.172183 0)
(-0.0559925 -0.164709 0)
(-0.0624286 -0.155333 0)
(-0.0685842 -0.143945 0)
(-0.0740188 -0.130571 0)
(-0.0781707 -0.115505 0)
(-0.0808743 -0.0988657 0)
(-0.0814193 -0.0803804 0)
(0.000820797 -0.105048 0)
(-0.00120521 -0.242442 0)
(-0.00470962 -0.210998 0)
(-0.00673105 -0.197804 0)
(-0.00868705 -0.196362 0)
(-0.010659 -0.195769 0)
(-0.0127245 -0.194634 0)
(-0.0148907 -0.193225 0)
(-0.0172093 -0.191628 0)
(-0.0197469 -0.189794 0)
(-0.0225417 -0.187632 0)
(-0.0256837 -0.185024 0)
(-0.0292493 -0.181854 0)
(-0.0332031 -0.17788 0)
(-0.0374972 -0.17294 0)
(-0.0420504 -0.166816 0)
(-0.0466842 -0.15926 0)
(-0.0512064 -0.150092 0)
(-0.0553141 -0.139268 0)
(-0.0587196 -0.12678 0)
(-0.0610404 -0.112921 0)
(-0.0622348 -0.097751 0)
(-0.0616481 -0.0809204 0)
(0.0010923 -0.105042 0)
(-0.000806544 -0.239643 0)
(-0.00423919 -0.20843 0)
(-0.00597902 -0.195887 0)
(-0.00773419 -0.194529 0)
(-0.00948918 -0.19386 0)
(-0.0113271 -0.19264 0)
(-0.0132375 -0.191125 0)
(-0.015252 -0.18938 0)
(-0.0174128 -0.187348 0)
(-0.0197482 -0.184944 0)
(-0.0222906 -0.182081 0)
(-0.0250702 -0.17859 0)
(-0.0280719 -0.174339 0)
(-0.0312316 -0.169199 0)
(-0.0344426 -0.16299 0)
(-0.0375405 -0.155539 0)
(-0.0404304 -0.146704 0)
(-0.0428582 -0.136425 0)
(-0.0445685 -0.124763 0)
(-0.0452989 -0.11197 0)
(-0.0451626 -0.0979533 0)
(-0.0434778 -0.0824729 0)
(0.00136304 -0.10541 0)
(-0.000395774 -0.236919 0)
(-0.00373178 -0.206062 0)
(-0.00518045 -0.194203 0)
(-0.00671783 -0.192925 0)
(-0.00824158 -0.192187 0)
(-0.00982541 -0.190908 0)
(-0.0114511 -0.189326 0)
(-0.0131324 -0.187492 0)
(-0.0148886 -0.185347 0)
(-0.0167288 -0.182812 0)
(-0.0186475 -0.179785 0)
(-0.0206675 -0.176154 0)
(-0.0227885 -0.171824 0)
(-0.0249129 -0.166651 0)
(-0.0269308 -0.160513 0)
(-0.0287195 -0.153298 0)
(-0.0301795 -0.144864 0)
(-0.0311276 -0.135174 0)
(-0.0314225 -0.12428 0)
(-0.0307284 -0.112376 0)
(-0.0293634 -0.0994435 0)
(-0.0266249 -0.0850564 0)
(0.00160291 -0.106145 0)
(3.72878e-05 -0.234313 0)
(-0.00314076 -0.203925 0)
(-0.00430685 -0.192748 0)
(-0.00562774 -0.191557 0)
(-0.00690923 -0.190769 0)
(-0.00822621 -0.189461 0)
(-0.00954981 -0.187855 0)
(-0.0108817 -0.185986 0)
(-0.0122247 -0.183797 0)
(-0.0135628 -0.181214 0)
(-0.0148882 -0.178142 0)
(-0.0162268 -0.174526 0)
(-0.0175244 -0.170242 0)
(-0.0186862 -0.165168 0)
(-0.0196486 -0.159224 0)
(-0.0202486 -0.152321 0)
(-0.0204637 -0.144391 0)
(-0.0201633 -0.135288 0)
(-0.0191442 -0.125173 0)
(-0.0172523 -0.11404 0)
(-0.0147486 -0.102118 0)
(-0.0108336 -0.0886904 0)
(0.00181113 -0.107241 0)
(0.000520469 -0.231889 0)
(-0.00244057 -0.20204 0)
(-0.00333926 -0.19152 0)
(-0.00445023 -0.190421 0)
(-0.0054838 -0.189606 0)
(-0.00653012 -0.188301 0)
(-0.0075481 -0.186711 0)
(-0.00853121 -0.184861 0)
(-0.00946918 -0.182693 0)
(-0.0103282 -0.180142 0)
(-0.0111161 -0.177148 0)
(-0.0118176 -0.173636 0)
(-0.0123522 -0.169481 0)
(-0.0126589 -0.164613 0)
(-0.012667 -0.158972 0)
(-0.012289 -0.152467 0)
(-0.0113795 -0.145076 0)
(-0.00993039 -0.136646 0)
(-0.00775706 -0.127245 0)
(-0.00473696 -0.116995 0)
(-0.00117312 -0.105903 0)
(0.00386683 -0.0934256 0)
(0.00202124 -0.108715 0)
(0.00108308 -0.229735 0)
(-0.00163521 -0.200395 0)
(-0.00228145 -0.190518 0)
(-0.00319279 -0.18952 0)
(-0.00397261 -0.188703 0)
(-0.00474783 -0.187428 0)
(-0.00546219 -0.18589 0)
(-0.00610159 -0.184107 0)
(-0.00664619 -0.18201 0)
(-0.00707568 -0.179571 0)
(-0.00736756 -0.17673 0)
(-0.00747228 -0.173391 0)
(-0.00732455 -0.169454 0)
(-0.0068858 -0.164906 0)
(-0.00606999 -0.159656 0)
(-0.00476996 -0.153638 0)
(-0.00292392 -0.146788 0)
(-0.000450674 -0.139089 0)
(0.00275417 -0.130418 0)
(0.00680477 -0.121033 0)
(0.0114719 -0.110795 0)
(0.0175796 -0.0992753 0)
(0.00227505 -0.110614 0)
(0.00176345 -0.227867 0)
(-0.000757922 -0.199008 0)
(-0.00119321 -0.189748 0)
(-0.00188621 -0.188859 0)
(-0.00240781 -0.188065 0)
(-0.00291159 -0.186847 0)
(-0.00332468 -0.185389 0)
(-0.00361706 -0.183703 0)
(-0.00379064 -0.181746 0)
(-0.00381874 -0.179471 0)
(-0.00363821 -0.176819 0)
(-0.00318144 -0.173721 0)
(-0.00244057 -0.170116 0)
(-0.00135231 -0.165958 0)
(0.000216535 -0.161164 0)
(0.00231507 -0.155691 0)
(0.00502177 -0.14949 0)
(0.00842002 -0.142486 0)
(0.012584 -0.134634 0)
(0.0176183 -0.126036 0)
(0.0233188 -0.116714 0)
(0.0304729 -0.106196 0)
(0.00263571 -0.113017 0)
(0.00251038 -0.226263 0)
(9.01124e-05 -0.197869 0)
(-0.000107384 -0.189195 0)
(-0.000587754 -0.188437 0)
(-0.000849767 -0.187695 0)
(-0.00107872 -0.186559 0)
(-0.00118442 -0.185212 0)
(-0.00115131 -0.183659 0)
(-0.000954721 -0.18188 0)
(-0.000561289 -0.179804 0)
(7.90694e-05 -0.177396 0)
(0.00102337 -0.1746 0)
(0.0023235 -0.171395 0)
(0.00405024 -0.167673 0)
(0.00629574 -0.163407 0)
(0.00913363 -0.158544 0)
(0.0126452 -0.15303 0)
(0.0169117 -0.146797 0)
(0.0220093 -0.139786 0)
(0.0280315 -0.132046 0)
(0.0348005 -0.123666 0)
(0.0430557 -0.114203 0)
(0.00311596 -0.116002 0)
(0.00327729 -0.224851 0)
(0.000837631 -0.196889 0)
(0.000912317 -0.188842 0)
(0.000617974 -0.188243 0)
(0.000611515 -0.187578 0)
(0.00064974 -0.186555 0)
(0.000845063 -0.185351 0)
(0.001211 -0.183969 0)
(0.00177715 -0.182385 0)
(0.00258185 -0.180555 0)
(0.00367289 -0.178445 0)
(0.0051089 -0.176013 0)
(0.00695501 -0.17322 0)
(0.00928686 -0.170007 0)
(0.012191 -0.166328 0)
(0.0157506 -0.162137 0)
(0.0200572 -0.157379 0)
(0.0251995 -0.151987 0)
(0.0312728 -0.145891 0)
(0.0383762 -0.1391 0)
(0.0463765 -0.131735 0)
(0.055948 -0.12342 0)
(0.0037124 -0.119632 0)
(0.00401933 -0.223475 0)
(0.00140624 -0.196009 0)
(0.00178755 -0.18868 0)
(0.00163613 -0.18826 0)
(0.001865 -0.187693 0)
(0.00214378 -0.186813 0)
(0.0026136 -0.185782 0)
(0.00328869 -0.184604 0)
(0.00420073 -0.183258 0)
(0.0053916 -0.181715 0)
(0.00691036 -0.179945 0)
(0.00881873 -0.177916 0)
(0.0111879 -0.175594 0)
(0.0140992 -0.172938 0)
(0.0176431 -0.169907 0)
(0.0219146 -0.166457 0)
(0.0270219 -0.162538 0)
(0.0330747 -0.158089 0)
(0.0402028 -0.153032 0)
(0.0485351 -0.147345 0)
(0.0580071 -0.141143 0)
(0.0692414 -0.134136 0)
(0.00442171 -0.123984 0)
(0.00469925 -0.221972 0)
(0.00172637 -0.195204 0)
(0.00244419 -0.188711 0)
(0.00236135 -0.188477 0)
(0.00277623 -0.188027 0)
(0.00323546 -0.187317 0)
(0.00391631 -0.186492 0)
(0.00483379 -0.185553 0)
(0.00602087 -0.184483 0)
(0.00752305 -0.183265 0)
(0.00939227 -0.181877 0)
(0.0116936 -0.180296 0)
(0.0145036 -0.178499 0)
(0.0179114 -0.176459 0)
(0.0220162 -0.174144 0)
(0.0269294 -0.171522 0)
(0.0327829 -0.168551 0)
(0.0397192 -0.165184 0)
(0.047913 -0.161348 0)
(0.057544 -0.157003 0)
(0.0686378 -0.152221 0)
(0.0818235 -0.146799 0)
(0.00523489 -0.129139 0)
(0.00528131 -0.220167 0)
(0.00175215 -0.194461 0)
(0.0028232 -0.188935 0)
(0.00269705 -0.188876 0)
(0.00321958 -0.188557 0)
(0.00376535 -0.18804 0)
(0.00455393 -0.187444 0)
(0.00560011 -0.186771 0)
(0.00693703 -0.186011 0)
(0.00861302 -0.185153 0)
(0.0106834 -0.184184 0)
(0.0132169 -0.183095 0)
(0.0162967 -0.181875 0)
(0.0200206 -0.180512 0)
(0.0244997 -0.17899 0)
(0.0298642 -0.177291 0)
(0.0362724 -0.175395 0)
(0.0439034 -0.173277 0)
(0.0529776 -0.170886 0)
(0.063733 -0.168181 0)
(0.0762953 -0.165186 0)
(0.0913769 -0.161764 0)
(0.00609769 -0.13505 0)
(0.0057154 -0.21778 0)
(0.00148593 -0.193659 0)
(0.00290636 -0.189218 0)
(0.0026038 -0.189309 0)
(0.00314106 -0.189127 0)
(0.00366335 -0.188813 0)
(0.00443526 -0.188459 0)
(0.00547021 -0.188067 0)
(0.00679996 -0.187632 0)
(0.00847387 -0.187152 0)
(0.0105499 -0.186625 0)
(0.0131 -0.186056 0)
(0.0162137 -0.185447 0)
(0.0199958 -0.184804 0)
(0.0245678 -0.184134 0)
(0.0300761 -0.183439 0)
(0.036701 -0.182729 0)
(0.044651 -0.18201 0)
(0.0541799 -0.181267 0)
(0.0655724 -0.180484 0)
(0.079052 -0.179664 0)
(0.0954483 -0.178734 0)
(0.00688858 -0.141418 0)
(0.00594537 -0.214446 0)
(0.00100182 -0.192535 0)
(0.00273893 -0.189246 0)
(0.00214488 -0.189448 0)
(0.00261645 -0.189404 0)
(0.00301962 -0.189292 0)
(0.00366524 -0.189173 0)
(0.00456369 -0.189054 0)
(0.00574408 -0.188936 0)
(0.00725452 -0.188825 0)
(0.00915363 -0.188733 0)
(0.0115153 -0.188678 0)
(0.0144319 -0.18868 0)
(0.0180104 -0.188766 0)
(0.0223768 -0.188965 0)
(0.0276864 -0.189308 0)
(0.0341301 -0.189836 0)
(0.0419295 -0.190591 0)
(0.0513482 -0.191606 0)
(0.0626963 -0.192913 0)
(0.0762737 -0.194539 0)
(0.0929796 -0.19651 0)
(0.00745924 -0.148114 0)
(0.00594353 -0.210232 0)
(0.000434608 -0.191162 0)
(0.00241507 -0.189018 0)
(0.00148071 -0.189296 0)
(0.00184399 -0.189387 0)
(0.00207488 -0.189465 0)
(0.00253172 -0.189564 0)
(0.00321961 -0.189697 0)
(0.0041648 -0.189872 0)
(0.00541185 -0.190106 0)
(0.00701753 -0.190424 0)
(0.00905525 -0.19086 0)
(0.0116156 -0.191452 0)
(0.0148014 -0.192247 0)
(0.0187355 -0.193298 0)
(0.0235716 -0.194667 0)
(0.0294987 -0.196424 0)
(0.0367319 -0.198648 0)
(0.0455233 -0.201425 0)
(0.0561869 -0.204845 0)
(0.0690545 -0.208999 0)
(0.0849938 -0.214036 0)
(0.00765756 -0.155701 0)
(0.00569338 -0.206054 0)
(-7.46631e-05 -0.190397 0)
(0.00201969 -0.189323 0)
(0.000794698 -0.18965 0)
(0.00104657 -0.189875 0)
(0.0010997 -0.190131 0)
(0.00135784 -0.190435 0)
(0.00181906 -0.190804 0)
(0.00250767 -0.191252 0)
(0.00346211 -0.19181 0)
(0.00473447 -0.192517 0)
(0.00639562 -0.193423 0)
(0.00853078 -0.194579 0)
(0.0112327 -0.19605 0)
(0.0146126 -0.197913 0)
(0.0188136 -0.200259 0)
(0.0240122 -0.203186 0)
(0.0304042 -0.206808 0)
(0.038222 -0.211262 0)
(0.0477652 -0.2167 0)
(0.0593509 -0.223288 0)
(0.07375 -0.231267 0)
(0.00728792 -0.163927 0)
(0.00513144 -0.202249 0)
(-0.000420186 -0.190375 0)
(0.00158875 -0.190229 0)
(0.000217968 -0.190574 0)
(0.000371348 -0.190924 0)
(0.000273574 -0.191341 0)
(0.000360233 -0.191828 0)
(0.000620068 -0.192405 0)
(0.00107557 -0.193095 0)
(0.00175682 -0.193939 0)
(0.00270905 -0.194994 0)
(0.00399818 -0.196321 0)
(0.00570049 -0.19798 0)
(0.00789412 -0.200051 0)
(0.0106731 -0.202633 0)
(0.0141637 -0.205846 0)
(0.0185216 -0.20981 0)
(0.023918 -0.214674 0)
(0.0305616 -0.220624 0)
(0.0387202 -0.227874 0)
(0.0486855 -0.236665 0)
(0.0611176 -0.247287 0)
(0.00621671 -0.169815 0)
(0.00423634 -0.196979 0)
(-0.000523846 -0.188797 0)
(0.00115771 -0.189358 0)
(-0.000148614 -0.189683 0)
(-7.78953e-05 -0.190139 0)
(-0.000269699 -0.190672 0)
(-0.000295074 -0.19129 0)
(-0.000181513 -0.192018 0)
(9.21987e-05 -0.192885 0)
(0.000549659 -0.193941 0)
(0.00122754 -0.195256 0)
(0.00218015 -0.196902 0)
(0.00346938 -0.19895 0)
(0.00515877 -0.201488 0)
(0.00732526 -0.204639 0)
(0.0100711 -0.208542 0)
(0.0135216 -0.213344 0)
(0.0178188 -0.219225 0)
(0.0231368 -0.226416 0)
(0.0296946 -0.235186 0)
(0.0377552 -0.245846 0)
(0.0478244 -0.258755 0)
(0.00462352 -0.171664 0)
(0.00318132 -0.18968 0)
(-0.000361593 -0.184626 0)
(0.000823513 -0.185633 0)
(-0.000197242 -0.185932 0)
(-0.000179502 -0.186493 0)
(-0.00036736 -0.187087 0)
(-0.000417931 -0.18778 0)
(-0.000371386 -0.188599 0)
(-0.000206713 -0.189576 0)
(9.71523e-05 -0.190768 0)
(0.000566228 -0.192252 0)
(0.00123569 -0.194107 0)
(0.00214828 -0.196416 0)
(0.00335429 -0.199279 0)
(0.00491333 -0.20283 0)
(0.00689663 -0.207224 0)
(0.00939132 -0.212633 0)
(0.0125032 -0.219265 0)
(0.0163595 -0.227378 0)
(0.0211155 -0.237279 0)
(0.0269685 -0.249332 0)
(0.0342045 -0.263978 0)
(0.00291118 -0.173874 0)
(0.00215131 -0.185188 0)
(-6.85515e-05 -0.182498 0)
(0.000624208 -0.183718 0)
(2.20462e-05 -0.184073 0)
(3.02509e-05 -0.184709 0)
(-5.01066e-05 -0.185358 0)
(-6.03626e-05 -0.18611 0)
(-1.1262e-05 -0.186996 0)
(0.000108662 -0.188056 0)
(0.000315677 -0.18935 0)
(0.000625911 -0.190955 0)
(0.00105626 -0.192956 0)
(0.00162999 -0.195445 0)
(0.00237957 -0.198531 0)
(0.00334261 -0.202353 0)
(0.00455956 -0.207075 0)
(0.00607951 -0.212885 0)
(0.00796534 -0.220008 0)
(0.0102916 -0.228719 0)
(0.0131465 -0.239345 0)
(0.0166385 -0.252276 0)
(0.0208822 -0.267987 0)
(0.00115905 -0.180666 0)
(0.000949755 -0.18821 0)
(7.25992e-05 -0.18692 0)
(0.000328563 -0.188198 0)
(0.000164106 -0.188693 0)
(0.000183378 -0.189382 0)
(0.000190558 -0.190119 0)
(0.000218213 -0.19096 0)
(0.000265363 -0.191946 0)
(0.000335513 -0.193126 0)
(0.000434744 -0.19456 0)
(0.000569059 -0.196324 0)
(0.000743771 -0.198505 0)
(0.000965898 -0.201202 0)
(0.00124599 -0.20453 0)
(0.00159678 -0.20863 0)
(0.00203175 -0.213668 0)
(0.00256647 -0.21984 0)
(0.00322065 -0.227378 0)
(0.00401815 -0.236566 0)
(0.00498687 -0.247743 0)
(0.00616076 -0.261311 0)
(0.00757799 -0.277747 0)
(0.457466 0.409284 0)
(0.274354 0.214858 0)
(0.110004 -0.0839135 0)
(0.169328 -0.334804 0)
(0.630683 0.444794 0)
(0.595716 0.392528 0)
(0.51162 0.27866 0)
(0.361085 0.132924 0)
(0.621415 0.370352 0)
(0.644662 0.394068 0)
(0.636619 0.397981 0)
(0.593436 0.37316 0)
(0.619189 0.336213 0)
(0.635261 0.361016 0)
(0.64725 0.393945 0)
(0.665753 0.430599 0)
(0.665217 0.335667 0)
(0.66724 0.347819 0)
(0.672248 0.364496 0)
(0.687251 0.394072 0)
(0.679778 0.331526 0)
(0.692477 0.346376 0)
(0.70551 0.359439 0)
(0.718522 0.37472 0)
(0.662989 0.286339 0)
(0.660911 0.306387 0)
(0.670269 0.32166 0)
(0.682208 0.336233 0)
(0.78799 0.376575 0)
(0.74698 0.330895 0)
(0.712655 0.301787 0)
(0.69175 0.29409 0)
(0.634626 0.415087 0)
(0.633351 0.413591 0)
(0.620994 0.390304 0)
(0.609121 0.365249 0)
(0.213717 0.336688 0)
(0.249054 0.387687 0)
(0.275151 0.395822 0)
(0.294009 0.381714 0)
(-0.103364 0.206741 0)
(-0.0317291 0.268949 0)
(0.0380677 0.298693 0)
(0.0990392 0.315149 0)
(-0.101401 0.0501593 0)
(-0.0584587 0.0993936 0)
(-0.00756288 0.132644 0)
(0.0468203 0.165755 0)
(-0.306373 -0.00675026 0)
(-0.27244 0.0240168 0)
(-0.235352 0.0429183 0)
(-0.192719 0.0607737 0)
(-0.340116 -0.0627485 0)
(-0.329369 -0.0323244 0)
(-0.318101 -0.00604936 0)
(-0.305846 0.0177024 0)
(-0.280854 -0.0548181 0)
(-0.27703 -0.0341934 0)
(-0.27247 -0.0149097 0)
(-0.266695 0.00381208 0)
(-0.229767 -0.0645102 0)
(-0.227186 -0.0453387 0)
(-0.223721 -0.0268265 0)
(-0.219257 -0.00918088 0)
(-0.190107 -0.0638739 0)
(-0.188652 -0.0484237 0)
(-0.18628 -0.0331106 0)
(-0.182988 -0.0181366 0)
(-0.156967 -0.0647235 0)
(-0.155932 -0.0517068 0)
(-0.154181 -0.038657 0)
(-0.151641 -0.0257075 0)
(-0.128321 -0.0648998 0)
(-0.127436 -0.0536835 0)
(-0.126044 -0.0423673 0)
(-0.124023 -0.0310502 0)
(-0.103275 -0.0654956 0)
(-0.102353 -0.0556235 0)
(-0.101083 -0.045629 0)
(-0.0993346 -0.0355837 0)
(-0.0808537 -0.0665595 0)
(-0.0797965 -0.0576426 0)
(-0.0785222 -0.0485988 0)
(-0.0769177 -0.0394601 0)
(-0.0604462 -0.0682141 0)
(-0.0591757 -0.0600016 0)
(-0.05781 -0.0516089 0)
(-0.0562162 -0.0430578 0)
(-0.0416672 -0.0705887 0)
(-0.0401188 -0.0628609 0)
(-0.0385079 -0.0548853 0)
(-0.0368472 -0.0466551 0)
(-0.0241132 -0.0737941 0)
(-0.0222265 -0.0663448 0)
(-0.0203208 -0.0586075 0)
(-0.0184255 -0.0504634 0)
(-0.00759708 -0.0779487 0)
(-0.00530313 -0.0706659 0)
(-0.00300816 -0.0630471 0)
(-0.000710755 -0.0548125 0)
(0.00789724 -0.0831528 0)
(0.0106988 -0.0759945 0)
(0.0134801 -0.0684663 0)
(0.0162647 -0.0601173 0)
(0.0224105 -0.0894513 0)
(0.0257176 -0.0824445 0)
(0.029085 -0.0750428 0)
(0.0323891 -0.0667257 0)
(0.0361012 -0.0968794 0)
(0.039929 -0.0900858 0)
(0.043954 -0.0828934 0)
(0.0477944 -0.0748768 0)
(0.0495287 -0.105483 0)
(0.0539512 -0.0990169 0)
(0.0587246 -0.0921942 0)
(0.0632371 -0.0848089 0)
(0.0634432 -0.115447 0)
(0.0686357 -0.109491 0)
(0.074318 -0.103291 0)
(0.0798092 -0.096865 0)
(0.0780663 -0.127141 0)
(0.0842854 -0.121936 0)
(0.0911126 -0.116652 0)
(0.0979614 -0.111419 0)
(0.0922791 -0.141097 0)
(0.0997636 -0.136924 0)
(0.107981 -0.132843 0)
(0.116476 -0.128943 0)
(0.103503 -0.157768 0)
(0.112295 -0.154953 0)
(0.121971 -0.15238 0)
(0.132129 -0.149999 0)
(0.108826 -0.176919 0)
(0.118618 -0.175815 0)
(0.129437 -0.175078 0)
(0.140858 -0.174515 0)
(0.106791 -0.197297 0)
(0.11699 -0.198189 0)
(0.128277 -0.19955 0)
(0.140228 -0.201091 0)
(0.0983207 -0.217606 0)
(0.10827 -0.220589 0)
(0.119277 -0.224135 0)
(0.130977 -0.227923 0)
(0.0858745 -0.237495 0)
(0.0950055 -0.242443 0)
(0.105095 -0.24806 0)
(0.115865 -0.254067 0)
(0.0715956 -0.255958 0)
(0.0794692 -0.262655 0)
(0.0881388 -0.270095 0)
(0.0974183 -0.278121 0)
(0.0563097 -0.26971 0)
(0.0626576 -0.277922 0)
(0.0695941 -0.286887 0)
(0.0770572 -0.296601 0)
(0.0403416 -0.276766 0)
(0.0450268 -0.286093 0)
(0.0501091 -0.296202 0)
(0.0556414 -0.307188 0)
(0.0245063 -0.281901 0)
(0.02738 -0.291855 0)
(0.0304946 -0.302704 0)
(0.0339238 -0.314572 0)
(0.0087816 -0.292415 0)
(0.00974682 -0.302765 0)
(0.0107909 -0.314115 0)
(0.0119451 -0.326575 0)
(0.420923 -0.751549 0)
(-0.0196557 -1.13565 0)
(0.306609 -0.0751203 0)
(-0.104399 0.760673 0)
(0.0175301 0.58218 0)
(-0.0305582 0.425338 0)
(-0.178997 0.343937 0)
(-0.26373 0.25074 0)
(-0.226321 0.227086 0)
(-0.26862 0.274004 0)
(-0.320664 0.120433 0)
(-0.265346 0.0240675 0)
(-0.273102 0.0371609 0)
(-0.306 -0.0314243 0)
(-0.274232 -0.0785332 0)
(-0.24902 -0.146879 0)
(-0.192699 -0.221218 0)
(-0.104828 -0.265879 0)
(-0.0268897 -0.182058 0)
(0.00562823 -0.305695 0)
(-0.716689 -0.604767 0)
(-1.27887 -0.1394 0)
(-0.486671 0.521727 0)
(-0.240124 0.442723 0)
(0.0349371 0.714565 0)
(-0.326081 0.516438 0)
(-0.310175 0.254232 0)
(-0.279624 0.0297416 0)
(-0.426448 0.150101 0)
(-0.505966 -0.0912348 0)
(-0.356134 -0.0277081 0)
(-0.366878 0.11718 0)
(-0.431991 -0.0391575 0)
(-0.380904 -0.0957414 0)
(-0.307029 -0.181441 0)
(-0.231583 -0.27945 0)
(-0.132545 -0.343695 0)
(-0.0334008 -0.240861 0)
(0.334608 0.253617 0)
(-0.112758 -0.0760009 0)
(-0.619492 -0.329105 0)
(-0.512246 0.138573 0)
(-0.589499 0.164913 0)
(-0.237415 0.306429 0)
(-0.194082 0.738637 0)
(-0.371125 0.403342 0)
(-0.483988 0.328245 0)
(-0.406989 0.654217 0)
(-0.416545 0.118443 0)
(-0.381876 -0.162838 0)
(-0.60597 0.122469 0)
(-0.707715 -0.0753805 0)
(-0.647741 -0.140799 0)
(-0.496724 -0.259236 0)
(-0.342884 -0.350957 0)
(-0.233182 -0.440485 0)
(-0.0744709 -0.335284 0)
(0.593143 0.456464 0)
(0.456324 0.396453 0)
(-0.0586707 0.251877 0)
(-0.807321 0.327784 0)
(-0.589846 0.34164 0)
(-1.21275 0.312398 0)
(-0.899668 0.569725 0)
(-0.970767 0.422894 0)
(-1.10728 0.0941856 0)
(-0.873744 -0.233844 0)
(-0.471765 -0.417494 0)
(-0.523911 0.222413 0)
(-0.635727 0.651239 0)
(-0.796206 -0.0319418 0)
(-0.865656 -0.193978 0)
(-0.739015 -0.547949 0)
(-0.655285 -0.512939 0)
(-0.463325 -0.611479 0)
(-0.205505 -0.536296 0)
(0.71216 0.449776 0)
(0.732992 0.494727 0)
(0.647741 0.534397 0)
(0.45461 0.571884 0)
(0.455996 0.533419 0)
(0.367595 0.500577 0)
(0.33296 0.509855 0)
(0.368001 0.452061 0)
(0.447407 0.331027 0)
(0.149627 0.256013 0)
(-0.308613 0.0945474 0)
(-1.03971 -0.0229776 0)
(-0.607926 0.0774688 0)
(-0.163062 -0.18705 0)
(-0.709772 0.186433 0)
(-0.442765 -0.749604 0)
(-0.974169 -0.603457 0)
(-0.632431 -0.699402 0)
(-0.266959 -0.955793 0)
(0.755435 0.407288 0)
(0.816872 0.452679 0)
(0.882291 0.507074 0)
(0.944963 0.54638 0)
(0.988449 0.534907 0)
(1.02464 0.506807 0)
(1.06486 0.486999 0)
(1.10592 0.461496 0)
(1.13642 0.422862 0)
(1.06689 0.404028 0)
(0.922703 0.393747 0)
(0.782103 0.354109 0)
(0.565893 0.306004 0)
(0.259522 0.119274 0)
(-0.136342 -0.113047 0)
(0.28027 -0.29092 0)
(-0.793696 -0.498955 0)
(-0.543899 -0.631339 0)
(-0.116514 -1.60631 0)
(0.724075 0.363075 0)
(0.794226 0.395996 0)
(0.877048 0.425439 0)
(0.975985 0.45132 0)
(1.063 0.453496 0)
(1.14034 0.439275 0)
(1.20875 0.427351 0)
(1.26744 0.409709 0)
(1.30779 0.392345 0)
(1.33964 0.399009 0)
(1.35153 0.421726 0)
(1.33591 0.439661 0)
(1.27592 0.433386 0)
(1.12572 0.38749 0)
(0.953849 0.283772 0)
(0.690287 0.0508123 0)
(0.341099 -0.160641 0)
(-0.4075 -1.32354 0)
(0.106873 -1.89044 0)
(0.637864 0.299697 0)
(0.716653 0.330239 0)
(0.800608 0.355919 0)
(0.891023 0.378902 0)
(0.981515 0.38732 0)
(1.06268 0.380851 0)
(1.13245 0.37207 0)
(1.19367 0.361721 0)
(1.24711 0.352511 0)
(1.30319 0.360939 0)
(1.36166 0.386829 0)
(1.40395 0.420463 0)
(1.42898 0.453247 0)
(1.41097 0.457148 0)
(1.33649 0.422761 0)
(1.14671 0.315199 0)
(0.866288 0.131305 0)
(0.428364 -0.29581 0)
(0.46986 -1.88938 0)
(0.593692 0.346877 0)
(0.598838 0.216534 0)
(0.631722 0.227474 0)
(0.669646 0.257701 0)
(0.742128 0.286776 0)
(0.85434 0.30837 0)
(0.953507 0.315007 0)
(1.04095 0.315189 0)
(1.11129 0.30647 0)
(1.17747 0.305458 0)
(1.24851 0.332061 0)
(1.31895 0.373137 0)
(1.36603 0.420158 0)
(1.38601 0.465012 0)
(1.36632 0.492698 0)
(1.27095 0.462647 0)
(1.10025 0.337245 0)
(0.839113 0.0307154 0)
(0.627941 -1.27739 0)
(0.306635 0.34797 0)
(0.272335 0.261039 0)
(0.258806 0.257127 0)
(0.308912 0.270244 0)
(0.436629 0.234185 0)
(0.600268 0.156244 0)
(0.731038 0.142816 0)
(0.827844 0.16318 0)
(0.903695 0.178092 0)
(0.977364 0.194928 0)
(1.05529 0.23472 0)
(1.12569 0.28269 0)
(1.18426 0.370103 0)
(1.24599 0.43273 0)
(1.23597 0.524925 0)
(1.17634 0.563659 0)
(1.05449 0.475947 0)
(0.868139 0.216106 0)
(0.689021 -0.554627 0)
(0.174203 0.322756 0)
(0.258261 0.289146 0)
(0.363598 0.218619 0)
(0.478726 0.126113 0)
(0.550512 0.0423919 0)
(0.542028 0.0464909 0)
(0.50212 0.136373 0)
(0.506412 0.187042 0)
(0.57052 0.186079 0)
(0.67327 0.181936 0)
(0.770334 0.205659 0)
(0.839866 0.248053 0)
(0.895849 0.385818 0)
(0.925296 0.435428 0)
(0.966235 0.522204 0)
(0.933711 0.610713 0)
(0.855544 0.578444 0)
(0.735283 0.373333 0)
(0.568157 -0.0805004 0)
(0.137746 0.191589 0)
(0.245043 0.152634 0)
(0.308277 0.102901 0)
(0.277845 0.0966445 0)
(0.179419 0.140206 0)
(0.0880522 0.186246 0)
(0.0535085 0.187529 0)
(0.0754724 0.115316 0)
(0.144915 0.0449179 0)
(0.254166 0.0434968 0)
(0.375208 0.110586 0)
(0.436687 0.163449 0)
(0.46725 0.285625 0)
(0.456773 0.477036 0)
(0.498522 0.644218 0)
(0.539988 0.591781 0)
(0.581889 0.614947 0)
(0.553714 0.480733 0)
(0.446334 0.340963 0)
(-0.124939 0.084081 0)
(-0.0782723 0.100471 0)
(-0.0724743 0.141854 0)
(-0.100802 0.196854 0)
(-0.126996 0.217879 0)
(-0.127162 0.196662 0)
(-0.0903532 0.14192 0)
(-0.0351872 0.0639962 0)
(0.00390139 -0.00942292 0)
(0.0295018 -0.0321695 0)
(0.0910112 0.0464387 0)
(0.122078 0.13154 0)
(0.0634243 0.205378 0)
(0.0378983 0.466108 0)
(-0.146613 0.857111 0)
(-0.0283128 0.473495 0)
(0.304987 0.52829 0)
(0.385152 0.492732 0)
(0.341146 0.694434 0)
(-0.282825 0.0543519 0)
(-0.256478 0.10173 0)
(-0.235694 0.149536 0)
(-0.210388 0.183744 0)
(-0.174177 0.182026 0)
(-0.128756 0.14981 0)
(-0.0766818 0.0984953 0)
(-0.0298963 0.0370953 0)
(-0.00131156 -0.0157509 0)
(-0.00374749 -0.0350698 0)
(-0.0112363 0.0313524 0)
(-0.011291 0.18104 0)
(-0.116273 0.302361 0)
(-0.285106 0.592667 0)
(-0.400498 0.970231 0)
(-0.254166 0.199241 0)
(0.135982 0.303394 0)
(0.246967 0.434241 0)
(0.245873 0.937566 0)
(-0.253701 0.03381 0)
(-0.234351 0.0737242 0)
(-0.209301 0.111627 0)
(-0.17597 0.13774 0)
(-0.13828 0.138305 0)
(-0.100589 0.109639 0)
(-0.0618249 0.0575802 0)
(-0.0227563 -4.12906e-05 0)
(0.00844291 -0.0336364 0)
(0.0159522 -0.0242076 0)
(-0.00505163 0.0469243 0)
(-0.0244839 0.222663 0)
(-0.0768172 0.44926 0)
(-0.289404 0.674243 0)
(-0.265996 0.738282 0)
(-0.103303 -0.0421436 0)
(0.0827673 0.141999 0)
(0.105571 0.375162 0)
(0.115261 1.1371 0)
(-0.208545 0.0180865 0)
(-0.190617 0.0537472 0)
(-0.167766 0.0871413 0)
(-0.141281 0.110552 0)
(-0.113577 0.110651 0)
(-0.0846791 0.0794181 0)
(-0.0515125 0.0232805 0)
(-0.0153438 -0.0329692 0)
(0.0157324 -0.0561767 0)
(0.031165 -0.025281 0)
(0.023182 0.0661839 0)
(0.00680371 0.234598 0)
(0.024765 0.520068 0)
(-0.0804426 0.754906 0)
(-0.0181845 0.659281 0)
(-0.0470085 -0.156936 0)
(0.0422966 0.142151 0)
(-0.0703148 0.405511 0)
(-0.0616386 1.25162 0)
(-0.174814 0.00598235 0)
(-0.160313 0.0382088 0)
(-0.141402 0.0682059 0)
(-0.119848 0.089287 0)
(-0.0967954 0.0876106 0)
(-0.0713467 0.0530022 0)
(-0.0412475 -0.00721405 0)
(-0.0083786 -0.0633238 0)
(0.0196089 -0.0785694 0)
(0.0356718 -0.0327582 0)
(0.0345792 0.0742475 0)
(0.0334993 0.235882 0)
(0.0548547 0.499872 0)
(0.0782065 0.772333 0)
(0.180079 0.705964 0)
(-0.0928999 0.0837559 0)
(-0.0117242 0.183324 0)
(-0.178302 0.488946 0)
(-0.164099 1.00687 0)
(-0.14544 -0.00414908 0)
(-0.134243 0.0247137 0)
(-0.11897 0.051198 0)
(-0.100774 0.0700453 0)
(-0.0810714 0.067189 0)
(-0.0594168 0.0298592 0)
(-0.0336865 -0.0341663 0)
(-0.00496101 -0.0901712 0)
(0.0175299 -0.0978063 0)
(0.0276181 -0.0402854 0)
(0.0244971 0.075 0)
(0.0299207 0.236644 0)
(0.0254115 0.453771 0)
(0.0860544 0.75942 0)
(-0.0264836 0.738088 0)
(-0.151269 0.087164 0)
(-0.0512517 0.208394 0)
(-0.187039 0.55513 0)
(-0.157608 0.786474 0)
(-0.119266 -0.0116142 0)
(-0.110452 0.0142695 0)
(-0.0981972 0.0373713 0)
(-0.0829577 0.0540658 0)
(-0.0666086 0.0505028 0)
(-0.0496652 0.0112476 0)
(-0.0301671 -0.0559787 0)
(-0.00779405 -0.111348 0)
(0.00729748 -0.109428 0)
(0.00570666 -0.0418263 0)
(-0.00493309 0.074939 0)
(-0.00192531 0.238287 0)
(0.000191817 0.42803 0)
(0.0223745 0.759969 0)
(0.0188719 0.891998 0)
(-0.186849 0.0905345 0)
(-0.0982686 0.181937 0)
(-0.125412 0.581021 0)
(-0.134221 0.655146 0)
(-0.0956512 -0.0177002 0)
(-0.0885564 0.00582759 0)
(-0.0785961 0.0259704 0)
(-0.0662392 0.0408051 0)
(-0.0532539 0.0376023 0)
(-0.0408836 -0.00165976 0)
(-0.0291075 -0.0704111 0)
(-0.0169166 -0.123459 0)
(-0.012703 -0.109237 0)
(-0.0301175 -0.0301334 0)
(-0.0522503 0.0815507 0)
(-0.0580949 0.234481 0)
(-0.0217893 0.418171 0)
(-0.0577993 0.730209 0)
(0.132363 0.946323 0)
(-0.116687 0.226667 0)
(-0.0984021 0.163452 0)
(-0.0193864 0.551615 0)
(-0.0418546 0.6112 0)
(-0.0739011 -0.0226573 0)
(-0.0680164 -0.000794892 0)
(-0.059966 0.016804 0)
(-0.0499954 0.030233 0)
(-0.0401099 0.0280059 0)
(-0.0324446 -0.00858125 0)
(-0.0282014 -0.0757627 0)
(-0.0273165 -0.123855 0)
(-0.0368345 -0.0960465 0)
(-0.0693291 -0.00236089 0)
(-0.110516 0.100069 0)
(-0.131533 0.226245 0)
(-0.0912734 0.412282 0)
(-0.153607 0.683787 0)
(-0.0125566 0.9067 0)
(0.135094 0.396914 0)
(-0.163361 0.102895 0)
(0.114136 0.513078 0)
(-0.0828173 0.621147 0)
(-0.0535345 -0.0269699 0)
(-0.0486768 -0.00620466 0)
(-0.0415469 0.0095645 0)
(-0.0331314 0.0219564 0)
(-0.0263468 0.021895 0)
(-0.0226324 -0.0103449 0)
(-0.0233233 -0.072819 0)
(-0.0319439 -0.113476 0)
(-0.0544894 -0.0698074 0)
(-0.100639 0.0418567 0)
(-0.164274 0.135448 0)
(-0.217216 0.234829 0)
(-0.230393 0.431463 0)
(-0.321933 0.678525 0)
(-0.238468 0.763773 0)
(-0.015341 0.30832 0)
(-0.354005 0.146745 0)
(0.328808 0.496265 0)
(0.0116939 0.680451 0)
(-0.0341733 -0.0309962 0)
(-0.029707 -0.011175 0)
(-0.0227438 0.00317146 0)
(-0.0150826 0.0155862 0)
(-0.0107372 0.0181932 0)
(-0.00911585 -0.00958949 0)
(-0.0110379 -0.0646098 0)
(-0.0263925 -0.0942608 0)
(-0.0610538 -0.0347952 0)
(-0.118252 0.100737 0)
(-0.2025 0.20068 0)
(-0.307856 0.29322 0)
(-0.41504 0.503511 0)
(-0.551102 0.715929 0)
(-0.564945 0.728546 0)
(-0.526744 0.431725 0)
(-0.441256 -0.0786379 0)
(0.374963 0.324529 0)
(0.207153 0.769409 0)
(-0.015618 -0.0351091 0)
(-0.0106012 -0.0165867 0)
(-0.00286345 -0.00343681 0)
(0.00396548 0.0104952 0)
(0.00759841 0.015445 0)
(0.00973218 -0.00868952 0)
(0.00793626 -0.0534736 0)
(-0.0114074 -0.0667274 0)
(-0.0549903 0.0118335 0)
(-0.120009 0.170455 0)
(-0.215689 0.301819 0)
(-0.36898 0.418604 0)
(-0.550545 0.660555 0)
(-0.721228 0.843665 0)
(-0.886084 0.600923 0)
(-0.993083 -0.110381 0)
(-0.716755 -0.663152 0)
(-0.351678 -0.202849 0)
(0.142122 0.979058 0)
(0.00234521 -0.0400364 0)
(0.00899595 -0.0228877 0)
(0.0174661 -0.0102964 0)
(0.0248815 0.00520902 0)
(0.0296497 0.0123997 0)
(0.0330983 -0.00850305 0)
(0.0349523 -0.0418943 0)
(0.017225 -0.0359308 0)
(-0.0281928 0.0666293 0)
(-0.0951926 0.246644 0)
(-0.185583 0.419752 0)
(-0.336308 0.572027 0)
(-0.509665 0.804862 0)
(-0.601361 0.980868 0)
(-0.573431 0.757996 0)
(-0.280328 0.170768 0)
(-0.376783 -0.092676 0)
(-0.357055 -0.517186 0)
(0.0271476 0.815471 0)
(0.02004 -0.0464589 0)
(0.0289581 -0.0304809 0)
(0.0381811 -0.0181982 0)
(0.0477022 -0.00164279 0)
(0.0539409 0.0085741 0)
(0.060813 -0.0113877 0)
(0.0733374 -0.0349677 0)
(0.0657929 -0.00788149 0)
(0.0261466 0.110149 0)
(-0.0353587 0.308788 0)
(-0.11754 0.52133 0)
(-0.238013 0.71216 0)
(-0.357541 0.88876 0)
(-0.383299 0.963131 0)
(-0.253565 0.582302 0)
(-0.310381 -0.10945 0)
(-0.291927 -0.330172 0)
(-0.392528 -0.833458 0)
(0.280646 0.649441 0)
(0.0375131 -0.0546522 0)
(0.048499 -0.0398528 0)
(0.0593838 -0.0284591 0)
(0.0713678 -0.011366 0)
(0.0794359 0.00293538 0)
(0.0937917 -0.0232809 0)
(0.120934 -0.0428372 0)
(0.131194 0.0143784 0)
(0.100004 0.15587 0)
(0.0415453 0.370984 0)
(-0.0432126 0.609341 0)
(-0.149915 0.820625 0)
(-0.176085 0.92607 0)
(-0.0992727 0.905012 0)
(0.23183 0.611347 0)
(-0.191431 0.131792 0)
(0.204264 -0.495796 0)
(-0.352042 -1.06891 0)
(0.444323 0.600319 0)
(0.0548295 -0.0645685 0)
(0.0670681 -0.0511492 0)
(0.0808483 -0.0408924 0)
(0.093602 -0.0231879 0)
(0.104947 -0.00778152 0)
(0.128719 -0.0481368 0)
(0.17105 -0.0697222 0)
(0.203193 0.0228336 0)
(0.183505 0.197636 0)
(0.152911 0.42716 0)
(0.0937654 0.694064 0)
(0.0243331 0.865762 0)
(0.176472 0.824931 0)
(0.489764 0.655997 0)
(1.20974 0.230415 0)
(0.922461 0.11948 0)
(1.12678 -0.0971483 0)
(0.136901 -0.628223 0)
(0.444 0.669233 0)
(0.0725484 -0.0761859 0)
(0.0854633 -0.0644835 0)
(0.103052 -0.0542037 0)
(0.113713 -0.0360649 0)
(0.130592 -0.0238773 0)
(0.159852 -0.082266 0)
(0.211265 -0.113787 0)
(0.277171 0.0171743 0)
(0.291118 0.214228 0)
(0.30404 0.413537 0)
(0.364473 0.656771 0)
(0.519356 0.770917 0)
(0.953478 0.335708 0)
(1.54744 -0.211346 0)
(1.6337 0.136318 0)
(1.46593 0.379148 0)
(1.29227 0.362557 0)
(0.481925 -0.0214615 0)
(0.427891 0.901979 0)
(0.0915077 -0.089795 0)
(0.105702 -0.0800157 0)
(0.127487 -0.0682766 0)
(0.135662 -0.0516301 0)
(0.160389 -0.045034 0)
(0.18964 -0.120253 0)
(0.238104 -0.183958 0)
(0.333331 -0.0328914 0)
(0.405397 0.203666 0)
(0.478886 0.35532 0)
(0.654269 0.464797 0)
(1.19063 0.342403 0)
(1.66389 0.0207115 0)
(1.27391 0.183342 0)
(1.1482 0.321425 0)
(1.09206 0.433699 0)
(1.06061 0.550941 0)
(0.711926 0.448539 0)
(0.472357 1.25959 0)
(0.112032 -0.105789 0)
(0.129348 -0.097581 0)
(0.154903 -0.0842741 0)
(0.164609 -0.0710885 0)
(0.196387 -0.0690293 0)
(0.222426 -0.156994 0)
(0.249315 -0.26318 0)
(0.338017 -0.128048 0)
(0.476776 0.119067 0)
(0.647569 0.203617 0)
(0.938155 0.116249 0)
(1.30289 -0.0354851 0)
(1.07604 0.207836 0)
(0.900987 0.320055 0)
(0.859207 0.382829 0)
(0.823632 0.409355 0)
(0.926037 0.55304 0)
(0.829873 0.659065 0)
(0.518335 1.70775 0)
(0.133076 -0.124732 0)
(0.155679 -0.117536 0)
(0.184864 -0.104124 0)
(0.203876 -0.0934519 0)
(0.239419 -0.0909489 0)
(0.266919 -0.183193 0)
(0.257108 -0.304394 0)
(0.317636 -0.221509 0)
(0.510192 -0.051508 0)
(0.840309 -0.113873 0)
(1.14747 -0.192032 0)
(1.12611 0.0999024 0)
(0.935411 0.380648 0)
(0.842468 0.368594 0)
(0.775763 0.375156 0)
(0.850456 0.314127 0)
(1.44248 0.353076 0)
(0.819872 1.14586 0)
(0.467795 2.21569 0)
(0.151504 -0.147553 0)
(0.180589 -0.141849 0)
(0.214821 -0.130997 0)
(0.250113 -0.121159 0)
(0.290429 -0.11536 0)
(0.337055 -0.194904 0)
(0.30034 -0.309923 0)
(0.375461 -0.344596 0)
(0.580313 -0.296205 0)
(0.86342 -0.53266 0)
(1.03375 -0.114747 0)
(0.98897 0.245133 0)
(0.945811 0.387112 0)
(1.03736 0.375861 0)
(1.22111 0.358174 0)
(2.14784 -0.334018 0)
(1.39913 0.917002 0)
(0.453036 1.9031 0)
(0.342818 2.56158 0)
(0.162711 -0.174624 0)
(0.197497 -0.17242 0)
(0.238185 -0.16733 0)
(0.289618 -0.160716 0)
(0.340261 -0.155589 0)
(0.420066 -0.207192 0)
(0.380589 -0.322255 0)
(0.520028 -0.433576 0)
(0.584113 -0.512143 0)
(0.73994 -0.706186 0)
(0.953839 -0.183332 0)
(0.992028 0.184535 0)
(0.962744 0.257876 0)
(1.03395 0.0926816 0)
(1.79757 -0.518696 0)
(1.756 -0.258641 0)
(0.748149 1.85853 0)
(-0.0496817 2.50365 0)
(0.116802 2.63702 0)
(0.163367 -0.204652 0)
(0.201226 -0.208375 0)
(0.246892 -0.211594 0)
(0.307145 -0.213924 0)
(0.370479 -0.217477 0)
(0.473838 -0.243472 0)
(0.464327 -0.358593 0)
(0.632417 -0.429191 0)
(0.478083 -0.53813 0)
(0.566884 -0.866521 0)
(0.828081 -0.248973 0)
(0.917009 0.252294 0)
(0.827764 0.328157 0)
(0.775698 -0.184619 0)
(1.26835 -0.739614 0)
(0.268216 0.99758 0)
(0.28059 2.34102 0)
(-0.671525 2.74797 0)
(-0.136965 2.61154 0)
(0.153745 -0.235586 0)
(0.191415 -0.246701 0)
(0.23784 -0.259539 0)
(0.298836 -0.274761 0)
(0.369334 -0.292997 0)
(0.470357 -0.314659 0)
(0.534795 -0.413601 0)
(0.649616 -0.441426 0)
(0.652066 -0.478387 0)
(0.69017 -1.13057 0)
(0.816432 -0.322561 0)
(0.881623 0.279761 0)
(0.769529 0.451746 0)
(0.59364 -0.168421 0)
(0.370663 -0.497408 0)
(-0.18394 1.538 0)
(-0.0535953 2.56513 0)
(-0.846875 2.81709 0)
(-0.12971 2.20122 0)
(0.136803 -0.265985 0)
(0.171532 -0.284559 0)
(0.214442 -0.307066 0)
(0.270806 -0.335072 0)
(0.337938 -0.369843 0)
(0.422539 -0.407455 0)
(0.544145 -0.491956 0)
(0.577066 -0.533965 0)
(0.798606 -0.572259 0)
(0.678792 -0.971267 0)
(0.807869 -0.36236 0)
(0.865886 0.318144 0)
(0.7514 0.525901 0)
(0.423387 0.0397638 0)
(-0.121128 -0.109529 0)
(-0.266093 1.4965 0)
(-0.517432 2.87414 0)
(-0.892384 2.87364 0)
(-0.298071 1.46915 0)
(0.115563 -0.29379 0)
(0.145565 -0.318909 0)
(0.182461 -0.349898 0)
(0.230601 -0.388204 0)
(0.286636 -0.437529 0)
(0.353393 -0.49506 0)
(0.479289 -0.584315 0)
(0.490439 -0.649055 0)
(0.749844 -0.837029 0)
(0.775302 -0.884734 0)
(0.758424 -0.683158 0)
(0.85036 0.337029 0)
(0.775195 0.706952 0)
(0.438899 0.502387 0)
(-0.073035 0.264567 0)
(0.0223093 1.51155 0)
(-0.504664 3.17344 0)
(-0.652413 2.86145 0)
(-0.32258 0.802473 0)
(0.0917903 -0.315118 0)
(0.115955 -0.345573 0)
(0.145722 -0.383284 0)
(0.183659 -0.429415 0)
(0.227005 -0.488347 0)
(0.273422 -0.558032 0)
(0.379652 -0.651242 0)
(0.333206 -0.746692 0)
(0.636476 -0.979833 0)
(0.650115 -0.93144 0)
(0.66964 -0.598465 0)
(0.843079 0.379572 0)
(0.811846 0.813406 0)
(0.488575 0.586477 0)
(0.186391 0.373114 0)
(0.427803 1.65064 0)
(-0.0334737 3.41536 0)
(-0.215429 3.0378 0)
(-0.148145 0.440173 0)
(0.0664458 -0.327704 0)
(0.0839411 -0.362232 0)
(0.105852 -0.404916 0)
(0.133413 -0.457063 0)
(0.165682 -0.521688 0)
(0.198856 -0.597138 0)
(0.281509 -0.68384 0)
(0.174759 -0.79143 0)
(0.509654 -0.879252 0)
(-0.323365 -0.799444 0)
(0.523401 -0.637292 0)
(0.794943 0.375129 0)
(0.834106 1.10275 0)
(0.831822 1.07534 0)
(0.709083 0.718364 0)
(0.743248 1.62772 0)
(0.494473 3.61664 0)
(0.213392 3.39603 0)
(0.034466 0.391185 0)
(0.0404635 -0.336457 0)
(0.0509373 -0.373842 0)
(0.0644112 -0.420027 0)
(0.0817321 -0.476889 0)
(0.103808 -0.546954 0)
(0.131208 -0.630536 0)
(0.200257 -0.725168 0)
(0.151459 -0.859199 0)
(0.537952 -0.79955 0)
(-0.142836 -0.971005 0)
(1.35715 -1.54 0)
(0.954636 0.179171 0)
(0.860318 0.658193 0)
(0.269031 0.725015 0)
(1.29041 1.0351 0)
(1.34414 1.68455 0)
(0.995145 3.64728 0)
(0.547065 3.71004 0)
(0.0494193 0.689518 0)
(0.01416 -0.349318 0)
(0.0176994 -0.38857 0)
(0.0223351 -0.437076 0)
(0.0284968 -0.497235 0)
(0.0370245 -0.572345 0)
(0.0500888 -0.665861 0)
(0.0821167 -0.783388 0)
(0.0967073 -0.966972 0)
(0.349448 -1.00092 0)
(0.450039 -1.53154 0)
(1.75549 -2.63409 0)
(1.51404 1.20155 0)
(0.658972 2.97556 0)
(-2.36641 -0.519956 0)
(0.781266 -0.153522 0)
(1.08467 1.49186 0)
(1.05169 4.08642 0)
(0.524634 4.57481 0)
(-0.167755 0.791019 0)
)
;

boundaryField
{
    leftWall
    {
        type            noSlip;
    }
    rightWall
    {
        type            noSlip;
    }
    lowerWall
    {
        type            noSlip;
    }
    atmosphere
    {
        type            pressureInletOutletVelocity;
        value           nonuniform List<vector> 
46
(
(0 -0.180666 0)
(0 -0.18821 0)
(0 -0.18692 0)
(0 -0.188198 0)
(0 -0.188693 0)
(0 -0.189382 0)
(0 -0.190119 0)
(0 -0.19096 0)
(0 -0.191946 0)
(0 -0.193126 0)
(0 -0.19456 0)
(0 -0.196324 0)
(0 -0.198505 0)
(0 -0.201202 0)
(0 -0.20453 0)
(0 -0.20863 0)
(0 -0.213668 0)
(0 -0.21984 0)
(0 -0.227378 0)
(0 -0.236566 0)
(0 -0.247743 0)
(0 -0.261311 0)
(0 -0.277747 0)
(0 -0.292415 0)
(0 -0.302765 0)
(0 -0.314115 0)
(0 -0.326575 0)
(0 -0.349318 0)
(0 -0.38857 0)
(0 -0.437076 0)
(0 -0.497235 0)
(0 -0.572345 0)
(0 -0.665861 0)
(0 -0.783388 0)
(0 -0.966972 0)
(0 -1.00092 0)
(0 -1.53154 0)
(0 -2.63409 0)
(1.51404 1.20155 0)
(0.658972 2.97556 0)
(0 -0.519956 0)
(0 -0.153522 0)
(1.08467 1.49186 0)
(1.05169 4.08642 0)
(0.524634 4.57481 0)
(-0.167755 0.791019 0)
)
;
    }
    defaultFaces
    {
        type            empty;
    }
}


// ************************************************************************* //
