/*--------------------------------*- C++ -*----------------------------------*\
| =========                 |                                                 |
| \\      /  F ield         | OpenFOAM: The Open Source CFD Toolbox           |
|  \\    /   O peration     | Version:  5.x                                   |
|   \\  /    A nd           | Web:      www.OpenFOAM.org                      |
|    \\/     M anipulation  |                                                 |
\*---------------------------------------------------------------------------*/
FoamFile
{
    version     2.0;
    format      ascii;
    class       surfaceScalarField;
    location    "1";
    object      phi;
}
// * * * * * * * * * * * * * * * * * * * * * * * * * * * * * * * * * * * * * //

dimensions      [0 3 -1 0 0 0 0];

internalField   nonuniform List<scalar> 
4432
(
3.87951e-06
-3.87951e-06
4.9596e-06
-1.08009e-06
1.97191e-06
2.98769e-06
-3.07478e-06
5.04669e-06
-5.55486e-06
2.48008e-06
-4.16155e-06
-1.39331e-06
-2.27428e-06
-1.88728e-06
-2.5056e-06
2.31324e-07
-4.37602e-06
1.87042e-06
-7.29319e-06
2.91717e-06
-1.08902e-05
3.59705e-06
-1.40604e-05
3.17019e-06
-1.53167e-05
1.25624e-06
-1.6762e-05
1.44528e-06
-2.28194e-05
6.05744e-06
-3.2366e-05
9.54665e-06
-3.62117e-05
3.84561e-06
-3.06354e-05
-5.57631e-06
-2.19893e-05
-8.64608e-06
-1.43482e-05
-7.64106e-06
-7.62847e-06
-6.71974e-06
-2.17145e-06
-5.45702e-06
-2.17145e-06
-3.70744e-07
-3.50876e-06
-1.73834e-06
2.87501e-07
-4.38508e-06
5.63443e-06
-7.11156e-06
7.77317e-06
-7.40871e-06
2.77723e-06
-5.16899e-06
-3.63304e-06
-2.84966e-06
-4.20661e-06
-2.8001e-06
1.81765e-07
-4.915e-06
3.98531e-06
-8.23362e-06
6.23579e-06
-1.20934e-05
7.45682e-06
-1.61227e-05
7.19952e-06
-2.10234e-05
6.1569e-06
-2.79068e-05
8.3287e-06
-3.50294e-05
1.31801e-05
-3.70431e-05
1.15603e-05
-3.12422e-05
-1.95529e-06
-2.28185e-05
-1.4e-05
-1.58645e-05
-1.56001e-05
-9.8725e-06
-1.36331e-05
-4.66941e-06
-1.19228e-05
-8.59861e-07
-9.26659e-06
-3.03131e-06
-1.95772e-06
-1.55104e-06
-4.37591e-06
2.70568e-06
-6.64482e-06
7.90335e-06
-8.09666e-06
9.22502e-06
-8.07946e-06
2.76003e-06
-5.85396e-06
-5.85854e-06
-3.3543e-06
-6.70628e-06
-3.10026e-06
-7.2277e-08
-4.75572e-06
5.64077e-06
-7.40921e-06
8.88928e-06
-1.05514e-05
1.0599e-05
-1.45096e-05
1.11577e-05
-2.03125e-05
1.19598e-05
-2.71189e-05
1.51351e-05
-3.10323e-05
1.70935e-05
-2.85159e-05
9.04382e-06
-2.24011e-05
-8.07001e-06
-1.71578e-05
-1.92433e-05
-1.24581e-05
-2.02999e-05
-7.26024e-06
-1.88309e-05
-2.74577e-06
-1.64373e-05
5.56743e-08
-1.2068e-05
-2.97563e-06
-1.2056e-06
-3.45437e-07
-3.06992e-06
4.57e-06
-5.05856e-06
9.89199e-06
-6.525e-06
1.06915e-05
-6.74315e-06
2.97819e-06
-4.86566e-06
-7.73603e-06
-3.13207e-06
-8.43987e-06
-3.36479e-06
1.60446e-07
-5.0463e-06
7.32228e-06
-7.46175e-06
1.13047e-05
-1.02618e-05
1.3399e-05
-1.35802e-05
1.44762e-05
-1.77315e-05
1.61111e-05
-2.15626e-05
1.89661e-05
-2.24685e-05
1.79995e-05
-1.9772e-05
6.34734e-06
-1.71927e-05
-1.06494e-05
-1.55389e-05
-2.08971e-05
-1.19276e-05
-2.39112e-05
-6.07875e-06
-2.46797e-05
-9.33196e-07
-2.15829e-05
1.2657e-06
-1.42669e-05
-1.70992e-06
8.28306e-07
-1.17374e-06
3.67614e-07
5.03069e-06
-1.3193e-06
1.15789e-05
-2.84005e-06
1.22122e-05
-2.87403e-06
3.01217e-06
-1.73725e-06
-8.87281e-06
-1.8149e-06
-8.36221e-06
-3.26742e-06
1.61296e-06
-5.53311e-06
9.58796e-06
-8.0983e-06
1.38699e-05
-1.09517e-05
1.62525e-05
-1.38649e-05
1.73893e-05
-1.64109e-05
1.86571e-05
-1.76266e-05
2.01818e-05
-1.69105e-05
1.72834e-05
-1.59809e-05
5.4177e-06
-1.64789e-05
-1.01513e-05
-1.57432e-05
-2.16328e-05
-1.08849e-05
-2.87695e-05
-3.68662e-06
-3.1878e-05
2.37061e-06
-2.76401e-05
3.5757e-06
-1.5472e-05
1.86578e-06
3.57921e-06
-4.75295e-06
5.147e-06
3.4629e-06
4.1286e-06
1.25973e-05
2.33343e-06
1.40074e-05
2.52516e-06
2.82044e-06
2.92961e-06
-9.27727e-06
6.89914e-07
-6.12251e-06
-2.73725e-06
5.04013e-06
-6.02936e-06
1.28801e-05
-8.85693e-06
1.66975e-05
-1.17966e-05
1.91922e-05
-1.46093e-05
2.0202e-05
-1.66803e-05
2.07281e-05
-1.73754e-05
2.08769e-05
-1.71687e-05
1.70767e-05
-1.7825e-05
6.07397e-06
-1.83643e-05
-9.61207e-06
-1.55414e-05
-2.44557e-05
-9.61553e-06
-3.46954e-05
-2.08983e-06
-3.94037e-05
5.41685e-06
-3.51468e-05
6.24119e-06
-1.62964e-05
8.10697e-06
7.25803e-06
-1.2011e-05
1.02999e-05
4.21068e-07
9.92043e-06
1.29768e-05
8.21798e-06
1.57098e-05
8.41987e-06
2.61855e-06
8.13196e-06
-8.98935e-06
4.55187e-06
-2.54242e-06
-1.27834e-06
1.08704e-05
-5.74943e-06
1.73512e-05
-8.75636e-06
1.97044e-05
-1.16456e-05
2.20814e-05
-1.44203e-05
2.29767e-05
-1.67489e-05
2.30567e-05
-1.84259e-05
2.25539e-05
-1.9643e-05
1.82938e-05
-2.05919e-05
7.02286e-06
-1.96435e-05
-1.05604e-05
-1.62646e-05
-2.78345e-05
-1.16102e-05
-3.93497e-05
-3.49023e-06
-4.75237e-05
6.05694e-06
-4.46939e-05
8.79214e-06
-1.90316e-05
1.68991e-05
1.19875e-05
-2.39985e-05
1.63521e-05
-3.94349e-06
1.55477e-05
1.37811e-05
1.40036e-05
1.72539e-05
1.35015e-05
3.1206e-06
1.25967e-05
-8.08452e-06
7.94573e-06
2.10855e-06
1.23128e-06
1.75848e-05
-4.02226e-06
2.26047e-05
-6.95829e-06
2.26405e-05
-9.63613e-06
2.47592e-05
-1.23766e-05
2.57171e-05
-1.51078e-05
2.57879e-05
-1.79515e-05
2.53976e-05
-2.05448e-05
2.08871e-05
-2.22313e-05
8.70934e-06
-2.23614e-05
-1.04303e-05
-2.11433e-05
-2.90527e-05
-1.57911e-05
-4.4702e-05
-4.8037e-06
-5.85111e-05
5.51117e-06
-5.50088e-05
9.49738e-06
-2.30178e-05
2.63965e-05
-1.80951e-06
1.80951e-06
-6.42987e-06
4.62036e-06
1.63687e-05
-2.27985e-05
4.192e-05
-2.55514e-05
5.41678e-05
-1.22478e-05
5.67771e-05
-2.60931e-06
5.54032e-05
1.37392e-06
4.92083e-05
6.19485e-06
3.78257e-05
1.13826e-05
2.50031e-05
1.28226e-05
4.52647e-06
2.04766e-05
-1.44367e-05
1.89632e-05
-1.87024e-05
4.26567e-06
-1.62821e-05
-2.4203e-06
-1.78506e-05
1.56848e-06
-2.11717e-05
3.32119e-06
-1.1296e-05
-9.87575e-06
8.73398e-07
-1.21694e-05
8.73383e-07
-7.32519e-06
9.1347e-06
-7.63826e-07
-1.941e-06
2.38369e-05
-4.73993e-05
3.99078e-05
-4.16223e-05
4.95122e-05
-2.18521e-05
5.53807e-05
-8.47783e-06
5.9337e-05
-2.58241e-06
6.07389e-05
4.79296e-06
5.71903e-05
1.49312e-05
4.72649e-05
2.27481e-05
2.50723e-05
4.26692e-05
-1.14385e-05
5.5474e-05
-2.62482e-05
1.90754e-05
-2.50791e-05
-3.58943e-06
-2.22471e-05
-1.26353e-06
-1.5281e-05
-3.64484e-06
1.45216e-06
-2.6609e-05
6.40993e-06
-1.71271e-05
7.28331e-06
-5.28644e-06
1.44211e-05
4.68624e-06
-1.19137e-05
2.1783e-05
-6.44961e-05
2.73274e-05
-4.71666e-05
3.03714e-05
-2.48961e-05
3.53808e-05
-1.34873e-05
4.08446e-05
-8.04623e-06
4.44807e-05
1.15693e-06
4.58421e-05
1.35697e-05
4.47659e-05
2.38243e-05
3.42969e-05
5.31383e-05
-1.80986e-06
9.15807e-05
-1.87662e-05
3.60318e-05
-1.53812e-05
-6.9744e-06
-1.31278e-05
-3.51699e-06
-5.74756e-06
-1.10251e-05
3.35417e-06
-3.57107e-05
2.48997e-06
-1.62629e-05
9.77329e-06
-1.01209e-06
1.54332e-05
9.93021e-06
-2.2856e-05
1.53351e-05
-6.9901e-05
9.50367e-06
-4.13352e-05
7.19733e-06
-2.25897e-05
1.06187e-05
-1.69086e-05
1.749e-05
-1.49176e-05
2.54663e-05
-6.81935e-06
3.35729e-05
5.46314e-06
3.89311e-05
1.8466e-05
3.54894e-05
5.658e-05
1.16633e-05
0.000115407
-4.05381e-06
5.17489e-05
-2.1041e-06
-8.92412e-06
-3.00811e-06
-2.61299e-06
2.99758e-07
-1.43329e-05
-2.27254e-06
-3.31384e-05
-3.85925e-06
-1.46762e-05
5.91403e-06
1.7562e-06
1.3677e-05
1.28531e-05
-3.39528e-05
9.76532e-06
-6.68133e-05
-3.9889e-06
-2.75809e-05
-9.58297e-06
-1.69957e-05
4.66765e-06
-3.11592e-05
2.1187e-05
-3.1437e-05
2.57015e-05
-1.13338e-05
3.04264e-05
7.38173e-07
2.9865e-05
1.90275e-05
2.42013e-05
6.22436e-05
1.85505e-05
0.000121058
5.30844e-06
6.4991e-05
5.50234e-06
-9.11802e-06
6.55156e-06
-3.66222e-06
3.3758e-06
-1.11571e-05
-7.31055e-06
-2.24521e-05
-1.85011e-05
-3.48563e-06
-1.25871e-05
3.68607e-06
9.99096e-06
1.33806e-05
-4.36474e-05
8.02246e-06
-6.14551e-05
-2.16373e-06
-1.73948e-05
-8.20481e-06
-1.09546e-05
-5.24239e-06
-3.41216e-05
-3.55778e-06
-3.31216e-05
-3.03842e-06
-1.18531e-05
-6.01059e-06
3.71031e-06
-9.73681e-06
2.27537e-05
1.59441e-06
5.09124e-05
1.59007e-05
0.000106751
2.35034e-05
5.73884e-05
1.99953e-05
-5.60997e-06
1.45449e-05
1.78817e-06
8.94149e-06
-5.5537e-06
-6.19608e-06
-7.31454e-06
-2.06519e-05
1.09702e-05
-3.3239e-05
6.75223e-06
3.23872e-06
1.32996e-05
-5.01947e-05
6.6647e-06
-5.48202e-05
-5.86258e-06
-4.86748e-06
-2.30549e-05
6.23774e-06
-3.18511e-05
-2.53254e-05
-3.64717e-05
-2.85011e-05
-5.92921e-05
1.09673e-05
-6.83246e-05
1.27428e-05
-5.63721e-05
1.08012e-05
-3.12101e-05
2.57504e-05
2.24107e-05
5.31304e-05
4.0798e-05
3.9001e-05
2.42543e-05
1.09338e-05
1.83263e-05
7.71617e-06
1.75362e-05
-4.76357e-06
1.34674e-05
-3.24583e-06
6.79389e-06
1.76438e-05
-2.64451e-05
1.02193e-05
-6.98053e-06
1.25037e-05
-5.24792e-05
-9.77023e-07
-4.13395e-05
-2.43484e-05
1.85039e-05
-4.03741e-05
2.22634e-05
-5.0927e-05
-1.47725e-05
-6.26742e-05
-1.67539e-05
-7.89531e-05
2.72462e-05
-7.35106e-05
7.3002e-06
-5.82485e-05
-4.4609e-06
-3.80932e-05
5.5951e-06
-8.41838e-06
2.34556e-05
4.73818e-06
2.58444e-05
8.7942e-06
6.87773e-06
1.36044e-05
2.90598e-06
2.70988e-05
-1.8258e-05
6.25813e-05
-3.87283e-05
7.25369e-05
7.68812e-06
4.60917e-05
3.05301e-05
-5.45286e-05
4.93531e-05
-2.27665e-05
5.33091e-05
9.8251e-06
4.66362e-05
2.39268e-05
3.82735e-05
1.14833e-05
2.89217e-05
1.26724e-06
1.94981e-05
1.15321e-05
7.59729e-06
2.94856e-05
-2.43178e-06
3.26338e-05
-9.40755e-06
2.96162e-05
-1.77667e-05
3.31183e-05
-2.56444e-05
3.35948e-05
-3.21278e-05
3.22714e-05
-4.02112e-05
3.3481e-05
-5.03616e-05
3.10375e-05
-6.43242e-05
2.26719e-05
-7.57491e-05
9.94628e-07
-6.79119e-05
-3.68899e-05
-4.16227e-05
-7.09912e-05
-1.59986e-05
-8.41352e-05
2.78802e-08
-7.10353e-05
1.78804e-05
-4.08703e-05
-2.28817e-06
4.6565e-05
1.67747e-05
-7.13033e-05
3.31596e-05
-3.91513e-05
4.76257e-05
-4.64109e-06
5.35441e-05
1.80085e-05
6.11874e-05
3.83998e-06
4.77006e-05
1.4754e-05
3.19584e-05
2.72743e-05
1.14302e-05
5.00138e-05
-1.38576e-05
5.79216e-05
-3.19885e-05
4.77471e-05
-3.97436e-05
4.08734e-05
-4.80995e-05
4.19507e-05
-6.68321e-05
5.1004e-05
-9.94918e-05
6.61407e-05
-0.000137048
6.85934e-05
-0.000158039
4.36628e-05
-0.000135959
-2.10851e-05
-8.99697e-05
-8.28791e-05
-5.69829e-05
-0.000103978
-4.40353e-05
-9.70828e-05
-3.7616e-05
-7.74546e-05
-2.72339e-05
-5.12523e-05
-2.06367e-05
-8.88534e-06
-1.58737e-05
-5.54296e-05
-2.27215e-05
-3.23034e-05
-1.74011e-05
-9.96158e-06
-1.91965e-05
1.98039e-05
-6.13161e-05
4.59597e-05
-0.000117154
7.05914e-05
-0.00014708
5.72007e-05
-0.000137543
4.04768e-05
-0.000116455
3.68332e-05
-0.000108288
3.95806e-05
-0.000114408
4.6993e-05
-0.000138707
6.625e-05
-0.000180504
9.2801e-05
-0.000222385
0.000108022
-0.000239608
8.58162e-05
-0.000208944
1.29989e-05
-0.00015378
-7.62494e-05
-0.000117187
-0.000119472
-0.000102528
-0.000118637
-9.83508e-05
-0.00010126
-9.57041e-05
-8.01013e-05
-8.38251e-05
-6.31313e-05
-4.166e-05
-6.28019e-05
-2.24995e-05
-3.293e-05
-3.60263e-05
-1.87766e-05
-7.06505e-05
2.46625e-05
-0.000125395
7.4548e-05
-0.00021038
0.000130945
-0.000264059
0.00012427
-0.000285342
7.84838e-05
-0.000286737
4.18715e-05
-0.000269165
1.92607e-05
-0.000243176
1.35917e-05
-0.000228232
3.2049e-05
-0.000231303
6.93215e-05
-0.000244098
0.000105596
-0.000244305
0.000108229
-0.000216064
5.7575e-05
-0.000183409
-1.96556e-05
-0.000168773
-9.08855e-05
-0.000160204
-0.000128041
-0.00015266
-0.000126181
-0.000149824
-0.000104096
-0.00015284
-7.70852e-05
-0.000146945
-6.90258e-05
-5.29231e-05
-0.000135682
3.18623e-06
-3.61163e-05
-3.44759e-05
1.88855e-05
-0.000123217
0.000113403
-0.000190769
0.000142101
-0.000260992
0.000201168
-0.000285134
0.000148413
-0.000288641
8.19908e-05
-0.000293478
4.67082e-05
-0.000281304
7.08693e-06
-0.000275682
7.96959e-06
-0.000269647
2.6014e-05
-0.000252662
5.23364e-05
-0.000228553
8.1487e-05
-0.000197876
7.75525e-05
-0.000173918
3.36169e-05
-0.000179018
-1.45554e-05
-0.000193621
-7.62834e-05
-0.00018812
-0.000133542
-0.000179463
-0.000134837
-0.000176734
-0.000106826
-0.000190029
-6.379e-05
-0.000207351
-5.17034e-05
-4.06684e-05
-0.000219606
-1.27101e-05
-2.34061e-05
-1.19044e-05
1.80795e-05
-0.000105058
0.000206557
-0.000184174
0.000221217
-0.000230243
0.000247237
-0.000257853
0.000176023
-0.000276422
0.000100559
-0.000288426
5.87126e-05
-0.0002846
3.26147e-06
-0.000267703
-8.92831e-06
-0.000260987
1.92979e-05
-0.000248589
3.99388e-05
-0.000216529
4.94269e-05
-0.0001863
4.73241e-05
-0.000172356
1.96727e-05
-0.000196862
9.95038e-06
-0.000204217
-6.89281e-05
-0.000198225
-0.000139535
-0.000188708
-0.000144355
-0.000183867
-0.000111667
-0.000182919
-6.47376e-05
-0.000195705
-3.89174e-05
-2.6961e-05
-0.000209413
-1.03871e-05
-1.3019e-05
-1.09743e-05
1.86665e-05
-6.18281e-05
0.000257411
-0.000106967
0.000266357
-0.000117326
0.000257596
-0.00011829
0.000176986
-0.000105147
8.74167e-05
-7.797e-05
3.15354e-05
-6.66302e-05
-8.07854e-06
-9.46461e-05
1.90876e-05
-0.000158223
8.28751e-05
-0.000218997
0.000100712
-0.000213146
4.35765e-05
-0.000186458
2.06358e-05
-0.000184372
1.75865e-05
-0.000193013
1.85919e-05
-0.00019005
-7.18917e-05
-0.00019131
-0.000138274
-0.000187071
-0.000148593
-0.000176806
-0.000121933
-0.000161892
-7.96506e-05
-0.000155584
-4.52259e-05
-2.34018e-05
-0.000159143
-1.601e-05
2.99097e-06
-3.89992e-05
4.16557e-05
-2.58455e-05
0.000244257
-8.70591e-06
0.000249217
4.23999e-05
0.00020649
0.000146537
7.28493e-05
0.000236571
-2.61688e-06
0.000271749
-3.64345e-06
0.000205179
5.84918e-05
9.07821e-05
0.000133484
-1.51763e-05
0.000188834
-0.000133025
0.000218561
-0.00017153
8.20808e-05
-0.000184316
3.34216e-05
-0.00018671
1.99804e-05
-0.000168372
2.54469e-07
-0.000169622
-7.06414e-05
-0.000180237
-0.00012766
-0.000185869
-0.000142961
-0.000168682
-0.00013912
-0.000144897
-0.000103436
-0.000119692
-7.04309e-05
-4.87155e-05
-9.43781e-05
-3.51924e-05
3.81833e-05
-7.49994e-05
8.14627e-05
-3.36732e-05
0.000202931
1.56729e-05
0.000199871
6.2427e-05
0.000159736
6.61036e-05
6.91728e-05
3.33972e-05
3.00895e-05
-9.62467e-06
3.93784e-05
-3.89471e-05
8.78142e-05
-7.04011e-05
0.000164938
-0.000107333
0.000225766
-0.0001244
0.000235627
-0.000147795
0.000105476
-0.000154522
4.01489e-05
-0.00014914
1.45991e-05
-0.000134945
-1.39408e-05
-0.000143845
-6.17422e-05
-0.000163803
-0.000107702
-0.000173958
-0.000132806
-0.00018174
-0.000131338
-0.000149373
-0.000135803
-0.000118839
-0.000100965
-7.8692e-05
-8.88625e-05
-6.33929e-05
0.000101576
-0.000131973
0.000150043
-0.00011418
0.000185137
-9.70151e-05
0.000182706
-0.000101336
0.000164057
-0.000143606
0.000111443
-0.000179182
6.56658e-05
-0.000191382
5.15778e-05
-0.000201207
9.76398e-05
-0.000208351
0.000172082
-0.000205574
0.000222988
-0.00017626
0.000206314
-0.00016596
9.51754e-05
-0.000157582
3.17711e-05
-0.000141219
-1.76411e-06
-0.000123836
-3.13234e-05
-0.000120506
-6.50729e-05
-0.000132682
-9.55255e-05
-0.000151419
-0.000114069
-0.000155927
-0.00012683
-0.000162964
-0.000128767
-0.000156235
-0.000107694
-0.000126993
-0.000107933
-9.75121e-05
0.000199088
-0.00015787
0.000210401
-0.000181901
0.000209168
-0.000180388
0.000181193
-0.000201487
0.000185155
-0.000231418
0.000141374
-0.000269391
0.000103638
-0.000301794
8.39813e-05
-0.000310996
0.000106842
-0.000292282
0.000153368
-0.000252787
0.000183493
-0.000196592
0.000150119
-0.000166808
6.53909e-05
-0.000147922
1.28848e-05
-0.000128833
-2.08533e-05
-0.000110674
-4.94818e-05
-0.000103818
-7.19295e-05
-0.000108852
-9.04918e-05
-0.000118319
-0.000104601
-0.000129291
-0.000115859
-0.000145621
-0.000112437
-0.000141846
-0.000111468
-0.000114239
-0.0001546
-6.83264e-05
0.000267415
-0.000117199
0.000259274
-0.000176632
0.000268601
-0.000215302
0.000219863
-0.000252907
0.00022276
-0.00028715
0.000175618
-0.000312047
0.000128535
-0.000329012
0.000100946
-0.00032498
0.000102811
-0.000297163
0.000125551
-0.000244225
0.000130554
-0.000186155
9.2049e-05
-0.000152775
3.20109e-05
-0.000130464
-9.42515e-06
-0.000111546
-3.97718e-05
-9.88903e-05
-6.21377e-05
-9.15965e-05
-7.92231e-05
-8.98971e-05
-9.21912e-05
-9.25785e-05
-0.00010192
-9.96225e-05
-0.000108815
-0.000101338
-0.000110721
-9.81963e-05
-0.00011461
-0.000115567
-9.68688e-05
-5.69094e-06
0.000273106
-5.80453e-05
0.000311628
-0.000131723
0.000342279
-0.000200483
0.000288623
-0.000242745
0.000265022
-0.000270083
0.000202956
-0.000285835
0.000144288
-0.000293242
0.000108352
-0.00028907
9.86392e-05
-0.000264184
0.000100665
-0.000221074
8.74435e-05
-0.000179876
5.08515e-05
-0.000155999
8.13375e-06
-0.000138391
-2.70325e-05
-0.000123066
-5.50972e-05
-0.000108506
-7.66982e-05
-9.55209e-05
-9.22085e-05
-8.53495e-05
-0.000102363
-7.91685e-05
-0.000108101
-7.7644e-05
-0.00011034
-7.7472e-05
-0.000110893
-7.72371e-05
-0.000114845
-0.000118353
-7.44508e-05
4.15456e-05
0.00023156
-7.47513e-06
0.000360649
-9.19776e-05
0.000426781
-0.000162892
0.000359537
-0.00020156
0.000303691
-0.000223601
0.000224996
-0.000237166
0.000157853
-0.000248527
0.000119712
-0.000254961
0.000105073
-0.00024776
9.34639e-05
-0.000228772
6.84552e-05
-0.000208618
3.06977e-05
-0.000190022
-1.04619e-05
-0.000169489
-4.75649e-05
-0.000147796
-7.67906e-05
-0.000127143
-9.73514e-05
-0.000108525
-0.000110827
-9.23154e-05
-0.000118573
-7.8818e-05
-0.000121599
-6.80637e-05
-0.000121094
-5.97701e-05
-0.000119187
-5.61842e-05
-0.000118431
-0.000119916
-5.46208e-05
1.99037e-05
0.000211656
-3.79744e-06
0.00038435
-6.6855e-05
0.000489839
-0.000127525
0.000420207
-0.000161864
0.000338029
-0.000183783
0.000246916
-0.000206136
0.000180206
-0.000234901
0.000148477
-0.000260802
0.000130974
-0.000272268
0.00010493
-0.00026851
6.46973e-05
-0.000254583
1.67706e-05
-0.000231496
-3.35492e-05
-0.000202039
-7.70215e-05
-0.000170817
-0.000108012
-0.000142353
-0.000125815
-0.000118351
-0.000134828
-9.86541e-05
-0.00013827
-8.23943e-05
-0.000137859
-6.8587e-05
-0.000134902
-5.68983e-05
-0.000130876
-4.79229e-05
-0.000127406
-0.000124904
-4.29352e-05
1.19198e-05
0.000199736
1.65927e-06
0.00039461
-5.09168e-05
0.000542415
-0.000100064
0.000469354
-0.000131749
0.000369715
-0.000161225
0.000276392
-0.000201848
0.000220829
-0.000251437
0.000198066
-0.000293169
0.000172706
-0.000316282
0.000128043
-0.000320456
6.88718e-05
-0.000307482
3.79662e-06
-0.00027887
-6.21606e-05
-0.000238267
-0.000117625
-0.000193919
-0.00015236
-0.000154408
-0.000165326
-0.00012292
-0.000166316
-9.91148e-05
-0.000162075
-8.11042e-05
-0.00015587
-6.7139e-05
-0.000148867
-5.59663e-05
-0.000142048
-4.71864e-05
-0.000136186
-0.00013133
-4.0761e-05
7.5917e-06
0.000192145
-1.62173e-06
0.000403824
-4.61791e-05
0.000586972
-8.33219e-05
0.000506497
-0.00011259
0.000398983
-0.000153835
0.000317636
-0.000213498
0.000280492
-0.000278837
0.000263404
-0.000330975
0.000224845
-0.000362096
0.000159165
-0.000370901
7.76755e-05
-0.000356894
-1.02104e-05
-0.000321933
-9.7122e-05
-0.000270426
-0.000169132
-0.000213122
-0.000209663
-0.000161862
-0.000216587
-0.000122031
-0.000206146
-9.39251e-05
-0.000190182
-7.43371e-05
-0.000175458
-6.05283e-05
-0.000162676
-5.07901e-05
-0.000151786
-4.39634e-05
-0.000143013
-0.000136046
-3.92471e-05
2.47392e-06
0.000189671
-2.07413e-05
0.000427039
-5.20651e-05
0.000618296
-7.59856e-05
0.000530418
-0.000102855
0.000425852
-0.000154132
0.000368914
-0.000224886
0.000351245
-0.000295139
0.000333658
-0.00034753
0.000277236
-0.000377098
0.000188733
-0.000383166
8.37436e-05
-0.000366561
-2.68146e-05
-0.000328709
-0.000134974
-0.00027405
-0.00022379
-0.000212631
-0.000271083
-0.000155685
-0.000273533
-0.000110998
-0.000250834
-8.09529e-05
-0.000220227
-6.17629e-05
-0.000194648
-4.92425e-05
-0.000175196
-4.11772e-05
-0.000159852
-3.64012e-05
-0.000147789
-0.00013847
-3.39766e-05
-1.17601e-05
0.000201431
-5.21798e-05
0.000467459
-6.59297e-05
0.000632046
-7.30268e-05
0.000537515
-9.61919e-05
0.000449018
-0.00014952
0.000422241
-0.000217652
0.000419377
-0.00027828
0.000394287
-0.000317783
0.000316739
-0.000335865
0.000206814
-0.000333335
8.12133e-05
-0.000312895
-4.72547e-05
-0.000277891
-0.000169978
-0.000230488
-0.000271193
-0.000176995
-0.000324575
-0.000125112
-0.000325417
-8.38159e-05
-0.000292129
-5.71961e-05
-0.000246846
-4.20885e-05
-0.000209755
-3.33806e-05
-0.000183903
-2.83488e-05
-0.000164883
-2.59356e-05
-0.000150202
-0.000138809
-2.55968e-05
-2.48075e-05
0.000226238
-6.65779e-05
0.000509229
-7.14437e-05
0.000636911
-6.55075e-05
0.000531579
-8.29514e-05
0.000466461
-0.000127481
0.000466771
-0.000179081
0.000470977
-0.000218096
0.000433302
-0.000237995
0.000336637
-0.000241398
0.000210218
-0.000230836
7.06508e-05
-0.000208629
-6.94614e-05
-0.00017841
-0.000200197
-0.000143079
-0.000306524
-0.00010448
-0.000363175
-6.65266e-05
-0.00036337
-3.82447e-05
-0.000320411
-2.23741e-05
-0.000262717
-1.56794e-05
-0.00021645
-1.34161e-05
-0.000186167
-1.29722e-05
-0.000165327
-1.37306e-05
-0.000149444
-0.000136996
-1.55436e-05
-1.39843e-05
0.000240223
-3.8434e-05
0.000533679
-5.47316e-05
0.000653209
-4.66146e-05
0.000523462
-5.75076e-05
0.000477354
-8.55501e-05
0.000494813
-0.000113296
0.000498723
-0.000128593
0.000448599
-0.000130526
0.00033857
-0.000120704
0.000200396
-0.000101244
5.11914e-05
-7.64872e-05
-9.42187e-05
-5.11761e-05
-0.000225508
-2.65026e-05
-0.000331197
-5.06035e-06
-0.000384617
1.16064e-05
-0.000380037
1.97989e-05
-0.000328604
1.96063e-05
-0.000262524
1.46985e-05
-0.000211542
8.92393e-06
-0.000180392
3.82282e-06
-0.000160226
-6.9277e-07
-0.000144928
-0.000132741
-4.94685e-06
-6.61744e-06
0.00024684
-2.00634e-05
0.000547125
-2.8239e-05
0.000661385
-1.9106e-05
0.000514329
-2.28979e-05
0.000481146
-3.12973e-05
0.000503212
-3.52924e-05
0.000502718
-2.89157e-05
0.000442223
-1.37118e-05
0.000323366
1.21497e-05
0.000174535
3.6197e-05
2.71442e-05
6.15628e-05
-0.000119584
8.31695e-05
-0.000247114
9.67158e-05
-0.000344743
0.000100275
-0.000388176
9.39961e-05
-0.000373758
7.98019e-05
-0.00031441
6.16516e-05
-0.000244374
4.42089e-05
-0.0001941
3.04346e-05
-0.000166618
2.0106e-05
-0.000149898
1.20793e-05
-0.000136901
-0.000126114
5.45216e-06
1.25876e-05
0.000234252
-2.00762e-05
0.000579788
-1.34325e-05
0.000654741
4.36879e-06
0.000496528
1.20664e-05
0.000473448
2.35399e-05
0.000491739
4.34863e-05
0.000482772
7.15218e-05
0.000414187
0.000103286
0.000291602
0.000135455
0.000142366
0.000162726
-1.25858e-07
0.000187353
-0.000144211
0.000207746
-0.000267508
0.000214744
-0.000351742
0.00020087
-0.000374302
0.000168536
-0.000341423
0.000130534
-0.000276408
9.53234e-05
-0.000209163
6.77586e-05
-0.000166535
4.80449e-05
-0.000146905
3.38744e-05
-0.000135727
2.31648e-05
-0.000126191
-0.000117635
1.46862e-05
-2.50253e-05
0.000259278
-4.27972e-05
0.00059756
-2.05747e-05
0.000632519
9.91074e-06
0.000466042
3.43458e-05
0.000449013
6.56685e-05
0.000460416
0.000104507
0.000443934
0.000148049
0.000370645
0.000190338
0.000249312
0.000226575
0.000106129
0.000262096
-3.56464e-05
0.000291162
-0.000173278
0.000313575
-0.00028992
0.000311092
-0.000349259
0.000277024
-0.000340234
0.000220665
-0.000285065
0.000161937
-0.000217679
0.000114513
-0.000161739
8.18369e-05
-0.000133859
5.9773e-05
-0.000124841
4.38819e-05
-0.000119836
3.17722e-05
-0.000114081
-0.000108078
2.22155e-05
-1.88919e-05
0.00027817
-1.72944e-06
0.000580397
3.03974e-06
0.00062775
6.86783e-06
0.000462214
3.26611e-05
0.00042322
7.54872e-05
0.00041759
0.000124933
0.000394488
0.000178778
0.0003168
0.000232725
0.000195366
0.000283598
5.52558e-05
0.000333928
-8.5976e-05
0.000375424
-0.000214774
0.000391229
-0.000305725
0.000366862
-0.000324892
0.000307775
-0.000281147
0.000233302
-0.000210592
0.000165023
-0.0001494
0.000116143
-0.000112859
8.55791e-05
-0.000103295
6.51625e-05
-0.000104424
4.97562e-05
-0.000104429
3.75863e-05
-0.000101911
-9.82939e-05
2.78021e-05
5.49894e-06
0.000272671
5.22548e-05
0.000533642
7.95208e-05
0.000600483
4.06946e-05
0.000501041
3.36381e-05
0.000430277
6.25712e-05
0.000388657
0.000113316
0.000343743
0.000184751
0.000245366
0.000262479
0.000117637
0.000331046
-1.33108e-05
0.000386549
-0.000141478
0.000419709
-0.000247933
0.000407339
-0.000293355
0.000351136
-0.00026869
0.000274525
-0.000204536
0.000199428
-0.000135495
0.000140409
-9.03804e-05
0.000103638
-7.60884e-05
8.16237e-05
-8.12817e-05
6.54816e-05
-8.82819e-05
5.20487e-05
-9.09965e-05
4.08459e-05
-9.07084e-05
-8.89833e-05
3.15353e-05
6.09497e-06
0.000266576
7.86688e-05
0.000461068
0.000136264
0.000542888
0.000112103
0.000525202
8.70304e-05
0.00045535
9.71845e-05
0.000378503
0.000156785
0.000284142
0.000236475
0.000165676
0.000302636
5.14764e-05
0.000359721
-7.03959e-05
0.000393782
-0.00017554
0.000388048
-0.000242199
0.000338216
-0.000243523
0.000264669
-0.000195142
0.000193251
-0.000133119
0.000138388
-8.06319e-05
0.000104356
-5.63486e-05
8.66346e-05
-5.83668e-05
7.44257e-05
-6.90729e-05
6.28174e-05
-7.66736e-05
5.18698e-05
-8.00489e-05
4.21605e-05
-8.09992e-05
-8.05606e-05
3.37378e-05
4.01141e-05
0.000226462
9.62247e-05
0.000404957
0.00015517
0.000483943
0.000183634
0.000496737
0.000187487
0.000451496
0.000206785
0.000359205
0.000249531
0.000241396
0.000289707
0.0001255
0.000333116
8.0671e-06
0.000363265
-0.000100544
0.000354496
-0.000166771
0.000300443
-0.000188147
0.000225503
-0.000168583
0.000155939
-0.000125577
0.000106182
-8.3362e-05
8.23793e-05
-5.68294e-05
7.61533e-05
-5.01228e-05
7.34183e-05
-5.5632e-05
6.74776e-05
-6.31322e-05
5.91709e-05
-6.83669e-05
5.04602e-05
-7.13383e-05
4.2256e-05
-7.2795e-05
-7.31249e-05
3.48202e-05
2.41597e-05
0.000202302
8.61873e-05
0.000342929
0.00014494
0.00042519
0.000198722
0.000442956
0.000235754
0.000414464
0.000263267
0.000331692
0.000288632
0.000216031
0.000314566
9.95665e-05
0.000332699
-1.00658e-05
0.000315745
-8.35903e-05
0.000267226
-0.000118252
0.000202176
-0.000123096
0.000140946
-0.000107353
9.78482e-05
-8.24796e-05
7.58734e-05
-6.13873e-05
6.99907e-05
-5.09469e-05
6.98778e-05
-5.001e-05
6.79099e-05
-5.36641e-05
6.27654e-05
-5.79878e-05
5.59436e-05
-6.15452e-05
4.87194e-05
-6.41142e-05
4.16938e-05
-6.57693e-05
-6.65679e-05
3.51368e-05
1.21953e-05
0.000190107
6.31692e-05
0.000291956
0.000119722
0.000368637
0.000176397
0.000386281
0.000221843
0.000369018
0.000257032
0.000296502
0.00028349
0.000189574
0.000298197
8.48587e-05
0.000286381
1.75059e-06
0.000247207
-4.44159e-05
0.000196438
-6.74836e-05
0.000146752
-7.34105e-05
0.000107772
-6.83726e-05
8.40561e-05
-5.87641e-05
7.36543e-05
-5.09855e-05
7.03741e-05
-4.76668e-05
6.81804e-05
-4.78163e-05
6.44389e-05
-4.99225e-05
5.9204e-05
-5.27529e-05
5.31787e-05
-5.55199e-05
4.69131e-05
-5.78485e-05
4.07534e-05
-5.96096e-05
-6.07361e-05
3.49218e-05
9.06449e-06
0.000181042
3.74848e-05
0.000263536
8.78915e-05
0.00031823
0.000141729
0.000332444
0.000193728
0.000317019
0.000234318
0.000255913
0.000257106
0.000166785
0.000257636
8.43292e-05
0.000232084
2.73034e-05
0.000196539
-8.87169e-06
0.000159017
-2.99615e-05
0.000126307
-4.07005e-05
0.000101865
-4.39303e-05
8.64799e-05
-4.33791e-05
7.76629e-05
-4.21685e-05
7.18832e-05
-4.18871e-05
6.6933e-05
-4.28661e-05
6.1841e-05
-4.48305e-05
5.64163e-05
-4.73283e-05
5.0773e-05
-4.98766e-05
4.50964e-05
-5.21719e-05
3.95625e-05
-5.40755e-05
-5.54923e-05
3.43189e-05
6.46617e-06
0.000174575
2.00175e-05
0.000249985
5.70236e-05
0.000281224
0.000104309
0.000285158
0.000157255
0.000264074
0.000200638
0.000212529
0.000219502
0.000147922
0.000213368
9.04632e-05
0.000193102
4.75694e-05
0.000167464
1.67656e-05
0.000142418
-4.91526e-06
0.000120135
-1.84173e-05
0.000102232
-2.60269e-05
8.89185e-05
-3.00658e-05
7.90898e-05
-3.23398e-05
7.14965e-05
-3.42937e-05
6.51501e-05
-3.65196e-05
5.94054e-05
-3.90857e-05
5.38751e-05
-4.17979e-05
4.8466e-05
-4.44674e-05
4.32026e-05
-4.69084e-05
3.81561e-05
-4.90288e-05
-5.07452e-05
3.34092e-05
6.38966e-06
0.000168186
1.82365e-05
0.000238138
4.80172e-05
0.000251444
8.97427e-05
0.000243432
0.000135195
0.000218621
0.000168438
0.000179286
0.000181514
0.000134846
0.000177915
9.40626e-05
0.000165235
6.025e-05
0.000148616
3.33847e-05
0.000130762
1.2939e-05
0.000113933
-1.58838e-06
9.92901e-05
-1.13845e-05
8.71131e-05
-1.78889e-05
7.73079e-05
-2.25346e-05
6.93514e-05
-2.63371e-05
6.26472e-05
-2.98153e-05
5.67155e-05
-3.31539e-05
5.12369e-05
-3.63193e-05
4.60628e-05
-3.92932e-05
4.11596e-05
-4.20049e-05
3.65369e-05
-4.44059e-05
-4.64423e-05
3.22342e-05
7.77187e-06
0.000160414
2.33679e-05
0.000222542
5.00974e-05
0.000224714
8.41336e-05
0.000209396
0.000117198
0.000185557
0.0001403
0.000156184
0.000150301
0.000124845
0.000149618
9.47463e-05
0.000142174
6.76937e-05
0.000130969
4.45898e-05
0.000118031
2.58775e-05
0.000104966
1.14767e-05
9.28643e-05
7.17001e-07
8.23365e-05
-7.36111e-06
7.34165e-05
-1.36145e-05
6.58707e-05
-1.87913e-05
5.93613e-05
-2.3306e-05
5.35743e-05
-2.73669e-05
4.83226e-05
-3.10675e-05
4.34526e-05
-3.44231e-05
3.89148e-05
-3.74668e-05
3.46925e-05
-4.01834e-05
-4.25457e-05
3.07961e-05
8.25171e-06
0.000152162
2.60052e-05
0.000204788
5.0019e-05
0.0002007
7.63878e-05
0.000183027
9.97691e-05
0.000162175
0.000115974
0.000139979
0.000123897
0.000116923
0.000124816
9.3827e-05
0.000120683
7.18267e-05
0.000113248
5.20252e-05
0.000103982
3.5144e-05
9.41234e-05
2.13348e-05
8.45732e-05
1.02671e-05
7.5835e-05
1.37711e-06
6.81319e-05
-5.91146e-06
6.13541e-05
-1.20134e-05
5.53527e-05
-1.73047e-05
4.99664e-05
-2.19806e-05
4.50755e-05
-2.61764e-05
4.05801e-05
-2.99275e-05
3.64246e-05
-3.33111e-05
3.25816e-05
-3.63403e-05
-3.90077e-05
2.90436e-05
7.82808e-06
0.000144334
2.50348e-05
0.000187581
4.57378e-05
0.000179997
6.60143e-05
0.000162751
8.28868e-05
0.000145303
9.46829e-05
0.000128182
0.000101158
0.000110448
0.000102952
9.20328e-05
0.000101015
7.37642e-05
9.63513e-05
5.66885e-05
8.99635e-05
4.15316e-05
8.27602e-05
2.85381e-05
7.54414e-05
1.7586e-05
6.84422e-05
8.37625e-06
6.19643e-05
5.66376e-07
5.60985e-05
-6.14764e-06
5.07724e-05
-1.19787e-05
4.59282e-05
-1.71363e-05
4.14837e-05
-2.17318e-05
3.74059e-05
-2.58496e-05
3.36319e-05
-2.95369e-05
3.01294e-05
-3.28377e-05
-3.576e-05
2.68818e-05
7.16347e-06
0.000137171
2.23966e-05
0.000172348
3.95944e-05
0.000162799
5.52921e-05
0.000147053
6.78361e-05
0.000132759
7.67489e-05
0.00011927
8.21433e-05
0.000105054
8.43469e-05
8.98293e-05
8.3795e-05
7.43161e-05
8.10496e-05
5.94338e-05
7.67705e-05
4.58107e-05
7.16064e-05
3.37021e-05
6.60879e-05
2.31045e-05
6.05812e-05
1.38829e-05
5.52957e-05
5.85191e-06
5.03389e-05
-1.19086e-06
4.57501e-05
-7.38978e-06
4.14957e-05
-1.28818e-05
3.75515e-05
-1.77873e-05
3.38831e-05
-2.21811e-05
3.04584e-05
-2.61121e-05
2.72412e-05
-2.96205e-05
-3.27381e-05
2.42193e-05
6.43082e-06
0.00013074
1.93591e-05
0.00015942
3.33181e-05
0.00014884
4.54785e-05
0.000134893
5.49652e-05
0.000123272
6.18538e-05
0.000112381
6.63724e-05
0.000100535
6.86625e-05
8.75392e-05
6.88933e-05
7.40851e-05
6.73809e-05
6.09461e-05
6.45659e-05
4.86257e-05
6.09099e-05
3.73583e-05
5.68074e-05
2.72072e-05
5.25501e-05
1.81402e-05
4.83291e-05
1.00729e-05
4.42429e-05
2.8955e-06
4.03689e-05
-3.51559e-06
3.6703e-05
-9.21555e-06
3.32392e-05
-1.43233e-05
2.99562e-05
-1.88979e-05
2.68406e-05
-2.29966e-05
2.38714e-05
-2.66513e-05
-2.99249e-05
2.10582e-05
5.62355e-06
0.000125116
1.63448e-05
0.000148698
2.745e-05
0.000137735
3.67663e-05
0.000125576
4.39471e-05
0.000116091
4.93133e-05
0.000107015
5.307e-05
9.67784e-05
5.52327e-05
8.53764e-05
5.58436e-05
7.3474e-05
5.50939e-05
6.16958e-05
5.32861e-05
5.04337e-05
5.07438e-05
3.99007e-05
4.77499e-05
3.02012e-05
4.45227e-05
2.13674e-05
4.12155e-05
1.33801e-05
3.7924e-05
6.18721e-06
3.46927e-05
-2.83984e-07
3.15703e-05
-6.09293e-06
2.85404e-05
-1.12933e-05
2.5613e-05
-1.59706e-05
2.28014e-05
-2.0185e-05
2.01113e-05
-2.39613e-05
-2.73883e-05
1.75748e-05
4.74791e-06
0.000120368
1.34026e-05
0.000140044
2.19908e-05
0.000129147
2.89487e-05
0.000118619
3.42954e-05
0.000110744
3.84208e-05
0.00010289
4.14527e-05
9.37463e-05
4.33337e-05
8.34952e-05
4.40591e-05
7.27485e-05
4.37576e-05
6.19974e-05
4.26372e-05
5.15542e-05
4.09166e-05
4.16214e-05
3.87872e-05
3.23306e-05
3.64009e-05
2.37538e-05
3.38694e-05
1.59118e-05
3.12684e-05
8.78843e-06
2.86367e-05
2.34797e-06
2.604e-05
-3.49614e-06
2.34741e-05
-8.72739e-06
2.09713e-05
-1.34679e-05
1.85552e-05
-1.7769e-05
1.62374e-05
-2.16436e-05
-2.51823e-05
1.40314e-05
3.86793e-06
0.0001165
1.07609e-05
0.000133151
1.72221e-05
0.000122686
2.22335e-05
0.000113607
2.60984e-05
0.000106879
2.9191e-05
9.97968e-05
3.15499e-05
9.13873e-05
3.30839e-05
8.19611e-05
3.37862e-05
7.20463e-05
3.37537e-05
6.20301e-05
3.31253e-05
5.21827e-05
3.20368e-05
4.27099e-05
3.06042e-05
3.37633e-05
2.892e-05
2.54381e-05
2.70555e-05
1.77764e-05
2.50693e-05
1.07748e-05
2.30287e-05
4.3887e-06
2.08107e-05
-1.27808e-06
1.86598e-05
-6.57661e-06
1.65129e-05
-1.13211e-05
1.43284e-05
-1.55846e-05
1.21354e-05
-1.94507e-05
-2.30858e-05
1.00389e-05
2.83306e-06
7.07823e-06
1.08343e-05
1.36585e-05
1.58865e-05
1.77448e-05
1.92045e-05
2.01959e-05
2.07199e-05
2.08276e-05
2.05799e-05
2.00306e-05
1.92246e-05
1.81992e-05
1.69847e-05
1.56012e-05
1.40395e-05
1.23961e-05
1.06296e-05
8.77935e-06
6.9576e-06
5.28917e-06
3.85696e-06
4.3116e-05
3.449e-06
4.0407e-05
2.70906e-06
3.84945e-05
1.91249e-06
1.66814e-06
3.68263e-05
-2.90851e-06
-2.52783e-06
1.35931e-06
-1.55876e-06
4.50006e-06
-1.22826e-06
-1.66046e-06
7.82866e-06
-5.30449e-05
-1.22848e-05
-4.54531e-05
-9.15052e-06
-4.18325e-05
-4.84894e-06
-1.38742e-06
-4.21055e-05
-0.000134845
-1.31219e-05
-0.00013989
-4.10538e-06
-0.00014976
5.02092e-06
9.93203e-06
-0.000161079
-0.000221729
-1.09988e-05
-0.000222778
-3.05697e-06
-0.000219763
2.00621e-06
4.94403e-06
-0.000214775
-0.000209201
-1.12106e-05
-0.000203712
-8.54525e-06
-0.000196551
-5.15498e-06
-2.90704e-06
-0.0001887
-0.000163699
-6.65454e-06
-0.000168058
-4.18663e-06
-0.000170561
-2.65238e-06
-1.2156e-05
-0.000161312
-8.14767e-05
-1.9556e-05
-6.90318e-05
-1.66315e-05
-6.01304e-05
-1.15538e-05
-2.25913e-05
-4.96951e-05
-7.66369e-05
-3.17816e-05
-6.29938e-05
-3.02746e-05
-4.46624e-05
-2.98852e-05
-3.13569e-05
-3.58968e-05
-8.94681e-05
-5.0247e-05
-7.98902e-05
-3.98525e-05
-7.1316e-05
-3.84594e-05
-3.96895e-05
-6.29835e-05
-0.000154942
-4.99052e-05
-0.00014604
-4.87554e-05
-0.000135816
-4.86831e-05
-4.78824e-05
-0.000127623
-9.30681e-05
-5.37059e-05
-8.83634e-05
-5.346e-05
-8.47783e-05
-5.22681e-05
-4.96678e-05
-8.29928e-05
-7.08661e-05
-5.72907e-05
-6.64051e-05
-5.79209e-05
-6.15207e-05
-5.71524e-05
-5.42131e-05
-5.69754e-05
-5.44825e-05
-5.7429e-05
-5.40582e-05
-5.83451e-05
-5.26886e-05
-5.8522e-05
-5.65954e-05
-5.03063e-05
-4.2087e-05
-5.82771e-05
-4.22988e-05
-5.81332e-05
-4.29914e-05
-5.78292e-05
-5.64493e-05
-4.31374e-05
-3.85329e-05
-6.0505e-05
-3.71547e-05
-5.95112e-05
-3.66608e-05
-5.83231e-05
-5.68362e-05
-3.62738e-05
-3.75627e-05
-6.21892e-05
-3.61459e-05
-6.09279e-05
-3.493e-05
-5.9539e-05
-5.79101e-05
-3.38562e-05
-3.34115e-05
-6.27541e-05
-3.30984e-05
-6.1241e-05
-3.29111e-05
-5.97263e-05
-5.80862e-05
-3.27352e-05
-2.60183e-05
-6.23326e-05
-2.6729e-05
-6.05303e-05
-2.76312e-05
-5.88242e-05
-5.71131e-05
-2.86043e-05
-1.67501e-05
-6.11259e-05
-1.81592e-05
-5.91212e-05
-1.97219e-05
-5.72614e-05
-5.54755e-05
-2.13596e-05
-6.94312e-06
-5.91294e-05
-8.95345e-06
-5.71108e-05
-1.09735e-05
-5.52413e-05
-5.34754e-05
-1.29736e-05
2.65591e-06
-5.63329e-05
2.98705e-08
-5.44847e-05
-2.45358e-06
-5.27578e-05
-5.11269e-05
-4.80205e-06
1.12533e-05
-5.28999e-05
8.11344e-06
-5.13448e-05
5.22178e-06
-4.98661e-05
-4.84495e-05
2.54444e-06
1.83792e-05
-4.90636e-05
1.48902e-05
-4.78558e-05
1.17008e-05
-4.66767e-05
-4.55219e-05
8.77323e-06
2.38412e-05
-4.51027e-05
2.02224e-05
-4.4237e-05
1.69035e-05
-4.33578e-05
-4.24704e-05
1.3852e-05
2.76941e-05
-4.12616e-05
2.41496e-05
-4.06925e-05
2.08729e-05
-4.00811e-05
-3.9439e-05
1.78416e-05
3.01744e-05
-3.76982e-05
2.68451e-05
-3.73631e-05
2.37357e-05
-3.69717e-05
-3.65386e-05
2.08354e-05
3.15944e-05
-3.44722e-05
2.85439e-05
-3.43125e-05
2.56662e-05
-3.40939e-05
-3.38314e-05
2.29591e-05
3.2239e-05
-3.15742e-05
2.94737e-05
-3.15471e-05
2.68444e-05
-3.14645e-05
-3.13411e-05
2.43541e-05
3.23167e-05
-2.89689e-05
2.98173e-05
-2.90476e-05
2.74297e-05
-2.90769e-05
-2.90709e-05
2.51595e-05
3.19692e-05
-2.66191e-05
2.97116e-05
-2.679e-05
2.75527e-05
-2.6918e-05
-2.70168e-05
2.54986e-05
3.12874e-05
-2.44971e-05
2.9252e-05
-2.47547e-05
2.73088e-05
-2.49747e-05
-2.51709e-05
2.54628e-05
3.03204e-05
-2.25832e-05
2.84895e-05
-2.29238e-05
2.67453e-05
-2.32306e-05
-2.35163e-05
2.50907e-05
2.90686e-05
-2.08557e-05
2.74178e-05
-2.1273e-05
2.58446e-05
-2.16574e-05
-2.20203e-05
2.43485e-05
2.74718e-05
-1.9284e-05
2.59648e-05
-1.97659e-05
2.45209e-05
-2.02135e-05
-2.06362e-05
2.31368e-05
2.54271e-05
-1.78294e-05
2.40219e-05
-1.83607e-05
2.26642e-05
-1.88557e-05
-1.93215e-05
2.13495e-05
2.28523e-05
-1.64624e-05
2.15236e-05
-1.7032e-05
2.02333e-05
-1.75654e-05
-1.80663e-05
1.89782e-05
1.97835e-05
-1.51876e-05
1.8546e-05
-1.57945e-05
1.73476e-05
-1.63669e-05
-1.69061e-05
1.61874e-05
1.64341e-05
-1.40469e-05
1.53299e-05
-1.46903e-05
1.42652e-05
-1.53021e-05
-1.58871e-05
1.32461e-05
1.30228e-05
-1.30384e-05
1.20437e-05
-1.37111e-05
1.11077e-05
-1.43661e-05
-1.50146e-05
1.02352e-05
9.0918e-06
-1.20913e-05
8.21143e-06
-1.28308e-05
7.41778e-06
-1.35725e-05
-1.43248e-05
6.72787e-06
3.32139e-06
2.88359e-06
2.54026e-06
2.2793e-06
3.29456e-05
-3.09981e-06
1.52459e-05
-3.47796e-05
-2.76998e-05
1.60626e-06
-8.20188e-05
7.28228e-05
-0.000104559
4.48041e-05
-0.000122248
2.91649e-06
-0.000143515
4.5123e-06
-0.000149833
3.35651e-05
-0.000139506
-3.02766e-06
-0.000111395
-3.25718e-05
-8.25433e-05
-2.32563e-05
-4.39833e-05
-1.51045e-05
6.84402e-06
-2.49828e-05
6.79651e-05
-5.42434e-05
0.000146805
-7.59343e-05
0.000231626
-0.000103079
0.000288122
-9.52238e-05
0.000254489
4.13211e-05
0.000300581
1.23941e-05
-7.66524e-06
-2.5209e-05
2.82348e-06
-8.36737e-05
6.0071e-05
-0.000104378
9.35273e-05
-8.96943e-05
3.01202e-05
-9.34374e-05
6.65964e-06
-0.000114488
2.55633e-05
-0.000102187
2.12636e-05
-5.8872e-05
-4.63425e-05
4.1795e-06
-9.56233e-05
6.33668e-05
-8.24436e-05
0.000131214
-8.29517e-05
0.000193859
-8.76277e-05
0.000261334
-0.000121719
0.000318536
-0.000133136
0.00034466
-0.000129203
0.000318318
-6.88828e-05
0.000196131
0.000163509
0.000496711
-6.52489e-05
1.54782e-05
-0.000114989
5.25633e-05
-0.000138035
8.31173e-05
-0.000102133
5.76253e-05
-7.85032e-05
6.49032e-06
-7.4194e-05
2.35047e-06
-5.88891e-05
1.02584e-05
-1.45555e-05
-2.30701e-05
3.28091e-05
-9.37071e-05
6.48962e-05
-0.00012771
0.00010315
-0.000120697
0.000140146
-0.000119948
0.000171678
-0.000119159
0.000188301
-0.000138342
0.000188691
-0.000133526
0.000155845
-9.63566e-05
0.000113078
-2.61157e-05
5.54242e-05
0.000221163
0.000552135
-0.000182746
3.71447e-05
-0.0001846
5.44178e-05
-0.000152183
5.06998e-05
-0.000121726
2.71685e-05
-0.000112188
-3.04766e-06
-8.95962e-05
-2.02415e-05
-3.94782e-05
-3.98596e-05
2.65427e-05
-8.90909e-05
6.17367e-05
-0.000128901
7.70656e-05
-0.000143039
0.00010278
-0.000146412
0.00012256
-0.000139728
0.000121921
-0.000118521
9.36114e-05
-0.000110032
6.59021e-05
-0.000105816
-4.38946e-06
-2.6065e-05
-6.97274e-05
3.92221e-05
-0.000123173
0.000274608
0.000428962
-0.000197981
2.03507e-05
-0.00017274
2.91764e-05
-0.000144737
2.26966e-05
-0.000115902
-1.66559e-06
-7.78264e-05
-4.11237e-05
-3.06449e-05
-6.7423e-05
1.8514e-05
-8.90185e-05
5.60073e-05
-0.000126584
7.17679e-05
-0.000144662
8.35396e-05
-0.000154811
8.81573e-05
-0.00015103
6.07723e-05
-0.000112343
5.71231e-06
-6.34607e-05
-5.12159e-05
-5.31041e-05
-0.000128074
-2.89577e-05
-0.000181302
2.71631e-05
-0.000224792
8.27116e-05
-0.000175877
0.000225694
0.000253085
-0.000167252
-1.09748e-06
-0.000137192
-8.83218e-07
-9.17854e-05
-2.27103e-05
-3.91502e-05
-5.43009e-05
1.47053e-06
-8.17444e-05
3.24003e-05
-9.83527e-05
5.87654e-05
-0.000115384
6.84247e-05
-0.000136243
7.37244e-05
-0.000149961
6.0586e-05
-0.000141673
1.64395e-05
-0.000106883
-7.17379e-05
-2.41653e-05
-0.000101085
-3.4114e-05
-0.000142524
-1.16649e-05
-0.000206998
3.55161e-05
-0.000237227
5.73925e-05
-0.000235032
8.05168e-05
-0.000149601
0.000140262
0.000103485
-0.000124306
-3.81028e-05
-7.98514e-05
-4.53382e-05
-3.3389e-05
-6.91726e-05
5.6544e-06
-9.33443e-05
2.82963e-05
-0.000104386
4.21066e-05
-0.000112163
5.26783e-05
-0.000125955
5.47013e-05
-0.000138266
5.10645e-05
-0.000146325
-4.82386e-05
-4.23694e-05
-0.000165454
1.0332e-05
-0.000192849
3.2294e-06
-0.00018898
-3.79825e-05
-0.000212153
1.15079e-05
-0.00024755
7.09126e-05
-0.000250074
5.99169e-05
-0.000206523
3.69665e-05
-0.000115681
4.94198e-05
-1.21965e-05
-2.88556e-05
-5.89422e-05
-1.45828e-05
-5.9611e-05
6.59695e-06
-9.03524e-05
1.78127e-05
-0.00010456
2.57418e-05
-0.000112315
3.25538e-05
-0.000118975
3.07387e-05
-0.00012414
1.3248e-05
-0.000120776
-7.6424e-05
-5.66526e-05
-0.000143977
2.51835e-05
-0.000202827
6.91822e-05
-0.000238121
3.85236e-05
-0.000269392
-6.71207e-06
-0.000256734
-1.14948e-06
-0.000222088
3.62662e-05
-0.000178371
1.61996e-05
-0.000118959
-2.24445e-05
-4.62597e-05
-2.32795e-05
-5.84562e-05
-1.76806e-05
-7.71584e-05
-4.3387e-06
-7.2953e-05
-5.32393e-07
-9.41587e-05
6.61277e-06
-0.000111705
1.20183e-05
-0.000117721
3.08449e-05
-0.000137802
-2.03363e-05
-7.29591e-05
-8.52179e-05
-5.58943e-05
-0.000117252
-2.46181e-05
-0.000101371
9.30154e-06
-7.50995e-05
4.29111e-05
-7.66012e-05
4.00256e-05
-8.88352e-05
5.52186e-06
-8.0838e-05
-9.1466e-06
-3.73046e-05
-7.26714e-06
1.32053e-05
-3.43101e-05
3.14853e-05
-4.07244e-05
3.24335e-05
-2.42277e-05
-2.60228e-05
-4.66331e-05
-9.35088e-05
-3.19226e-05
-8.76634e-05
-2.41134e-05
-0.000101968
1.12487e-06
-0.000136943
-1.96891e-05
-9.69068e-05
-7.6439e-05
-8.1052e-05
-9.45099e-05
-5.48882e-05
-0.00010827
-4.21345e-05
-9.68919e-05
-3.59957e-05
-6.74362e-05
-2.0154e-05
-1.92651e-05
-5.2601e-06
2.99882e-05
-9.22773e-06
7.23274e-05
-3.68174e-05
9.03947e-05
-2.72139e-05
6.36477e-05
1.948e-05
4.49458e-05
-1.56082e-05
5.14431e-05
-4.72217e-05
4.37481e-05
-1.65327e-05
1.77253e-05
-0.000111111
-0.00011002
-8.21287e-05
-0.000116646
-6.82534e-05
-0.000115843
-8.91884e-05
-0.000116008
-9.36589e-05
-9.24363e-05
-9.78261e-05
-7.68848e-05
-8.76992e-05
-6.50151e-05
-7.64204e-05
-5.34134e-05
-7.23556e-05
-4.00605e-05
-6.75451e-05
-2.49646e-05
-5.40184e-05
-1.87868e-05
-2.87892e-05
-3.4457e-05
5.95207e-06
-7.15587e-05
7.65454e-05
-9.78071e-05
0.000156255
-6.02292e-05
0.000115008
2.56385e-05
6.16225e-05
6.16377e-06
3.89634e-05
6.12642e-06
5.66886e-05
-8.29526e-05
-0.00011006
-9.06299e-05
-0.000108969
-8.84065e-05
-0.000118067
-8.77938e-05
-0.000116621
-7.75259e-05
-0.000102704
-6.74618e-05
-8.69491e-05
-6.15836e-05
-7.08935e-05
-5.99022e-05
-5.50948e-05
-5.99976e-05
-3.99652e-05
-5.84416e-05
-2.65206e-05
-5.52001e-05
-2.20284e-05
-4.79716e-05
-4.16855e-05
-2.96146e-05
-8.99156e-05
1.38919e-05
-0.000141314
9.56087e-05
-0.000141946
0.000139602
-1.83549e-05
6.93914e-05
7.63743e-05
3.06899e-05
4.48278e-05
8.73785e-05
-5.31059e-05
-0.00011393
-5.82125e-05
-0.000103862
-5.68773e-05
-0.000119402
-5.60415e-05
-0.000117457
-5.47084e-05
-0.000104037
-5.51701e-05
-8.64875e-05
-5.53613e-05
-7.07026e-05
-5.29999e-05
-5.74563e-05
-4.68029e-05
-4.61623e-05
-3.7415e-05
-3.59087e-05
-2.90186e-05
-3.04249e-05
-2.74158e-05
-4.32885e-05
-2.97204e-05
-8.76111e-05
-1.52499e-05
-0.000155784
3.47557e-05
-0.000191952
0.000112723
-9.63224e-05
0.000125973
6.31237e-05
7.02396e-05
0.000100561
0.000157618
-4.50516e-05
-0.000119185
-4.15612e-05
-0.000107353
-4.26465e-05
-0.000118317
-4.72893e-05
-0.000112814
-5.11303e-05
-0.000100197
-5.26691e-05
-8.4949e-05
-5.09547e-05
-7.24173e-05
-4.56431e-05
-6.27682e-05
-3.63999e-05
-5.54056e-05
-2.24218e-05
-4.98871e-05
-6.26933e-06
-4.65775e-05
9.04352e-07
-5.04624e-05
-1.31163e-05
-7.35905e-05
-3.80948e-05
-0.000130806
-4.48679e-05
-0.000185179
5.90347e-06
-0.000147094
5.20296e-05
1.69974e-05
2.49452e-05
0.000127646
0.000182563
-3.95575e-05
-0.000122765
-3.29197e-05
-0.000113991
-3.51659e-05
-0.000116071
-4.02939e-05
-0.000107686
-4.46164e-05
-9.58743e-05
-4.58475e-05
-8.37182e-05
-4.36585e-05
-7.46066e-05
-3.81543e-05
-6.82727e-05
-2.9189e-05
-6.43711e-05
-1.63007e-05
-6.27756e-05
-4.14888e-07
-6.24635e-05
1.1861e-05
-6.27384e-05
4.65023e-06
-6.63799e-05
-4.06533e-05
-8.55022e-05
-9.14884e-05
-0.000134344
-0.000102339
-0.000136244
-6.26388e-05
-2.27024e-05
-3.78404e-05
0.000102847
0.000144723
-3.23452e-05
-0.000126693
-2.83309e-05
-0.000118005
-3.15043e-05
-0.000112897
-3.6286e-05
-0.000102905
-4.00016e-05
-9.21588e-05
-4.05581e-05
-8.31619e-05
-3.79368e-05
-7.72282e-05
-3.23031e-05
-7.39067e-05
-2.34985e-05
-7.31759e-05
-1.20738e-05
-7.42006e-05
-3.00576e-07
-7.42368e-05
7.70909e-06
-7.07482e-05
7.6771e-06
-6.6348e-05
-1.66601e-05
-6.1165e-05
-7.71379e-05
-7.38659e-05
-0.000129176
-8.42056e-05
-0.000116789
-3.50891e-05
-7.26758e-05
5.87342e-05
7.2047e-05
-3.13678e-05
-0.000129182
-3.04322e-05
-0.000118941
-3.34608e-05
-0.000109869
-3.67731e-05
-9.95925e-05
-3.84496e-05
-9.04825e-05
-3.74825e-05
-8.41292e-05
-3.42435e-05
-8.04675e-05
-2.86631e-05
-7.94874e-05
-2.00771e-05
-8.17621e-05
-9.04154e-06
-8.52363e-05
1.59475e-06
-8.48732e-05
7.43087e-06
-7.65844e-05
4.26123e-06
-6.31783e-05
-5.62579e-06
-5.1278e-05
-3.6153e-05
-4.33386e-05
-8.56656e-05
-3.4693e-05
-9.99563e-05
-2.07984e-05
-4.7396e-05
6.17386e-06
2.4651e-05
-3.26661e-05
-0.000129251
-3.31937e-05
-0.000118413
-3.52582e-05
-0.000107804
-3.6775e-05
-9.80757e-05
-3.66921e-05
-9.05655e-05
-3.50403e-05
-8.57813e-05
-3.21409e-05
-8.33671e-05
-2.72445e-05
-8.4384e-05
-1.92657e-05
-8.97411e-05
-8.90648e-06
-9.55956e-05
1.05415e-06
-9.48339e-05
7.5848e-06
-8.31151e-05
6.17284e-06
-6.17664e-05
-4.79834e-06
-4.03068e-05
-2.3685e-05
-2.44518e-05
-4.40139e-05
-1.4364e-05
-4.52601e-05
-1.95522e-05
-2.04234e-05
-1.86628e-05
4.22759e-06
-3.08073e-05
-0.000127048
-3.26133e-05
-0.000116607
-3.40631e-05
-0.000106354
-3.45054e-05
-9.76334e-05
-3.38874e-05
-9.11836e-05
-3.27615e-05
-8.69073e-05
-3.11107e-05
-8.50182e-05
-2.76144e-05
-8.78805e-05
-2.11157e-05
-9.62397e-05
-1.24483e-05
-0.000104263
-3.72904e-06
-0.000103553
2.5628e-06
-8.9407e-05
3.90213e-06
-6.31057e-05
-1.7373e-06
-3.46672e-05
-1.28615e-05
-1.33275e-05
-2.43418e-05
-2.88367e-06
-2.54052e-05
-1.84887e-05
-1.48896e-05
-2.91784e-05
-1.06621e-05
-2.50277e-05
-0.00012338
-2.7867e-05
-0.000113767
-2.95244e-05
-0.000104696
-3.01417e-05
-9.7016e-05
-3.02695e-05
-9.1056e-05
-3.05286e-05
-8.66484e-05
-3.07055e-05
-8.48414e-05
-2.93871e-05
-8.9199e-05
-2.56535e-05
-9.99733e-05
-2.01439e-05
-0.000109773
-1.38225e-05
-0.000109875
-8.25343e-06
-9.49761e-05
-5.49308e-06
-6.58661e-05
-7.09932e-06
-3.30609e-05
-1.2333e-05
-8.09377e-06
-1.64988e-05
1.28218e-06
-1.56656e-05
-1.93218e-05
-1.24978e-05
-3.23462e-05
-2.31599e-05
-1.73588e-05
-0.000118995
-2.08798e-05
-0.000110246
-2.329e-05
-0.000102286
-2.49416e-05
-9.53644e-05
-2.64404e-05
-8.95574e-05
-2.83095e-05
-8.47795e-05
-3.04378e-05
-8.27131e-05
-3.18156e-05
-8.78212e-05
-3.18656e-05
-9.99232e-05
-3.07859e-05
-0.000110853
-2.83463e-05
-0.000112314
-2.50101e-05
-9.83123e-05
-2.219e-05
-6.86862e-05
-2.14237e-05
-3.38272e-05
-2.17145e-05
-7.80285e-06
-1.8476e-05
-1.95622e-06
-1.56891e-05
-2.21088e-05
-1.25243e-05
-3.55111e-05
-3.56843e-05
-9.74926e-06
-0.000114047
-1.38317e-05
-0.000106164
-1.70818e-05
-9.9036e-05
-1.98475e-05
-9.25989e-05
-2.25644e-05
-8.68407e-05
-2.56709e-05
-8.16731e-05
-2.9418e-05
-7.89661e-05
-3.34291e-05
-8.381e-05
-3.74301e-05
-9.59221e-05
-4.13051e-05
-0.000106978
-4.40313e-05
-0.000109588
-4.47057e-05
-9.7638e-05
-4.34733e-05
-6.99186e-05
-4.09604e-05
-3.634e-05
-3.64897e-05
-1.22735e-05
-2.90605e-05
-9.38533e-06
-2.2824e-05
-2.83453e-05
-1.19218e-05
-4.64133e-05
-4.76061e-05
-2.99487e-06
-0.000108508
-7.62788e-06
-0.000101531
-1.15603e-05
-9.51036e-05
-1.50739e-05
-8.90855e-05
-1.84714e-05
-8.34434e-05
-2.21643e-05
-7.79802e-05
-2.67627e-05
-7.43677e-05
-3.25344e-05
-7.80381e-05
-3.94571e-05
-8.89993e-05
-4.74221e-05
-9.90127e-05
-5.52091e-05
-0.000101801
-6.05102e-05
-9.2337e-05
-6.16979e-05
-6.87308e-05
-5.85994e-05
-3.94384e-05
-5.15387e-05
-1.9334e-05
-4.03161e-05
-2.06079e-05
-2.65352e-05
-4.21262e-05
-9.3674e-06
-6.35811e-05
-5.69735e-05
2.77371e-06
-0.000102508
-2.28277e-06
-9.64741e-05
-6.62337e-06
-9.07631e-05
-1.0469e-05
-8.524e-05
-1.4046e-05
-7.98665e-05
-1.76799e-05
-7.43463e-05
-2.21116e-05
-6.99358e-05
-2.81594e-05
-7.19902e-05
-3.5978e-05
-8.11806e-05
-4.55147e-05
-8.9476e-05
-5.5892e-05
-9.14237e-05
-6.41561e-05
-8.40728e-05
-6.71469e-05
-6.57399e-05
-6.36763e-05
-4.29089e-05
-5.35819e-05
-2.94283e-05
-3.8914e-05
-3.52757e-05
-2.48909e-05
-5.61492e-05
-1.19806e-05
-7.64915e-05
-6.89541e-05
7.59729e-06
-9.62536e-05
2.35327e-06
-9.12301e-05
-2.11752e-06
-8.62925e-05
-5.99384e-06
-8.13639e-05
-9.42129e-06
-7.64391e-05
-1.2533e-05
-7.12345e-05
-1.59194e-05
-6.65493e-05
-2.0765e-05
-6.71445e-05
-2.74214e-05
-7.45242e-05
-3.55339e-05
-8.13633e-05
-4.46036e-05
-8.2354e-05
-5.21502e-05
-7.65259e-05
-5.40985e-05
-6.37914e-05
-4.85711e-05
-4.8436e-05
-3.79282e-05
-4.00711e-05
-2.89284e-05
-4.42753e-05
-2.62917e-05
-5.8786e-05
-1.95925e-05
-8.31907e-05
-8.85467e-05
1.15878e-05
-8.99997e-05
6.35257e-06
-8.5995e-05
1.93422e-06
-8.18743e-05
-1.79812e-06
-7.76317e-05
-4.88966e-06
-7.33476e-05
-7.29565e-06
-6.88284e-05
-9.25561e-06
-6.45892e-05
-1.2053e-05
-6.43469e-05
-1.64939e-05
-7.00832e-05
-2.18188e-05
-7.60383e-05
-2.72955e-05
-7.68771e-05
-3.15864e-05
-7.22348e-05
-3.1816e-05
-6.35616e-05
-2.65171e-05
-5.37346e-05
-1.88953e-05
-4.76928e-05
-1.62339e-05
-4.69366e-05
-2.22136e-05
-5.28062e-05
-2.27349e-05
-8.26695e-05
-0.000111282
1.47941e-05
-8.39585e-05
9.7156e-06
-8.09166e-05
5.45609e-06
-7.76149e-05
1.95391e-06
-7.41296e-05
-7.43491e-07
-7.06502e-05
-2.46696e-06
-6.71049e-05
-3.20661e-06
-6.38494e-05
-3.98451e-06
-6.35689e-05
-6.18112e-06
-6.78865e-05
-9.32499e-06
-7.28943e-05
-1.19746e-05
-7.42273e-05
-1.31192e-05
-7.10899e-05
-1.18274e-05
-6.48531e-05
-7.66675e-06
-5.7895e-05
-2.81193e-06
-5.25474e-05
1.97143e-07
-4.99456e-05
-5.34406e-06
-4.7265e-05
-1.24237e-05
-7.55899e-05
-0.000123705
1.72606e-05
-7.826e-05
1.24385e-05
-7.60946e-05
8.41391e-06
-7.35904e-05
5.19104e-06
-7.09069e-05
2.87415e-06
-6.83333e-05
1.68512e-06
-6.59158e-05
1.76108e-06
-6.39253e-05
2.23943e-06
-6.40472e-05
1.62145e-06
-6.72684e-05
-2.43781e-07
-7.10289e-05
-2.00237e-06
-7.24684e-05
-1.90394e-06
-7.1188e-05
2.15292e-07
-6.6972e-05
3.97113e-06
-6.16506e-05
7.18702e-06
-5.57631e-05
1.25581e-05
-5.53166e-05
1.35459e-05
-4.82528e-05
6.25344e-06
-6.82974e-05
-0.000117452
1.90664e-05
-7.29725e-05
1.45679e-05
-7.15962e-05
1.08398e-05
-6.98624e-05
7.93495e-06
-6.8002e-05
5.96869e-06
-6.6367e-05
5.11682e-06
-6.50638e-05
5.45508e-06
-6.42635e-05
6.25966e-06
-6.48518e-05
6.10794e-06
-6.71166e-05
4.61253e-06
-6.95333e-05
3.00332e-06
-7.0859e-05
2.69522e-06
-7.08796e-05
4.2169e-06
-6.84934e-05
6.986e-06
-6.44195e-05
9.90747e-06
-5.86845e-05
1.44538e-05
-5.98629e-05
2.06269e-05
-5.44259e-05
1.69942e-05
-6.46647e-05
-0.000100458
2.03164e-05
-6.81294e-05
1.61912e-05
-6.74711e-05
1.28094e-05
-6.64806e-05
1.02416e-05
-6.54342e-05
8.55675e-06
-6.46821e-05
7.80694e-06
-6.4314e-05
7.921e-06
-6.43776e-05
8.25937e-06
-6.51901e-05
7.76114e-06
-6.66183e-05
6.21186e-06
-6.79839e-05
4.52572e-06
-6.91726e-05
3.53643e-06
-6.989e-05
3.69669e-06
-6.86534e-05
4.88639e-06
-6.5609e-05
7.19753e-06
-6.09955e-05
9.88433e-06
-6.25497e-05
1.55316e-05
-6.00732e-05
1.55314e-05
-6.46644e-05
-8.49262e-05
2.11144e-05
-6.37453e-05
1.73911e-05
-6.37477e-05
1.43735e-05
-6.3463e-05
1.21127e-05
-6.31733e-05
1.05875e-05
-6.31569e-05
9.70071e-06
-6.34272e-05
9.25519e-06
-6.39321e-05
8.74976e-06
-6.46847e-05
7.62523e-06
-6.54937e-05
5.97889e-06
-6.63373e-05
4.37384e-06
-6.75673e-05
3.05443e-06
-6.85704e-05
2.22931e-06
-6.78282e-05
2.30112e-06
-6.56808e-05
3.91359e-06
-6.2608e-05
5.2969e-06
-6.3933e-05
8.90521e-06
-6.36815e-05
1.02454e-05
-6.60045e-05
-7.46808e-05
2.15298e-05
-5.98125e-05
1.81961e-05
-6.0414e-05
1.54972e-05
-6.07641e-05
1.34336e-05
-6.11097e-05
1.18889e-05
-6.16121e-05
1.06686e-05
-6.22068e-05
9.56411e-06
-6.28276e-05
8.31501e-06
-6.34355e-05
6.83852e-06
-6.4017e-05
5.38316e-06
-6.48818e-05
4.05589e-06
-6.62398e-05
2.69527e-06
-6.72096e-05
1.54855e-06
-6.66814e-05
1.25203e-06
-6.53843e-05
2.33202e-06
-6.36881e-05
3.06172e-06
-6.46628e-05
4.78805e-06
-6.54078e-05
5.77257e-06
-6.6989e-05
-6.89081e-05
2.15614e-05
-5.62833e-05
1.85441e-05
-5.73967e-05
1.60465e-05
-5.82664e-05
1.40163e-05
-5.90795e-05
1.22881e-05
-5.9884e-05
1.06821e-05
-6.06007e-05
9.1071e-06
-6.12527e-05
7.56408e-06
-6.18924e-05
6.21905e-06
-6.26718e-05
5.15877e-06
-6.38213e-05
4.09832e-06
-6.51792e-05
2.82958e-06
-6.59408e-05
1.75452e-06
-6.56063e-05
1.39333e-06
-6.50232e-05
1.9372e-06
-6.42321e-05
2.24645e-06
-6.49721e-05
2.69235e-06
-6.58537e-05
2.81096e-06
-6.71075e-05
-6.60971e-05
2.11255e-05
-5.30604e-05
1.83015e-05
-5.45727e-05
1.58646e-05
-5.58294e-05
1.37438e-05
-5.69587e-05
1.18047e-05
-5.79449e-05
9.98011e-06
-5.87761e-05
8.32724e-06
-5.95997e-05
6.97045e-06
-6.05355e-05
6.00846e-06
-6.17097e-05
5.23667e-06
-6.30493e-05
4.27786e-06
-6.42203e-05
3.12339e-06
-6.47864e-05
2.21479e-06
-6.46978e-05
1.78851e-06
-6.45971e-05
1.87798e-06
-6.43217e-05
1.86641e-06
-6.49606e-05
1.67831e-06
-6.56655e-05
1.2212e-06
-6.66502e-05
-6.48758e-05
2.0098e-05
-5.00216e-05
1.73562e-05
-5.18309e-05
1.49112e-05
-5.33844e-05
1.27207e-05
-5.47682e-05
1.07385e-05
-5.59627e-05
9.01457e-06
-5.70521e-05
7.64498e-06
-5.823e-05
6.66825e-06
-5.95586e-05
5.96321e-06
-6.10045e-05
5.21827e-06
-6.23043e-05
4.25096e-06
-6.32529e-05
3.22401e-06
-6.37595e-05
2.45965e-06
-6.39337e-05
1.98374e-06
-6.41214e-05
1.81738e-06
-6.41555e-05
1.6338e-06
-6.47771e-05
1.24166e-06
-6.52733e-05
6.33483e-07
-6.60418e-05
-6.42422e-05
1.84161e-05
-4.70882e-05
1.57439e-05
-4.91586e-05
1.33638e-05
-5.10044e-05
1.12815e-05
-5.26859e-05
9.52423e-06
-5.42055e-05
8.15784e-06
-5.56857e-05
7.16961e-06
-5.72417e-05
6.43022e-06
-5.88191e-05
5.71885e-06
-6.02929e-05
4.87187e-06
-6.14572e-05
3.93199e-06
-6.23131e-05
3.06781e-06
-6.28955e-05
2.43082e-06
-6.32969e-05
1.97167e-06
-6.36625e-05
1.71842e-06
-6.39024e-05
1.45245e-06
-6.45111e-05
1.04561e-06
-6.48664e-05
4.89791e-07
-6.54858e-05
-6.37522e-05
1.61837e-05
-4.42937e-05
1.36963e-05
-4.66713e-05
1.15589e-05
-4.88671e-05
9.79846e-06
-5.09255e-05
8.43428e-06
-5.28413e-05
7.43757e-06
-5.46889e-05
6.66448e-06
-5.64685e-05
5.93562e-06
-5.809e-05
5.12638e-06
-5.94835e-05
4.2637e-06
-6.05945e-05
3.45191e-06
-6.15013e-05
2.76742e-06
-6.22111e-05
2.24677e-06
-6.27765e-05
1.84059e-06
-6.32565e-05
1.56628e-06
-6.36282e-05
1.24739e-06
-6.41922e-05
8.69118e-07
-6.4488e-05
3.78867e-07
-6.49954e-05
-6.33733e-05
1.36656e-05
-4.17718e-05
1.15226e-05
-4.45285e-05
9.77682e-06
-4.71213e-05
8.42426e-06
-4.9573e-05
7.40574e-06
-5.18228e-05
6.60064e-06
-5.38837e-05
5.85715e-06
-5.57248e-05
5.08997e-06
-5.73227e-05
4.30358e-06
-5.8697e-05
3.5737e-06
-5.98645e-05
2.94046e-06
-6.08682e-05
2.41171e-06
-6.16826e-05
1.98501e-06
-6.235e-05
1.62936e-06
-6.29011e-05
1.34892e-06
-6.33479e-05
1.0117e-06
-6.3855e-05
6.6757e-07
-6.41437e-05
2.20981e-07
-6.45486e-05
-6.31522e-05
1.11096e-05
-3.96353e-05
9.38432e-06
-4.28033e-05
8.04641e-06
-4.57836e-05
7.02146e-06
-4.85481e-05
6.19174e-06
-5.09931e-05
5.44946e-06
-5.31414e-05
4.73444e-06
-5.50097e-05
4.05193e-06
-5.664e-05
3.42998e-06
-5.8075e-05
2.88913e-06
-5.93237e-05
2.41511e-06
-6.03942e-05
2.00545e-06
-6.12731e-05
1.65521e-06
-6.2e-05
1.34924e-06
-6.25953e-05
1.08573e-06
-6.30845e-05
7.79068e-07
-6.35484e-05
4.76638e-07
-6.38412e-05
8.83164e-08
-6.41601e-05
-6.30638e-05
8.49275e-06
-3.7893e-05
7.16197e-06
-4.14727e-05
6.16283e-06
-4.47845e-05
5.3607e-06
-4.77461e-05
4.66283e-06
-5.02952e-05
4.03299e-06
-5.25115e-05
3.4694e-06
-5.4446e-05
2.97917e-06
-5.61497e-05
2.55268e-06
-5.76484e-05
2.17399e-06
-5.8945e-05
1.82883e-06
-6.00492e-05
1.5228e-06
-6.09672e-05
1.25293e-06
-6.17303e-05
1.01298e-06
-6.23555e-05
7.97287e-07
-6.28689e-05
5.55873e-07
-6.33069e-05
3.1141e-07
-6.35967e-05
1.24407e-08
-6.3861e-05
-6.30514e-05
5.46411e-06
-3.66293e-05
4.57748e-06
-4.05861e-05
3.91965e-06
-4.41268e-05
3.36733e-06
-4.71938e-05
2.89218e-06
-4.982e-05
2.48979e-06
-5.2109e-05
2.15285e-06
-5.4109e-05
1.86535e-06
-5.58621e-05
1.60765e-06
-5.73907e-05
1.37057e-06
-5.8708e-05
1.15233e-06
-5.98311e-05
9.58347e-07
-6.07733e-05
7.86066e-07
-6.15581e-05
6.33091e-07
-6.22026e-05
4.91595e-07
-6.27274e-05
3.33895e-07
-6.31492e-05
1.68162e-07
-6.34309e-05
-3.14172e-08
-6.36614e-05
-6.30828e-05
1.85862e-06
1.57739e-06
1.35106e-06
1.15337e-06
9.92158e-07
8.60114e-07
7.49289e-07
6.50887e-07
5.60048e-07
4.76474e-07
4.00307e-07
3.32872e-07
2.73106e-07
2.20119e-07
1.6998e-07
1.13362e-07
5.03692e-08
-4.32528e-08
)
;

boundaryField
{
    leftWall
    {
        type            calculated;
        value           uniform 0;
    }
    rightWall
    {
        type            calculated;
        value           uniform 0;
    }
    lowerWall
    {
        type            calculated;
        value           uniform 0;
    }
    atmosphere
    {
        type            calculated;
        value           nonuniform List<scalar> 
46
(
0.000113667
0.000128906
0.00011893
0.000110783
0.000104651
9.79384e-05
8.99275e-05
8.09699e-05
7.15224e-05
6.19225e-05
5.24305e-05
4.32591e-05
3.45693e-05
2.64637e-05
1.89909e-05
1.21584e-05
5.95042e-06
3.65312e-07
-4.81016e-06
-9.47092e-06
-1.37629e-05
-1.77823e-05
-2.16536e-05
-1.15557e-05
-1.2393e-05
-1.32292e-05
-1.40639e-05
-3.62087e-05
-4.03049e-05
-4.39005e-05
-4.69961e-05
-4.96588e-05
-5.19769e-05
-5.39981e-05
-5.57637e-05
-5.72999e-05
-5.86245e-05
-5.97549e-05
-6.0706e-05
-6.14984e-05
-6.21496e-05
-6.26773e-05
-6.30926e-05
-6.33679e-05
-6.35677e-05
-6.3126e-05
)
;
    }
    defaultFaces
    {
        type            empty;
        value           nonuniform 0();
    }
}


// ************************************************************************* //
