/*--------------------------------*- C++ -*----------------------------------*\
| =========                 |                                                 |
| \\      /  F ield         | OpenFOAM: The Open Source CFD Toolbox           |
|  \\    /   O peration     | Version:  5.x                                   |
|   \\  /    A nd           | Web:      www.OpenFOAM.org                      |
|    \\/     M anipulation  |                                                 |
\*---------------------------------------------------------------------------*/
FoamFile
{
    version     2.0;
    format      ascii;
    class       surfaceScalarField;
    location    "0.1";
    object      phi;
}
// * * * * * * * * * * * * * * * * * * * * * * * * * * * * * * * * * * * * * //

dimensions      [0 3 -1 0 0 0 0];

internalField   nonuniform List<scalar> 
4432
(
4.73989e-06
-4.73989e-06
1.05518e-05
-5.81192e-06
1.61686e-05
-5.61684e-06
2.17892e-05
-5.6205e-06
2.7602e-05
-5.8128e-06
3.36925e-05
-6.09058e-06
4.01303e-05
-6.43773e-06
4.6978e-05
-6.84773e-06
5.43457e-05
-7.36769e-06
6.23003e-05
-7.95463e-06
7.09317e-05
-8.63142e-06
8.03714e-05
-9.43965e-06
9.08996e-05
-1.05282e-05
0.000102811
-1.1911e-05
0.000115345
-1.25346e-05
0.000126056
-1.07105e-05
0.000132619
-6.56356e-06
0.000135713
-3.094e-06
0.000138759
-3.04567e-06
0.00014073
-1.9709e-06
0.000121937
1.87932e-05
6.20769e-05
5.98596e-05
6.20771e-05
4.75687e-06
-9.49677e-06
1.05543e-05
-1.16094e-05
1.6172e-05
-1.12345e-05
2.17944e-05
-1.12428e-05
2.76045e-05
-1.1623e-05
3.36902e-05
-1.21763e-05
4.01187e-05
-1.28662e-05
4.69602e-05
-1.36892e-05
5.43086e-05
-1.47161e-05
6.22376e-05
-1.58836e-05
7.08815e-05
-1.72753e-05
8.03384e-05
-1.88965e-05
9.07028e-05
-2.08926e-05
0.000102227
-2.34347e-05
0.000114608
-2.49158e-05
0.000126584
-2.26869e-05
0.000136932
-1.69109e-05
0.000145068
-1.12308e-05
0.000151356
-9.33353e-06
0.000154987
-5.60164e-06
0.000138248
3.55322e-05
0.000100029
9.80787e-05
0.000162106
4.75376e-06
-1.42505e-05
1.05129e-05
-1.73685e-05
1.61002e-05
-1.68219e-05
2.16965e-05
-1.68391e-05
2.74772e-05
-1.74037e-05
3.35295e-05
-1.82286e-05
3.99189e-05
-1.92556e-05
4.67189e-05
-2.04892e-05
5.40152e-05
-2.20124e-05
6.18866e-05
-2.3755e-05
7.04966e-05
-2.58854e-05
7.9924e-05
-2.83238e-05
9.01909e-05
-3.11596e-05
0.00010158
-3.48234e-05
0.000114099
-3.74349e-05
0.00012729
-3.58782e-05
0.000141049
-3.06696e-05
0.000154181
-2.43626e-05
0.000158714
-1.38669e-05
0.000154881
-1.7692e-06
0.000141703
4.87103e-05
9.41978e-05
0.000145584
0.000256304
4.74396e-06
-1.89945e-05
1.04522e-05
-2.30767e-05
1.59939e-05
-2.23637e-05
2.15503e-05
-2.23954e-05
2.72883e-05
-2.31417e-05
3.32924e-05
-2.42327e-05
3.96264e-05
-2.55897e-05
4.63649e-05
-2.72277e-05
5.35903e-05
-2.92377e-05
6.13855e-05
-3.15502e-05
6.99245e-05
-3.44244e-05
7.92816e-05
-3.76809e-05
8.94871e-05
-4.13652e-05
0.000100888
-4.62239e-05
0.000113768
-5.03154e-05
0.000128241
-5.03515e-05
0.000143929
-4.63576e-05
0.000158138
-3.85715e-05
0.0001614
-1.71288e-05
0.000148318
1.13128e-05
0.000127957
6.90713e-05
9.26931e-05
0.000180849
0.000348997
4.72717e-06
-2.37216e-05
1.03713e-05
-2.87208e-05
1.58536e-05
-2.78459e-05
2.13567e-05
-2.78986e-05
2.70387e-05
-2.88238e-05
3.29806e-05
-3.01745e-05
3.92438e-05
-3.18528e-05
4.59039e-05
-3.38879e-05
5.30389e-05
-3.63727e-05
6.07384e-05
-3.92498e-05
6.91862e-05
-4.28722e-05
7.84448e-05
-4.69395e-05
8.8573e-05
-5.14934e-05
0.000100014
-5.76654e-05
0.00011353
-6.38306e-05
0.000129856
-6.66781e-05
0.000147973
-6.44747e-05
0.000158741
-4.93394e-05
0.000152851
-1.12385e-05
0.000135475
2.86892e-05
0.00010051
0.000104036
7.42753e-05
0.000207083
0.000423272
4.70511e-06
-2.84268e-05
1.02731e-05
-3.42888e-05
1.56838e-05
-3.32566e-05
2.11231e-05
-3.33378e-05
2.67394e-05
-3.44401e-05
3.2609e-05
-3.60441e-05
3.87911e-05
-3.8035e-05
4.53626e-05
-4.04594e-05
5.23971e-05
-4.34071e-05
5.99884e-05
-4.68411e-05
6.83332e-05
-5.1217e-05
7.74878e-05
-5.60941e-05
8.75215e-05
-6.1527e-05
9.89374e-05
-6.90813e-05
0.000113131
-7.80245e-05
0.000131266
-8.48128e-05
0.000151847
-8.50556e-05
0.000145393
-4.28859e-05
0.000127126
7.0285e-06
0.000103437
5.23792e-05
7.96213e-05
0.000127851
5.26202e-05
0.000234084
0.000475892
4.68336e-06
-3.31101e-05
1.01606e-05
-3.9766e-05
1.54892e-05
-3.85852e-05
2.08571e-05
-3.87058e-05
2.6401e-05
-3.9984e-05
3.21909e-05
-4.1834e-05
3.82846e-05
-4.41288e-05
4.47577e-05
-4.69325e-05
5.16828e-05
-5.03322e-05
5.91556e-05
-5.43138e-05
6.73712e-05
-5.94326e-05
7.63696e-05
-6.50925e-05
8.62296e-05
-7.13869e-05
9.75178e-05
-8.03695e-05
0.000112044
-9.25502e-05
0.000130983
-0.000103752
0.000142606
-9.6679e-05
0.000127409
-2.76888e-05
0.000100976
3.34613e-05
7.6899e-05
7.64568e-05
5.99982e-05
0.000144752
4.40661e-05
0.000250016
0.000519958
4.66213e-06
-3.77723e-05
1.00269e-05
-4.51308e-05
1.52634e-05
-4.38217e-05
2.05501e-05
-4.39924e-05
2.60097e-05
-4.54436e-05
3.17058e-05
-4.75301e-05
3.76937e-05
-5.01167e-05
4.40468e-05
-5.32856e-05
5.08318e-05
-5.71173e-05
5.81531e-05
-6.16352e-05
6.61895e-05
-6.74689e-05
7.49245e-05
-7.38276e-05
8.44504e-05
-8.09128e-05
9.55414e-05
-9.14605e-05
0.000109951
-0.000106959
0.00012876
-0.000122562
0.000128982
-9.69013e-05
0.000111102
-9.80836e-06
8.40697e-05
6.04937e-05
5.86251e-05
0.000101902
4.47135e-05
0.000158663
4.00489e-05
0.000254681
0.000560007
9.92809e-07
-9.92809e-07
4.68997e-06
-3.69708e-06
7.95498e-06
-3.26489e-06
1.01469e-05
-2.19183e-06
1.13312e-05
-1.18429e-06
1.17298e-05
-3.98471e-07
1.15742e-05
1.55551e-07
1.10608e-05
5.13597e-07
1.03215e-05
7.39227e-07
9.43852e-06
8.83062e-07
8.4669e-06
9.71603e-07
7.44325e-06
1.02362e-06
6.39139e-06
1.05196e-06
5.32616e-06
1.06525e-06
4.25631e-06
1.06979e-06
3.18683e-06
1.06954e-06
2.11954e-06
1.06726e-06
1.05599e-06
1.06359e-06
1.05569e-06
9.31507e-07
-1.92417e-06
4.97107e-06
-7.73651e-06
8.50618e-06
-6.79989e-06
1.082e-05
-4.50554e-06
1.20458e-05
-2.41008e-06
1.24899e-05
-8.42267e-07
1.23917e-05
2.53591e-07
1.18918e-05
1.01379e-06
1.11195e-05
1.51141e-06
1.01759e-05
1.82676e-06
9.12888e-06
2.01874e-06
8.02277e-06
2.12968e-06
6.88596e-06
2.18883e-06
5.73566e-06
2.21564e-06
4.58169e-06
2.22364e-06
3.42936e-06
2.2219e-06
2.28027e-06
2.21617e-06
1.13455e-06
2.20969e-06
2.18995e-06
5.73385e-07
-2.49743e-06
4.96075e-06
-1.21238e-05
8.80654e-06
-1.06456e-05
1.11729e-05
-6.87182e-06
1.23262e-05
-3.56344e-06
1.26632e-05
-1.17893e-06
1.24529e-05
4.63804e-07
1.18751e-05
1.59172e-06
1.10596e-05
2.32694e-06
1.00957e-05
2.79067e-06
9.04279e-06
3.07176e-06
7.9395e-06
3.23294e-06
6.81059e-06
3.31773e-06
5.67107e-06
3.35524e-06
4.52934e-06
3.36529e-06
3.38995e-06
3.36134e-06
2.25395e-06
3.3519e-06
1.12161e-06
3.34234e-06
3.31131e-06
2.10998e-09
-2.49944e-06
4.86935e-06
-1.6991e-05
9.29186e-06
-1.5068e-05
1.17295e-05
-9.30935e-06
1.27589e-05
-4.59294e-06
1.29636e-05
-1.3834e-06
1.26474e-05
7.80018e-07
1.19917e-05
2.24751e-06
1.11234e-05
3.19526e-06
1.01258e-05
3.78833e-06
9.05243e-06
4.14522e-06
7.93758e-06
4.34778e-06
6.80285e-06
4.45242e-06
5.66121e-06
4.49696e-06
4.51966e-06
4.50679e-06
3.38185e-06
4.4992e-06
2.24821e-06
4.48523e-06
1.11882e-06
4.47202e-06
4.4299e-06
-1.30049e-06
-1.19884e-06
4.67137e-06
-2.29628e-05
1.00118e-05
-2.04084e-05
1.25252e-05
-1.18226e-05
1.33493e-05
-5.41714e-06
1.3367e-05
-1.40084e-06
1.29123e-05
1.23467e-06
1.21598e-05
3.00015e-06
1.12258e-05
4.12926e-06
1.01849e-05
4.82915e-06
9.084e-06
5.24623e-06
7.95215e-06
5.47965e-06
6.80742e-06
5.59713e-06
5.66039e-06
5.64405e-06
4.51646e-06
5.65064e-06
3.37822e-06
5.6375e-06
2.2453e-06
5.61784e-06
1.11729e-06
5.6003e-06
5.54702e-06
-1.3095e-06
1.10745e-07
5.26763e-06
-2.95398e-05
1.11401e-05
-2.62809e-05
1.35816e-05
-1.42639e-05
1.40996e-05
-5.93518e-06
1.38634e-05
-1.16448e-06
1.32324e-05
1.86569e-06
1.23611e-05
3.87152e-06
1.13478e-05
5.14257e-06
1.02552e-05
5.92173e-06
9.12131e-06
6.38015e-06
7.96918e-06
6.63184e-06
6.8125e-06
6.7538e-06
5.65904e-06
6.79753e-06
4.5123e-06
6.79728e-06
3.37357e-06
6.77628e-06
2.24161e-06
6.74952e-06
1.11533e-06
6.72685e-06
6.66221e-06
2.70889e-06
-2.5981e-06
8.42175e-06
-3.52526e-05
1.30028e-05
-3.0862e-05
1.48674e-05
-1.61284e-05
1.49851e-05
-6.05289e-06
1.44398e-05
-6.19061e-07
1.35982e-05
2.70738e-06
1.25885e-05
4.88121e-06
1.14844e-05
6.2467e-06
1.03331e-05
7.07308e-06
9.16202e-06
7.55127e-06
7.98705e-06
7.80688e-06
6.81702e-06
7.92379e-06
5.65644e-06
7.95807e-06
4.5067e-06
7.94691e-06
3.36762e-06
7.91544e-06
2.237e-06
7.87991e-06
1.11287e-06
7.85119e-06
7.77497e-06
7.54559e-06
-1.01437e-05
1.30667e-05
-4.07736e-05
1.55672e-05
-3.33625e-05
1.63349e-05
-1.68961e-05
1.59454e-05
-5.6634e-06
1.5072e-05
2.54383e-07
1.39969e-05
3.78242e-06
1.28341e-05
6.04402e-06
1.16307e-05
7.45018e-06
1.04155e-05
8.28825e-06
9.20429e-06
8.76257e-06
8.00475e-06
9.00647e-06
6.82044e-06
9.10805e-06
5.65236e-06
9.12609e-06
4.49958e-06
9.0996e-06
3.36033e-06
9.05479e-06
2.23144e-06
9.00865e-06
1.10993e-06
8.9728e-06
8.88485e-06
9.72418e-06
-4.74964e-05
2.07854e-05
-5.6192e-05
3.15359e-05
-5.45722e-05
4.24291e-05
-5.48856e-05
5.36792e-05
-5.66937e-05
6.53858e-05
-5.92367e-05
7.76612e-05
-6.23921e-05
9.06231e-05
-6.62475e-05
0.000104444
-7.09386e-05
0.000119284
-7.64748e-05
0.000135441
-8.36256e-05
0.000152894
-9.12807e-05
0.000172491
-0.00010051
0.000196648
-0.000115618
0.000224978
-0.00013529
0.000245656
-0.000143239
0.000217033
-6.82789e-05
0.00016458
4.26445e-05
0.000113935
0.000111139
7.48045e-05
0.000141033
5.93831e-05
0.000174084
8.2089e-05
0.000231976
0.000461068
0.000181028
9.45124e-06
-5.69477e-05
1.98845e-05
-6.66253e-05
3.00679e-05
-6.47556e-05
4.04188e-05
-6.52365e-05
5.1089e-05
-6.73639e-05
6.21502e-05
-7.02978e-05
7.369e-05
-7.39319e-05
8.58115e-05
-7.8369e-05
9.8633e-05
-8.37601e-05
0.000112299
-9.01406e-05
0.000127017
-9.83441e-05
0.000142593
-0.000106857
0.000160189
-0.000118106
0.00018213
-0.000137558
0.000206268
-0.000159428
0.000194917
-0.000131888
0.000144942
-1.8304e-05
9.04749e-05
9.71127e-05
5.70304e-05
0.000144583
4.06615e-05
0.000157402
4.29539e-05
0.000171792
7.54031e-05
0.000199527
0.000335426
0.000201045
9.10258e-06
-6.60503e-05
1.88315e-05
-7.63542e-05
2.83721e-05
-7.42963e-05
3.81034e-05
-7.49678e-05
4.81074e-05
-7.73679e-05
5.8427e-05
-8.06175e-05
6.91277e-05
-8.46326e-05
8.0286e-05
-8.95274e-05
9.19731e-05
-9.54471e-05
0.000104292
-0.000102459
0.000117339
-0.000111392
0.000130801
-0.000120319
0.000146258
-0.000133563
0.000164157
-0.000155457
0.000174479
-0.00016975
0.000147024
-0.000104433
8.26102e-05
4.61099e-05
4.5022e-05
0.000134701
3.36018e-05
0.000156003
3.30479e-05
0.000157956
4.17413e-05
0.000163098
6.54583e-05
0.00017581
0.000231229
0.000169656
8.67534e-06
-7.47256e-05
1.76432e-05
-8.5322e-05
2.64901e-05
-8.31431e-05
3.55383e-05
-8.40161e-05
4.48062e-05
-8.66357e-05
5.43116e-05
-9.0123e-05
6.40984e-05
-9.44194e-05
7.42134e-05
-9.96423e-05
8.46854e-05
-0.000105919
9.55683e-05
-0.000113342
0.000106832
-0.000122655
0.000118148
-0.000131635
0.000131359
-0.000146774
0.000144988
-0.000169086
0.000143398
-0.00016816
9.19079e-05
-5.29433e-05
3.93501e-05
9.86683e-05
2.44043e-05
0.000149647
2.74732e-05
0.000152934
3.3983e-05
0.000151447
4.4092e-05
0.000152989
6.35285e-05
0.000156373
0.000168478
0.000126279
8.17787e-06
-8.29035e-05
1.63454e-05
-9.34896e-05
2.44642e-05
-9.12619e-05
3.27829e-05
-9.23348e-05
4.12653e-05
-9.51181e-05
4.99101e-05
-9.87678e-05
5.87415e-05
-0.000103251
6.77787e-05
-0.00010868
7.7016e-05
-0.000115156
8.64642e-05
-0.00012279
9.59827e-05
-0.000132174
0.000105333
-0.000140986
0.000116213
-0.000157653
0.000125192
-0.000178064
0.000105361
-0.00014833
4.54635e-05
6.95428e-06
1.61534e-05
0.000127978
1.83546e-05
0.000147446
2.69731e-05
0.000144316
3.58294e-05
0.000142591
4.68532e-05
0.000141966
6.31159e-05
0.00014011
0.000137565
9.40294e-05
7.6188e-06
-9.05223e-05
1.49644e-05
-0.000100835
2.23347e-05
-9.86323e-05
2.98927e-05
-9.98928e-05
3.75594e-05
-0.000102785
4.53202e-05
-0.000106529
5.31827e-05
-0.000111113
6.11439e-05
-0.000116641
6.91731e-05
-0.000123186
7.72514e-05
-0.000130868
8.5173e-05
-0.000140095
9.28861e-05
-0.000148699
0.00010136
-0.000166127
0.000105188
-0.000181893
7.915e-05
-0.000122291
2.27562e-05
6.33487e-05
1.03224e-05
0.000140412
1.82913e-05
0.000139477
2.70883e-05
0.000135519
3.58055e-05
0.000133874
4.59413e-05
0.00013183
5.80462e-05
0.000128005
0.000121963
7.36477e-05
7.00827e-06
-9.75305e-05
1.35263e-05
-0.000107353
2.01394e-05
-0.000105245
2.69193e-05
-0.000106673
3.37571e-05
-0.000109623
4.06299e-05
-0.000113401
4.75325e-05
-0.000118016
5.44456e-05
-0.000123554
6.13237e-05
-0.000130064
6.813e-05
-0.000137675
7.46356e-05
-0.000146601
8.09732e-05
-0.000155036
8.72836e-05
-0.000172437
8.85941e-05
-0.000183204
5.11169e-05
-8.4814e-05
9.71725e-06
0.000104749
9.84334e-06
0.000140286
1.85352e-05
0.000130786
2.59956e-05
0.000128059
3.36174e-05
0.000126252
4.20112e-05
0.000123436
5.10164e-05
0.000119
0.000112333
6.06462e-05
6.35945e-06
-0.00010389
1.20559e-05
-0.00011305
1.79118e-05
-0.000111101
2.39082e-05
-0.000112669
2.99177e-05
-0.000115632
3.59131e-05
-0.000119397
4.18799e-05
-0.000123983
4.77879e-05
-0.000129462
5.35855e-05
-0.000135861
5.92259e-05
-0.000143315
6.44848e-05
-0.00015186
6.96216e-05
-0.000160173
7.42594e-05
-0.000177075
7.35869e-05
-0.000182531
1.79808e-05
-2.92077e-05
-1.52477e-06
0.000124255
9.84226e-06
0.000128918
1.74669e-05
0.000123162
2.38928e-05
0.000121633
3.04597e-05
0.000119685
3.72823e-05
0.000116613
4.41974e-05
0.000112085
0.000105706
5.08251e-05
5.68515e-06
-0.000109575
1.05757e-05
-0.00011794
1.56819e-05
-0.000116208
2.08989e-05
-0.000117886
2.60915e-05
-0.000120825
3.12304e-05
-0.000124536
3.62947e-05
-0.000129047
4.12479e-05
-0.000134415
4.60381e-05
-0.000140651
5.06129e-05
-0.00014789
5.47785e-05
-0.000156025
5.88417e-05
-0.000164236
6.20357e-05
-0.000180269
5.75343e-05
-0.00017803
-1.67347e-06
2.99993e-05
-4.56385e-06
0.000127145
9.00193e-06
0.000115353
1.58991e-05
0.000116265
2.16865e-05
0.000115845
2.72107e-05
0.000114161
3.26203e-05
0.000111204
3.78368e-05
0.000106869
0.000101048
4.24943e-05
4.99759e-06
-0.000114573
9.10397e-06
-0.000122047
1.3473e-05
-0.000120577
1.79227e-05
-0.000122336
2.2317e-05
-0.000125219
2.66269e-05
-0.000128846
3.08268e-05
-0.000133247
3.48786e-05
-0.000138467
3.87336e-05
-0.000144506
4.23362e-05
-0.000151493
4.55425e-05
-0.000159232
4.85683e-05
-0.000167262
5.07068e-05
-0.000182407
3.7966e-05
-0.000165289
-3.75642e-06
7.17218e-05
2.5438e-06
0.000120845
9.70404e-06
0.000108192
1.53476e-05
0.000110621
1.99613e-05
0.000111232
2.41898e-05
0.000109932
2.82207e-05
0.000107173
3.20115e-05
0.000103078
9.77478e-05
3.53123e-05
4.30528e-06
-0.000118878
7.65441e-06
-0.000125396
1.13033e-05
-0.000124225
1.50027e-05
-0.000126035
1.86223e-05
-0.000128839
2.21347e-05
-0.000132358
2.55116e-05
-0.000136624
2.87182e-05
-0.000141674
3.17141e-05
-0.000147502
3.44356e-05
-0.000154214
3.67874e-05
-0.000161583
3.87396e-05
-0.000169214
4.06182e-05
-0.000184286
1.51933e-05
-0.000139864
-3.02573e-07
8.72179e-05
9.11188e-06
0.000111431
1.26352e-05
0.000104669
1.5825e-05
0.000107431
1.86877e-05
0.000108369
2.14157e-05
0.000107204
2.41024e-05
0.000104486
2.66919e-05
0.000100489
9.54506e-05
2.89891e-05
3.62516e-06
-0.000122503
6.25639e-06
-0.000128027
9.21255e-06
-0.000127182
1.2191e-05
-0.000129014
1.50749e-05
-0.000131722
1.78357e-05
-0.000135119
2.04423e-05
-0.00013923
2.28593e-05
-0.000144091
2.50569e-05
-0.0001497
2.69106e-05
-0.000156068
2.82979e-05
-0.000162971
2.89479e-05
-0.000169864
2.97403e-05
-0.000185079
3.8687e-06
-0.000113993
4.20993e-06
8.68769e-05
1.34308e-05
0.00010221
1.53771e-05
0.000102723
1.65124e-05
0.000106296
1.75346e-05
0.000107347
1.87038e-05
0.000106035
2.01147e-05
0.000103075
2.16782e-05
9.89253e-05
9.39301e-05
2.31986e-05
2.99187e-06
-0.000125495
4.95965e-06
-0.000129995
7.28051e-06
-0.000129502
9.59884e-06
-0.000131332
1.18144e-05
-0.000133938
1.38916e-05
-0.000137196
1.57888e-05
-0.000141127
1.74497e-05
-0.000145751
1.88326e-05
-0.000151083
1.96529e-05
-0.000156888
1.95591e-05
-0.000162877
1.88133e-05
-0.000169119
1.56953e-05
-0.000181961
-5.18431e-06
-9.31129e-05
9.05606e-06
7.26363e-05
1.91308e-05
9.21353e-05
1.88287e-05
0.000103025
1.7381e-05
0.000107743
1.62559e-05
0.000108472
1.57858e-05
0.000106506
1.60025e-05
0.000102859
1.6713e-05
9.82147e-05
9.29828e-05
1.76603e-05
2.40565e-06
-0.000127901
3.7611e-06
-0.00013135
5.5158e-06
-0.000131257
7.23992e-06
-0.000133056
8.83948e-06
-0.000135538
1.02679e-05
-0.000138624
1.14595e-05
-0.000142319
1.2318e-05
-0.00014661
1.27487e-05
-0.000151513
1.25527e-05
-0.000156692
1.11996e-05
-0.000161524
1.17022e-05
-0.000169621
2.68006e-06
-0.000172938
8.26636e-06
-9.86991e-05
3.2419e-05
4.84834e-05
3.03959e-05
9.41584e-05
2.38195e-05
0.000109601
1.82968e-05
0.000113266
1.4438e-05
0.000112331
1.22578e-05
0.000108686
1.14315e-05
0.000103685
1.15178e-05
9.81284e-05
9.23773e-05
1.21233e-05
1.766e-06
-0.000129667
2.50856e-06
-0.000132093
3.67958e-06
-0.000132428
4.77493e-06
-0.000134152
5.69791e-06
-0.000136461
6.39005e-06
-0.000139317
6.7693e-06
-0.000142698
6.7476e-06
-0.000146588
6.18921e-06
-0.000150955
6.07405e-06
-0.000156577
7.62556e-06
-0.000163075
1.7818e-05
-0.000179814
1.93527e-05
-0.000174473
6.35175e-05
-0.000142864
7.92721e-05
3.2729e-05
5.28407e-05
0.00012059
3.03e-05
0.000132142
1.8249e-05
0.000125317
1.11743e-05
0.000119405
7.48124e-06
0.000112379
5.97367e-06
0.000105193
5.80005e-06
9.8302e-05
9.18098e-05
6.36758e-06
7.6728e-07
-0.000130434
7.54849e-07
-0.00013208
1.09772e-06
-0.000132771
1.27246e-06
-0.000134326
1.23123e-06
-0.000136419
9.63571e-07
-0.000139049
4.47689e-07
-0.000142182
-5.43301e-08
-0.000146086
-6.28825e-08
-0.000150946
3.4229e-06
-0.000160063
1.70682e-05
-0.000176721
3.63429e-05
-0.000199088
6.2853e-05
-0.000200983
7.76884e-05
-0.000157699
0.000116987
-6.5694e-06
7.03692e-05
0.000167207
3.24071e-05
0.000170104
1.40719e-05
0.000143652
4.73702e-06
0.00012874
6.21171e-07
0.000116495
-7.5513e-07
0.000106569
-6.53247e-07
9.82002e-05
9.09141e-05
2.42432e-07
-1.03225e-06
-0.000129402
-2.61041e-06
-0.000130502
-3.85885e-06
-0.000131523
-5.4295e-06
-0.000132756
-7.10526e-06
-0.000134743
-8.53393e-06
-0.00013762
-9.55405e-06
-0.000141162
-8.78107e-06
-0.000146859
-1.03783e-06
-0.00015869
1.58868e-05
-0.000176988
5.15518e-05
-0.000212386
6.5429e-05
-0.000212966
7.32349e-05
-0.000208789
6.01366e-05
-0.000144601
8.57332e-05
-3.2166e-05
5.06928e-05
0.000202248
1.7888e-05
0.000202909
2.19268e-08
0.000161518
-6.8256e-06
0.000135588
-9.17824e-06
0.000118847
-9.21526e-06
0.000106606
-8.0373e-06
9.70221e-05
8.91871e-05
-6.31048e-06
-2.95068e-06
-0.000126451
-6.30201e-06
-0.000127151
-9.22433e-06
-0.0001286
-1.19261e-05
-0.000130054
-1.37449e-05
-0.000132925
-1.42491e-05
-0.000137116
-1.25779e-05
-0.000142833
-6.64091e-06
-0.000152796
4.58792e-06
-0.000169918
2.42476e-05
-0.000196647
4.86587e-05
-0.000236797
7.21953e-05
-0.000236502
5.81033e-05
-0.000194697
1.8334e-05
-0.000104832
-1.19308e-05
-1.90129e-06
-1.67803e-05
0.000207097
-2.23529e-05
0.000208482
-2.40486e-05
0.000163214
-2.35569e-05
0.000135096
-2.16656e-05
0.000116956
-1.90009e-05
0.000103941
-1.60521e-05
9.40732e-05
8.62456e-05
-1.31107e-05
-3.58766e-06
-0.000122864
-6.90049e-06
-0.000123838
-1.02226e-05
-0.000125278
-1.31787e-05
-0.000127098
-1.5927e-05
-0.000130177
-1.83035e-05
-0.000134739
-1.9562e-05
-0.000141575
-2.01812e-05
-0.000152177
-2.07663e-05
-0.000169333
-1.91659e-05
-0.000198248
-2.15298e-05
-0.000234433
-2.0712e-05
-0.00023732
-3.83647e-05
-0.000177044
-6.79002e-05
-7.52961e-05
-0.000107919
3.81173e-05
-9.58362e-05
0.000195014
-6.97225e-05
0.000182368
-5.33481e-05
0.000146839
-4.30207e-05
0.000124768
-3.54422e-05
0.000109377
-2.93213e-05
9.78201e-05
-2.41962e-05
8.89479e-05
8.18588e-05
-1.98094e-05
-4.28289e-06
-0.000118581
-8.1295e-06
-0.000119991
-1.2302e-05
-0.000121106
-1.64301e-05
-0.000122969
-2.08009e-05
-0.000125806
-2.56005e-05
-0.00012994
-3.13687e-05
-0.000135807
-3.95447e-05
-0.000144001
-5.21706e-05
-0.000156707
-7.22188e-05
-0.0001782
-0.00010346
-0.000203191
-0.00013407
-0.00020671
-0.000150564
-0.00016055
-0.000167609
-5.82516e-05
-0.000192222
6.27306e-05
-0.000153504
0.000156296
-0.000106343
0.000135207
-7.82003e-05
0.000118696
-6.03843e-05
0.000106952
-4.79694e-05
9.69621e-05
-3.87981e-05
8.86487e-05
-3.16782e-05
8.1828e-05
7.61113e-05
-2.59307e-05
-4.62057e-06
-0.00011396
-9.16101e-06
-0.00011545
-1.39541e-05
-0.000116313
-1.90507e-05
-0.000117872
-2.47356e-05
-0.000120121
-3.14195e-05
-0.000123256
-3.98283e-05
-0.000127398
-5.11497e-05
-0.00013268
-6.82973e-05
-0.000139559
-9.70583e-05
-0.000149439
-0.000139172
-0.000161078
-0.000185867
-0.000160015
-0.000224337
-0.00012208
-0.000240323
-4.22655e-05
-0.000225127
4.75345e-05
-0.000166026
9.71954e-05
-0.000120571
8.9752e-05
-9.18026e-05
8.99272e-05
-7.16537e-05
8.68033e-05
-5.70449e-05
8.23531e-05
-4.61579e-05
7.77617e-05
-3.77408e-05
7.34109e-05
6.93916e-05
-3.10212e-05
-5.05264e-06
-0.000108907
-1.02749e-05
-0.000110228
-1.56973e-05
-0.00011089
-2.15895e-05
-0.00011198
-2.82046e-05
-0.000113506
-3.5967e-05
-0.000115493
-4.54168e-05
-0.000117948
-5.73207e-05
-0.000120776
-7.34253e-05
-0.000123454
-9.74664e-05
-0.000125398
-0.000133081
-0.000125463
-0.000176483
-0.000116613
-0.000212203
-8.63599e-05
-0.000220641
-3.38272e-05
-0.000193791
2.06842e-05
-0.000149187
5.25915e-05
-0.000118113
5.86777e-05
-9.45598e-05
6.63737e-05
-7.61406e-05
6.83841e-05
-6.19072e-05
6.81197e-05
-5.07893e-05
6.66437e-05
-4.19551e-05
6.45767e-05
6.22349e-05
-3.47984e-05
-5.36172e-06
-0.000103545
-1.09174e-05
-0.000104672
-1.67253e-05
-0.000105082
-2.30328e-05
-0.000105673
-3.00967e-05
-0.000106442
-3.82755e-05
-0.000107314
-4.80353e-05
-0.000108188
-6.00188e-05
-0.000108793
-7.5015e-05
-0.000108458
-9.40087e-05
-0.000106404
-0.000118199
-0.000101273
-0.000145882
-8.89303e-05
-0.000167698
-6.45446e-05
-0.000171377
-3.0148e-05
-0.000153323
2.62988e-06
-0.000127765
2.70333e-05
-0.000108487
3.94001e-05
-9.08175e-05
4.87039e-05
-7.57164e-05
5.32831e-05
-6.31904e-05
5.55936e-05
-5.28518e-05
5.63051e-05
-4.43118e-05
5.60368e-05
5.51325e-05
-3.72094e-05
-5.55215e-06
-9.79932e-05
-1.12688e-05
-9.89555e-05
-1.72754e-05
-9.90759e-05
-2.37326e-05
-9.92154e-05
-3.08681e-05
-9.93068e-05
-3.89398e-05
-9.92423e-05
-4.8275e-05
-9.8853e-05
-5.92768e-05
-9.77909e-05
-7.22244e-05
-9.55106e-05
-8.71263e-05
-9.15022e-05
-0.000103777
-8.46224e-05
-0.000120486
-7.22209e-05
-0.000132452
-5.25794e-05
-0.000134225
-2.83749e-05
-0.000126093
-5.50181e-06
-0.000111771
1.27117e-05
-9.81721e-05
2.58007e-05
-8.4744e-05
3.52758e-05
-7.26922e-05
4.12312e-05
-6.21034e-05
4.50049e-05
-5.29515e-05
4.71532e-05
-4.51018e-05
4.81871e-05
4.84184e-05
-3.83876e-05
-5.59142e-06
-9.24016e-05
-1.13242e-05
-9.32229e-05
-1.73274e-05
-9.30728e-05
-2.37185e-05
-9.28245e-05
-3.06659e-05
-9.23593e-05
-3.83464e-05
-9.15621e-05
-4.69505e-05
-9.0249e-05
-5.66336e-05
-8.81078e-05
-6.74249e-05
-8.47195e-05
-7.92755e-05
-7.96518e-05
-9.17678e-05
-7.21302e-05
-0.000103097
-6.0892e-05
-0.000110192
-4.54842e-05
-0.000110972
-2.75951e-05
-0.000106236
-1.02377e-05
-9.79665e-05
4.4421e-06
-8.82855e-05
1.61197e-05
-7.81282e-05
2.51185e-05
-6.84959e-05
3.1599e-05
-5.9652e-05
3.6161e-05
-5.17249e-05
3.92261e-05
-4.47085e-05
4.11708e-05
4.22638e-05
-3.85536e-05
-5.50554e-06
-8.68961e-05
-1.11487e-05
-8.75795e-05
-1.6993e-05
-8.72287e-05
-2.31546e-05
-8.6663e-05
-2.97412e-05
-8.57729e-05
-3.68611e-05
-8.44422e-05
-4.46104e-05
-8.24997e-05
-5.30193e-05
-7.96991e-05
-6.19892e-05
-7.57498e-05
-7.13133e-05
-7.03278e-05
-8.05148e-05
-6.29287e-05
-8.84263e-05
-5.29806e-05
-9.33601e-05
-4.05506e-05
-9.42078e-05
-2.67474e-05
-9.13022e-05
-1.31434e-05
-8.57726e-05
-1.08751e-06
-7.89005e-05
9.24755e-06
-7.13045e-05
1.75225e-05
-6.36783e-05
2.39727e-05
-5.63803e-05
2.8863e-05
-4.96134e-05
3.24592e-05
-4.34547e-05
3.50122e-05
3.67363e-05
-3.79271e-05
-5.30811e-06
-8.15884e-05
-1.07531e-05
-8.21347e-05
-1.63353e-05
-8.16464e-05
-2.21571e-05
-8.08411e-05
-2.82834e-05
-7.96468e-05
-3.47689e-05
-7.79567e-05
-4.16405e-05
-7.56283e-05
-4.88609e-05
-7.24788e-05
-5.63043e-05
-6.83064e-05
-6.37466e-05
-6.28856e-05
-7.07374e-05
-5.5938e-05
-7.64647e-05
-4.72534e-05
-8.00036e-05
-3.70117e-05
-8.08343e-05
-2.59167e-05
-7.90718e-05
-1.49059e-05
-7.54116e-05
-4.74775e-06
-7.03658e-05
4.20177e-06
-6.46069e-05
1.17634e-05
-5.85872e-05
1.79529e-05
-5.26201e-05
2.2896e-05
-4.69131e-05
2.67522e-05
-4.1583e-05
2.96821e-05
3.18482e-05
-3.66948e-05
-5.03528e-06
-7.6553e-05
-1.01881e-05
-7.69821e-05
-1.54405e-05
-7.63939e-05
-2.08575e-05
-7.54243e-05
-2.64763e-05
-7.4028e-05
-3.23154e-05
-7.21176e-05
-3.83616e-05
-6.95822e-05
-4.45487e-05
-6.62918e-05
-5.07439e-05
-6.21112e-05
-5.67308e-05
-5.68988e-05
-6.21512e-05
-5.05177e-05
-6.64801e-05
-4.29246e-05
-6.91821e-05
-3.43096e-05
-6.99681e-05
-2.51307e-05
-6.89051e-05
-1.5969e-05
-6.63454e-05
-7.30751e-06
-6.26633e-05
5.19592e-07
-5.82643e-05
7.36441e-06
-5.35002e-05
1.31886e-05
-4.86343e-05
1.80301e-05
-4.3855e-05
2.19729e-05
-3.92871e-05
2.51142e-05
2.7575e-05
-3.50139e-05
-4.7175e-06
-7.18355e-05
-9.51732e-06
-7.21822e-05
-1.4394e-05
-7.15172e-05
-1.93723e-05
-7.04462e-05
-2.44698e-05
-6.89303e-05
-2.96824e-05
-6.69051e-05
-3.4976e-05
-6.42888e-05
-4.02751e-05
-6.09927e-05
-4.54556e-05
-5.69308e-05
-5.03305e-05
-5.20241e-05
-5.46287e-05
-4.62195e-05
-5.80093e-05
-3.9544e-05
-6.01546e-05
-3.21643e-05
-6.0895e-05
-2.43903e-05
-6.02658e-05
-1.65982e-05
-5.84501e-05
-9.12317e-06
-5.57243e-05
-2.20626e-06
-5.23399e-05
3.97998e-06
-4.85591e-05
9.40776e-06
-4.45938e-05
1.40648e-05
-4.06071e-05
1.79862e-05
-3.67181e-05
2.12252e-05
2.38708e-05
-3.30138e-05
-4.37046e-06
-6.74652e-05
-8.79003e-06
-6.77625e-05
-1.32633e-05
-6.70439e-05
-1.77906e-05
-6.59189e-05
-2.23744e-05
-6.43465e-05
-2.69975e-05
-6.22822e-05
-3.16169e-05
-5.96695e-05
-3.61583e-05
-5.64513e-05
-4.0512e-05
-5.25772e-05
-4.45257e-05
-4.80105e-05
-4.8001e-05
-4.27442e-05
-5.07135e-05
-3.68315e-05
-5.24674e-05
-3.04104e-05
-5.31591e-05
-2.36987e-05
-5.28048e-05
-1.69525e-05
-5.1513e-05
-1.04149e-05
-4.94626e-05
-4.25662e-06
-4.68408e-05
1.35821e-06
-4.383e-05
6.3969e-06
-4.05981e-05
1.0833e-05
-3.72814e-05
1.46695e-05
-3.39862e-05
1.79301e-05
2.06807e-05
-3.0796e-05
-4.00146e-06
-6.34636e-05
-8.03265e-06
-6.37314e-05
-1.20918e-05
-6.29847e-05
-1.61711e-05
-6.18396e-05
-2.02616e-05
-6.02561e-05
-2.43392e-05
-5.82046e-05
-2.83592e-05
-5.56496e-05
-3.22535e-05
-5.2557e-05
-3.59291e-05
-4.89017e-05
-3.92661e-05
-4.46736e-05
-4.21206e-05
-3.98897e-05
-4.43425e-05
-3.46096e-05
-4.5807e-05
-2.89459e-05
-4.64474e-05
-2.30582e-05
-4.62701e-05
-1.71297e-05
-4.53485e-05
-1.13366e-05
-4.37846e-05
-5.8204e-06
-4.17476e-05
-6.78812e-07
-3.93408e-05
3.99012e-06
-3.67049e-05
8.19717e-06
-3.39508e-05
1.19155e-05
-3.117e-05
1.51494e-05
1.79486e-05
-2.84377e-05
-3.61758e-06
-5.9846e-05
-7.25982e-06
-6.00892e-05
-1.09069e-05
-5.93375e-05
-1.45509e-05
-5.81958e-05
-1.81753e-05
-5.66317e-05
-2.1753e-05
-5.46269e-05
-2.52413e-05
-5.21613e-05
-2.85804e-05
-4.92179e-05
-3.16938e-05
-4.57884e-05
-3.44885e-05
-4.18789e-05
-3.68603e-05
-3.75178e-05
-3.87067e-05
-3.27632e-05
-3.99454e-05
-2.77072e-05
-4.05326e-05
-2.2471e-05
-4.04725e-05
-1.71898e-05
-3.98134e-05
-1.19957e-05
-3.8628e-05
-7.00573e-06
-3.70214e-05
-2.28546e-06
-3.50936e-05
2.06235e-06
-3.29436e-05
6.04723e-06
-3.06613e-05
9.63333e-06
-2.83236e-05
1.28119e-05
1.56211e-05
-2.5996e-05
-3.22876e-06
-5.66173e-05
-6.4845e-06
-5.68333e-05
-9.72939e-06
-5.60925e-05
-1.29557e-05
-5.49696e-05
-1.61432e-05
-5.34441e-05
-1.92641e-05
-5.15059e-05
-2.22795e-05
-4.91459e-05
-2.51384e-05
-4.6359e-05
-2.77789e-05
-4.31479e-05
-3.01295e-05
-3.95283e-05
-3.21146e-05
-3.55327e-05
-3.36628e-05
-3.12151e-05
-3.47184e-05
-2.66516e-05
-3.52527e-05
-2.19367e-05
-3.52682e-05
-1.71743e-05
-3.47967e-05
-1.24672e-05
-3.38948e-05
-7.9076e-06
-3.26209e-05
-3.55939e-06
-3.10778e-05
5.19279e-07
-2.93256e-05
4.29511e-06
-2.74393e-05
7.74706e-06
-2.5483e-05
1.08557e-05
1.36494e-05
-2.35113e-05
-2.84529e-06
-5.3772e-05
-5.71993e-06
-5.39585e-05
-8.57593e-06
-5.32365e-05
-1.14039e-05
-5.21416e-05
-1.41826e-05
-5.06652e-05
-1.68852e-05
-4.88033e-05
-1.94771e-05
-4.65541e-05
-2.19158e-05
-4.39203e-05
-2.41517e-05
-4.0912e-05
-2.61302e-05
-3.75497e-05
-2.77959e-05
-3.3867e-05
-2.90982e-05
-2.99127e-05
-2.99992e-05
-2.57507e-05
-3.04791e-05
-2.14569e-05
-3.054e-05
-1.71135e-05
-3.02052e-05
-1.28021e-05
-2.95156e-05
-8.59719e-06
-2.85155e-05
-4.55949e-06
-2.7278e-05
-7.18207e-07
-2.58508e-05
2.8679e-06
-2.42976e-05
6.19388e-06
-2.26698e-05
9.22786e-06
1.1991e-05
-2.10114e-05
-2.47405e-06
-5.12979e-05
-4.97677e-06
-5.14558e-05
-7.45848e-06
-5.07548e-05
-9.90738e-06
-4.96926e-05
-1.23028e-05
-4.82698e-05
-1.462e-05
-4.64862e-05
-1.68289e-05
-4.43451e-05
-1.88946e-05
-4.18545e-05
-2.07778e-05
-3.90287e-05
-2.24369e-05
-3.58905e-05
-2.3831e-05
-3.24729e-05
-2.49241e-05
-2.88196e-05
-2.56896e-05
-2.49852e-05
-2.61143e-05
-2.10322e-05
-2.62003e-05
-1.70275e-05
-2.5965e-05
-1.30375e-05
-2.54383e-05
-9.12387e-06
-2.46569e-05
-5.34091e-06
-2.36638e-05
-1.71132e-06
-2.2509e-05
1.71313e-06
-2.1239e-05
4.92381e-06
-1.98958e-05
7.8846e-06
1.06092e-05
-1.8514e-05
-2.11809e-06
-4.91799e-05
-4.26063e-06
-4.93133e-05
-6.38265e-06
-4.86328e-05
-8.47049e-06
-4.76048e-05
-1.05051e-05
-4.62352e-05
-1.24645e-05
-4.45268e-05
-1.43232e-05
-4.24863e-05
-1.6053e-05
-4.01247e-05
-1.76229e-05
-3.74587e-05
-1.90014e-05
-3.4512e-05
-2.01583e-05
-3.13159e-05
-2.10677e-05
-2.79102e-05
-2.17111e-05
-2.43419e-05
-2.20795e-05
-2.06638e-05
-2.21752e-05
-1.69318e-05
-2.20115e-05
-1.32013e-05
-2.16107e-05
-9.5247e-06
-2.10029e-05
-5.94872e-06
-2.02111e-05
-2.50321e-06
-1.92874e-05
7.89323e-07
-1.82603e-05
3.8967e-06
-1.71655e-05
6.78972e-06
9.47338e-06
-1.60297e-05
-1.77678e-06
-4.74032e-05
-3.57148e-06
-4.75186e-05
-5.34733e-06
-4.68569e-05
-7.09017e-06
-4.58621e-05
-8.78323e-06
-4.45422e-05
-1.04077e-05
-4.29023e-05
-1.19426e-05
-4.09512e-05
-1.33654e-05
-3.87018e-05
-1.46522e-05
-3.61719e-05
-1.57791e-05
-3.33851e-05
-1.67239e-05
-3.03712e-05
-1.7468e-05
-2.71661e-05
-1.79984e-05
-2.38115e-05
-1.83093e-05
-2.03529e-05
-1.84031e-05
-1.68381e-05
-1.82898e-05
-1.33146e-05
-1.79867e-05
-9.82779e-06
-1.75166e-05
-6.4188e-06
-1.69002e-05
-3.11977e-06
-1.61723e-05
6.13391e-08
-1.53543e-05
3.07868e-06
-1.44784e-05
5.91372e-06
8.55839e-06
-1.35634e-05
-1.44757e-06
-4.59556e-05
-2.90624e-06
-4.606e-05
-4.34827e-06
-4.5415e-05
-5.76024e-06
-4.44502e-05
-7.12802e-06
-4.31745e-05
-8.43623e-06
-4.15942e-05
-9.66825e-06
-3.97193e-05
-1.08065e-05
-3.75637e-05
-1.18327e-05
-3.51457e-05
-1.27293e-05
-3.24885e-05
-1.34801e-05
-2.96203e-05
-1.4072e-05
-2.65742e-05
-1.4496e-05
-2.33875e-05
-1.47485e-05
-2.01004e-05
-1.48317e-05
-1.6755e-05
-1.47536e-05
-1.33928e-05
-1.45276e-05
-1.00538e-05
-1.41713e-05
-6.77513e-06
-1.37028e-05
-3.58835e-06
-1.31408e-05
-5.0078e-07
-1.25096e-05
2.44743e-06
-1.18304e-05
5.23444e-06
7.8446e-06
-1.11166e-05
-1.126e-06
-4.48296e-05
-2.26137e-06
-4.49249e-05
-3.3824e-06
-4.42942e-05
-4.47712e-06
-4.33556e-05
-5.53445e-06
-4.21172e-05
-6.54242e-06
-4.05863e-05
-7.48838e-06
-3.87734e-05
-8.35917e-06
-3.6693e-05
-9.14152e-06
-3.43634e-05
-9.8228e-06
-3.18072e-05
-1.03918e-05
-2.90513e-05
-1.08396e-05
-2.61265e-05
-1.11603e-05
-2.30668e-05
-1.13521e-05
-1.99088e-05
-1.14171e-05
-1.66901e-05
-1.13617e-05
-1.34482e-05
-1.11962e-05
-1.02193e-05
-1.09344e-05
-7.037e-06
-1.05912e-05
-3.93159e-06
-1.01775e-05
-9.1452e-07
-9.71459e-06
1.98445e-06
-9.21555e-06
4.73537e-06
7.31752e-06
-8.68848e-06
-8.00922e-07
-4.40288e-05
-1.62458e-06
-4.41014e-05
-2.43505e-06
-4.34838e-05
-3.22349e-06
-4.25672e-05
-3.98241e-06
-4.13584e-05
-4.7035e-06
-3.98653e-05
-5.37783e-06
-3.80992e-05
-5.99609e-06
-3.60748e-05
-6.54903e-06
-3.38104e-05
-7.02799e-06
-3.13282e-05
-7.42549e-06
-2.86538e-05
-7.73584e-06
-2.58163e-05
-7.95562e-06
-2.28472e-05
-8.08417e-06
-1.97804e-05
-8.12383e-06
-1.66505e-05
-8.07996e-06
-1.34922e-05
-7.9607e-06
-1.03386e-05
-7.77676e-06
-7.22096e-06
-7.54081e-06
-4.16756e-06
-7.26293e-06
-1.19243e-06
-6.95602e-06
1.67751e-06
-6.62671e-06
4.40604e-06
6.96762e-06
-6.27682e-06
-4.60794e-07
-4.35682e-05
-9.69651e-07
-4.35927e-05
-1.46591e-06
-4.29876e-05
-1.94539e-06
-4.20878e-05
-2.40549e-06
-4.08984e-05
-2.84219e-06
-3.94287e-05
-3.25041e-06
-3.7691e-05
-3.6245e-06
-3.57007e-05
-3.9587e-06
-3.34762e-05
-4.24755e-06
-3.10394e-05
-4.48629e-06
-2.84152e-05
-4.67127e-06
-2.56314e-05
-4.8003e-06
-2.27184e-05
-4.87303e-06
-1.97078e-05
-4.89108e-06
-1.66325e-05
-4.85827e-06
-1.3525e-05
-4.78062e-06
-1.04162e-05
-4.66664e-06
-7.33493e-06
-4.5281e-06
-4.3061e-06
-4.37333e-06
-1.34721e-06
-4.21892e-06
1.52308e-06
-4.05744e-06
4.24454e-06
6.7914e-06
-3.88123e-06
-1.24805e-07
-3.04408e-07
-4.69378e-07
-6.262e-07
-7.76449e-07
-9.19617e-07
-1.05432e-06
-1.17878e-06
-1.29107e-06
-1.38924e-06
-1.47152e-06
-1.53639e-06
-1.58274e-06
-1.61007e-06
-1.61855e-06
-1.60922e-06
-1.58423e-06
-1.54747e-06
-1.5061e-06
-1.46778e-06
-1.4398e-06
-1.40607e-06
-1.36527e-06
1.96745e-05
0.000161354
-4.37553e-05
6.34297e-05
-5.53765e-05
1.1621e-05
-1.69616e-05
-3.8415e-05
0.000209516
0.000152883
0.000179296
9.36499e-05
0.000150785
4.01318e-05
4.15541e-06
0.000129668
0.000216912
0.000105627
0.000229674
8.08873e-05
0.000219185
5.06212e-05
2.59063e-05
0.000197434
0.000157265
7.46416e-05
0.000174083
6.40686e-05
0.000174217
5.0488e-05
3.80109e-05
0.000162112
0.000108141
6.05303e-05
0.000117302
5.49074e-05
0.000119656
4.81347e-05
4.13298e-05
0.000116337
8.04043e-05
5.37736e-05
8.52892e-05
5.00226e-05
8.77015e-05
4.57224e-05
4.13142e-05
8.77173e-05
6.46666e-05
4.97533e-05
6.77359e-05
4.69532e-05
6.95947e-05
4.38636e-05
4.07153e-05
7.01936e-05
5.34523e-05
4.71264e-05
5.54926e-05
4.4913e-05
5.68182e-05
4.25382e-05
4.01348e-05
5.73988e-05
4.43028e-05
4.53178e-05
4.57305e-05
4.34854e-05
4.67086e-05
4.15602e-05
3.96241e-05
4.72195e-05
3.65982e-05
4.4032e-05
3.76311e-05
4.24524e-05
3.83713e-05
4.08202e-05
3.91853e-05
3.88101e-05
2.99033e-05
4.31179e-05
3.06562e-05
4.16997e-05
3.12221e-05
4.02543e-05
3.88112e-05
3.15961e-05
2.38427e-05
4.24738e-05
2.43972e-05
4.11452e-05
2.48416e-05
3.981e-05
3.84829e-05
2.51699e-05
1.81217e-05
4.20122e-05
1.85502e-05
4.07168e-05
1.89257e-05
3.94344e-05
3.81685e-05
1.92401e-05
1.24951e-05
4.16404e-05
1.28764e-05
4.03354e-05
1.32471e-05
3.90637e-05
3.78209e-05
1.35946e-05
6.7633e-06
4.12447e-05
7.19502e-06
3.99036e-05
7.64135e-06
3.86173e-05
3.73764e-05
8.08581e-06
8.00585e-07
4.06864e-05
1.39994e-06
3.93041e-05
2.01801e-06
3.79991e-05
3.67582e-05
2.6361e-06
-5.42318e-06
3.9799e-05
-4.52547e-06
3.84063e-05
-3.63374e-06
3.71073e-05
3.58863e-05
-2.76182e-06
-1.17607e-05
3.84489e-05
-1.04593e-05
3.7105e-05
-9.21052e-06
3.58586e-05
3.46914e-05
-8.01562e-06
-1.79291e-05
3.65686e-05
-1.6175e-05
3.53509e-05
-1.45342e-05
3.42178e-05
3.31549e-05
-1.29976e-05
-2.35561e-05
3.4194e-05
-2.13799e-05
3.31748e-05
-1.93752e-05
3.22131e-05
3.13059e-05
-1.75262e-05
-2.82835e-05
3.14562e-05
-2.57897e-05
3.0681e-05
-2.35078e-05
2.99311e-05
2.92173e-05
-2.14192e-05
-3.18773e-05
2.85351e-05
-2.92109e-05
2.80146e-05
-2.67712e-05
2.74914e-05
2.69855e-05
-2.45393e-05
-3.42772e-05
2.56029e-05
-3.15821e-05
2.53196e-05
-2.91043e-05
2.50137e-05
2.47084e-05
-2.68272e-05
-3.55724e-05
2.27879e-05
-3.29611e-05
2.27084e-05
-3.05425e-05
2.25952e-05
2.24685e-05
-2.83026e-05
-3.59319e-05
2.01663e-05
-3.3477e-05
2.02536e-05
-3.11838e-05
2.03021e-05
2.0326e-05
-2.90412e-05
-3.55371e-05
1.77764e-05
-3.32787e-05
1.79952e-05
-3.11504e-05
1.81739e-05
1.83202e-05
-2.91446e-05
-3.45509e-05
1.56325e-05
-3.25073e-05
1.59517e-05
-3.05649e-05
1.62316e-05
1.64741e-05
-2.87188e-05
-3.31148e-05
1.37335e-05
-3.12894e-05
1.41264e-05
-2.95401e-05
1.44823e-05
1.47985e-05
-2.78645e-05
-3.13477e-05
1.20675e-05
-2.97339e-05
1.25127e-05
-2.81755e-05
1.29239e-05
1.32949e-05
-2.66718e-05
-2.93456e-05
1.06172e-05
-2.79308e-05
1.1098e-05
-2.65549e-05
1.1548e-05
1.19586e-05
-2.52185e-05
-2.71833e-05
9.36288e-06
-2.59518e-05
9.86661e-06
-2.47464e-05
1.03426e-05
1.07811e-05
-2.35689e-05
-2.49173e-05
8.28431e-06
-2.38525e-05
8.8018e-06
-2.28041e-05
9.29432e-06
9.75178e-06
-2.17748e-05
-2.25894e-05
7.36248e-06
-2.16748e-05
7.88727e-06
-2.07699e-05
8.38939e-06
8.85926e-06
-1.98773e-05
-2.02291e-05
6.58021e-06
-1.94497e-05
7.10794e-06
-1.8675e-05
7.61479e-06
8.0924e-06
-1.7908e-05
-1.78563e-05
5.92255e-06
-1.71987e-05
6.45045e-06
-1.65426e-05
6.95873e-06
7.44078e-06
-1.58909e-05
-1.5484e-05
5.37697e-06
-1.49368e-05
5.90336e-06
-1.4389e-05
6.41097e-06
6.89516e-06
-1.38433e-05
-1.31196e-05
4.93325e-06
-1.26734e-05
5.45727e-06
-1.22253e-05
5.96293e-06
6.44766e-06
-1.17778e-05
-1.07668e-05
4.58344e-06
-1.04142e-05
5.10472e-06
-1.0059e-05
5.60777e-06
6.09184e-06
-9.70314e-06
-8.42668e-06
4.32164e-06
-8.16207e-06
4.84013e-06
-7.89454e-06
5.34026e-06
5.82271e-06
-7.62539e-06
-6.09908e-06
4.1439e-06
-5.9186e-06
4.65965e-06
-5.73506e-06
5.15674e-06
5.63664e-06
-5.54897e-06
-3.78581e-06
4.04848e-06
-3.68769e-06
4.56154e-06
-3.58637e-06
5.05544e-06
5.53164e-06
-3.48135e-06
-1.33986e-06
-1.31303e-06
-1.28448e-06
-1.25367e-06
2.08279e-05
-6.93866e-05
4.19162e-05
-6.18619e-05
4.33966e-05
-3.48428e-05
4.05558e-05
-1.40552e-05
3.74186e-05
-2.5261e-06
3.43582e-05
3.31477e-06
3.12418e-05
6.89889e-06
2.82222e-05
9.06356e-06
2.53128e-05
1.03596e-05
2.25021e-05
1.10989e-05
1.97793e-05
1.14855e-05
1.71337e-05
1.16521e-05
1.45556e-05
1.16861e-05
1.20359e-05
1.16457e-05
9.56527e-06
1.15702e-05
7.13447e-06
1.14857e-05
4.7334e-06
1.14096e-05
2.35271e-06
1.13535e-05
1.12375e-05
0.000102629
-4.23471e-05
7.8886e-05
-3.81194e-05
6.12478e-05
-1.72045e-05
5.0007e-05
-2.81451e-06
4.2921e-05
4.55992e-06
3.75242e-05
8.71164e-06
3.31212e-05
1.13018e-05
2.93278e-05
1.2857e-05
2.59404e-05
1.3747e-05
2.28315e-05
1.42078e-05
1.99236e-05
1.43934e-05
1.71667e-05
1.4409e-05
1.45261e-05
1.43265e-05
1.19766e-05
1.41952e-05
9.49807e-06
1.40487e-05
7.07377e-06
1.391e-05
4.68862e-06
1.37946e-05
2.32923e-06
1.37128e-05
1.35666e-05
0.000136689
1.8398e-05
9.38112e-05
4.75849e-06
6.93842e-05
7.22254e-06
5.55008e-05
1.10688e-05
4.63896e-05
1.3671e-05
3.96841e-05
1.54172e-05
3.4423e-05
1.65629e-05
3.00718e-05
1.72081e-05
2.63215e-05
1.74974e-05
2.29818e-05
1.75475e-05
1.99324e-05
1.74428e-05
1.70945e-05
1.72469e-05
1.44142e-05
1.70067e-05
1.18531e-05
1.67563e-05
9.38186e-06
1.65198e-05
6.97756e-06
1.63143e-05
4.62068e-06
1.61514e-05
2.29431e-06
1.60391e-05
1.58608e-05
0.000122292
5.8218e-05
9.10434e-05
3.60069e-05
7.0738e-05
2.75279e-05
5.7305e-05
2.45019e-05
4.77508e-05
2.32253e-05
4.05736e-05
2.25943e-05
3.49328e-05
2.22036e-05
3.03016e-05
2.18393e-05
2.63559e-05
2.1443e-05
2.28895e-05
2.1014e-05
1.97657e-05
2.05666e-05
1.68921e-05
2.01204e-05
1.42042e-05
1.96945e-05
1.16555e-05
1.93051e-05
9.2106e-06
1.89647e-05
6.84214e-06
1.86827e-05
4.52742e-06
1.8466e-05
2.24693e-06
1.83194e-05
1.81077e-05
9.96144e-05
7.49403e-05
8.1716e-05
5.39052e-05
6.70716e-05
4.21724e-05
5.57903e-05
3.57833e-05
4.70533e-05
3.19623e-05
4.01583e-05
2.94893e-05
3.45858e-05
2.7776e-05
2.99514e-05
2.64737e-05
2.59879e-05
2.54065e-05
2.25109e-05
2.4491e-05
1.93909e-05
2.36865e-05
1.65359e-05
2.29753e-05
1.38794e-05
2.2351e-05
1.13721e-05
2.18124e-05
8.9763e-06
2.13604e-05
6.66232e-06
2.09966e-05
4.40579e-06
2.07224e-05
2.18578e-06
2.05393e-05
2.02935e-05
8.13838e-05
8.12739e-05
7.12546e-05
6.40345e-05
6.10994e-05
5.23276e-05
5.22538e-05
4.4629e-05
4.48323e-05
3.93838e-05
3.8644e-05
3.56775e-05
3.34546e-05
3.29653e-05
2.90394e-05
3.0889e-05
2.52135e-05
2.92324e-05
2.1835e-05
2.78695e-05
1.8796e-05
2.67254e-05
1.60153e-05
2.5756e-05
1.34312e-05
2.49351e-05
1.09966e-05
2.4247e-05
8.67437e-06
2.36825e-05
6.43502e-06
2.32358e-05
4.25396e-06
2.29033e-05
2.10998e-06
2.26832e-05
2.24034e-05
6.74391e-05
8.40285e-05
6.13905e-05
7.00831e-05
5.44042e-05
5.93141e-05
4.76877e-05
5.13455e-05
4.16357e-05
4.54356e-05
3.63189e-05
4.09943e-05
3.16869e-05
3.75973e-05
2.76391e-05
3.49368e-05
2.4068e-05
3.28035e-05
2.08774e-05
3.10599e-05
1.79872e-05
2.96157e-05
1.53319e-05
2.84112e-05
1.28595e-05
2.74075e-05
1.05281e-05
2.65784e-05
8.30406e-06
2.59065e-05
6.15962e-06
2.53801e-05
4.0715e-06
2.49913e-05
2.01932e-06
2.47353e-05
2.44228e-05
5.61478e-05
8.52796e-05
5.2464e-05
7.3767e-05
4.7685e-05
6.40931e-05
4.26823e-05
5.63481e-05
3.78784e-05
5.02396e-05
3.34498e-05
4.54229e-05
2.94461e-05
4.1601e-05
2.58486e-05
3.85343e-05
2.26092e-05
3.60428e-05
1.96723e-05
3.39967e-05
1.69844e-05
3.23035e-05
1.44978e-05
3.08979e-05
1.21715e-05
2.97337e-05
9.97123e-06
2.87786e-05
7.86812e-06
2.80095e-05
5.83786e-06
2.74103e-05
3.85945e-06
2.69697e-05
1.91427e-06
2.66805e-05
2.6337e-05
4.67386e-05
8.57606e-05
4.45004e-05
7.60052e-05
4.12525e-05
6.7341e-05
3.75817e-05
6.00189e-05
3.38487e-05
5.39727e-05
3.02507e-05
4.90209e-05
2.68811e-05
4.49707e-05
2.37679e-05
4.16475e-05
2.09034e-05
3.89073e-05
1.82632e-05
3.66369e-05
1.58165e-05
3.47503e-05
1.35319e-05
3.31825e-05
1.13799e-05
3.18856e-05
9.33441e-06
3.08239e-05
7.37234e-06
2.99714e-05
5.47352e-06
2.9309e-05
3.62008e-06
2.88231e-05
1.79591e-06
2.85046e-05
2.81329e-05
3.87333e-05
8.58375e-05
3.74001e-05
7.73385e-05
3.52212e-05
6.952e-05
3.25739e-05
6.26662e-05
2.97344e-05
5.68123e-05
2.68805e-05
5.18749e-05
2.41151e-05
4.77361e-05
2.14882e-05
4.42744e-05
1.90164e-05
4.13791e-05
1.66968e-05
3.89565e-05
1.45163e-05
3.69307e-05
1.24574e-05
3.52414e-05
1.05011e-05
3.38418e-05
8.62926e-06
3.26957e-05
6.82476e-06
3.17758e-05
5.07201e-06
3.10617e-05
3.35674e-06
3.05383e-05
1.66582e-06
3.01955e-05
2.97987e-05
3.17451e-05
8.56885e-05
3.10092e-05
7.80744e-05
2.95997e-05
7.09296e-05
2.77477e-05
6.45183e-05
2.565e-05
5.891e-05
2.34504e-05
5.40745e-05
2.12437e-05
4.99428e-05
1.90865e-05
4.64316e-05
1.70077e-05
4.34579e-05
1.50182e-05
4.09461e-05
1.31176e-05
3.88313e-05
1.12994e-05
3.70597e-05
9.55357e-06
3.55875e-05
7.86921e-06
3.43799e-05
6.23497e-06
3.34099e-05
4.6399e-06
3.26567e-05
3.07354e-06
3.21046e-05
1.52599e-06
3.1743e-05
3.13247e-05
2.54768e-05
8.53816e-05
2.51747e-05
7.83765e-05
2.43505e-05
7.17538e-05
2.31352e-05
6.57336e-05
2.16607e-05
6.03845e-05
2.00352e-05
5.57001e-05
1.83386e-05
5.16394e-05
1.66253e-05
4.81449e-05
1.49292e-05
4.51541e-05
1.32689e-05
4.26063e-05
1.1653e-05
4.04473e-05
1.00829e-05
3.86296e-05
8.5564e-06
3.71139e-05
7.06856e-06
3.58677e-05
5.61343e-06
3.4865e-05
4.18448e-06
3.40856e-05
2.77507e-06
3.3514e-05
1.37864e-06
3.31394e-05
3.27033e-05
1.97079e-05
8.49138e-05
1.97668e-05
7.83176e-05
1.94231e-05
7.20975e-05
1.87406e-05
6.6416e-05
1.78021e-05
6.13231e-05
1.66847e-05
5.68174e-05
1.54526e-05
5.28716e-05
1.41543e-05
4.94433e-05
1.28243e-05
4.6484e-05
1.14856e-05
4.3945e-05
1.01523e-05
4.17806e-05
8.83208e-06
3.99498e-05
7.52839e-06
3.84175e-05
6.24175e-06
3.71543e-05
4.97086e-06
3.61359e-05
3.71334e-06
3.53431e-05
2.46618e-06
3.47612e-05
1.22613e-06
3.43795e-05
3.39295e-05
1.42778e-05
8.42305e-05
1.46841e-05
7.79112e-05
1.47704e-05
7.20111e-05
1.45576e-05
6.66287e-05
1.40937e-05
6.1787e-05
1.34327e-05
5.74785e-05
1.26249e-05
5.36794e-05
1.17127e-05
5.03555e-05
1.07295e-05
4.74673e-05
9.70012e-06
4.49744e-05
8.64254e-06
4.28381e-05
7.56894e-06
4.10233e-05
6.48735e-06
3.94991e-05
5.4027e-06
3.82389e-05
4.31781e-06
3.72208e-05
3.23402e-06
3.64269e-05
2.15173e-06
3.58434e-05
1.07084e-06
3.54604e-05
3.50003e-05
9.07788e-06
8.32384e-05
9.85634e-06
7.71326e-05
1.03578e-05
7.15097e-05
1.05798e-05
6.64068e-05
1.05487e-05
6.18183e-05
1.03039e-05
5.77234e-05
9.88592e-06
5.40974e-05
9.33222e-06
5.09092e-05
8.67484e-06
4.81246e-05
7.93979e-06
4.57094e-05
7.14751e-06
4.36303e-05
6.3136e-06
4.18572e-05
5.44974e-06
4.03629e-05
4.56454e-06
3.91241e-05
3.66433e-06
3.81209e-05
2.7538e-06
3.73374e-05
1.83645e-06
3.67608e-05
9.15068e-07
3.63818e-05
3.59154e-05
4.05178e-06
8.18226e-05
5.24581e-06
7.59386e-05
6.16828e-06
7.05872e-05
6.80761e-06
6.57675e-05
7.17929e-06
6.14467e-05
7.31876e-06
5.75839e-05
7.26039e-06
5.41558e-05
7.03898e-06
5.11306e-05
6.68595e-06
4.84776e-05
6.22813e-06
4.61671e-05
5.68803e-06
4.41704e-05
5.08394e-06
4.24612e-05
4.43047e-06
4.10163e-05
3.7393e-06
3.98152e-05
3.01978e-06
3.88404e-05
2.27952e-06
3.80776e-05
1.52478e-06
3.75155e-05
7.61017e-07
3.71455e-05
3.66765e-05
-8.40609e-07
7.99014e-05
8.41197e-07
7.42569e-05
2.20159e-06
6.92269e-05
3.25116e-06
6.4718e-05
3.99973e-06
6.06981e-05
4.49665e-06
5.7087e-05
4.76994e-06
5.38825e-05
4.85532e-06
5.10452e-05
4.78457e-06
4.85484e-05
4.58533e-06
4.63663e-05
4.28221e-06
4.44735e-05
3.89571e-06
4.28477e-05
3.44285e-06
4.14691e-05
2.93786e-06
4.03201e-05
2.39268e-06
3.93855e-05
1.81744e-06
3.86528e-05
1.22084e-06
3.81121e-05
6.10695e-07
3.77557e-05
3.72872e-05
-5.46777e-06
7.73537e-05
-3.31388e-06
7.21031e-05
-1.53379e-06
6.74469e-05
-1.11193e-07
6.32955e-05
1.02162e-06
5.95653e-05
1.85576e-06
5.62529e-05
2.43396e-06
5.33044e-05
2.8006e-06
5.06786e-05
2.98958e-06
4.83594e-05
3.02869e-06
4.63272e-05
2.94563e-06
4.45565e-05
2.76261e-06
4.30307e-05
2.49857e-06
4.17331e-05
2.16982e-06
4.06488e-05
1.7906e-06
3.97646e-05
1.37315e-06
3.90701e-05
9.2829e-07
3.85569e-05
4.6589e-07
3.82181e-05
3.77531e-05
-9.81897e-06
7.41751e-05
-7.15266e-06
6.94368e-05
-4.94521e-06
6.52395e-05
-3.14377e-06
6.1494e-05
-1.71479e-06
5.81364e-05
-5.95685e-07
5.51338e-05
2.63386e-07
5.24453e-05
8.89342e-07
5.00527e-05
1.31655e-06
4.79322e-05
1.57256e-06
4.60712e-05
1.69144e-06
4.44376e-05
1.69632e-06
4.30257e-05
1.60769e-06
4.18217e-05
1.44347e-06
4.08129e-05
1.22012e-06
3.99879e-05
9.51584e-07
3.93386e-05
6.50372e-07
3.88581e-05
3.28099e-07
3.85404e-05
3.80811e-05
-1.3759e-05
7.04078e-05
-1.06296e-05
6.63074e-05
-8.03832e-06
6.26481e-05
-5.90887e-06
5.93645e-05
-4.1802e-06
5.64077e-05
-2.79311e-06
5.37468e-05
-1.70026e-06
5.13525e-05
-8.59221e-07
4.92117e-05
-2.32704e-07
4.73057e-05
2.24965e-07
4.56135e-05
5.28864e-07
4.41337e-05
7.05953e-07
4.28486e-05
7.78574e-07
4.1749e-05
7.65634e-07
4.08258e-05
6.86771e-07
4.00667e-05
5.56881e-07
3.94684e-05
3.89883e-07
3.90251e-05
1.98359e-07
3.87319e-05
3.82795e-05
-1.71759e-05
6.61645e-05
-1.36645e-05
6.2796e-05
-1.07552e-05
5.97388e-05
-8.35001e-06
5.69593e-05
-6.37268e-06
5.44304e-05
-4.75897e-06
5.21331e-05
-3.45731e-06
5.00509e-05
-2.42081e-06
4.81752e-05
-1.60834e-06
4.64932e-05
-9.88887e-07
4.4994e-05
-5.29724e-07
4.36745e-05
-2.0476e-07
4.25236e-05
1.02368e-08
4.1534e-05
1.39666e-07
4.06963e-05
1.94225e-07
4.00121e-05
1.92143e-07
3.94705e-05
1.49177e-07
3.9068e-05
7.67542e-08
3.88042e-05
3.83562e-05
-1.99806e-05
6.16058e-05
-1.61993e-05
5.90147e-05
-1.30544e-05
5.6594e-05
-1.04381e-05
5.43431e-05
-8.26656e-06
5.22589e-05
-6.47218e-06
5.03387e-05
-4.99942e-06
4.85781e-05
-3.80054e-06
4.69762e-05
-2.83505e-06
4.55277e-05
-2.06896e-06
4.4228e-05
-1.47019e-06
4.30757e-05
-1.01142e-06
4.20649e-05
-6.68574e-07
4.11911e-05
-4.23221e-07
4.04509e-05
-2.52154e-07
3.98409e-05
-1.39289e-07
3.93575e-05
-7.02993e-08
3.89989e-05
-3.67833e-08
3.87706e-05
3.83193e-05
-2.21287e-05
5.69073e-05
-1.82027e-05
5.50888e-05
-1.49143e-05
5.33056e-05
-1.21574e-05
5.15862e-05
-9.84846e-06
4.995e-05
-7.91989e-06
4.84101e-05
-6.3165e-06
4.69746e-05
-4.9902e-06
4.56498e-05
-3.90076e-06
4.44382e-05
-3.01367e-06
4.33409e-05
-2.29747e-06
4.23596e-05
-1.72534e-06
4.14928e-05
-1.27324e-06
4.0739e-05
-9.2001e-07
4.00977e-05
-6.4569e-07
3.95666e-05
-4.32679e-07
3.91445e-05
-2.63696e-07
3.88298e-05
-1.3896e-07
3.86457e-05
3.81803e-05
-2.36244e-05
5.22292e-05
-1.9673e-05
5.11374e-05
-1.63316e-05
4.99642e-05
-1.35047e-05
4.87593e-05
-1.11152e-05
4.75605e-05
-9.09966e-06
4.63944e-05
-7.40466e-06
4.52794e-05
-5.98461e-06
4.42297e-05
-4.80042e-06
4.32539e-05
-3.81829e-06
4.23587e-05
-3.00775e-06
4.1549e-05
-2.34231e-06
4.08274e-05
-1.79834e-06
4.0195e-05
-1.35437e-06
3.96537e-05
-9.9077e-07
3.92029e-05
-6.8951e-07
3.88431e-05
-4.34157e-07
3.85743e-05
-2.25688e-07
3.84371e-05
3.79545e-05
-2.45104e-05
4.76984e-05
-2.06348e-05
4.72619e-05
-1.73208e-05
4.66504e-05
-1.44891e-05
4.59275e-05
-1.20725e-05
4.51439e-05
-1.00142e-05
4.43361e-05
-8.26574e-06
4.35308e-05
-6.78454e-06
4.27484e-05
-5.53393e-06
4.20033e-05
-4.48166e-06
4.13064e-05
-3.59881e-06
4.06662e-05
-2.85982e-06
4.00884e-05
-2.24164e-06
3.95769e-05
-1.72314e-06
3.91352e-05
-1.28522e-06
3.87649e-05
-9.0991e-07
3.84677e-05
-5.80902e-07
3.82452e-05
-2.97677e-07
3.81538e-05
3.76568e-05
-2.48518e-05
4.34057e-05
-2.11303e-05
4.35404e-05
-1.79103e-05
4.34304e-05
-1.51297e-05
4.31469e-05
-1.27336e-05
4.27477e-05
-1.06734e-05
4.22758e-05
-8.90629e-06
4.17637e-05
-7.39441e-06
4.12365e-05
-6.10416e-06
4.0713e-05
-5.0056e-06
4.02079e-05
-4.07179e-06
3.97323e-05
-3.27818e-06
3.92947e-05
-2.60303e-06
3.89017e-05
-2.0259e-06
3.8558e-05
-1.52828e-06
3.82673e-05
-1.09261e-06
3.8032e-05
-7.02924e-07
3.78554e-05
-3.56047e-07
3.78068e-05
3.73007e-05
-2.47231e-05
3.941e-05
-2.12116e-05
4.0029e-05
-1.81367e-05
4.03555e-05
-1.5453e-05
4.04632e-05
-1.31176e-05
4.04123e-05
-1.10909e-05
4.02491e-05
-9.33661e-06
4.00094e-05
-7.82185e-06
3.97217e-05
-6.51673e-06
3.94078e-05
-5.39407e-06
3.90852e-05
-4.42913e-06
3.87673e-05
-3.59932e-06
3.84649e-05
-2.88388e-06
3.81862e-05
-2.26358e-06
3.79376e-05
-1.72049e-06
3.77241e-05
-1.23791e-06
3.75493e-05
-8.00249e-07
3.74176e-05
-4.01805e-07
3.74082e-05
3.68988e-05
-2.41989e-05
3.57446e-05
-2.09342e-05
3.67643e-05
-1.80413e-05
3.74627e-05
-1.54896e-05
3.79116e-05
-1.32475e-05
3.81704e-05
-1.12842e-05
3.82858e-05
-9.56992e-06
3.82952e-05
-8.07694e-06
3.82287e-05
-6.77932e-06
3.81102e-05
-5.65299e-06
3.79588e-05
-4.67564e-06
3.77899e-05
-3.82658e-06
3.76157e-05
-3.08659e-06
3.74461e-05
-2.43767e-06
3.72886e-05
-1.863e-06
3.71493e-05
-1.34657e-06
3.70327e-05
-8.73415e-07
3.69444e-05
-4.35594e-07
3.69703e-05
3.64632e-05
-2.335e-05
3.24228e-05
-2.03527e-05
3.37671e-05
-1.76662e-05
3.47762e-05
-1.52721e-05
3.55175e-05
-1.31487e-05
3.60471e-05
-1.12729e-05
3.64101e-05
-9.62153e-06
3.66439e-05
-8.17163e-06
3.67789e-05
-6.90128e-06
3.68398e-05
-5.7896e-06
3.68471e-05
-4.81682e-06
3.68171e-05
-3.96434e-06
3.67631e-05
-3.21456e-06
3.66962e-05
-2.55093e-06
3.66249e-05
-1.95772e-06
3.6556e-05
-1.4199e-06
3.64948e-05
-9.23261e-07
3.64476e-05
-4.57957e-07
3.65049e-05
3.60052e-05
-2.22395e-05
2.94438e-05
-1.95183e-05
3.10459e-05
-1.70524e-05
3.23104e-05
-1.48331e-05
3.32984e-05
-1.2847e-05
3.40611e-05
-1.10778e-05
3.4641e-05
-9.50792e-06
3.50741e-05
-8.11907e-06
3.53901e-05
-6.89312e-06
3.56139e-05
-5.81228e-06
3.57662e-05
-4.85935e-06
3.5864e-05
-4.01782e-06
3.59215e-05
-3.27189e-06
3.59501e-05
-2.60643e-06
3.59593e-05
-2.00697e-06
3.59564e-05
-1.45958e-06
3.59473e-05
-9.50883e-07
3.59389e-05
-4.69504e-07
3.60235e-05
3.55357e-05
-2.09225e-05
2.67974e-05
-1.84769e-05
2.86004e-05
-1.62379e-05
3.00715e-05
-1.4204e-05
3.12646e-05
-1.23681e-05
3.22253e-05
-1.07197e-05
3.29928e-05
-9.24609e-06
3.36005e-05
-7.9331e-06
3.40771e-05
-6.76607e-06
3.44468e-05
-5.73014e-06
3.47302e-05
-4.81058e-06
3.49444e-05
-3.99296e-06
3.51038e-05
-3.26323e-06
3.52203e-05
-2.60781e-06
3.53037e-05
-2.01351e-06
3.5362e-05
-1.46757e-06
3.54012e-05
-9.57561e-07
3.54288e-05
-4.70893e-07
3.55367e-05
3.50647e-05
-1.94449e-05
2.44676e-05
-1.72687e-05
2.64242e-05
-1.5257e-05
2.80599e-05
-1.34135e-05
2.94212e-05
-1.17362e-05
3.05481e-05
-1.02189e-05
3.14756e-05
-8.85291e-06
3.22346e-05
-7.62772e-06
3.2852e-05
-6.53172e-06
3.33509e-05
-5.55273e-06
3.37512e-05
-4.67833e-06
3.40699e-05
-3.89609e-06
3.43214e-05
-3.1937e-06
3.45178e-05
-2.55908e-06
3.46689e-05
-1.9804e-06
3.47832e-05
-1.44608e-06
3.48668e-05
-9.44737e-07
3.49273e-05
-4.62847e-07
3.50548e-05
3.46019e-05
-1.7845e-05
2.24354e-05
-1.59278e-05
2.45071e-05
-1.41399e-05
2.6272e-05
-1.24881e-05
2.77695e-05
-1.09739e-05
2.9034e-05
-9.59463e-06
3.00964e-05
-8.34476e-06
3.09848e-05
-7.21675e-06
3.1724e-05
-6.20168e-06
3.23358e-05
-5.28976e-06
3.28392e-05
-4.47067e-06
3.32508e-05
-3.73385e-06
3.35845e-05
-3.06867e-06
3.38525e-05
-2.46452e-06
3.40647e-05
-1.91092e-06
3.42295e-05
-1.39751e-06
3.43534e-05
-9.1397e-07
3.44437e-05
-4.46142e-07
3.45869e-05
3.41557e-05
-1.61534e-05
2.06808e-05
-1.44831e-05
2.28369e-05
-1.29128e-05
2.47017e-05
-1.14511e-05
2.63079e-05
-1.01019e-05
2.76848e-05
-8.86491e-06
2.88595e-05
-7.7372e-06
2.98572e-05
-6.71358e-06
3.07004e-05
-5.78739e-06
3.14096e-05
-4.95091e-06
3.20027e-05
-4.19573e-06
3.24955e-05
-3.51301e-06
3.29017e-05
-2.89368e-06
3.3233e-05
-2.32857e-06
3.34994e-05
-1.8085e-06
3.37093e-05
-1.32437e-06
3.38692e-05
-8.66906e-07
3.39862e-05
-4.21587e-07
3.41415e-05
3.37341e-05
-1.43943e-05
1.91843e-05
-1.29582e-05
2.14008e-05
-1.15978e-05
2.33414e-05
-1.0323e-05
2.5033e-05
-9.13857e-06
2.65004e-05
-8.04623e-06
2.77672e-05
-7.04477e-06
2.88558e-05
-6.13092e-06
2.97866e-05
-5.29986e-06
3.05786e-05
-4.54567e-06
3.12485e-05
-3.86158e-06
3.18113e-05
-3.24034e-06
3.22803e-05
-2.67432e-06
3.26669e-05
-2.15573e-06
3.29808e-05
-1.67667e-06
3.32302e-05
-1.22923e-06
3.34217e-05
-8.05247e-07
3.35622e-05
-3.90014e-07
3.37263e-05
3.33441e-05
-1.25869e-05
1.7928e-05
-1.13723e-05
2.01861e-05
-1.0214e-05
2.21831e-05
-9.12146e-06
2.39405e-05
-8.10048e-06
2.54794e-05
-7.15361e-06
2.68204e-05
-6.28097e-06
2.79831e-05
-5.48076e-06
2.89864e-05
-4.74965e-06
2.98474e-05
-4.08319e-06
3.05819e-05
-3.4761e-06
3.12042e-05
-2.92251e-06
3.17267e-05
-2.41617e-06
3.21605e-05
-1.95055e-06
3.25151e-05
-1.51898e-06
3.27986e-05
-1.11473e-06
3.30174e-05
-7.30723e-07
3.31782e-05
-3.52268e-07
3.33478e-05
3.29918e-05
-1.07457e-05
1.68959e-05
-9.74106e-06
1.91815e-05
-8.77686e-06
2.12189e-05
-7.86199e-06
2.30256e-05
-7.00218e-06
2.46196e-05
-6.20059e-06
2.60188e-05
-5.45822e-06
2.72408e-05
-4.77432e-06
2.83025e-05
-4.14674e-06
2.92198e-05
-3.57228e-06
3.00074e-05
-3.04693e-06
3.06787e-05
-2.56608e-06
3.12457e-05
-2.12471e-06
3.17191e-05
-1.71751e-06
3.21079e-05
-1.33898e-06
3.24201e-05
-9.83497e-07
3.26619e-05
-6.45082e-07
3.28398e-05
-3.09204e-07
3.30119e-05
3.26826e-05
-8.88196e-06
1.60748e-05
-8.07718e-06
1.83767e-05
-7.29984e-06
2.04415e-05
-6.55783e-06
2.22837e-05
-5.85659e-06
2.39184e-05
-5.19945e-06
2.53616e-05
-4.58792e-06
2.66292e-05
-4.02201e-06
2.77365e-05
-3.50053e-06
2.86982e-05
-3.02131e-06
2.95281e-05
-2.58141e-06
3.02388e-05
-2.17738e-06
3.08417e-05
-1.80532e-06
3.1347e-05
-1.46104e-06
3.17637e-05
-1.14016e-06
3.20992e-05
-8.38141e-07
3.23599e-05
-5.50063e-07
3.25517e-05
-2.61687e-07
3.27235e-05
3.24209e-05
-7.0044e-06
1.54538e-05
-6.391e-06
1.77633e-05
-5.79415e-06
1.98447e-05
-5.22059e-06
2.17101e-05
-4.67521e-06
2.3373e-05
-4.16126e-06
2.48477e-05
-3.68053e-06
2.61484e-05
-3.23357e-06
2.72894e-05
-2.81992e-06
2.82845e-05
-2.43826e-06
2.91463e-05
-2.08663e-06
2.98871e-05
-1.76257e-06
3.05176e-05
-1.46323e-06
3.10477e-05
-1.18548e-06
3.1486e-05
-9.25972e-07
3.18398e-05
-6.81237e-07
3.21152e-05
-4.47402e-07
3.23178e-05
-2.10617e-07
3.24867e-05
3.22102e-05
-5.11999e-06
1.50249e-05
-4.69113e-06
1.73345e-05
-4.26939e-06
1.9423e-05
-3.86033e-06
2.13011e-05
-3.46818e-06
2.29809e-05
-3.09594e-06
2.44754e-05
-2.74554e-06
2.57979e-05
-2.41789e-06
2.69617e-05
-2.1131e-06
2.79796e-05
-1.83059e-06
2.88638e-05
-1.56924e-06
2.96257e-05
-1.32749e-06
3.02759e-05
-1.10344e-06
3.08237e-05
-8.94958e-07
3.12775e-05
-6.99712e-07
3.16446e-05
-5.15244e-07
3.19308e-05
-3.38766e-07
3.21414e-05
-1.56997e-07
3.23049e-05
3.20532e-05
-3.23965e-06
1.47832e-05
-2.99077e-06
1.70856e-05
-2.74025e-06
1.91725e-05
-2.49255e-06
2.10534e-05
-2.25126e-06
2.27396e-05
-2.0191e-06
2.42432e-05
-1.798e-06
2.55768e-05
-1.58918e-06
2.67528e-05
-1.39326e-06
2.77836e-05
-1.21031e-06
2.86808e-05
-1.03997e-06
2.94554e-05
-8.81526e-07
3.01175e-05
-7.33997e-07
3.06762e-05
-5.96173e-07
3.11397e-05
-4.66691e-07
3.15151e-05
-3.44103e-07
3.18082e-05
-2.26783e-07
3.2024e-05
-1.02523e-07
3.21806e-05
3.19507e-05
-1.18258e-06
-1.10518e-06
-1.02384e-06
-9.40577e-07
-8.57086e-07
-7.74777e-07
-6.94754e-07
-6.17834e-07
-5.44561e-07
-4.75243e-07
-4.09979e-07
-3.48693e-07
-2.91163e-07
-2.37055e-07
-1.85949e-07
-1.37382e-07
-9.07352e-08
-3.99473e-08
)
;

boundaryField
{
    leftWall
    {
        type            calculated;
        value           uniform 0;
    }
    rightWall
    {
        type            calculated;
        value           uniform 0;
    }
    lowerWall
    {
        type            calculated;
        value           uniform 0;
    }
    atmosphere
    {
        type            calculated;
        value           nonuniform List<scalar> 
46
(
-4.34435e-05
-4.34131e-05
-4.28227e-05
-4.1931e-05
-4.07482e-05
-3.92856e-05
-3.75563e-05
-3.55762e-05
-3.33639e-05
-3.09412e-05
-2.8333e-05
-2.55667e-05
-2.26721e-05
-1.96805e-05
-1.66241e-05
-1.35343e-05
-1.04412e-05
-7.37169e-06
-4.34747e-06
-1.38554e-06
1.49508e-06
4.2108e-06
6.7506e-06
4.02309e-06
4.53472e-06
5.02691e-06
5.50084e-06
1.47121e-05
1.70083e-05
1.90912e-05
2.09701e-05
2.26561e-05
2.41609e-05
2.54967e-05
2.66759e-05
2.77103e-05
2.86115e-05
2.93901e-05
3.00562e-05
3.06187e-05
3.10856e-05
3.1464e-05
3.17596e-05
3.19774e-05
3.21298e-05
3.19108e-05
)
;
    }
    defaultFaces
    {
        type            empty;
        value           nonuniform 0();
    }
}


// ************************************************************************* //
