/*--------------------------------*- C++ -*----------------------------------*\
| =========                 |                                                 |
| \\      /  F ield         | OpenFOAM: The Open Source CFD Toolbox           |
|  \\    /   O peration     | Version:  5.x                                   |
|   \\  /    A nd           | Web:      www.OpenFOAM.org                      |
|    \\/     M anipulation  |                                                 |
\*---------------------------------------------------------------------------*/
FoamFile
{
    version     2.0;
    format      ascii;
    class       volVectorField;
    location    "0.1";
    object      U;
}
// * * * * * * * * * * * * * * * * * * * * * * * * * * * * * * * * * * * * * //

dimensions      [0 1 -1 0 0 0 0];

internalField   nonuniform List<vector> 
2268
(
(0.0267096 -0.0128012 0)
(0.0868378 -0.015711 0)
(0.152236 -0.0151778 0)
(0.216743 -0.0151783 0)
(0.281831 -0.0156968 0)
(0.349541 -0.0164485 0)
(0.421053 -0.017392 0)
(0.496433 -0.0185005 0)
(0.577878 -0.0199215 0)
(0.664642 -0.0215246 0)
(0.758841 -0.0232793 0)
(0.862084 -0.0254665 0)
(0.974186 -0.028633 0)
(1.099 -0.0326593 0)
(1.23848 -0.0345018 0)
(1.37706 -0.0289215 0)
(1.48058 -0.0158932 0)
(1.52626 -0.00503131 0)
(1.53795 -0.00418389 0)
(1.54625 -1.6476e-05 0)
(1.47879 0.0332459 0)
(1.05936 0.114246 0)
(0.482714 0.166789 0)
(0.0267058 -0.0383825 0)
(0.0868965 -0.0470091 0)
(0.152305 -0.0454749 0)
(0.216747 -0.0455 0)
(0.281796 -0.0470482 0)
(0.349452 -0.0492979 0)
(0.420893 -0.0521072 0)
(0.496119 -0.055442 0)
(0.577503 -0.0596403 0)
(0.663958 -0.0643949 0)
(0.757881 -0.0699388 0)
(0.861688 -0.0765847 0)
(0.97405 -0.0852654 0)
(1.09611 -0.0960101 0)
(1.23113 -0.100958 0)
(1.37299 -0.0877516 0)
(1.5057 -0.0571711 0)
(1.61608 -0.0319925 0)
(1.70006 -0.0364168 0)
(1.77516 -0.0277893 0)
(1.82981 0.118323 0)
(1.45985 0.422658 0)
(0.802428 0.62028 0)
(0.0266105 -0.0640526 0)
(0.0866024 -0.0782114 0)
(0.151699 -0.0757282 0)
(0.215745 -0.0757926 0)
(0.280451 -0.0783487 0)
(0.347746 -0.0820804 0)
(0.418785 -0.0867296 0)
(0.493512 -0.0922968 0)
(0.574421 -0.0992022 0)
(0.660228 -0.107087 0)
(0.753524 -0.116614 0)
(0.85718 -0.127608 0)
(0.96921 -0.140707 0)
(1.08952 -0.157372 0)
(1.22206 -0.167781 0)
(1.36567 -0.15635 0)
(1.51721 -0.126812 0)
(1.67504 -0.097275 0)
(1.81685 -0.0720885 0)
(1.82404 -0.047374 0)
(1.763 0.186822 0)
(1.60338 0.598153 0)
(0.830396 1.20289 0)
(0.0264983 -0.0897055 0)
(0.0861761 -0.109197 0)
(0.150788 -0.1058 0)
(0.214278 -0.105926 0)
(0.278495 -0.109471 0)
(0.345275 -0.114657 0)
(0.41574 -0.121111 0)
(0.489775 -0.128884 0)
(0.569969 -0.138453 0)
(0.654939 -0.149435 0)
(0.747318 -0.162995 0)
(0.850284 -0.178417 0)
(0.961744 -0.195956 0)
(1.08137 -0.218754 0)
(1.21359 -0.236398 0)
(1.36046 -0.231907 0)
(1.52703 -0.211616 0)
(1.70602 -0.183823 0)
(1.86831 -0.109675 0)
(1.85337 0.00624887 0)
(1.52516 0.254993 0)
(1.48215 0.777316 0)
(0.991313 1.55262 0)
(0.0263678 -0.115241 0)
(0.0856101 -0.139818 0)
(0.149566 -0.135538 0)
(0.21235 -0.135761 0)
(0.275935 -0.140279 0)
(0.342051 -0.146884 0)
(0.411772 -0.155094 0)
(0.484932 -0.165026 0)
(0.564222 -0.177189 0)
(0.648096 -0.191213 0)
(0.739352 -0.208778 0)
(0.841403 -0.228671 0)
(0.952045 -0.251008 0)
(1.07084 -0.280601 0)
(1.20224 -0.307489 0)
(1.35441 -0.315863 0)
(1.54202 -0.306233 0)
(1.75166 -0.255108 0)
(1.87708 -0.0906276 0)
(1.72482 0.107898 0)
(1.23217 0.454948 0)
(1.11688 0.99849 0)
(0.917641 2.01155 0)
(0.0262355 -0.140609 0)
(0.0849327 -0.169967 0)
(0.148069 -0.164828 0)
(0.210026 -0.165185 0)
(0.272871 -0.17066 0)
(0.338213 -0.178641 0)
(0.407072 -0.188551 0)
(0.479241 -0.200592 0)
(0.557521 -0.215263 0)
(0.640144 -0.232293 0)
(0.730141 -0.253852 0)
(0.831219 -0.278053 0)
(0.941137 -0.305197 0)
(1.05823 -0.342364 0)
(1.1853 -0.382871 0)
(1.34095 -0.412425 0)
(1.54632 -0.410704 0)
(1.80701 -0.275651 0)
(1.66676 -0.0191118 0)
(1.31577 0.232072 0)
(1.0035 0.683032 0)
(0.577331 1.19704 0)
(0.897124 2.43083 0)
(0.0261529 -0.166039 0)
(0.0841971 -0.199874 0)
(0.146329 -0.193906 0)
(0.207373 -0.194438 0)
(0.269408 -0.200863 0)
(0.3339 -0.210195 0)
(0.401802 -0.221772 0)
(0.472897 -0.235904 0)
(0.550058 -0.253037 0)
(0.631279 -0.273085 0)
(0.719862 -0.298738 0)
(0.819652 -0.327141 0)
(0.928286 -0.358679 0)
(1.04164 -0.403291 0)
(1.15962 -0.461835 0)
(1.31459 -0.516055 0)
(1.5336 -0.504607 0)
(1.72656 -0.191569 0)
(1.36339 0.122838 0)
(0.986896 0.364224 0)
(0.814067 0.76628 0)
(0.389035 1.35124 0)
(0.760845 2.76063 0)
(0.0261134 -0.19145 0)
(0.083355 -0.229448 0)
(0.144279 -0.222708 0)
(0.204312 -0.223476 0)
(0.26542 -0.230853 0)
(0.328919 -0.241509 0)
(0.395678 -0.254726 0)
(0.465493 -0.270908 0)
(0.541248 -0.290494 0)
(0.620649 -0.313524 0)
(0.707399 -0.343266 0)
(0.805224 -0.375914 0)
(0.911073 -0.411774 0)
(1.017 -0.463962 0)
(1.12396 -0.541221 0)
(1.27746 -0.614198 0)
(1.51282 -0.544669 0)
(1.54947 -0.111502 0)
(1.15089 0.245748 0)
(0.777874 0.483096 0)
(0.608575 0.8307 0)
(0.318705 1.43925 0)
(0.624942 2.97468 0)
(0.00232507 -0.00226382 0)
(0.0296431 -0.00860288 0)
(0.0729849 -0.00759947 0)
(0.104728 -0.00512745 0)
(0.123863 -0.00278439 0)
(0.132604 -0.000916813 0)
(0.133539 0.000382664 0)
(0.129457 0.00121134 0)
(0.122195 0.00173294 0)
(0.112859 0.00206709 0)
(0.102235 0.0022743 0)
(0.0908268 0.00239759 0)
(0.0789696 0.00246649 0)
(0.0668811 0.00250014 0)
(0.0546927 0.00251309 0)
(0.0424816 0.00251449 0)
(0.0302851 0.00251084 0)
(0.0181286 0.00250334 0)
(0.00601378 0.00252285 0)
(0.000813312 -0.00701751 0)
(0.030036 -0.0275042 0)
(0.0781302 -0.0242879 0)
(0.112063 -0.0162467 0)
(0.131875 -0.00876893 0)
(0.14085 -0.00306658 0)
(0.142659 0.000979725 0)
(0.13905 0.00370799 0)
(0.131609 0.00546833 0)
(0.121689 0.00658568 0)
(0.110257 0.00726844 0)
(0.0979291 0.00766549 0)
(0.0851055 0.00787959 0)
(0.0720412 0.00797844 0)
(0.0588843 0.00801017 0)
(0.0457199 0.00800648 0)
(0.0325835 0.00798801 0)
(0.0194982 0.00796411 0)
(0.00644415 0.00788557 0)
(-0.00401233 -0.0109807 0)
(0.0256713 -0.0476729 0)
(0.0805004 -0.0419602 0)
(0.116247 -0.0275537 0)
(0.135632 -0.0145731 0)
(0.143536 -0.00504108 0)
(0.14393 0.00167111 0)
(0.139214 0.00628559 0)
(0.131114 0.00929609 0)
(0.120857 0.0111975 0)
(0.10929 0.0123516 0)
(0.0969524 0.0130152 0)
(0.0841951 0.0133661 0)
(0.0712402 0.0135228 0)
(0.0582162 0.0135668 0)
(0.0451962 0.013553 0)
(0.0322086 0.013516 0)
(0.0192751 0.013477 0)
(0.00637021 0.0133528 0)
(-0.0129982 -0.0134086 0)
(0.0176715 -0.0701118 0)
(0.0842215 -0.061722 0)
(0.122951 -0.03915 0)
(0.141404 -0.0199266 0)
(0.147668 -0.00638253 0)
(0.146695 0.00294875 0)
(0.140947 0.00927746 0)
(0.132112 0.0133809 0)
(0.121372 0.0159575 0)
(0.109503 0.017513 0)
(0.0969883 0.0183999 0)
(0.084135 0.0188618 0)
(0.0711368 0.019062 0)
(0.0581029 0.0191107 0)
(0.0450936 0.0190829 0)
(0.0321289 0.019026 0)
(0.0192264 0.0189706 0)
(0.0063549 0.0187931 0)
(-0.0269256 -0.00908126 0)
(0.00619957 -0.0957855 0)
(0.0895669 -0.0853981 0)
(0.132774 -0.0511391 0)
(0.149435 -0.024498 0)
(0.153202 -0.00699849 0)
(0.150408 0.00479766 0)
(0.143366 0.0126867 0)
(0.133619 0.0177506 0)
(0.122271 0.0209028 0)
(0.110006 0.0227897 0)
(0.097242 0.0238528 0)
(0.0842381 0.0243947 0)
(0.0711542 0.0246182 0)
(0.0580775 0.0246589 0)
(0.045053 0.0246089 0)
(0.0320905 0.0245274 0)
(0.0192008 0.0244528 0)
(0.00634653 0.024221 0)
(-0.0276725 0.00288276 0)
(0.00824988 -0.125378 0)
(0.099467 -0.113253 0)
(0.14635 -0.0635648 0)
(0.159868 -0.0278802 0)
(0.160071 -0.00652543 0)
(0.154921 0.00740733 0)
(0.146272 0.0166179 0)
(0.135418 0.0224717 0)
(0.123338 0.0260784 0)
(0.110601 0.0282136 0)
(0.0975401 0.0293971 0)
(0.0843565 0.0299816 0)
(0.0711704 0.0302036 0)
(0.0580427 0.03022 0)
(0.0450006 0.0301376 0)
(0.0320416 0.0300251 0)
(0.0191681 0.0299275 0)
(0.00633553 0.0296411 0)
(0.0330032 0.00394532 0)
(0.0551833 -0.156782 0)
(0.121099 -0.139933 0)
(0.163361 -0.0747636 0)
(0.172387 -0.0295538 0)
(0.168118 -0.00456401 0)
(0.160105 0.010987 0)
(0.149571 0.0211816 0)
(0.13744 0.027611 0)
(0.124527 0.0315256 0)
(0.111256 0.0338098 0)
(0.09786 0.0350476 0)
(0.084475 0.0356311 0)
(0.0711754 0.0358226 0)
(0.0579922 0.035796 0)
(0.0449322 0.0356692 0)
(0.0319799 0.0355181 0)
(0.0191271 0.0353933 0)
(0.00632164 0.0350513 0)
(0.100676 -0.0122337 0)
(0.121784 -0.19299 0)
(0.155319 -0.161374 0)
(0.18268 -0.0824114 0)
(0.186031 -0.0293935 0)
(0.177014 -0.00125634 0)
(0.165771 0.0155424 0)
(0.153147 0.0263932 0)
(0.139615 0.0331807 0)
(0.125792 0.0372575 0)
(0.111942 0.0395921 0)
(0.0981861 0.0408184 0)
(0.0845853 0.0413567 0)
(0.071165 0.0414878 0)
(0.0579241 0.0413982 0)
(0.0448474 0.0412134 0)
(0.031905 0.0410148 0)
(0.0190778 0.0408572 0)
(0.00630491 0.0404577 0)
(0.0258897 -0.230235 0)
(0.081554 -0.273871 0)
(0.140301 -0.265948 0)
(0.198449 -0.267232 0)
(0.257715 -0.276068 0)
(0.319197 -0.288638 0)
(0.383644 -0.30424 0)
(0.450822 -0.323329 0)
(0.523632 -0.346517 0)
(0.599102 -0.373856 0)
(0.68183 -0.409235 0)
(0.775328 -0.447601 0)
(0.872698 -0.491619 0)
(0.959592 -0.560471 0)
(1.05623 -0.656607 0)
(1.20324 -0.71335 0)
(1.34627 -0.456668 0)
(1.15963 0.102433 0)
(0.735548 0.476133 0)
(0.477004 0.677632 0)
(0.343026 0.927731 0)
(0.324552 1.36313 0)
(0.675435 3.02858 0)
(0.0252796 -0.282183 0)
(0.0784872 -0.332288 0)
(0.133977 -0.322829 0)
(0.189103 -0.324952 0)
(0.245406 -0.335655 0)
(0.30364 -0.350564 0)
(0.36441 -0.369051 0)
(0.427354 -0.391633 0)
(0.495474 -0.419118 0)
(0.564689 -0.451618 0)
(0.640836 -0.49354 0)
(0.727587 -0.53783 0)
(0.809006 -0.59325 0)
(0.865142 -0.687573 0)
(0.961374 -0.79546 0)
(1.10594 -0.794145 0)
(1.0757 -0.28163 0)
(0.640734 0.391916 0)
(0.349278 0.716927 0)
(0.25157 0.834891 0)
(0.184035 0.966154 0)
(0.267431 1.18583 0)
(0.684282 2.2346 0)
(0.024477 -0.332298 0)
(0.0748098 -0.386698 0)
(0.126619 -0.376032 0)
(0.178336 -0.379129 0)
(0.231239 -0.391423 0)
(0.285733 -0.40822 0)
(0.342285 -0.428999 0)
(0.400399 -0.454356 0)
(0.463135 -0.4851 0)
(0.525131 -0.521524 0)
(0.594104 -0.568191 0)
(0.672754 -0.615626 0)
(0.730522 -0.681816 0)
(0.765718 -0.795015 0)
(0.866764 -0.889582 0)
(0.949994 -0.654291 0)
(0.721313 0.0989463 0)
(0.288968 0.655836 0)
(0.179628 0.83924 0)
(0.17624 0.872591 0)
(0.175063 0.918599 0)
(0.232837 1.01133 0)
(0.595396 1.41924 0)
(0.0234553 -0.380337 0)
(0.0705511 -0.43718 0)
(0.118387 -0.425666 0)
(0.166409 -0.429836 0)
(0.215552 -0.44346 0)
(0.265915 -0.461743 0)
(0.317845 -0.484298 0)
(0.370722 -0.51176 0)
(0.427611 -0.54487 0)
(0.481828 -0.584069 0)
(0.543733 -0.633657 0)
(0.61251 -0.682172 0)
(0.643229 -0.758934 0)
(0.675997 -0.878106 0)
(0.770506 -0.924097 0)
(0.772569 -0.476222 0)
(0.329486 0.422556 0)
(0.120692 0.796848 0)
(0.132826 0.849173 0)
(0.162915 0.841005 0)
(0.202898 0.849083 0)
(0.254766 0.87677 0)
(0.492088 0.987001 0)
(0.0222302 -0.425856 0)
(0.0657999 -0.483404 0)
(0.109465 -0.471423 0)
(0.153593 -0.476687 0)
(0.198712 -0.491339 0)
(0.244678 -0.510685 0)
(0.291742 -0.53448 0)
(0.339188 -0.563351 0)
(0.390029 -0.59792 0)
(0.436387 -0.638735 0)
(0.491893 -0.689429 0)
(0.548831 -0.737471 0)
(0.555038 -0.823342 0)
(0.597416 -0.936214 0)
(0.66916 -0.889261 0)
(0.521324 -0.11496 0)
(0.0703233 0.640672 0)
(0.0775023 0.816539 0)
(0.124554 0.804697 0)
(0.165632 0.791835 0)
(0.220116 0.790616 0)
(0.280917 0.78919 0)
(0.416725 0.801742 0)
(0.0208264 -0.468508 0)
(0.060653 -0.525229 0)
(0.100033 -0.513181 0)
(0.140142 -0.5195 0)
(0.181062 -0.534879 0)
(0.222481 -0.5549 0)
(0.264571 -0.579452 0)
(0.306564 -0.609117 0)
(0.351362 -0.644369 0)
(0.390179 -0.685832 0)
(0.440132 -0.7362 0)
(0.483609 -0.78316 0)
(0.473918 -0.87538 0)
(0.526561 -0.971586 0)
(0.566935 -0.7243 0)
(0.32299 0.215008 0)
(0.000802243 0.742811 0)
(0.0812127 0.777238 0)
(0.123212 0.753116 0)
(0.166426 0.744303 0)
(0.218227 0.737244 0)
(0.275772 0.720732 0)
(0.353923 0.694608 0)
(0.0192774 -0.508009 0)
(0.0552144 -0.562607 0)
(0.0902651 -0.550885 0)
(0.126294 -0.558169 0)
(0.162922 -0.573988 0)
(0.199742 -0.594344 0)
(0.236865 -0.619232 0)
(0.273511 -0.649166 0)
(0.312419 -0.684472 0)
(0.344263 -0.725827 0)
(0.389326 -0.774883 0)
(0.418664 -0.820794 0)
(0.403724 -0.914871 0)
(0.458895 -0.98557 0)
(0.47026 -0.584809 0)
(0.120181 0.49262 0)
(0.026764 0.769455 0)
(0.0819293 0.728496 0)
(0.117946 0.709423 0)
(0.159099 0.700652 0)
(0.202545 0.687093 0)
(0.249729 0.663496 0)
(0.300755 0.626703 0)
(0.0176132 -0.544095 0)
(0.0495815 -0.59552 0)
(0.0803206 -0.584493 0)
(0.112261 -0.592609 0)
(0.144572 -0.608609 0)
(0.176818 -0.629004 0)
(0.209064 -0.653874 0)
(0.24055 -0.68365 0)
(0.2738 -0.718528 0)
(0.299342 -0.759225 0)
(0.339881 -0.806375 0)
(0.355408 -0.851491 0)
(0.342466 -0.943915 0)
(0.393795 -0.987783 0)
(0.348649 -0.362229 0)
(-0.0903258 0.643574 0)
(0.0669647 0.731518 0)
(0.0666887 0.683963 0)
(0.10902 0.672564 0)
(0.14625 0.662202 0)
(0.18185 0.645533 0)
(0.219253 0.620678 0)
(0.2559 0.585047 0)
(0.0158665 -0.576484 0)
(0.0438475 -0.623922 0)
(0.0703419 -0.613919 0)
(0.0982261 -0.622714 0)
(0.126253 -0.63867 0)
(0.15401 -0.658868 0)
(0.181522 -0.683442 0)
(0.208075 -0.712735 0)
(0.235938 -0.746847 0)
(0.255857 -0.786508 0)
(0.291992 -0.831479 0)
(0.294828 -0.876069 0)
(0.288346 -0.964395 0)
(0.330768 -0.975049 0)
(0.208254 0.0161919 0)
(-0.161161 0.687373 0)
(0.0781986 0.658021 0)
(0.0552025 0.644276 0)
(0.100507 0.63966 0)
(0.132031 0.629535 0)
(0.160854 0.612934 0)
(0.189801 0.588939 0)
(0.216393 0.55621 0)
(0.0140695 -0.605301 0)
(0.0380928 -0.648163 0)
(0.0604436 -0.639471 0)
(0.0843348 -0.64879 0)
(0.108154 -0.664533 0)
(0.131543 -0.684364 0)
(0.154495 -0.708449 0)
(0.17636 -0.737053 0)
(0.199134 -0.770197 0)
(0.214065 -0.80859 0)
(0.245795 -0.851342 0)
(0.237665 -0.895264 0)
(0.239414 -0.97727 0)
(0.270446 -0.93367 0)
(0.0953311 0.361179 0)
(-0.0789145 0.673389 0)
(0.0685184 0.59937 0)
(0.061806 0.610306 0)
(0.0952551 0.61135 0)
(0.119184 0.603223 0)
(0.141047 0.587773 0)
(0.162362 0.565075 0)
(0.181331 0.53513 0)
(0.0122433 -0.630934 0)
(0.0323808 -0.668743 0)
(0.0507146 -0.661582 0)
(0.0706935 -0.671247 0)
(0.0904125 -0.686611 0)
(0.109581 -0.70591 0)
(0.128168 -0.729311 0)
(0.145601 -0.757026 0)
(0.163612 -0.789029 0)
(0.17418 -0.825975 0)
(0.201512 -0.866607 0)
(0.184227 -0.909074 0)
(0.193257 -0.986474 0)
(0.209577 -0.84234 0)
(-0.0187048 0.441823 0)
(0.0305357 0.627978 0)
(0.0633212 0.572296 0)
(0.0737531 0.586821 0)
(0.0934443 0.591091 0)
(0.108141 0.58448 0)
(0.122518 0.56978 0)
(0.136904 0.548062 0)
(0.149898 0.520272 0)
(0.0104307 -0.651867 0)
(0.02685 -0.684308 0)
(0.041338 -0.678808 0)
(0.0575393 -0.688622 0)
(0.0733483 -0.703436 0)
(0.0885284 -0.722024 0)
(0.103021 -0.74454 0)
(0.116322 -0.771188 0)
(0.129859 -0.801945 0)
(0.136599 -0.837283 0)
(0.158795 -0.875979 0)
(0.132735 -0.916097 0)
(0.145832 -0.996963 0)
(0.135806 -0.692637 0)
(-0.0634416 0.470254 0)
(0.0926571 0.577764 0)
(0.0697523 0.559445 0)
(0.0850366 0.575431 0)
(0.0925915 0.580602 0)
(0.0975908 0.573985 0)
(0.104414 0.558833 0)
(0.112549 0.537052 0)
(0.120726 0.510214 0)
(0.00869471 -0.667468 0)
(0.02173 -0.694604 0)
(0.0326596 -0.690946 0)
(0.0453871 -0.700875 0)
(0.0576429 -0.71525 0)
(0.0692046 -0.733266 0)
(0.0799625 -0.755082 0)
(0.0894289 -0.780889 0)
(0.0985608 -0.810743 0)
(0.101436 -0.844284 0)
(0.11587 -0.880416 0)
(0.0803066 -0.916402 0)
(0.0980423 -1.00048 0)
(0.0526474 -0.586976 0)
(-0.0781476 0.450955 0)
(0.141911 0.525841 0)
(0.0923112 0.55455 0)
(0.0976566 0.575894 0)
(0.0915919 0.580547 0)
(0.0860856 0.571963 0)
(0.0853179 0.554483 0)
(0.0879192 0.531057 0)
(0.0923529 0.50372 0)
(0.00702636 -0.685442 0)
(0.0170006 -0.70711 0)
(0.0246843 -0.705584 0)
(0.0343332 -0.715616 0)
(0.0433406 -0.729657 0)
(0.0515339 -0.747171 0)
(0.0586684 -0.768245 0)
(0.0642252 -0.792922 0)
(0.0685688 -0.821348 0)
(0.0665987 -0.851427 0)
(0.0725937 -0.881086 0)
(0.0358896 -0.911564 0)
(0.0822068 -0.969558 0)
(-0.0202958 -0.371629 0)
(0.068818 0.355057 0)
(0.218712 0.498428 0)
(0.144144 0.568758 0)
(0.112966 0.593035 0)
(0.0882304 0.593354 0)
(0.0711989 0.578917 0)
(0.0631658 0.556158 0)
(0.0613521 0.529035 0)
(0.0633456 0.499679 0)
(0.00524785 -0.70167 0)
(0.0119395 -0.717261 0)
(0.016363 -0.717688 0)
(0.0228509 -0.726947 0)
(0.0283225 -0.739464 0)
(0.0327578 -0.7549 0)
(0.0357016 -0.773118 0)
(0.0367347 -0.793839 0)
(0.0360904 -0.816967 0)
(0.0292762 -0.840479 0)
(0.0384018 -0.860453 0)
(0.0376581 -0.9088 0)
(0.145786 -0.920341 0)
(0.159944 -0.711646 0)
(0.357545 0.241647 0)
(0.394475 0.573281 0)
(0.220035 0.637256 0)
(0.124235 0.637781 0)
(0.0768567 0.622275 0)
(0.048468 0.594809 0)
(0.0349852 0.562672 0)
(0.0309168 0.529504 0)
(0.0323381 0.496719 0)
(0.00274057 -0.688939 0)
(0.00423711 -0.69915 0)
(0.00488044 -0.701485 0)
(0.006601 -0.709577 0)
(0.00696568 -0.720255 0)
(0.00613788 -0.733442 0)
(0.0040217 -0.748975 0)
(0.00046738 -0.766847 0)
(-0.000903957 -0.786648 0)
(0.000297597 -0.817025 0)
(0.0398774 -0.859208 0)
(0.137366 -0.98104 0)
(0.244718 -0.938387 0)
(0.433828 -0.839091 0)
(0.500319 0.205752 0)
(0.558128 0.780476 0)
(0.271134 0.800679 0)
(0.10308 0.718678 0)
(0.0444786 0.666563 0)
(0.0109959 0.616432 0)
(-0.00271582 0.570969 0)
(-0.00521801 0.530099 0)
(-0.00170963 0.493059 0)
(-0.000551762 -0.682359 0)
(-0.0108931 -0.689177 0)
(-0.0168133 -0.694757 0)
(-0.0247119 -0.703603 0)
(-0.0336276 -0.716006 0)
(-0.0426738 -0.732172 0)
(-0.0489487 -0.752218 0)
(-0.0537588 -0.779677 0)
(-0.0396289 -0.819211 0)
(0.024409 -0.909373 0)
(0.150728 -1.07422 0)
(0.343955 -1.16324 0)
(0.408888 -1.19699 0)
(0.374348 -0.844533 0)
(0.357237 -0.3152 0)
(0.441679 0.946739 0)
(0.173519 1.00723 0)
(0.0141005 0.822433 0)
(-0.0231117 0.712858 0)
(-0.0480814 0.635351 0)
(-0.0520298 0.575711 0)
(-0.0477001 0.527256 0)
(-0.0391332 0.486371 0)
(-0.00159632 -0.722521 0)
(-0.0280706 -0.727664 0)
(-0.0408188 -0.734572 0)
(-0.0571739 -0.741606 0)
(-0.0702297 -0.754386 0)
(-0.0777149 -0.773523 0)
(-0.0722182 -0.798113 0)
(-0.0570879 -0.839658 0)
(-0.0203548 -0.924233 0)
(0.0783502 -1.03261 0)
(0.177485 -1.24729 0)
(0.31606 -1.22577 0)
(0.509326 -1.13415 0)
(0.0549095 -0.700935 0)
(0.109241 -0.119936 0)
(-0.142441 1.09431 0)
(-0.115679 1.12377 0)
(-0.150434 0.884435 0)
(-0.133617 0.735128 0)
(-0.126959 0.639051 0)
(-0.111551 0.569935 0)
(-0.0953429 0.516844 0)
(-0.0788377 0.474189 0)
(-0.0075149 -0.686966 0)
(-0.02936 -0.690807 0)
(-0.0456963 -0.698263 0)
(-0.0629329 -0.705973 0)
(-0.0780924 -0.721664 0)
(-0.0918894 -0.745432 0)
(-0.10174 -0.78095 0)
(-0.106662 -0.839453 0)
(-0.107256 -0.937644 0)
(-0.0910865 -1.09901 0)
(-0.10832 -1.31304 0)
(-0.139006 -1.32928 0)
(-0.0894001 -1.03818 0)
(-0.421819 -0.484517 0)
(-0.233184 0.1239 0)
(-0.712524 1.14545 0)
(-0.437628 1.09318 0)
(-0.341006 0.855255 0)
(-0.261674 0.710418 0)
(-0.213945 0.615803 0)
(-0.174991 0.547401 0)
(-0.144304 0.495653 0)
(-0.118405 0.454743 0)
(-0.0114735 -0.651464 0)
(-0.0332754 -0.657604 0)
(-0.0547897 -0.664475 0)
(-0.0766243 -0.674462 0)
(-0.0992628 -0.690501 0)
(-0.123323 -0.714474 0)
(-0.150403 -0.749721 0)
(-0.185355 -0.801867 0)
(-0.23372 -0.887152 0)
(-0.306967 -1.0299 0)
(-0.445197 -1.19075 0)
(-0.665655 -1.19768 0)
(-0.846824 -0.88247 0)
(-0.8478 -0.303743 0)
(-0.870036 0.350477 0)
(-1.04748 1.02468 0)
(-0.656614 0.89255 0)
(-0.493989 0.733758 0)
(-0.370488 0.634923 0)
(-0.290473 0.562395 0)
(-0.232463 0.506426 0)
(-0.18893 0.462786 0)
(-0.154502 0.427501 0)
(-0.0123915 -0.62311 0)
(-0.0367467 -0.631756 0)
(-0.0617964 -0.637045 0)
(-0.0878172 -0.646776 0)
(-0.1165 -0.661059 0)
(-0.148997 -0.681256 0)
(-0.18785 -0.708552 0)
(-0.239267 -0.745165 0)
(-0.309424 -0.797229 0)
(-0.414068 -0.879104 0)
(-0.606493 -0.979522 0)
(-0.892337 -0.981674 0)
(-1.15948 -0.739714 0)
(-1.29456 -0.24266 0)
(-1.25059 0.354287 0)
(-1.07275 0.711487 0)
(-0.731626 0.610278 0)
(-0.566044 0.569401 0)
(-0.433603 0.528513 0)
(-0.342542 0.487665 0)
(-0.275295 0.45147 0)
(-0.224141 0.420467 0)
(-0.184039 0.393655 0)
(-0.0134016 -0.604688 0)
(-0.0409755 -0.612335 0)
(-0.0691422 -0.616379 0)
(-0.0993754 -0.623461 0)
(-0.132587 -0.633595 0)
(-0.170421 -0.647277 0)
(-0.215514 -0.664859 0)
(-0.272596 -0.685995 0)
(-0.344254 -0.708572 0)
(-0.438929 -0.734393 0)
(-0.596069 -0.762012 0)
(-0.840238 -0.735737 0)
(-1.08846 -0.553341 0)
(-1.20214 -0.206057 0)
(-1.13008 0.161175 0)
(-0.91776 0.370717 0)
(-0.696995 0.382259 0)
(-0.567532 0.417738 0)
(-0.452232 0.418637 0)
(-0.36722 0.40682 0)
(-0.300199 0.390571 0)
(-0.247474 0.373108 0)
(-0.205245 0.355756 0)
(-0.0143129 -0.571763 0)
(-0.0434057 -0.578078 0)
(-0.0736495 -0.581073 0)
(-0.106045 -0.585567 0)
(-0.141583 -0.591662 0)
(-0.181846 -0.599197 0)
(-0.229313 -0.607939 0)
(-0.287437 -0.616865 0)
(-0.357768 -0.622378 0)
(-0.444039 -0.618903 0)
(-0.561544 -0.59779 0)
(-0.716028 -0.538328 0)
(-0.865818 -0.407943 0)
(-0.933873 -0.196979 0)
(-0.881658 0.0278474 0)
(-0.75195 0.175637 0)
(-0.628015 0.246338 0)
(-0.533138 0.302085 0)
(-0.442974 0.324381 0)
(-0.370286 0.332263 0)
(-0.309354 0.331251 0)
(-0.259363 0.325375 0)
(-0.218 0.316762 0)
(-0.0145469 -0.544227 0)
(-0.0448341 -0.549737 0)
(-0.0762659 -0.551242 0)
(-0.109462 -0.55317 0)
(-0.145658 -0.555347 0)
(-0.186061 -0.557282 0)
(-0.232448 -0.558172 0)
(-0.286719 -0.556129 0)
(-0.34995 -0.548107 0)
(-0.423815 -0.531381 0)
(-0.511381 -0.498522 0)
(-0.607855 -0.430151 0)
(-0.690742 -0.311473 0)
(-0.728136 -0.158262 0)
(-0.704798 -0.012328 0)
(-0.638427 0.0935898 0)
(-0.562473 0.166444 0)
(-0.489861 0.219673 0)
(-0.420595 0.25081 0)
(-0.360135 0.269122 0)
(-0.307243 0.277924 0)
(-0.262019 0.280591 0)
(-0.223389 0.279084 0)
(-0.0146511 -0.513004 0)
(-0.0451532 -0.517966 0)
(-0.076652 -0.517848 0)
(-0.109671 -0.517489 0)
(-0.145246 -0.516346 0)
(-0.184279 -0.513805 0)
(-0.22788 -0.508888 0)
(-0.276795 -0.499812 0)
(-0.331232 -0.483874 0)
(-0.392078 -0.45811 0)
(-0.459913 -0.418037 0)
(-0.527879 -0.356085 0)
(-0.579463 -0.266922 0)
(-0.599904 -0.157679 0)
(-0.586987 -0.0486853 0)
(-0.549691 0.0418061 0)
(-0.500137 0.108921 0)
(-0.446073 0.159049 0)
(-0.392575 0.19359 0)
(-0.342902 0.216983 0)
(-0.29786 0.23175 0)
(-0.257971 0.240271 0)
(-0.22294 0.244152 0)
(-0.0146519 -0.483313 0)
(-0.044563 -0.487511 0)
(-0.0752725 -0.486077 0)
(-0.107393 -0.483802 0)
(-0.141443 -0.480047 0)
(-0.178111 -0.474154 0)
(-0.217997 -0.465125 0)
(-0.261324 -0.45148 0)
(-0.307923 -0.43139 0)
(-0.35747 -0.402802 0)
(-0.408648 -0.362314 0)
(-0.456586 -0.305503 0)
(-0.49225 -0.232036 0)
(-0.507418 -0.149174 0)
(-0.500628 -0.0674592 0)
(-0.47678 0.00520956 0)
(-0.442659 0.0650994 0)
(-0.403137 0.112339 0)
(-0.361882 0.147819 0)
(-0.321623 0.173824 0)
(-0.283769 0.192232 0)
(-0.249193 0.204708 0)
(-0.218052 0.21256 0)
(-0.0142747 -0.454401 0)
(-0.0430277 -0.457655 0)
(-0.0724417 -0.455297 0)
(-0.103071 -0.451495 0)
(-0.135036 -0.445765 0)
(-0.168826 -0.437478 0)
(-0.204698 -0.425771 0)
(-0.242563 -0.409499 0)
(-0.282033 -0.387335 0)
(-0.32243 -0.357828 0)
(-0.362075 -0.319156 0)
(-0.397249 -0.269582 0)
(-0.422708 -0.209598 0)
(-0.43426 -0.143565 0)
(-0.431146 -0.0779863 0)
(-0.41592 -0.0180182 0)
(-0.391948 0.0337017 0)
(-0.362501 0.0768436 0)
(-0.330571 0.111375 0)
(-0.298177 0.138282 0)
(-0.266698 0.158707 0)
(-0.237128 0.173756 0)
(-0.209863 0.184454 0)
(-0.0135053 -0.426529 0)
(-0.0407719 -0.429014 0)
(-0.0685855 -0.426052 0)
(-0.0972744 -0.421186 0)
(-0.126846 -0.414106 0)
(-0.157571 -0.404283 0)
(-0.189508 -0.391032 0)
(-0.222427 -0.373522 0)
(-0.25582 -0.350863 0)
(-0.28886 -0.322109 0)
(-0.320021 -0.286257 0)
(-0.346754 -0.24277 0)
(-0.365947 -0.19262 0)
(-0.375236 -0.138685 0)
(-0.374143 -0.0848118 0)
(-0.364018 -0.0342772 0)
(-0.346897 0.0110369 0)
(-0.324883 0.0500408 0)
(-0.300054 0.0826659 0)
(-0.274017 0.109297 0)
(-0.24798 0.130558 0)
(-0.222915 0.147127 0)
(-0.199308 0.159768 0)
(-0.0125312 -0.400002 0)
(-0.0381009 -0.402004 0)
(-0.0640766 -0.39861 0)
(-0.0905454 -0.39307 0)
(-0.117577 -0.385156 0)
(-0.145242 -0.374466 0)
(-0.173483 -0.360489 0)
(-0.202004 -0.342646 0)
(-0.230282 -0.320357 0)
(-0.25752 -0.293066 0)
(-0.282473 -0.260331 0)
(-0.303401 -0.222157 0)
(-0.318415 -0.179463 0)
(-0.326138 -0.134194 0)
(-0.326223 -0.0888068 0)
(-0.319404 -0.0455 0)
(-0.306992 -0.00576342 0)
(-0.290364 0.0294783 0)
(-0.270961 0.0599448 0)
(-0.250019 0.0857031 0)
(-0.228541 0.107059 0)
(-0.207415 0.124405 0)
(-0.187137 0.138299 0)
(-0.0115342 -0.375314 0)
(-0.0352333 -0.377045 0)
(-0.0591745 -0.373322 0)
(-0.0833114 -0.367389 0)
(-0.10777 -0.359028 0)
(-0.132489 -0.347956 0)
(-0.157337 -0.333811 0)
(-0.182007 -0.31621 0)
(-0.206006 -0.2948 0)
(-0.228639 -0.269292 0)
(-0.248947 -0.239558 0)
(-0.265742 -0.205829 0)
(-0.277836 -0.168901 0)
(-0.284392 -0.130125 0)
(-0.285174 -0.0911441 0)
(-0.280584 -0.0535082 0)
(-0.271462 -0.0183578 0)
(-0.258771 0.0135682 0)
(-0.243527 0.0418669 0)
(-0.226658 0.0664766 0)
(-0.208967 0.0874943 0)
(-0.191232 0.105118 0)
(-0.173922 0.119762 0)
(-0.0105809 -0.352744 0)
(-0.0322629 -0.354302 0)
(-0.0540361 -0.350352 0)
(-0.0758504 -0.34422 0)
(-0.097786 -0.335688 0)
(-0.119726 -0.324563 0)
(-0.1415 -0.310605 0)
(-0.16281 -0.293578 0)
(-0.183225 -0.273287 0)
(-0.202169 -0.24962 0)
(-0.218919 -0.22262 0)
(-0.232658 -0.192592 0)
(-0.242614 -0.160195 0)
(-0.24826 -0.12641 0)
(-0.249438 -0.0923842 0)
(-0.24636 -0.0592317 0)
(-0.239576 -0.0278445 0)
(-0.229832 0.0011674 0)
(-0.217802 0.0274355 0)
(-0.204183 0.0507993 0)
(-0.189624 0.0712353 0)
(-0.174782 0.0888152 0)
(-0.160082 0.103848 0)
(-0.00965149 -0.332328 0)
(-0.0292224 -0.333733 0)
(-0.0487781 -0.329676 0)
(-0.0683386 -0.323489 0)
(-0.0878537 -0.314978 0)
(-0.107206 -0.304018 0)
(-0.126207 -0.290465 0)
(-0.144587 -0.274187 0)
(-0.161979 -0.2551 0)
(-0.177921 -0.233201 0)
(-0.191875 -0.208618 0)
(-0.203267 -0.181667 0)
(-0.211585 -0.152889 0)
(-0.216483 -0.123018 0)
(-0.217854 -0.0928906 0)
(-0.21584 -0.0633259 0)
(-0.210809 -0.035047 0)
(-0.203264 -0.00855621 0)
(-0.193699 0.0158803 0)
(-0.182693 0.0380098 0)
(-0.170725 0.057748 0)
(-0.158341 0.0750851 0)
(-0.145919 0.0902566 0)
(-0.00870862 -0.313992 0)
(-0.026145 -0.315233 0)
(-0.0435118 -0.311181 0)
(-0.060903 -0.305047 0)
(-0.0781239 -0.29669 0)
(-0.0950783 -0.286037 0)
(-0.11158 -0.273013 0)
(-0.127391 -0.25756 0)
(-0.142205 -0.239669 0)
(-0.155661 -0.219401 0)
(-0.167355 -0.196923 0)
(-0.176883 -0.172535 0)
(-0.183895 -0.146682 0)
(-0.188158 -0.119933 0)
(-0.189604 -0.0929204 0)
(-0.188331 -0.0662712 0)
(-0.184581 -0.0405498 0)
(-0.178699 -0.016171 0)
(-0.171099 0.00661101 0)
(-0.1622 0.0275775 0)
(-0.152379 0.0465836 0)
(-0.142083 0.0635674 0)
(-0.131641 0.07871 0)
(-0.00773946 -0.29766 0)
(-0.0230817 -0.298727 0)
(-0.0383385 -0.294756 0)
(-0.0536418 -0.28875 0)
(-0.0686973 -0.280634 0)
(-0.0834302 -0.270372 0)
(-0.0976681 -0.257935 0)
(-0.111204 -0.243319 0)
(-0.12379 -0.226562 0)
(-0.135143 -0.207762 0)
(-0.144962 -0.187099 0)
(-0.152957 -0.164848 0)
(-0.158885 -0.14138 0)
(-0.162588 -0.117147 0)
(-0.164019 -0.0926429 0)
(-0.163251 -0.0683589 0)
(-0.160454 -0.0447417 0)
(-0.155888 -0.0221571 0)
(-0.149872 -0.000845226 0)
(-0.142664 0.0190728 0)
(-0.134625 0.0373693 0)
(-0.126104 0.0539528 0)
(-0.117383 0.0689607 0)
(-0.00675801 -0.283286 0)
(-0.0200857 -0.284187 0)
(-0.0333302 -0.280331 0)
(-0.0466221 -0.274497 0)
(-0.0596327 -0.266667 0)
(-0.0722997 -0.256829 0)
(-0.0844701 -0.24499 0)
(-0.0959693 -0.231178 0)
(-0.106597 -0.215461 0)
(-0.116133 -0.197957 0)
(-0.124353 -0.178845 0)
(-0.131048 -0.158374 0)
(-0.136045 -0.136857 0)
(-0.139237 -0.114664 0)
(-0.140594 -0.0921919 0)
(-0.14017 -0.0698354 0)
(-0.138092 -0.0479625 0)
(-0.134557 -0.0268935 0)
(-0.129798 -0.00683156 0)
(-0.123987 0.0121583 0)
(-0.117448 0.029803 0)
(-0.110449 0.0459813 0)
(-0.103227 0.060795 0)
(-0.0057859 -0.270857 0)
(-0.0171909 -0.271616 0)
(-0.0285187 -0.267879 0)
(-0.0398732 -0.262234 0)
(-0.0509466 -0.2547 0)
(-0.0616812 -0.245283 0)
(-0.0719464 -0.234011 0)
(-0.0815974 -0.220937 0)
(-0.0904741 -0.206145 0)
(-0.0984077 -0.18976 0)
(-0.10523 -0.171956 0)
(-0.110788 -0.152957 0)
(-0.114962 -0.133032 0)
(-0.117675 -0.112491 0)
(-0.118911 -0.0916605 0)
(-0.118713 -0.0708656 0)
(-0.11718 -0.0504146 0)
(-0.114453 -0.0305844 0)
(-0.110699 -0.0115651 0)
(-0.106073 0.00658255 0)
(-0.100805 0.0236435 0)
(-0.0951214 0.0394382 0)
(-0.0892155 0.0540322 0)
(-0.00483838 -0.260323 0)
(-0.0144038 -0.260974 0)
(-0.0238974 -0.25735 0)
(-0.0333852 -0.251894 0)
(-0.042615 -0.244644 0)
(-0.0515302 -0.23562 0)
(-0.0600227 -0.224864 0)
(-0.0679753 -0.212442 0)
(-0.0752623 -0.198448 0)
(-0.0817544 -0.183009 0)
(-0.0873264 -0.166289 0)
(-0.0918676 -0.148492 0)
(-0.0952922 -0.129854 0)
(-0.0975494 -0.110639 0)
(-0.0986297 -0.0911229 0)
(-0.0985674 -0.0715821 0)
(-0.0974374 -0.0522791 0)
(-0.0953486 -0.0334515 0)
(-0.0924337 -0.0152864 0)
(-0.0888255 0.00212829 0)
(-0.0846415 0.0186946 0)
(-0.0801043 0.0341484 0)
(-0.0753644 0.0485229 0)
(-0.00392125 -0.251468 0)
(-0.0117137 -0.252048 0)
(-0.0194421 -0.248531 0)
(-0.0271306 -0.243258 0)
(-0.0345975 -0.236274 0)
(-0.0417872 -0.227611 0)
(-0.0486137 -0.217319 0)
(-0.0549848 -0.205469 0)
(-0.0608039 -0.192158 0)
(-0.065974 -0.177512 0)
(-0.0704035 -0.161686 0)
(-0.074013 -0.144865 0)
(-0.0767428 -0.12726 0)
(-0.0785586 -0.1091 0)
(-0.0794566 -0.0906258 0)
(-0.0794648 -0.0720769 0)
(-0.0786415 -0.0536836 0)
(-0.0770693 -0.0356584 0)
(-0.0748553 -0.0181829 0)
(-0.0721044 -0.0013566 0)
(-0.068868 0.0148059 0)
(-0.0653569 0.0299738 0)
(-0.061669 0.0441477 0)
(-0.00302706 -0.244372 0)
(-0.00909864 -0.244908 0)
(-0.0151321 -0.241472 0)
(-0.0210916 -0.236351 0)
(-0.0268715 -0.229591 0)
(-0.0324187 -0.221227 0)
(-0.0376681 -0.211314 0)
(-0.04255 -0.199929 0)
(-0.046993 -0.187168 0)
(-0.0509272 -0.173156 0)
(-0.054288 -0.158038 0)
(-0.0570209 -0.141986 0)
(-0.0590862 -0.125189 0)
(-0.0604627 -0.107852 0)
(-0.061151 -0.0901875 0)
(-0.0611745 -0.072407 0)
(-0.0605786 -0.0547156 0)
(-0.059427 -0.0373048 0)
(-0.0578023 -0.0203492 0)
(-0.055791 -0.00396454 0)
(-0.0534126 0.0118691 0)
(-0.0508333 0.0268117 0)
(-0.0481136 0.0408157 0)
(-0.00212669 -0.239936 0)
(-0.00649616 -0.24041 0)
(-0.0108915 -0.237021 0)
(-0.0151816 -0.231996 0)
(-0.0193353 -0.225374 0)
(-0.0233086 -0.217195 0)
(-0.027056 -0.207517 0)
(-0.0305283 -0.196421 0)
(-0.0336752 -0.184006 0)
(-0.0364484 -0.170395 0)
(-0.0388043 -0.155728 0)
(-0.0407072 -0.140169 0)
(-0.0421325 -0.123896 0)
(-0.0430692 -0.107097 0)
(-0.0435216 -0.0899669 0)
(-0.0435105 -0.0727008 0)
(-0.0430725 -0.0554849 0)
(-0.0422575 -0.0384941 0)
(-0.041131 -0.0218921 0)
(-0.0397699 -0.00580425 0)
(-0.0381869 0.00980067 0)
(-0.0364792 0.0245885 0)
(-0.0346752 0.0384605 0)
(-0.00119826 -0.237474 0)
(-0.00381421 -0.237731 0)
(-0.00653722 -0.234417 0)
(-0.00914548 -0.229491 0)
(-0.0116638 -0.222986 0)
(-0.014069 -0.21495 0)
(-0.0163363 -0.205445 0)
(-0.0184365 -0.194554 0)
(-0.0203391 -0.182377 0)
(-0.0220136 -0.169033 0)
(-0.0234326 -0.154658 0)
(-0.0245733 -0.139406 0)
(-0.0254198 -0.123447 0)
(-0.0259651 -0.106959 0)
(-0.0262123 -0.0901257 0)
(-0.0261758 -0.0731325 0)
(-0.0258817 -0.0561568 0)
(-0.0253693 -0.039365 0)
(-0.0246931 -0.0229109 0)
(-0.0239192 -0.00692563 0)
(-0.0230854 0.00858926 0)
(-0.0222369 0.0232944 0)
(-0.021337 0.0370722 0)
(-0.000309657 -0.234299 0)
(-0.00113173 -0.234154 0)
(-0.00207642 -0.230967 0)
(-0.00293361 -0.226158 0)
(-0.00375523 -0.219781 0)
(-0.00454095 -0.211896 0)
(-0.00528552 -0.202573 0)
(-0.00598041 -0.191897 0)
(-0.00661571 -0.179969 0)
(-0.00718112 -0.166906 0)
(-0.00766667 -0.152842 0)
(-0.0080635 -0.137924 0)
(-0.00836458 -0.122314 0)
(-0.00856549 -0.10618 0)
(-0.00866519 -0.0896953 0)
(-0.00866674 -0.0730295 0)
(-0.00857839 -0.0563447 0)
(-0.00841567 -0.0397862 0)
(-0.0082079 -0.0234719 0)
(-0.00803457 -0.00749426 0)
(-0.00786216 0.00804328 0)
(-0.00764858 0.0226961 0)
(-0.00744941 0.0364 0)
(0.680131 1.90259 0)
(-0.217958 0.340117 0)
(-0.381297 -0.19895 0)
(-0.248126 -0.315457 0)
(1.15166 2.11542 0)
(1.06055 1.25662 0)
(0.904562 0.505287 0)
(0.763416 -0.0184153 0)
(1.04177 1.38872 0)
(1.23148 1.01189 0)
(1.23637 0.549733 0)
(1.1378 0.180514 0)
(0.758475 0.923212 0)
(0.910458 0.757348 0)
(0.956625 0.549407 0)
(0.916315 0.369969 0)
(0.542774 0.742867 0)
(0.613834 0.659142 0)
(0.644585 0.55851 0)
(0.639769 0.461056 0)
(0.414464 0.643863 0)
(0.447373 0.592068 0)
(0.466805 0.533015 0)
(0.474068 0.473133 0)
(0.336928 0.584936 0)
(0.356479 0.548809 0)
(0.369713 0.508605 0)
(0.377118 0.467417 0)
(0.280377 0.550263 0)
(0.293169 0.522345 0)
(0.302104 0.491933 0)
(0.307686 0.461023 0)
(0.233394 0.52631 0)
(0.242141 0.503496 0)
(0.248482 0.479324 0)
(0.252792 0.454988 0)
(0.193323 0.50899 0)
(0.199541 0.489733 0)
(0.204214 0.469713 0)
(0.2076 0.449633 0)
(0.158285 0.496723 0)
(0.16274 0.479794 0)
(0.166217 0.462427 0)
(0.168888 0.445056 0)
(0.126394 0.488063 0)
(0.129595 0.472518 0)
(0.132234 0.456784 0)
(0.134399 0.441105 0)
(0.0960956 0.481905 0)
(0.0984856 0.46703 0)
(0.100619 0.452196 0)
(0.102521 0.437494 0)
(0.0660611 0.477287 0)
(0.0681083 0.462526 0)
(0.0701172 0.448032 0)
(0.0720659 0.433786 0)
(0.0351702 0.473074 0)
(0.0374399 0.458034 0)
(0.0397975 0.443492 0)
(0.0421937 0.429359 0)
(0.00269371 0.467859 0)
(0.00585656 0.452342 0)
(0.00913356 0.437569 0)
(0.0124524 0.423412 0)
(-0.0316013 0.459939 0)
(-0.0267595 0.444067 0)
(-0.0219416 0.42917 0)
(-0.0172017 0.415091 0)
(-0.0668225 0.447484 0)
(-0.0596737 0.431757 0)
(-0.0528135 0.417142 0)
(-0.0462318 0.40344 0)
(-0.101259 0.42926 0)
(-0.0915227 0.414474 0)
(-0.0823949 0.400762 0)
(-0.0738089 0.387918 0)
(-0.132653 0.40501 0)
(-0.120536 0.392063 0)
(-0.10929 0.379959 0)
(-0.0988572 0.368582 0)
(-0.158872 0.375637 0)
(-0.145008 0.365258 0)
(-0.132147 0.355368 0)
(-0.120308 0.34601 0)
(-0.178573 0.342969 0)
(-0.163804 0.335516 0)
(-0.150035 0.328188 0)
(-0.13738 0.321176 0)
(-0.191467 0.30915 0)
(-0.176602 0.304584 0)
(-0.162635 0.299857 0)
(-0.149755 0.295234 0)
(-0.198134 0.27602 0)
(-0.183792 0.27402 0)
(-0.170197 0.271682 0)
(-0.157578 0.269263 0)
(-0.199594 0.24479 0)
(-0.186163 0.244922 0)
(-0.17332 0.244628 0)
(-0.161305 0.244106 0)
(-0.196904 0.216088 0)
(-0.184595 0.217921 0)
(-0.172723 0.219295 0)
(-0.161526 0.220333 0)
(-0.190997 0.190175 0)
(-0.1799 0.193323 0)
(-0.169107 0.196011 0)
(-0.158848 0.198293 0)
(-0.18267 0.167104 0)
(-0.172797 0.171233 0)
(-0.163113 0.174924 0)
(-0.153841 0.178168 0)
(-0.172589 0.146786 0)
(-0.163896 0.151623 0)
(-0.155299 0.156052 0)
(-0.147011 0.16002 0)
(-0.161286 0.129045 0)
(-0.153696 0.134371 0)
(-0.14613 0.139327 0)
(-0.138792 0.143824 0)
(-0.149169 0.113659 0)
(-0.14259 0.119309 0)
(-0.135983 0.124625 0)
(-0.129538 0.129499 0)
(-0.136545 0.100395 0)
(-0.130881 0.106246 0)
(-0.125152 0.111796 0)
(-0.119533 0.116931 0)
(-0.123639 0.0890259 0)
(-0.118793 0.0949895 0)
(-0.113863 0.100683 0)
(-0.109002 0.105991 0)
(-0.110604 0.0793422 0)
(-0.106489 0.085359 0)
(-0.102281 0.0911289 0)
(-0.0981119 0.0965478 0)
(-0.0975442 0.0711599 0)
(-0.0940816 0.0771908 0)
(-0.0905275 0.0829921 0)
(-0.0869906 0.0884774 0)
(-0.0845208 0.0643227 0)
(-0.0816448 0.0703432 0)
(-0.0786861 0.0761462 0)
(-0.0757288 0.0816671 0)
(-0.0715681 0.0587013 0)
(-0.0692247 0.064698 0)
(-0.0668118 0.0704842 0)
(-0.0643903 0.0760191 0)
(-0.058699 0.0541934 0)
(-0.0568466 0.0601597 0)
(-0.0549396 0.0659186 0)
(-0.0530183 0.071452 0)
(-0.0459138 0.0507211 0)
(-0.0445221 0.0566552 0)
(-0.0430902 0.0623816 0)
(-0.0416416 0.0679015 0)
(-0.0332051 0.0482262 0)
(-0.0322547 0.054128 0)
(-0.0312762 0.0598194 0)
(-0.0302801 0.0653151 0)
(-0.0205759 0.0467073 0)
(-0.02006 0.0525783 0)
(-0.0195242 0.058234 0)
(-0.0189696 0.0636942 0)
(-0.00726155 0.0459086 0)
(-0.00712142 0.0517503 0)
(-0.00697296 0.0573701 0)
(-0.00681407 0.0627816 0)
(0.00434588 -0.250963 0)
(0.186765 -0.264228 0)
(0.217875 -0.173934 0)
(0.219166 -0.0813145 0)
(0.209472 -0.024072 0)
(0.192362 0.00741023 0)
(0.175578 0.0254082 0)
(0.15939 0.036399 0)
(0.143542 0.043087 0)
(0.128213 0.0469876 0)
(0.113387 0.0491169 0)
(0.0989988 0.0501364 0)
(0.0849947 0.0504789 0)
(0.0713259 0.0504327 0)
(0.057943 0.0501897 0)
(0.0447971 0.0498786 0)
(0.0318357 0.0495835 0)
(0.0190205 0.049361 0)
(0.00628209 0.0488652 0)
(0.623624 -0.30723 0)
(0.47093 -0.282564 0)
(0.354344 -0.141841 0)
(0.287121 -0.045512 0)
(0.246717 0.00188018 0)
(0.214839 0.0279846 0)
(0.188763 0.0435917 0)
(0.167131 0.0529024 0)
(0.148048 0.0583463 0)
(0.130697 0.0613372 0)
(0.114606 0.0627709 0)
(0.0994419 0.0632396 0)
(0.0849832 0.0631371 0)
(0.0710742 0.0627289 0)
(0.0575949 0.0621946 0)
(0.0444484 0.0616551 0)
(0.0315495 0.0611912 0)
(0.0188351 0.060856 0)
(0.00621844 0.060218 0)
(0.892913 -0.0414617 0)
(0.595273 -0.0670275 0)
(0.4168 -0.0185305 0)
(0.325483 0.0204804 0)
(0.270381 0.0438324 0)
(0.229514 0.0581696 0)
(0.19784 0.0673468 0)
(0.172456 0.0727967 0)
(0.150954 0.0757344 0)
(0.132052 0.0770248 0)
(0.114987 0.0772534 0)
(0.0992414 0.0768358 0)
(0.0844694 0.0760647 0)
(0.0704294 0.0751449 0)
(0.0569432 0.0742189 0)
(0.0438731 0.0733849 0)
(0.0311058 0.0727095 0)
(0.0185574 0.0722375 0)
(0.00612491 0.0714487 0)
(0.757065 0.202488 0)
(0.560318 0.110754 0)
(0.424299 0.0887879 0)
(0.337598 0.0876225 0)
(0.279035 0.0899252 0)
(0.23544 0.0923387 0)
(0.201572 0.0940822 0)
(0.174382 0.0947524 0)
(0.151603 0.0945039 0)
(0.131853 0.0935995 0)
(0.11426 0.092272 0)
(0.0982287 0.0907225 0)
(0.0833476 0.0891116 0)
(0.0693254 0.0875617 0)
(0.0559465 0.0861628 0)
(0.0430456 0.0849796 0)
(0.0304893 0.0840574 0)
(0.0181784 0.0834276 0)
(0.00599812 0.0824791 0)
(0.580449 0.332308 0)
(0.484746 0.22562 0)
(0.395892 0.173194 0)
(0.326265 0.148146 0)
(0.273799 0.134772 0)
(0.232681 0.126813 0)
(0.199635 0.121508 0)
(0.172537 0.117374 0)
(0.149669 0.113785 0)
(0.129836 0.110507 0)
(0.112225 0.107463 0)
(0.0962554 0.104652 0)
(0.081511 0.102102 0)
(0.0676866 0.099848 0)
(0.0545525 0.0979233 0)
(0.041931 0.0963542 0)
(0.0296782 0.0951607 0)
(0.0176867 0.0943585 0)
(0.00583456 0.0932454 0)
(0.457955 0.382601 0)
(0.411222 0.290378 0)
(0.354297 0.232306 0)
(0.302414 0.196901 0)
(0.259124 0.174152 0)
(0.222992 0.158743 0)
(0.192708 0.14777 0)
(0.167134 0.139444 0)
(0.145175 0.132765 0)
(0.125955 0.127199 0)
(0.108816 0.122449 0)
(0.0932601 0.118357 0)
(0.0789084 0.114841 0)
(0.0654734 0.111859 0)
(0.0527323 0.109387 0)
(0.0405091 0.107416 0)
(0.0286595 0.105941 0)
(0.0170749 0.104959 0)
(0.00563196 0.10368 0)
(0.37271 0.402323 0)
(0.347468 0.32765 0)
(0.310783 0.272929 0)
(0.273183 0.23437 0)
(0.238877 0.206823 0)
(0.208488 0.186723 0)
(0.181909 0.171685 0)
(0.158736 0.160056 0)
(0.138398 0.150776 0)
(0.12034 0.143187 0)
(0.104091 0.136873 0)
(0.0892631 0.131577 0)
(0.0755438 0.127134 0)
(0.0626835 0.123443 0)
(0.0504819 0.120435 0)
(0.0387763 0.118067 0)
(0.0274307 0.116312 0)
(0.0163417 0.115153 0)
(0.00538977 0.113712 0)
(0.306885 0.411496 0)
(0.292868 0.350429 0)
(0.269149 0.3009 0)
(0.242249 0.262523 0)
(0.215749 0.233068 0)
(0.190955 0.210365 0)
(0.168361 0.192673 0)
(0.148022 0.178652 0)
(0.129742 0.167345 0)
(0.11323 0.158092 0)
(0.0981895 0.15044 0)
(0.0843478 0.14408 0)
(0.0714675 0.1388 0)
(0.0593477 0.134457 0)
(0.0478205 0.13095 0)
(0.0367446 0.128211 0)
(0.025999 0.126193 0)
(0.0154908 0.124865 0)
(0.00510926 0.123269 0)
(0.253599 0.41555 0)
(0.245941 0.364401 0)
(0.230607 0.320006 0)
(0.211561 0.283337 0)
(0.191487 0.253672 0)
(0.171739 0.229805 0)
(0.153026 0.210566 0)
(0.135649 0.194955 0)
(0.119645 0.182182 0)
(0.104914 0.171651 0)
(0.0913019 0.162924 0)
(0.0786398 0.155679 0)
(0.0667629 0.149685 0)
(0.0555222 0.144776 0)
(0.044786 0.140829 0)
(0.0344395 0.137758 0)
(0.0243807 0.135503 0)
(0.0145315 0.134024 0)
(0.0047933 0.132283 0)
(0.20909 0.416795 0)
(0.205139 0.37281 0)
(0.195342 0.33292 0)
(0.182053 0.298489 0)
(0.167148 0.269517 0)
(0.15178 0.245411 0)
(0.136662 0.225438 0)
(0.122188 0.208887 0)
(0.108521 0.195144 0)
(0.0956875 0.183704 0)
(0.0836385 0.17417 0)
(0.0722876 0.166236 0)
(0.0615352 0.15967 0)
(0.0512811 0.154295 0)
(0.0414306 0.149981 0)
(0.0318967 0.146631 0)
(0.0225991 0.144175 0)
(0.0134767 0.142565 0)
(0.00444613 0.140694 0)
(0.170654 0.416557 0)
(0.169016 0.377678 0)
(0.163035 0.341465 0)
(0.154054 0.309277 0)
(0.143312 0.281412 0)
(0.131696 0.257624 0)
(0.119827 0.23748 0)
(0.108101 0.22049 0)
(0.0967357 0.20619 0)
(0.085831 0.19417 0)
(0.0754091 0.184085 0)
(0.0654475 0.175657 0)
(0.0558999 0.168665 0)
(0.0467093 0.162936 0)
(0.0378155 0.158337 0)
(0.0291593 0.154766 0)
(0.0206826 0.152148 0)
(0.0123427 0.150433 0)
(0.004073 0.14845 0)
(0.136356 0.415434 0)
(0.136361 0.380117 0)
(0.13321 0.346784 0)
(0.127588 0.31663 0)
(0.120267 0.290013 0)
(0.111878 0.266862 0)
(0.102921 0.246926 0)
(0.09375 0.229871 0)
(0.0845956 0.215349 0)
(0.0755931 0.20303 0)
(0.066811 0.192625 0)
(0.0582728 0.183888 0)
(0.0499746 0.176615 0)
(0.0418956 0.170643 0)
(0.0340068 0.165843 0)
(0.0262745 0.162113 0)
(0.018663 0.159379 0)
(0.0111477 0.157587 0)
(0.00367985 0.155508 0)
(0.104788 0.413565 0)
(0.106226 0.38067 0)
(0.105398 0.349559 0)
(0.102556 0.321175 0)
(0.0981357 0.295818 0)
(0.0925657 0.273481 0)
(0.0862248 0.254009 0)
(0.0794134 0.237166 0)
(0.0723513 0.222687 0)
(0.0651889 0.210307 0)
(0.0580224 0.199785 0)
(0.0509078 0.190906 0)
(0.0438735 0.183489 0)
(0.0369288 0.177383 0)
(0.0300714 0.172465 0)
(0.0232913 0.16864 0)
(0.0165733 0.165833 0)
(0.00991097 0.163992 0)
(0.00327295 0.161837 0)
(0.0749311 0.410805 0)
(0.0779037 0.379533 0)
(0.0792104 0.350153 0)
(0.0788259 0.323309 0)
(0.0769663 0.299185 0)
(0.0739099 0.277767 0)
(0.0699396 0.258938 0)
(0.0653045 0.242517 0)
(0.060207 0.228292 0)
(0.0548015 0.216051 0)
(0.0492009 0.205587 0)
(0.0434839 0.196718 0)
(0.0377036 0.189281 0)
(0.0318938 0.183142 0)
(0.0260749 0.178188 0)
(0.0202579 0.174327 0)
(0.0144468 0.171492 0)
(0.00865183 0.169631 0)
(0.00285863 0.167417 0)
(0.0460928 0.406796 0)
(0.0509164 0.376669 0)
(0.0543708 0.348715 0)
(0.0562966 0.323264 0)
(0.0567844 0.300362 0)
(0.0560182 0.279943 0)
(0.0542169 0.261894 0)
(0.0515919 0.24606 0)
(0.04833 0.232265 0)
(0.0445862 0.220327 0)
(0.040484 0.210074 0)
(0.0361188 0.201346 0)
(0.0315628 0.194004 0)
(0.0268698 0.187925 0)
(0.0220793 0.183008 0)
(0.0172209 0.179171 0)
(0.0123157 0.176349 0)
(0.00738911 0.174495 0)
(0.00244305 0.172242 0)
(0.0179166 0.401022 0)
(0.0250194 0.371907 0)
(0.0307379 0.34526 0)
(0.0349294 0.321161 0)
(0.0376299 0.299516 0)
(0.0389831 0.280179 0)
(0.0391819 0.263034 0)
(0.0384147 0.247928 0)
(0.0368603 0.234706 0)
(0.0346752 0.223214 0)
(0.031991 0.213302 0)
(0.0289165 0.204833 0)
(0.0255392 0.197685 0)
(0.021929 0.191751 0)
(0.018142 0.18694 0)
(0.0142236 0.183179 0)
(0.0102101 0.18041 0)
(0.00614061 0.178587 0)
(0.00203205 0.176313 0)
(-0.00959822 0.393003 0)
(0.000211389 0.364968 0)
(0.00830471 0.339728 0)
(0.0147649 0.317054 0)
(0.0195756 0.296784 0)
(0.0228993 0.278619 0)
(0.0249477 0.262495 0)
(0.025893 0.248244 0)
(0.0259178 0.235724 0)
(0.0251821 0.2248 0)
(0.0238253 0.215342 0)
(0.0219682 0.207233 0)
(0.0197108 0.200367 0)
(0.0171364 0.194652 0)
(0.014315 0.190009 0)
(0.0113055 0.186372 0)
(0.00815776 0.18369 0)
(0.00492272 0.181924 0)
(0.00163101 0.179644 0)
(-0.0361798 0.382229 0)
(-0.0233949 0.355688 0)
(-0.0127667 0.332121 0)
(-0.00406194 0.311057 0)
(0.0027377 0.29221 0)
(0.00786376 0.275374 0)
(0.0116242 0.260414 0)
(0.0141351 0.247133 0)
(0.0156076 0.235425 0)
(0.0162055 0.225179 0)
(0.0160761 0.216272 0)
(0.015353 0.208609 0)
(0.0141461 0.202103 0)
(0.0125494 0.196673 0)
(0.0106444 0.19225 0)
(0.0085022 0.18878 0)
(0.00618371 0.186217 0)
(0.00375015 0.184527 0)
(0.00124472 0.182257 0)
(-0.0611739 0.368368 0)
(-0.0453413 0.344001 0)
(-0.0322451 0.322437 0)
(-0.0214799 0.303219 0)
(-0.012816 0.285977 0)
(-0.00595317 0.27062 0)
(-0.000667055 0.256916 0)
(0.00323777 0.244712 0)
(0.00602167 0.233917 0)
(0.00783105 0.224452 0)
(0.00881935 0.216176 0)
(0.00913885 0.209034 0)
(0.00890429 0.202953 0)
(0.00821757 0.197864 0)
(0.0071706 0.193709 0)
(0.00584465 0.190442 0)
(0.00430985 0.188026 0)
(0.00263564 0.18643 0)
(0.000877201 0.184183 0)
(-0.0838216 0.3515 0)
(-0.0651534 0.329926 0)
(-0.0498403 0.310773 0)
(-0.0371953 0.293656 0)
(-0.0268684 0.27829 0)
(-0.0185098 0.264516 0)
(-0.0118726 0.252159 0)
(-0.00671112 0.241136 0)
(-0.00274804 0.231346 0)
(0.000137828 0.222711 0)
(0.00211693 0.215141 0)
(0.00338284 0.208585 0)
(0.00403595 0.202985 0)
(0.00418363 0.198289 0)
(0.00392762 0.194438 0)
(0.00335947 0.191405 0)
(0.00255524 0.189159 0)
(0.00158964 0.187674 0)
(0.000531223 0.185459 0)
(-0.103367 0.332 0)
(-0.0823632 0.313762 0)
(-0.0652239 0.297388 0)
(-0.0510039 0.282623 0)
(-0.0392851 0.269274 0)
(-0.0296728 0.257212 0)
(-0.0218767 0.246324 0)
(-0.0156289 0.23656 0)
(-0.0106697 0.227839 0)
(-0.00684372 0.220082 0)
(-0.00396862 0.213278 0)
(-0.00186352 0.207357 0)
(-0.000413211 0.20228 0)
(0.000483708 0.198 0)
(0.000942425 0.194491 0)
(0.00106888 0.191721 0)
(0.000936912 0.189665 0)
(0.000619707 0.188308 0)
(0.000206924 0.186126 0)
(-0.119222 0.310526 0)
(-0.0966056 0.295987 0)
(-0.0781545 0.282641 0)
(-0.0627482 0.270396 0)
(-0.0499502 0.259174 0)
(-0.0393427 0.248917 0)
(-0.0306085 0.239572 0)
(-0.0234687 0.231119 0)
(-0.0176768 0.22351 0)
(-0.0130492 0.216705 0)
(-0.00940281 0.210699 0)
(-0.00657068 0.205445 0)
(-0.00443112 0.200917 0)
(-0.00286303 0.197082 0)
(-0.00175305 0.193937 0)
(-0.00100701 0.191447 0)
(-0.000528986 0.189596 0)
(-0.000268613 0.188387 0)
(-9.84487e-05 0.18623 0)
(-0.131115 0.287919 0)
(-0.107696 0.277188 0)
(-0.0884982 0.266962 0)
(-0.0723342 0.257307 0)
(-0.0587952 0.248262 0)
(-0.0474658 0.239852 0)
(-0.0380232 0.232084 0)
(-0.0301907 0.224972 0)
(-0.0237298 0.218507 0)
(-0.0184463 0.212682 0)
(-0.0141616 0.207497 0)
(-0.0107156 0.202934 0)
(-0.0079804 0.198979 0)
(-0.00583088 0.195622 0)
(-0.00415552 0.192849 0)
(-0.00285804 0.190649 0)
(-0.00183765 0.189013 0)
(-0.00106554 0.188007 0)
(-0.00037339 0.185788 0)
(-0.13911 0.265024 0)
(-0.115647 0.257974 0)
(-0.0962448 0.250803 0)
(-0.0797485 0.243704 0)
(-0.0658063 0.23682 0)
(-0.0540281 0.230248 0)
(-0.0441065 0.224053 0)
(-0.0357774 0.218285 0)
(-0.0288126 0.212971 0)
(-0.0230197 0.208131 0)
(-0.0182265 0.20378 0)
(-0.0142794 0.199921 0)
(-0.0110474 0.196553 0)
(-0.00840799 0.19368 0)
(-0.00625114 0.191294 0)
(-0.00447731 0.189394 0)
(-0.0029872 0.187977 0)
(-0.00175929 0.187197 0)
(-0.000607274 0.184891 0)
(-0.143514 0.242558 0)
(-0.120631 0.238893 0)
(-0.101496 0.234586 0)
(-0.085054 0.229921 0)
(-0.0710226 0.225117 0)
(-0.0590555 0.220329 0)
(-0.0488744 0.21567 0)
(-0.0402361 0.211222 0)
(-0.0329287 0.207044 0)
(-0.026769 0.203179 0)
(-0.0215933 0.199657 0)
(-0.0172555 0.196501 0)
(-0.0136266 0.193723 0)
(-0.0105879 0.191335 0)
(-0.00803187 0.189341 0)
(-0.00585958 0.187745 0)
(-0.00397339 0.186551 0)
(-0.00234744 0.185999 0)
(-0.000799732 0.183613 0)
(-0.144763 0.221058 0)
(-0.122926 0.220386 0)
(-0.104438 0.218674 0)
(-0.0883751 0.216256 0)
(-0.0745294 0.213401 0)
(-0.062608 0.210304 0)
(-0.0523689 0.207113 0)
(-0.0435963 0.203938 0)
(-0.036099 0.20086 0)
(-0.0297078 0.197944 0)
(-0.0242698 0.195235 0)
(-0.0196485 0.19277 0)
(-0.0157203 0.190574 0)
(-0.0123712 0.188667 0)
(-0.00949748 0.187062 0)
(-0.00700283 0.185769 0)
(-0.00479255 0.1848 0)
(-0.00283197 0.184463 0)
(-0.000954504 0.182019 0)
(-0.143334 0.200886 0)
(-0.12286 0.202782 0)
(-0.105301 0.203353 0)
(-0.0898778 0.202957 0)
(-0.0764471 0.201886 0)
(-0.0647731 0.200359 0)
(-0.0546544 0.198544 0)
(-0.0459057 0.196573 0)
(-0.0383589 0.194545 0)
(-0.0318617 0.192538 0)
(-0.0262748 0.190614 0)
(-0.021472 0.188819 0)
(-0.0173376 0.187189 0)
(-0.0137637 0.185752 0)
(-0.0106518 0.184528 0)
(-0.00790924 0.183532 0)
(-0.0054451 0.182784 0)
(-0.00321622 0.182647 0)
(-0.00107525 0.180173 0)
(-0.139691 0.18226 0)
(-0.120774 0.186303 0)
(-0.104342 0.188838 0)
(-0.0897518 0.190222 0)
(-0.0769175 0.190751 0)
(-0.0656581 0.190652 0)
(-0.0558123 0.190106 0)
(-0.0472261 0.189256 0)
(-0.0397555 0.188213 0)
(-0.0332667 0.187066 0)
(-0.0276354 0.185888 0)
(-0.0227468 0.184733 0)
(-0.018494 0.183647 0)
(-0.014777 0.182662 0)
(-0.0115032 0.181807 0)
(-0.00858434 0.1811 0)
(-0.00593462 0.180566 0)
(-0.00350356 0.18061 0)
(-0.00116413 0.178134 0)
(-0.134261 0.165287 0)
(-0.116999 0.171085 0)
(-0.101817 0.175275 0)
(-0.0881949 0.178198 0)
(-0.0760939 0.180136 0)
(-0.065382 0.181317 0)
(-0.0559354 0.181921 0)
(-0.04763 0.182098 0)
(-0.0403456 0.181966 0)
(-0.0339673 0.181622 0)
(-0.0283861 0.181144 0)
(-0.0234994 0.180593 0)
(-0.0192101 0.180022 0)
(-0.0154269 0.179468 0)
(-0.0120631 0.178964 0)
(-0.00903658 0.178533 0)
(-0.00626683 0.178205 0)
(-0.0036977 0.178411 0)
(-0.00122263 0.175959 0)
(-0.12742 0.149994 0)
(-0.111837 0.157198 0)
(-0.09797 0.162757 0)
(-0.0854022 0.166987 0)
(-0.0741318 0.170148 0)
(-0.0640689 0.172456 0)
(-0.0551226 0.174089 0)
(-0.0471964 0.175195 0)
(-0.0401922 0.175896 0)
(-0.0340137 0.17629 0)
(-0.028567 0.17646 0)
(-0.0237617 0.176472 0)
(-0.0195111 0.176382 0)
(-0.0157324 0.176234 0)
(-0.0123464 0.176061 0)
(-0.00927677 0.175892 0)
(-0.00644915 0.175758 0)
(-0.00380313 0.176106 0)
(-0.0012523 0.173702 0)
(-0.119486 0.136348 0)
(-0.105558 0.144657 0)
(-0.0930249 0.151332 0)
(-0.0815581 0.156655 0)
(-0.0711824 0.160862 0)
(-0.0618422 0.164151 0)
(-0.0534747 0.166692 0)
(-0.0460072 0.168627 0)
(-0.0393622 0.170077 0)
(-0.0334604 0.171142 0)
(-0.0282221 0.171906 0)
(-0.0235691 0.172437 0)
(-0.0194252 0.172792 0)
(-0.015716 0.17302 0)
(-0.01237 0.173157 0)
(-0.00931752 0.173231 0)
(-0.00649029 0.173279 0)
(-0.00382508 0.17375 0)
(-0.00125493 0.171414 0)
(-0.110723 0.124282 0)
(-0.0983931 0.133444 0)
(-0.0871808 0.141014 0)
(-0.0768316 0.14724 0)
(-0.0673879 0.152328 0)
(-0.0588209 0.15646 0)
(-0.0510907 0.159792 0)
(-0.044145 0.162458 0)
(-0.0379239 0.164576 0)
(-0.0323635 0.166243 0)
(-0.0273977 0.167543 0)
(-0.0229596 0.168546 0)
(-0.0189829 0.169309 0)
(-0.0154021 0.169882 0)
(-0.012153 0.170303 0)
(-0.00917293 0.170603 0)
(-0.00640003 0.170818 0)
(-0.00376939 0.171393 0)
(-0.00123248 0.169143 0)
(-0.101344 0.113709 0)
(-0.0905364 0.123516 0)
(-0.0806106 0.131795 0)
(-0.071374 0.138755 0)
(-0.062879 0.144579 0)
(-0.0551171 0.149425 0)
(-0.0480661 0.153437 0)
(-0.0416904 0.15674 0)
(-0.0359453 0.159446 0)
(-0.0307803 0.161647 0)
(-0.0261414 0.163426 0)
(-0.0219724 0.164852 0)
(-0.0182164 0.165983 0)
(-0.0148163 0.166868 0)
(-0.0117155 0.167548 0)
(-0.00885816 0.168054 0)
(-0.00618895 0.168422 0)
(-0.00364232 0.169082 0)
(-0.00118702 0.166932 0)
(-0.0915175 0.104533 0)
(-0.082148 0.114818 0)
(-0.0734618 0.123648 0)
(-0.065318 0.1312 0)
(-0.0577735 0.137627 0)
(-0.050834 0.143071 0)
(-0.0444906 0.147662 0)
(-0.0387208 0.151513 0)
(-0.0334926 0.154729 0)
(-0.0287671 0.157398 0)
(-0.0245009 0.159599 0)
(-0.0206474 0.1614 0)
(-0.0171586 0.162859 0)
(-0.0139854 0.164025 0)
(-0.0110786 0.164937 0)
(-0.00838913 0.165628 0)
(-0.00586817 0.166133 0)
(-0.00345045 0.16686 0)
(-0.00112072 0.164821 0)
(-0.0813749 0.0966566 0)
(-0.0733576 0.107287 0)
(-0.0658581 0.11654 0)
(-0.0587787 0.12456 0)
(-0.0521761 0.131478 0)
(-0.0460654 0.137416 0)
(-0.0404472 0.142491 0)
(-0.0353093 0.146807 0)
(-0.0306295 0.150459 0)
(-0.0263789 0.153532 0)
(-0.022523 0.156101 0)
(-0.0190243 0.15823 0)
(-0.0158426 0.159977 0)
(-0.0129365 0.161389 0)
(-0.0102639 0.162507 0)
(-0.00778218 0.163362 0)
(-0.00544917 0.163989 0)
(-0.00320057 0.164767 0)
(-0.00103579 0.162848 0)
(-0.0710166 0.0899884 0)
(-0.0642688 0.100862 0)
(-0.0579022 0.110433 0)
(-0.0518544 0.118817 0)
(-0.0461789 0.126126 0)
(-0.0408959 0.132467 0)
(-0.0360126 0.137941 0)
(-0.0315242 0.142644 0)
(-0.0274164 0.146664 0)
(-0.0236683 0.15008 0)
(-0.0202536 0.152963 0)
(-0.0171421 0.155374 0)
(-0.0143012 0.15737 0)
(-0.0116967 0.158996 0)
(-0.00929285 0.160293 0)
(-0.00705386 0.161291 0)
(-0.00494365 0.162024 0)
(-0.00289959 0.162836 0)
(-0.000934491 0.161043 0)
(-0.0605175 0.084446 0)
(-0.0549636 0.0954845 0)
(-0.049679 0.105287 0)
(-0.0446293 0.113949 0)
(-0.0398624 0.121563 0)
(-0.0354012 0.128223 0)
(-0.0312566 0.13402 0)
(-0.0274289 0.139041 0)
(-0.0239102 0.143364 0)
(-0.0206859 0.147065 0)
(-0.0177365 0.150211 0)
(-0.0150388 0.15286 0)
(-0.0125667 0.155066 0)
(-0.0102926 0.156875 0)
(-0.00818716 0.158323 0)
(-0.00622071 0.159444 0)
(-0.00436332 0.160267 0)
(-0.00255447 0.161099 0)
(-0.000819066 0.159434 0)
(-0.0499332 0.0799584 0)
(-0.0455071 0.0911007 0)
(-0.0412587 0.101066 0)
(-0.0371749 0.109931 0)
(-0.0332974 0.117776 0)
(-0.029649 0.124684 0)
(-0.0262426 0.130734 0)
(-0.023082 0.136006 0)
(-0.020164 0.140574 0)
(-0.0174793 0.144506 0)
(-0.0150141 0.147866 0)
(-0.0127511 0.15071 0)
(-0.0106705 0.15309 0)
(-0.00875052 0.155048 0)
(-0.00696804 0.156623 0)
(-0.00529914 0.157845 0)
(-0.00371989 0.158744 0)
(-0.00217218 0.159581 0)
(-0.000691802 0.158046 0)
(-0.039305 0.0764677 0)
(-0.0359512 0.0876663 0)
(-0.0326998 0.0977366 0)
(-0.0295532 0.106742 0)
(-0.0265461 0.114754 0)
(-0.0237001 0.121843 0)
(-0.0210286 0.128084 0)
(-0.0185379 0.133547 0)
(-0.0162279 0.138303 0)
(-0.0140938 0.142415 0)
(-0.0121267 0.145943 0)
(-0.0103146 0.148941 0)
(-0.00864315 0.151458 0)
(-0.00709621 0.153537 0)
(-0.00565636 0.155213 0)
(-0.00430528 0.156517 0)
(-0.00302492 0.157475 0)
(-0.0017598 0.158304 0)
(-0.000555065 0.156898 0)
(-0.0286643 0.0739247 0)
(-0.0263384 0.0851404 0)
(-0.0240517 0.0952666 0)
(-0.0218172 0.104358 0)
(-0.019663 0.112478 0)
(-0.0176085 0.119691 0)
(-0.015667 0.126064 0)
(-0.0138459 0.131664 0)
(-0.0121478 0.136556 0)
(-0.0105715 0.140799 0)
(-0.00911224 0.144452 0)
(-0.00776273 0.147565 0)
(-0.00651366 0.150185 0)
(-0.00535412 0.152354 0)
(-0.00427205 0.154106 0)
(-0.00325457 0.155472 0)
(-0.00228953 0.156476 0)
(-0.00132453 0.157285 0)
(-0.000411542 0.156003 0)
(-0.0180617 0.0723286 0)
(-0.0167341 0.0835272 0)
(-0.0153899 0.0936664 0)
(-0.0140484 0.102795 0)
(-0.0127325 0.110969 0)
(-0.0114589 0.118251 0)
(-0.0102401 0.124703 0)
(-0.0090847 0.130386 0)
(-0.00799742 0.135363 0)
(-0.00698005 0.13969 0)
(-0.00603175 0.143423 0)
(-0.00514959 0.146611 0)
(-0.00432893 0.1493 0)
(-0.00356382 0.151528 0)
(-0.00284731 0.153332 0)
(-0.00217177 0.15474 0)
(-0.00153145 0.155776 0)
(-0.000878141 0.156556 0)
(-0.00026566 0.155383 0)
(-0.00654967 0.071427 0)
(-0.00614906 0.0825791 0)
(-0.005721 0.0926958 0)
(-0.00527711 0.101821 0)
(-0.00482767 0.11001 0)
(-0.00438106 0.117318 0)
(-0.00394405 0.123806 0)
(-0.0035218 0.129533 0)
(-0.00311794 0.134557 0)
(-0.00273475 0.138933 0)
(-0.00237327 0.142715 0)
(-0.00203354 0.145949 0)
(-0.00171472 0.148681 0)
(-0.00141529 0.150949 0)
(-0.0011332 0.152786 0)
(-0.000865949 0.154222 0)
(-0.000612843 0.155279 0)
(-0.000347612 0.156019 0)
(-0.000101364 0.154956 0)
)
;

boundaryField
{
    leftWall
    {
        type            noSlip;
    }
    rightWall
    {
        type            noSlip;
    }
    lowerWall
    {
        type            noSlip;
    }
    atmosphere
    {
        type            pressureInletOutletVelocity;
        value           nonuniform List<vector> 
46
(
(0 -0.234299 0)
(0 -0.234154 0)
(0 -0.230967 0)
(0 -0.226158 0)
(0 -0.219781 0)
(0 -0.211896 0)
(0 -0.202573 0)
(0 -0.191897 0)
(0 -0.179969 0)
(0 -0.166906 0)
(0 -0.152842 0)
(0 -0.137924 0)
(0 -0.122314 0)
(0 -0.10618 0)
(0 -0.0896953 0)
(0 -0.0730295 0)
(0 -0.0563447 0)
(0 -0.0397862 0)
(0 -0.0234719 0)
(0 -0.00749426 0)
(-0.00786216 0.00804328 0)
(-0.00764858 0.0226961 0)
(-0.00744941 0.0364 0)
(-0.00726155 0.0459086 0)
(-0.00712142 0.0517503 0)
(-0.00697296 0.0573701 0)
(-0.00681407 0.0627816 0)
(-0.00654967 0.071427 0)
(-0.00614906 0.0825791 0)
(-0.005721 0.0926958 0)
(-0.00527711 0.101821 0)
(-0.00482767 0.11001 0)
(-0.00438106 0.117318 0)
(-0.00394405 0.123806 0)
(-0.0035218 0.129533 0)
(-0.00311794 0.134557 0)
(-0.00273475 0.138933 0)
(-0.00237327 0.142715 0)
(-0.00203354 0.145949 0)
(-0.00171472 0.148681 0)
(-0.00141529 0.150949 0)
(-0.0011332 0.152786 0)
(-0.000865949 0.154222 0)
(-0.000612843 0.155279 0)
(-0.000347612 0.156019 0)
(-0.000101364 0.154956 0)
)
;
    }
    defaultFaces
    {
        type            empty;
    }
}


// ************************************************************************* //
