/*--------------------------------*- C++ -*----------------------------------*\
| =========                 |                                                 |
| \\      /  F ield         | OpenFOAM: The Open Source CFD Toolbox           |
|  \\    /   O peration     | Version:  5.x                                   |
|   \\  /    A nd           | Web:      www.OpenFOAM.org                      |
|    \\/     M anipulation  |                                                 |
\*---------------------------------------------------------------------------*/
FoamFile
{
    version     2.0;
    format      ascii;
    class       volScalarField;
    location    "0.25";
    object      p;
}
// * * * * * * * * * * * * * * * * * * * * * * * * * * * * * * * * * * * * * //

dimensions      [1 -1 -2 0 0 0 0];

internalField   nonuniform List<scalar> 
8000
(
-0.265315
-0.265315
-0.265315
-0.265315
-0.265315
-0.265315
-0.265315
-0.265315
-0.265315
-0.265315
-0.265315
-0.265315
-0.265315
-0.265315
-0.265315
-0.265315
-0.265315
-0.265315
-0.265315
-0.265315
-0.795944
-0.795944
-0.795944
-0.795944
-0.795944
-0.795944
-0.795945
-0.795945
-0.795945
-0.795945
-0.795945
-0.795945
-0.795945
-0.795946
-0.795946
-0.795946
-0.795946
-0.795946
-0.795946
-0.795946
-1.32657
-1.32657
-1.32657
-1.32657
-1.32657
-1.32657
-1.32657
-1.32657
-1.32657
-1.32658
-1.32658
-1.32658
-1.32658
-1.32658
-1.32658
-1.32658
-1.32658
-1.32658
-1.32658
-1.32658
-1.8572
-1.8572
-1.8572
-1.8572
-1.8572
-1.8572
-1.8572
-1.8572
-1.8572
-1.85721
-1.85721
-1.85721
-1.85721
-1.85721
-1.85721
-1.85721
-1.85721
-1.85721
-1.85721
-1.85721
-2.38783
-2.38783
-2.38783
-2.38783
-2.38783
-2.38783
-2.38783
-2.38783
-2.38783
-2.38784
-2.38784
-2.38784
-2.38784
-2.38784
-2.38784
-2.38784
-2.38784
-2.38784
-2.38784
-2.38784
-2.91846
-2.91846
-2.91846
-2.91846
-2.91846
-2.91846
-2.91846
-2.91846
-2.91846
-2.91846
-2.91847
-2.91847
-2.91847
-2.91847
-2.91847
-2.91847
-2.91847
-2.91847
-2.91847
-2.91847
-3.44909
-3.44909
-3.44909
-3.44909
-3.44909
-3.44909
-3.44909
-3.44909
-3.44909
-3.44909
-3.4491
-3.4491
-3.4491
-3.4491
-3.4491
-3.4491
-3.4491
-3.4491
-3.4491
-3.4491
-3.97972
-3.97972
-3.97972
-3.97972
-3.97972
-3.97972
-3.97972
-3.97972
-3.97972
-3.97972
-3.97973
-3.97973
-3.97973
-3.97973
-3.97973
-3.97973
-3.97973
-3.97973
-3.97973
-3.97973
-4.51035
-4.51035
-4.51035
-4.51035
-4.51035
-4.51035
-4.51035
-4.51035
-4.51035
-4.51035
-4.51035
-4.51036
-4.51036
-4.51036
-4.51036
-4.51036
-4.51036
-4.51036
-4.51036
-4.51036
-5.04098
-5.04098
-5.04098
-5.04098
-5.04098
-5.04098
-5.04098
-5.04098
-5.04098
-5.04098
-5.04098
-5.04099
-5.04099
-5.04099
-5.04099
-5.04099
-5.04099
-5.04099
-5.04099
-5.04099
-5.57161
-5.57161
-5.57161
-5.57161
-5.57161
-5.57161
-5.57161
-5.57161
-5.57161
-5.57161
-5.57161
-5.57161
-5.57162
-5.57162
-5.57162
-5.57162
-5.57162
-5.57162
-5.57162
-5.57162
-6.10224
-6.10224
-6.10224
-6.10224
-6.10224
-6.10224
-6.10224
-6.10224
-6.10224
-6.10224
-6.10224
-6.10224
-6.10224
-6.10224
-6.10225
-6.10225
-6.10225
-6.10225
-6.10225
-6.10225
-6.63287
-6.63287
-6.63287
-6.63287
-6.63287
-6.63287
-6.63287
-6.63287
-6.63287
-6.63287
-6.63287
-6.63287
-6.63287
-6.63287
-6.63287
-6.63288
-6.63288
-6.63288
-6.63288
-6.63287
-7.1635
-7.1635
-7.1635
-7.1635
-7.1635
-7.1635
-7.1635
-7.1635
-7.1635
-7.1635
-7.1635
-7.1635
-7.1635
-7.1635
-7.1635
-7.1635
-7.1635
-7.16351
-7.16351
-7.1635
-7.69413
-7.69413
-7.69413
-7.69413
-7.69413
-7.69413
-7.69413
-7.69413
-7.69413
-7.69413
-7.69413
-7.69413
-7.69413
-7.69413
-7.69413
-7.69413
-7.69413
-7.69413
-7.69413
-7.69413
-8.22476
-8.22476
-8.22476
-8.22476
-8.22476
-8.22476
-8.22476
-8.22476
-8.22476
-8.22476
-8.22476
-8.22476
-8.22476
-8.22476
-8.22476
-8.22476
-8.22476
-8.22476
-8.22476
-8.22476
-8.75539
-8.75539
-8.75539
-8.75539
-8.75539
-8.75539
-8.75539
-8.75539
-8.75539
-8.75539
-8.75539
-8.75539
-8.75539
-8.75539
-8.75539
-8.75539
-8.75539
-8.75539
-8.75539
-8.75539
-9.28602
-9.28602
-9.28602
-9.28602
-9.28602
-9.28602
-9.28602
-9.28602
-9.28602
-9.28602
-9.28602
-9.28602
-9.28602
-9.28602
-9.28602
-9.28602
-9.28602
-9.28602
-9.28602
-9.28602
-9.81665
-9.81665
-9.81665
-9.81665
-9.81665
-9.81665
-9.81665
-9.81665
-9.81665
-9.81665
-9.81665
-9.81665
-9.81665
-9.81665
-9.81665
-9.81665
-9.81665
-9.81665
-9.81665
-9.81665
-10.3473
-10.3473
-10.3473
-10.3473
-10.3473
-10.3473
-10.3473
-10.3473
-10.3473
-10.3473
-10.3473
-10.3473
-10.3473
-10.3473
-10.3473
-10.3473
-10.3473
-10.3473
-10.3473
-10.3473
-10.8779
-10.8779
-10.8779
-10.8779
-10.8779
-10.8779
-10.8779
-10.8779
-10.8779
-10.8779
-10.8779
-10.8779
-10.8779
-10.8779
-10.8779
-10.8779
-10.8779
-10.8779
-10.8779
-10.8779
-11.4085
-11.4085
-11.4085
-11.4085
-11.4085
-11.4085
-11.4085
-11.4085
-11.4085
-11.4085
-11.4085
-11.4085
-11.4085
-11.4085
-11.4085
-11.4085
-11.4085
-11.4085
-11.4085
-11.4085
-11.9392
-11.9392
-11.9392
-11.9392
-11.9392
-11.9392
-11.9392
-11.9392
-11.9392
-11.9392
-11.9392
-11.9392
-11.9392
-11.9392
-11.9392
-11.9392
-11.9392
-11.9392
-11.9392
-11.9392
-12.4698
-12.4698
-12.4698
-12.4698
-12.4698
-12.4698
-12.4698
-12.4698
-12.4698
-12.4698
-12.4698
-12.4698
-12.4698
-12.4698
-12.4698
-12.4698
-12.4698
-12.4698
-12.4698
-12.4698
-13.0004
-13.0004
-13.0004
-13.0004
-13.0004
-13.0004
-13.0004
-13.0004
-13.0004
-13.0004
-13.0004
-13.0004
-13.0004
-13.0004
-13.0004
-13.0004
-13.0004
-13.0004
-13.0004
-13.0004
-13.5311
-13.5311
-13.5311
-13.5311
-13.5311
-13.5311
-13.5311
-13.5311
-13.5311
-13.5311
-13.5311
-13.5311
-13.5311
-13.5311
-13.5311
-13.5311
-13.5311
-13.5311
-13.5311
-13.5311
-14.0617
-14.0617
-14.0617
-14.0617
-14.0617
-14.0617
-14.0617
-14.0617
-14.0617
-14.0617
-14.0617
-14.0617
-14.0617
-14.0617
-14.0617
-14.0617
-14.0617
-14.0617
-14.0617
-14.0617
-14.5923
-14.5923
-14.5923
-14.5923
-14.5923
-14.5923
-14.5923
-14.5923
-14.5923
-14.5923
-14.5923
-14.5923
-14.5923
-14.5923
-14.5923
-14.5923
-14.5923
-14.5923
-14.5923
-14.5923
-15.1229
-15.1229
-15.1229
-15.1229
-15.1229
-15.1229
-15.1229
-15.1229
-15.1229
-15.1229
-15.1229
-15.1229
-15.1229
-15.1229
-15.1229
-15.1229
-15.1229
-15.1229
-15.1229
-15.1229
-15.6536
-15.6536
-15.6536
-15.6536
-15.6536
-15.6536
-15.6536
-15.6536
-15.6536
-15.6536
-15.6536
-15.6536
-15.6536
-15.6536
-15.6536
-15.6536
-15.6536
-15.6536
-15.6536
-15.6536
-16.1842
-16.1842
-16.1842
-16.1842
-16.1842
-16.1842
-16.1842
-16.1842
-16.1842
-16.1842
-16.1842
-16.1842
-16.1842
-16.1842
-16.1842
-16.1842
-16.1842
-16.1842
-16.1842
-16.1842
-16.7148
-16.7148
-16.7148
-16.7148
-16.7148
-16.7148
-16.7148
-16.7148
-16.7148
-16.7148
-16.7148
-16.7148
-16.7148
-16.7148
-16.7148
-16.7148
-16.7148
-16.7148
-16.7148
-16.7148
-17.2455
-17.2455
-17.2455
-17.2455
-17.2455
-17.2455
-17.2455
-17.2455
-17.2455
-17.2455
-17.2455
-17.2455
-17.2455
-17.2455
-17.2455
-17.2455
-17.2455
-17.2455
-17.2455
-17.2455
-17.7761
-17.7761
-17.7761
-17.7761
-17.7761
-17.7761
-17.7761
-17.7761
-17.7761
-17.7761
-17.7761
-17.7761
-17.7761
-17.7761
-17.7761
-17.7761
-17.7761
-17.7761
-17.7761
-17.7761
-18.3067
-18.3067
-18.3067
-18.3067
-18.3067
-18.3067
-18.3067
-18.3067
-18.3067
-18.3067
-18.3067
-18.3067
-18.3067
-18.3067
-18.3067
-18.3067
-18.3067
-18.3067
-18.3067
-18.3067
-18.8374
-18.8374
-18.8374
-18.8374
-18.8374
-18.8374
-18.8374
-18.8374
-18.8374
-18.8374
-18.8374
-18.8374
-18.8374
-18.8374
-18.8374
-18.8374
-18.8374
-18.8374
-18.8374
-18.8374
-19.368
-19.368
-19.368
-19.368
-19.368
-19.368
-19.368
-19.368
-19.368
-19.368
-19.368
-19.368
-19.368
-19.368
-19.368
-19.368
-19.368
-19.368
-19.368
-19.368
-19.8986
-19.8986
-19.8986
-19.8986
-19.8986
-19.8986
-19.8986
-19.8986
-19.8986
-19.8986
-19.8986
-19.8986
-19.8986
-19.8986
-19.8986
-19.8986
-19.8986
-19.8986
-19.8986
-19.8986
-20.4292
-20.4292
-20.4292
-20.4292
-20.4292
-20.4292
-20.4292
-20.4292
-20.4292
-20.4293
-20.4293
-20.4293
-20.4293
-20.4293
-20.4293
-20.4293
-20.4293
-20.4293
-20.4293
-20.4293
-20.9599
-20.9599
-20.9599
-20.9599
-20.9599
-20.9599
-20.9599
-20.9599
-20.9599
-20.9599
-20.9599
-20.9599
-20.9599
-20.9599
-20.9599
-20.9599
-20.9599
-20.9599
-20.9599
-20.9599
-21.4905
-21.4905
-21.4905
-21.4905
-21.4905
-21.4905
-21.4905
-21.4905
-21.4905
-21.4905
-21.4905
-21.4905
-21.4905
-21.4905
-21.4905
-21.4905
-21.4905
-21.4905
-21.4905
-21.4905
-22.0211
-22.0211
-22.0211
-22.0211
-22.0211
-22.0211
-22.0211
-22.0211
-22.0211
-22.0211
-22.0211
-22.0211
-22.0211
-22.0211
-22.0211
-22.0211
-22.0211
-22.0211
-22.0211
-22.0211
-22.5518
-22.5518
-22.5518
-22.5518
-22.5518
-22.5518
-22.5518
-22.5518
-22.5518
-22.5518
-22.5518
-22.5518
-22.5518
-22.5518
-22.5518
-22.5518
-22.5518
-22.5518
-22.5518
-22.5518
-23.0824
-23.0824
-23.0824
-23.0824
-23.0824
-23.0824
-23.0824
-23.0824
-23.0824
-23.0824
-23.0824
-23.0824
-23.0824
-23.0824
-23.0824
-23.0824
-23.0824
-23.0824
-23.0824
-23.0824
-23.613
-23.613
-23.613
-23.613
-23.613
-23.613
-23.613
-23.613
-23.613
-23.613
-23.613
-23.613
-23.613
-23.613
-23.613
-23.613
-23.613
-23.613
-23.613
-23.613
-24.1437
-24.1437
-24.1437
-24.1437
-24.1437
-24.1437
-24.1437
-24.1437
-24.1437
-24.1437
-24.1437
-24.1437
-24.1437
-24.1437
-24.1437
-24.1437
-24.1437
-24.1437
-24.1437
-24.1437
-24.6743
-24.6743
-24.6743
-24.6743
-24.6743
-24.6743
-24.6743
-24.6743
-24.6743
-24.6743
-24.6743
-24.6743
-24.6743
-24.6743
-24.6743
-24.6743
-24.6743
-24.6743
-24.6743
-24.6743
-25.2049
-25.2049
-25.2049
-25.2049
-25.2049
-25.2049
-25.2049
-25.2049
-25.2049
-25.2049
-25.2049
-25.2049
-25.2049
-25.2049
-25.2049
-25.2049
-25.2049
-25.2049
-25.2049
-25.2049
-25.7356
-25.7356
-25.7356
-25.7356
-25.7356
-25.7356
-25.7356
-25.7356
-25.7356
-25.7356
-25.7356
-25.7356
-25.7356
-25.7356
-25.7356
-25.7356
-25.7356
-25.7356
-25.7356
-25.7356
-26.2662
-26.2662
-26.2662
-26.2662
-26.2662
-26.2662
-26.2662
-26.2662
-26.2662
-26.2662
-26.2662
-26.2662
-26.2662
-26.2662
-26.2662
-26.2662
-26.2662
-26.2662
-26.2662
-26.2662
-26.7968
-26.7968
-26.7968
-26.7968
-26.7968
-26.7968
-26.7968
-26.7968
-26.7968
-26.7968
-26.7968
-26.7968
-26.7968
-26.7968
-26.7968
-26.7968
-26.7968
-26.7968
-26.7968
-26.7968
-27.3275
-27.3275
-27.3275
-27.3275
-27.3275
-27.3275
-27.3275
-27.3275
-27.3275
-27.3275
-27.3275
-27.3275
-27.3275
-27.3275
-27.3275
-27.3275
-27.3275
-27.3275
-27.3275
-27.3275
-27.8581
-27.8581
-27.8581
-27.8581
-27.8581
-27.8581
-27.8581
-27.8581
-27.8581
-27.8581
-27.8581
-27.8581
-27.8581
-27.8581
-27.8581
-27.8581
-27.8581
-27.8581
-27.8581
-27.8581
-28.3887
-28.3887
-28.3887
-28.3887
-28.3887
-28.3887
-28.3887
-28.3887
-28.3887
-28.3887
-28.3887
-28.3887
-28.3887
-28.3887
-28.3887
-28.3887
-28.3887
-28.3887
-28.3887
-28.3887
-28.9193
-28.9193
-28.9193
-28.9193
-28.9193
-28.9193
-28.9193
-28.9193
-28.9193
-28.9193
-28.9193
-28.9193
-28.9193
-28.9193
-28.9193
-28.9193
-28.9193
-28.9193
-28.9193
-28.9193
-29.45
-29.45
-29.45
-29.45
-29.45
-29.45
-29.45
-29.45
-29.45
-29.45
-29.45
-29.45
-29.45
-29.45
-29.45
-29.45
-29.45
-29.45
-29.45
-29.45
-29.9806
-29.9806
-29.9806
-29.9806
-29.9806
-29.9806
-29.9806
-29.9806
-29.9806
-29.9806
-29.9806
-29.9806
-29.9806
-29.9806
-29.9806
-29.9806
-29.9806
-29.9806
-29.9806
-29.9806
-30.5112
-30.5112
-30.5112
-30.5112
-30.5112
-30.5112
-30.5112
-30.5112
-30.5112
-30.5112
-30.5112
-30.5112
-30.5112
-30.5112
-30.5112
-30.5112
-30.5112
-30.5112
-30.5112
-30.5112
-31.0419
-31.0419
-31.0419
-31.0419
-31.0419
-31.0419
-31.0419
-31.0419
-31.0419
-31.0419
-31.0419
-31.0419
-31.0419
-31.0419
-31.0419
-31.0419
-31.0419
-31.0419
-31.0419
-31.0419
-31.5725
-31.5725
-31.5725
-31.5725
-31.5725
-31.5725
-31.5725
-31.5725
-31.5725
-31.5725
-31.5725
-31.5725
-31.5725
-31.5725
-31.5725
-31.5725
-31.5725
-31.5725
-31.5725
-31.5725
-32.1031
-32.1031
-32.1031
-32.1031
-32.1031
-32.1031
-32.1031
-32.1031
-32.1031
-32.1031
-32.1031
-32.1031
-32.1031
-32.1031
-32.1031
-32.1031
-32.1031
-32.1031
-32.1031
-32.1031
-32.6338
-32.6338
-32.6338
-32.6338
-32.6338
-32.6338
-32.6338
-32.6338
-32.6338
-32.6338
-32.6338
-32.6338
-32.6338
-32.6338
-32.6338
-32.6338
-32.6338
-32.6338
-32.6338
-32.6338
-33.1644
-33.1644
-33.1644
-33.1644
-33.1644
-33.1644
-33.1644
-33.1644
-33.1644
-33.1644
-33.1644
-33.1644
-33.1644
-33.1644
-33.1644
-33.1644
-33.1644
-33.1644
-33.1644
-33.1644
-33.695
-33.695
-33.695
-33.695
-33.695
-33.695
-33.695
-33.695
-33.695
-33.695
-33.695
-33.695
-33.695
-33.695
-33.695
-33.695
-33.695
-33.695
-33.695
-33.695
-34.2256
-34.2256
-34.2256
-34.2256
-34.2256
-34.2256
-34.2256
-34.2256
-34.2256
-34.2256
-34.2256
-34.2256
-34.2257
-34.2257
-34.2257
-34.2257
-34.2257
-34.2257
-34.2257
-34.2257
-34.7563
-34.7563
-34.7563
-34.7563
-34.7563
-34.7563
-34.7563
-34.7563
-34.7563
-34.7563
-34.7563
-34.7563
-34.7563
-34.7563
-34.7563
-34.7563
-34.7563
-34.7563
-34.7563
-34.7563
-35.2869
-35.2869
-35.2869
-35.2869
-35.2869
-35.2869
-35.2869
-35.2869
-35.2869
-35.2869
-35.2869
-35.2869
-35.2869
-35.2869
-35.2869
-35.2869
-35.2869
-35.2869
-35.2869
-35.2869
-35.8175
-35.8175
-35.8175
-35.8175
-35.8175
-35.8175
-35.8175
-35.8175
-35.8175
-35.8175
-35.8175
-35.8175
-35.8175
-35.8175
-35.8175
-35.8175
-35.8175
-35.8175
-35.8175
-35.8175
-36.3482
-36.3482
-36.3482
-36.3482
-36.3482
-36.3482
-36.3482
-36.3482
-36.3482
-36.3482
-36.3482
-36.3482
-36.3482
-36.3482
-36.3482
-36.3482
-36.3482
-36.3482
-36.3482
-36.3482
-36.8788
-36.8788
-36.8788
-36.8788
-36.8788
-36.8788
-36.8788
-36.8788
-36.8788
-36.8788
-36.8788
-36.8788
-36.8788
-36.8788
-36.8788
-36.8788
-36.8788
-36.8788
-36.8788
-36.8788
-37.4094
-37.4094
-37.4094
-37.4094
-37.4094
-37.4094
-37.4094
-37.4094
-37.4094
-37.4094
-37.4094
-37.4094
-37.4094
-37.4094
-37.4094
-37.4094
-37.4094
-37.4094
-37.4094
-37.4094
-37.9401
-37.9401
-37.9401
-37.9401
-37.9401
-37.9401
-37.9401
-37.9401
-37.9401
-37.9401
-37.9401
-37.9401
-37.9401
-37.9401
-37.9401
-37.9401
-37.9401
-37.9401
-37.9401
-37.9401
-38.4707
-38.4707
-38.4707
-38.4707
-38.4707
-38.4707
-38.4707
-38.4707
-38.4707
-38.4707
-38.4707
-38.4707
-38.4707
-38.4707
-38.4707
-38.4707
-38.4707
-38.4707
-38.4707
-38.4707
-39.0013
-39.0013
-39.0013
-39.0013
-39.0013
-39.0013
-39.0013
-39.0013
-39.0013
-39.0013
-39.0013
-39.0013
-39.0013
-39.0013
-39.0013
-39.0013
-39.0013
-39.0013
-39.0013
-39.0013
-39.5319
-39.5319
-39.5319
-39.5319
-39.5319
-39.5319
-39.532
-39.532
-39.532
-39.532
-39.532
-39.532
-39.532
-39.532
-39.532
-39.532
-39.532
-39.532
-39.532
-39.532
-40.0626
-40.0626
-40.0626
-40.0626
-40.0626
-40.0626
-40.0626
-40.0626
-40.0626
-40.0626
-40.0626
-40.0626
-40.0626
-40.0626
-40.0626
-40.0626
-40.0626
-40.0626
-40.0626
-40.0626
-40.5932
-40.5932
-40.5932
-40.5932
-40.5932
-40.5932
-40.5932
-40.5932
-40.5932
-40.5932
-40.5932
-40.5932
-40.5932
-40.5932
-40.5932
-40.5932
-40.5932
-40.5932
-40.5932
-40.5932
-41.1238
-41.1238
-41.1238
-41.1238
-41.1238
-41.1238
-41.1238
-41.1238
-41.1238
-41.1238
-41.1238
-41.1238
-41.1238
-41.1238
-41.1238
-41.1238
-41.1238
-41.1238
-41.1238
-41.1238
-41.6545
-41.6545
-41.6545
-41.6545
-41.6545
-41.6545
-41.6545
-41.6545
-41.6545
-41.6545
-41.6545
-41.6545
-41.6545
-41.6545
-41.6545
-41.6545
-41.6545
-41.6545
-41.6545
-41.6545
-42.1851
-42.1851
-42.1851
-42.1851
-42.1851
-42.1851
-42.1851
-42.1851
-42.1851
-42.1851
-42.1851
-42.1851
-42.1851
-42.1851
-42.1851
-42.1851
-42.1851
-42.1851
-42.1851
-42.1851
-42.7157
-42.7157
-42.7157
-42.7157
-42.7157
-42.7157
-42.7157
-42.7157
-42.7157
-42.7157
-42.7157
-42.7157
-42.7157
-42.7157
-42.7157
-42.7157
-42.7157
-42.7157
-42.7157
-42.7157
-43.2464
-43.2464
-43.2464
-43.2464
-43.2464
-43.2464
-43.2464
-43.2464
-43.2464
-43.2464
-43.2464
-43.2464
-43.2464
-43.2464
-43.2464
-43.2464
-43.2464
-43.2464
-43.2464
-43.2464
-43.777
-43.777
-43.777
-43.777
-43.777
-43.777
-43.777
-43.777
-43.777
-43.777
-43.777
-43.777
-43.777
-43.777
-43.777
-43.777
-43.777
-43.777
-43.777
-43.777
-44.3076
-44.3076
-44.3076
-44.3076
-44.3076
-44.3076
-44.3076
-44.3076
-44.3076
-44.3076
-44.3076
-44.3076
-44.3076
-44.3076
-44.3076
-44.3076
-44.3076
-44.3076
-44.3076
-44.3076
-44.8382
-44.8382
-44.8382
-44.8382
-44.8382
-44.8382
-44.8383
-44.8383
-44.8383
-44.8383
-44.8383
-44.8383
-44.8383
-44.8383
-44.8383
-44.8383
-44.8383
-44.8383
-44.8383
-44.8383
-45.3689
-45.3689
-45.3689
-45.3689
-45.3689
-45.3689
-45.3689
-45.3689
-45.3689
-45.3689
-45.3689
-45.3689
-45.3689
-45.3689
-45.3689
-45.3689
-45.3689
-45.3689
-45.3689
-45.3689
-45.8995
-45.8995
-45.8995
-45.8995
-45.8995
-45.8995
-45.8995
-45.8995
-45.8995
-45.8995
-45.8995
-45.8995
-45.8995
-45.8995
-45.8995
-45.8995
-45.8995
-45.8995
-45.8995
-45.8995
-46.4301
-46.4301
-46.4301
-46.4301
-46.4301
-46.4301
-46.4301
-46.4301
-46.4301
-46.4301
-46.4301
-46.4301
-46.4301
-46.4301
-46.4301
-46.4301
-46.4301
-46.4301
-46.4301
-46.4301
-46.9608
-46.9608
-46.9608
-46.9608
-46.9608
-46.9608
-46.9608
-46.9608
-46.9608
-46.9608
-46.9608
-46.9608
-46.9608
-46.9608
-46.9608
-46.9608
-46.9608
-46.9608
-46.9608
-46.9608
-47.4914
-47.4914
-47.4914
-47.4914
-47.4914
-47.4914
-47.4914
-47.4914
-47.4914
-47.4914
-47.4914
-47.4914
-47.4914
-47.4914
-47.4914
-47.4914
-47.4914
-47.4914
-47.4914
-47.4914
-48.022
-48.022
-48.022
-48.022
-48.022
-48.022
-48.022
-48.022
-48.022
-48.022
-48.022
-48.022
-48.022
-48.022
-48.022
-48.022
-48.022
-48.022
-48.022
-48.022
-48.5527
-48.5527
-48.5527
-48.5527
-48.5527
-48.5527
-48.5527
-48.5527
-48.5527
-48.5527
-48.5527
-48.5527
-48.5527
-48.5527
-48.5527
-48.5527
-48.5527
-48.5527
-48.5527
-48.5527
-49.0833
-49.0833
-49.0833
-49.0833
-49.0833
-49.0833
-49.0833
-49.0833
-49.0833
-49.0833
-49.0833
-49.0833
-49.0833
-49.0833
-49.0833
-49.0833
-49.0833
-49.0833
-49.0833
-49.0833
-49.6139
-49.6139
-49.6139
-49.6139
-49.6139
-49.6139
-49.6139
-49.6139
-49.6139
-49.6139
-49.6139
-49.6139
-49.6139
-49.6139
-49.6139
-49.6139
-49.6139
-49.6139
-49.6139
-49.6139
-50.1445
-50.1445
-50.1445
-50.1445
-50.1445
-50.1445
-50.1445
-50.1445
-50.1445
-50.1446
-50.1446
-50.1446
-50.1446
-50.1446
-50.1446
-50.1446
-50.1446
-50.1446
-50.1446
-50.1446
-50.6752
-50.6752
-50.6752
-50.6752
-50.6752
-50.6752
-50.6752
-50.6752
-50.6752
-50.6752
-50.6752
-50.6752
-50.6752
-50.6752
-50.6752
-50.6752
-50.6752
-50.6752
-50.6752
-50.6752
-51.2058
-51.2058
-51.2058
-51.2058
-51.2058
-51.2058
-51.2058
-51.2058
-51.2058
-51.2058
-51.2058
-51.2058
-51.2058
-51.2058
-51.2058
-51.2058
-51.2058
-51.2058
-51.2058
-51.2058
-51.7364
-51.7364
-51.7364
-51.7364
-51.7364
-51.7364
-51.7364
-51.7364
-51.7364
-51.7364
-51.7364
-51.7364
-51.7364
-51.7365
-51.7365
-51.7365
-51.7365
-51.7365
-51.7365
-51.7365
-52.267
-52.267
-52.267
-52.2671
-52.2671
-52.2671
-52.2671
-52.2671
-52.2671
-52.2671
-52.2671
-52.2671
-52.2671
-52.2671
-52.2671
-52.2671
-52.2671
-52.2671
-52.2671
-52.2671
-52.7977
-52.7977
-52.7977
-52.7977
-52.7977
-52.7977
-52.7977
-52.7977
-52.7977
-52.7977
-52.7977
-52.7977
-52.7977
-52.7977
-52.7977
-52.7977
-52.7977
-52.7977
-52.7977
-52.7977
-53.3283
-53.3283
-53.3283
-53.3283
-53.3283
-53.3283
-53.3283
-53.3283
-53.3283
-53.3283
-53.3283
-53.3283
-53.3283
-53.3283
-53.3284
-53.3284
-53.3284
-53.3284
-53.3284
-53.3284
-53.8589
-53.8589
-53.8589
-53.8589
-53.8589
-53.8589
-53.8589
-53.8589
-53.859
-53.859
-53.859
-53.859
-53.859
-53.859
-53.859
-53.859
-53.859
-53.859
-53.859
-53.859
-54.3895
-54.3895
-54.3896
-54.3896
-54.3896
-54.3896
-54.3896
-54.3896
-54.3896
-54.3896
-54.3896
-54.3896
-54.3896
-54.3896
-54.3896
-54.3896
-54.3896
-54.3896
-54.3896
-54.3896
-54.9202
-54.9202
-54.9202
-54.9202
-54.9202
-54.9202
-54.9202
-54.9202
-54.9202
-54.9202
-54.9202
-54.9202
-54.9202
-54.9202
-54.9203
-54.9203
-54.9203
-54.9203
-54.9203
-54.9203
-55.4508
-55.4508
-55.4508
-55.4508
-55.4508
-55.4508
-55.4508
-55.4508
-55.4508
-55.4508
-55.4509
-55.4509
-55.4509
-55.4509
-55.4509
-55.4509
-55.4509
-55.4509
-55.4509
-55.4509
-55.9814
-55.9814
-55.9814
-55.9814
-55.9814
-55.9814
-55.9814
-55.9815
-55.9815
-55.9815
-55.9815
-55.9815
-55.9815
-55.9815
-55.9815
-55.9815
-55.9815
-55.9815
-55.9815
-55.9815
-56.512
-56.512
-56.512
-56.512
-56.5121
-56.5121
-56.5121
-56.5121
-56.5121
-56.5121
-56.5121
-56.5121
-56.5121
-56.5121
-56.5122
-56.5122
-56.5122
-56.5122
-56.5122
-56.5122
-57.0427
-57.0427
-57.0427
-57.0427
-57.0427
-57.0427
-57.0427
-57.0427
-57.0427
-57.0427
-57.0427
-57.0428
-57.0428
-57.0428
-57.0428
-57.0428
-57.0428
-57.0428
-57.0428
-57.0428
-57.5733
-57.5733
-57.5733
-57.5733
-57.5733
-57.5733
-57.5733
-57.5733
-57.5733
-57.5734
-57.5734
-57.5734
-57.5734
-57.5734
-57.5734
-57.5734
-57.5735
-57.5735
-57.5735
-57.5735
-58.1039
-58.1039
-58.1039
-58.1039
-58.1039
-58.1039
-58.1039
-58.104
-58.104
-58.104
-58.104
-58.104
-58.104
-58.1041
-58.1041
-58.1041
-58.1041
-58.1041
-58.1041
-58.1041
-58.6345
-58.6345
-58.6345
-58.6345
-58.6345
-58.6345
-58.6346
-58.6346
-58.6346
-58.6346
-58.6346
-58.6347
-58.6347
-58.6347
-58.6347
-58.6347
-58.6347
-58.6348
-58.6348
-58.6348
-59.1651
-59.1651
-59.1651
-59.1651
-59.1651
-59.1652
-59.1652
-59.1652
-59.1652
-59.1652
-59.1653
-59.1653
-59.1653
-59.1653
-59.1654
-59.1654
-59.1654
-59.1654
-59.1654
-59.1654
-59.6957
-59.6957
-59.6957
-59.6957
-59.6958
-59.6958
-59.6958
-59.6958
-59.6959
-59.6959
-59.6959
-59.6959
-59.696
-59.696
-59.696
-59.696
-59.696
-59.696
-59.6961
-59.6961
-60.2263
-60.2263
-60.2263
-60.2264
-60.2264
-60.2264
-60.2264
-60.2264
-60.2265
-60.2265
-60.2265
-60.2266
-60.2266
-60.2266
-60.2266
-60.2267
-60.2267
-60.2267
-60.2267
-60.2267
-60.7569
-60.7569
-60.7569
-60.757
-60.757
-60.757
-60.757
-60.7571
-60.7571
-60.7571
-60.7572
-60.7572
-60.7572
-60.7573
-60.7573
-60.7573
-60.7573
-60.7574
-60.7574
-60.7574
-61.2875
-61.2875
-61.2875
-61.2876
-61.2876
-61.2876
-61.2876
-61.2877
-61.2877
-61.2878
-61.2878
-61.2878
-61.2879
-61.2879
-61.2879
-61.288
-61.288
-61.288
-61.288
-61.2881
-61.8181
-61.8181
-61.8181
-61.8182
-61.8182
-61.8182
-61.8183
-61.8183
-61.8183
-61.8184
-61.8184
-61.8185
-61.8185
-61.8186
-61.8186
-61.8186
-61.8187
-61.8187
-61.8187
-61.8187
-62.3487
-62.3487
-62.3487
-62.3487
-62.3488
-62.3488
-62.3489
-62.3489
-62.349
-62.349
-62.3491
-62.3491
-62.3492
-62.3492
-62.3493
-62.3493
-62.3493
-62.3494
-62.3494
-62.3494
-62.8792
-62.8793
-62.8793
-62.8793
-62.8794
-62.8794
-62.8795
-62.8795
-62.8796
-62.8796
-62.8797
-62.8798
-62.8798
-62.8799
-62.8799
-62.88
-62.88
-62.88
-62.8801
-62.8801
-63.4098
-63.4098
-63.4099
-63.4099
-63.41
-63.41
-63.4101
-63.4101
-63.4102
-63.4103
-63.4103
-63.4104
-63.4105
-63.4105
-63.4106
-63.4106
-63.4107
-63.4107
-63.4108
-63.4108
-63.9404
-63.9404
-63.9404
-63.9405
-63.9405
-63.9406
-63.9407
-63.9407
-63.9408
-63.9409
-63.941
-63.941
-63.9411
-63.9412
-63.9413
-63.9413
-63.9414
-63.9414
-63.9415
-63.9415
-64.4709
-64.4709
-64.471
-64.471
-64.4711
-64.4712
-64.4713
-64.4713
-64.4714
-64.4715
-64.4716
-64.4717
-64.4718
-64.4719
-64.4719
-64.472
-64.4721
-64.4721
-64.4722
-64.4722
-65.0014
-65.0015
-65.0015
-65.0016
-65.0017
-65.0017
-65.0018
-65.0019
-65.002
-65.0021
-65.0022
-65.0023
-65.0024
-65.0025
-65.0026
-65.0027
-65.0028
-65.0028
-65.0029
-65.0029
-65.532
-65.532
-65.5321
-65.5321
-65.5322
-65.5323
-65.5324
-65.5325
-65.5326
-65.5328
-65.5329
-65.533
-65.5331
-65.5332
-65.5333
-65.5334
-65.5335
-65.5336
-65.5336
-65.5337
-66.0625
-66.0625
-66.0626
-66.0627
-66.0628
-66.0629
-66.063
-66.0631
-66.0632
-66.0634
-66.0635
-66.0636
-66.0638
-66.0639
-66.064
-66.0641
-66.0642
-66.0643
-66.0644
-66.0644
-66.5929
-66.593
-66.5931
-66.5932
-66.5933
-66.5934
-66.5935
-66.5937
-66.5938
-66.594
-66.5942
-66.5943
-66.5945
-66.5946
-66.5947
-66.5949
-66.595
-66.5951
-66.5951
-66.5952
-67.1234
-67.1235
-67.1236
-67.1237
-67.1238
-67.1239
-67.1241
-67.1243
-67.1244
-67.1246
-67.1248
-67.125
-67.1251
-67.1253
-67.1255
-67.1256
-67.1257
-67.1258
-67.1259
-67.126
-67.6538
-67.6539
-67.654
-67.6542
-67.6543
-67.6545
-67.6546
-67.6548
-67.655
-67.6552
-67.6554
-67.6556
-67.6558
-67.656
-67.6562
-67.6564
-67.6565
-67.6566
-67.6567
-67.6568
-68.1842
-68.1843
-68.1845
-68.1846
-68.1848
-68.185
-68.1852
-68.1854
-68.1856
-68.1858
-68.1861
-68.1863
-68.1865
-68.1868
-68.187
-68.1871
-68.1873
-68.1875
-68.1876
-68.1877
-68.7146
-68.7147
-68.7149
-68.715
-68.7152
-68.7155
-68.7157
-68.7159
-68.7162
-68.7165
-68.7167
-68.717
-68.7173
-68.7175
-68.7177
-68.7179
-68.7181
-68.7183
-68.7185
-68.7186
-69.245
-69.2451
-69.2453
-69.2454
-69.2457
-69.2459
-69.2462
-69.2465
-69.2468
-69.2471
-69.2474
-69.2477
-69.248
-69.2483
-69.2485
-69.2488
-69.249
-69.2492
-69.2494
-69.2495
-69.7752
-69.7754
-69.7756
-69.7758
-69.7761
-69.7764
-69.7767
-69.777
-69.7773
-69.7777
-69.778
-69.7784
-69.7787
-69.779
-69.7793
-69.7796
-69.7799
-69.7801
-69.7803
-69.7804
-70.3055
-70.3057
-70.3059
-70.3062
-70.3064
-70.3068
-70.3071
-70.3075
-70.3079
-70.3083
-70.3087
-70.3091
-70.3095
-70.3098
-70.3102
-70.3105
-70.3108
-70.3111
-70.3113
-70.3115
-70.8357
-70.8359
-70.8362
-70.8364
-70.8368
-70.8372
-70.8376
-70.838
-70.8384
-70.8389
-70.8394
-70.8398
-70.8402
-70.8407
-70.8411
-70.8414
-70.8418
-70.8421
-70.8423
-70.8425
-71.3658
-71.3661
-71.3664
-71.3667
-71.3671
-71.3675
-71.368
-71.3685
-71.369
-71.3695
-71.37
-71.3705
-71.371
-71.3715
-71.372
-71.3724
-71.3728
-71.3731
-71.3734
-71.3736
-71.8959
-71.8961
-71.8965
-71.8969
-71.8973
-71.8978
-71.8984
-71.8989
-71.8995
-71.9001
-71.9007
-71.9013
-71.9019
-71.9024
-71.9029
-71.9034
-71.9038
-71.9042
-71.9046
-71.9048
-72.4258
-72.4262
-72.4266
-72.427
-72.4275
-72.4281
-72.4287
-72.4294
-72.43
-72.4307
-72.4314
-72.432
-72.4327
-72.4333
-72.4339
-72.4344
-72.4349
-72.4354
-72.4358
-72.4361
-72.9557
-72.9561
-72.9566
-72.9571
-72.9577
-72.9583
-72.959
-72.9598
-72.9605
-72.9613
-72.9621
-72.9628
-72.9636
-72.9643
-72.9649
-72.9655
-72.9661
-72.9666
-72.9671
-72.9675
-73.4855
-73.4859
-73.4865
-73.4871
-73.4878
-73.4885
-73.4893
-73.4902
-73.491
-73.4919
-73.4928
-73.4936
-73.4945
-73.4953
-73.496
-73.4967
-73.4974
-73.4979
-73.4985
-73.4989
-74.0151
-74.0156
-74.0163
-74.017
-74.0178
-74.0186
-74.0196
-74.0205
-74.0215
-74.0225
-74.0235
-74.0245
-74.0254
-74.0263
-74.0272
-74.028
-74.0287
-74.0293
-74.0299
-74.0305
-74.5446
-74.5452
-74.546
-74.5468
-74.5477
-74.5487
-74.5498
-74.5508
-74.552
-74.5531
-74.5542
-74.5553
-74.5564
-74.5574
-74.5584
-74.5593
-74.5601
-74.5609
-74.5615
-74.5621
-75.0739
-75.0747
-75.0755
-75.0765
-75.0776
-75.0787
-75.0799
-75.0811
-75.0824
-75.0837
-75.085
-75.0862
-75.0874
-75.0886
-75.0897
-75.0907
-75.0916
-75.0925
-75.0933
-75.0939
-75.6031
-75.604
-75.605
-75.6061
-75.6073
-75.6086
-75.61
-75.6114
-75.6129
-75.6143
-75.6158
-75.6172
-75.6185
-75.6198
-75.621
-75.6222
-75.6232
-75.6242
-75.6251
-75.6259
-76.132
-76.1331
-76.1342
-76.1355
-76.137
-76.1385
-76.14
-76.1417
-76.1433
-76.145
-76.1466
-76.1482
-76.1497
-76.1511
-76.1525
-76.1538
-76.1549
-76.156
-76.1571
-76.158
-76.6607
-76.6619
-76.6633
-76.6648
-76.6665
-76.6682
-76.67
-76.6719
-76.6738
-76.6756
-76.6775
-76.6792
-76.6809
-76.6825
-76.684
-76.6855
-76.6868
-76.688
-76.6892
-76.6903
-77.1892
-77.1906
-77.1922
-77.194
-77.1959
-77.1979
-77.1999
-77.2021
-77.2042
-77.2063
-77.2084
-77.2104
-77.2123
-77.214
-77.2157
-77.2173
-77.2188
-77.2202
-77.2215
-77.2227
-77.7173
-77.719
-77.7209
-77.7229
-77.7251
-77.7274
-77.7298
-77.7323
-77.7347
-77.7371
-77.7394
-77.7416
-77.7437
-77.7457
-77.7475
-77.7492
-77.7509
-77.7525
-77.754
-77.7554
-78.2451
-78.247
-78.2492
-78.2516
-78.2542
-78.2569
-78.2596
-78.2624
-78.2652
-78.2679
-78.2705
-78.273
-78.2753
-78.2774
-78.2794
-78.2813
-78.2831
-78.2849
-78.2866
-78.2883
-78.7725
-78.7748
-78.7773
-78.7801
-78.7831
-78.7862
-78.7894
-78.7926
-78.7958
-78.7989
-78.8018
-78.8045
-78.807
-78.8094
-78.8115
-78.8136
-78.8155
-78.8175
-78.8195
-78.8214
-79.2995
-79.3021
-79.3051
-79.3083
-79.3118
-79.3155
-79.3192
-79.3229
-79.3265
-79.33
-79.3333
-79.3363
-79.339
-79.3415
-79.3438
-79.3459
-79.348
-79.3502
-79.3525
-79.3547
-79.826
-79.829
-79.8324
-79.8362
-79.8403
-79.8446
-79.8489
-79.8532
-79.8574
-79.8613
-79.865
-79.8683
-79.8712
-79.8738
-79.8762
-79.8784
-79.8806
-79.883
-79.8856
-79.8882
-80.3519
-80.3553
-80.3593
-80.3637
-80.3686
-80.3737
-80.3787
-80.3837
-80.3885
-80.393
-80.397
-80.4006
-80.4037
-80.4064
-80.4088
-80.411
-80.4133
-80.4158
-80.4188
-80.422
-80.8771
-80.8809
-80.8856
-80.8908
-80.8966
-80.9027
-80.9086
-80.9144
-80.9199
-80.925
-80.9296
-80.9334
-80.9367
-80.9394
-80.9417
-80.9438
-80.9459
-80.9486
-80.952
-80.9558
-81.4014
-81.4055
-81.4112
-81.4174
-81.4244
-81.4316
-81.4387
-81.4454
-81.4517
-81.4576
-81.4626
-81.4669
-81.4702
-81.4728
-81.4749
-81.4766
-81.4785
-81.4812
-81.4849
-81.4896
-81.9245
-81.9292
-81.9359
-81.9432
-81.952
-81.9607
-81.9689
-81.9768
-81.9842
-81.9909
-81.9967
-82.0011
-82.0045
-82.0066
-82.0086
-82.0095
-82.0106
-82.0133
-82.0177
-82.0232
-82.4459
-82.4519
-82.4594
-82.4677
-82.4793
-82.4902
-82.4994
-82.5086
-82.5173
-82.5253
-82.5318
-82.5365
-82.5397
-82.5418
-82.5429
-82.5422
-82.5418
-82.5442
-82.5501
-82.5562
-82.965
-82.9723
-82.9813
-82.9899
-83.0064
-83.0134
-83.0306
-83.041
-83.0514
-83.061
-83.0686
-83.0734
-83.0761
-83.0773
-83.0706
-83.0686
-83.0707
-83.0729
-83.0816
-83.0884
-83.4801
-83.49
-83.4999
-83.4885
-83.4903
-83.5405
-83.5602
-83.5731
-83.5864
-83.5987
-83.6079
-83.6122
-83.6136
-83.6118
-83.6072
-83.5635
-83.5735
-83.5936
-83.6102
-83.6193
-83.9891
-83.9752
-83.9755
-84.0015
-84.0188
-84.0687
-84.0889
-84.1058
-84.1226
-84.1397
-84.1507
-84.1542
-84.1551
-84.1479
-84.1416
-84.1182
-84.0991
-84.104
-84.1165
-84.1445
-84.5119
-84.5092
-84.5214
-84.5424
-84.5699
-84.597
-84.6184
-84.6385
-84.6554
-84.5126
-84.5406
-84.6525
-84.7058
-84.6848
-84.6732
-84.6652
-84.6628
-84.6583
-84.6644
-84.6885
-84.925
-85.0297
-85.0424
-85.0669
-85.0942
-85.1232
-85.1491
-85.1678
-85.0689
-84.8946
-84.8723
-84.9166
-85.2123
-85.2134
-85.2018
-85.1922
-85.1874
-85.1877
-85.2002
-85.1181
-85.5255
-85.5361
-85.5535
-85.5829
-85.6169
-85.6535
-85.6881
-85.7142
-85.4187
-85.4476
-85.4517
-85.4805
-85.7355
-85.7424
-85.7302
-85.7176
-85.7103
-85.7117
-85.7261
-85.7443
-86.0266
-86.0328
-86.0583
-86.0956
-86.1382
-86.1847
-86.2241
-86.2508
-86.0716
-86.0265
-86.0233
-86.0871
-86.2883
-86.2813
-86.2626
-86.243
-86.2295
-86.2279
-86.2433
-86.2758
-86.5035
-86.5123
-86.545
-86.5668
-86.6553
-86.7229
-86.7681
-86.788
-86.7723
-86.6035
-86.5549
-86.796
-86.8683
-86.839
-86.8041
-86.7705
-86.7458
-86.7394
-86.7549
-86.7917
-86.963
-86.9737
-87.0202
-87.0579
-87.114
-87.2309
-87.3651
-87.4006
-87.4342
-87.2348
-87.0712
-87.4957
-87.4647
-87.4144
-87.3573
-87.3005
-87.2504
-87.2377
-87.2588
-87.3008
-87.3941
-87.4108
-87.4733
-87.5764
-87.7212
-87.8525
-87.9724
-88.0826
-88.1197
-88.2283
-88.1834
-88.1633
-88.0925
-88.014
-87.9281
-87.8435
-87.7768
-87.7405
-87.7398
-87.7892
-87.7119
-87.7432
-87.9001
-88.0531
-88.2561
-88.4603
-88.6327
-88.7473
-88.8406
-88.885
-88.8763
-88.8278
-88.749
-88.6449
-88.5241
-88.4015
-88.2987
-88.2385
-88.2284
-88.1945
-87.4788
-88.1185
-88.2788
-88.5073
-88.8081
-89.1174
-89.3764
-89.5167
-89.6042
-89.6345
-89.6138
-89.5525
-89.4554
-89.3215
-89.157
-88.9827
-88.8274
-88.7253
-88.6919
-88.7493
-88.3969
-88.4241
-88.6135
-88.9331
-89.3591
-89.8283
-90.2065
-90.4108
-90.4643
-90.4668
-90.4245
-90.3452
-90.2286
-90.0585
-89.8349
-89.5873
-89.3548
-89.1973
-89.1095
-89.1398
-88.4816
-88.578
-88.8137
-89.2294
-89.8512
-90.5963
-91.167
-91.4301
-91.4256
-91.3716
-91.3037
-91.202
-91.0751
-90.8661
-90.5384
-90.2066
-89.8632
-89.6302
-89.4556
-89.4577
-88.5316
-88.6632
-88.9099
-89.4635
-90.286
-91.4126
-92.3331
-92.6895
-92.4921
-92.3194
-92.2354
-92.1095
-92.0045
-91.8147
-91.4554
-90.8718
-90.3001
-89.9838
-89.6798
-89.6277
-88.3201
-88.3234
-88.4133
-88.8303
-89.9519
-92.0718
-93.808
-94.4173
-93.6898
-93.2372
-93.2213
-93.0345
-92.9731
-92.7788
-91.6823
-91.2262
-90.4847
-90.211
-89.7182
-89.7139
-88.7792
-89.0566
-88.597
-89.0256
-90.892
-92.9898
-96.4825
-97.6368
-95.2837
-93.9662
-94.2453
-93.7634
-93.9335
-94.0547
-93.266
-91.8935
-90.6141
-90.4838
-89.515
-89.6603
-88.4656
-87.346
-85.636
-83.5111
-84.2839
-86.3083
-66.9748
-37.8637
-19.3602
-13.652
-14.8693
-28.3782
-49.7732
-70.7221
-81.8409
-84.2355
-86.2983
-90.3126
-89.0781
-89.3348
-91.5752
-92.5168
-81.4077
-75.2746
-49.6698
-9.41571
-0.536431
-0.12222
-0.064798
-0.00865176
-0.0457794
-0.035949
0.185976
-4.37264
-22.1595
-54.5231
-67.051
-74.6458
-87.395
-88.3671
-95.3987
-65.7325
-49.7165
-7.77647
0.00945538
-0.0813966
-0.0647739
-0.0582688
-0.0513638
-0.0447497
-0.0456426
-0.0421414
-0.0295931
-0.120053
-0.108264
-1.32105
-18.7715
-54.4992
-67.7564
-91.4018
-59.9531
-9.30025
1.07048
0.0177847
0.0428279
-0.00558453
-0.0383875
-0.0541158
-0.0516993
-0.047343
-0.0462784
-0.0409082
-0.0269169
-0.0327846
0.0171623
0.104193
0.192722
-1.60179
-18.9523
-61.4356
-7.85595
-2.20376
-0.47766
-0.229061
-0.0820516
-0.0608687
-0.0565743
-0.0581251
-0.0555991
-0.0527594
-0.052514
-0.0526858
-0.0528503
-0.0834843
-0.0873902
-0.130056
-0.222649
-0.405981
-2.52065
-13.3677
0.553154
-0.379165
-0.0709404
-0.0949501
-0.0779352
-0.0682713
-0.0630289
-0.0612008
-0.0590475
-0.0571797
-0.0566886
-0.0568416
-0.0572687
-0.0609239
-0.0597786
-0.0615398
-0.0747583
-0.0789059
-0.323122
0.617014
0.0775257
-0.200495
-0.0889461
-0.105334
-0.0799939
-0.0707121
-0.0663749
-0.0640179
-0.0620697
-0.0606595
-0.0601619
-0.060475
-0.0620673
-0.066663
-0.0704333
-0.0783015
-0.0909867
-0.0916125
-0.220374
0.0307364
0.0466791
-0.0882133
-0.0711804
-0.0781152
-0.0732671
-0.0700938
-0.0677169
-0.0659118
-0.0643755
-0.063291
-0.0628517
-0.0630738
-0.0641892
-0.0667485
-0.0693959
-0.0733648
-0.0777787
-0.0740265
-0.0979967
0.0374503
-0.0120413
-0.0704173
-0.0690771
-0.071892
-0.0708755
-0.0697715
-0.068456
-0.0672065
-0.0660919
-0.0652823
-0.0649163
-0.0650426
-0.0657348
-0.067057
-0.0684613
-0.0699803
-0.0711118
-0.0698712
-0.0738712
-0.0162486
-0.047456
-0.0673316
-0.0685153
-0.0702333
-0.0702709
-0.0697884
-0.0690082
-0.0681635
-0.0673794
-0.0667899
-0.0664983
-0.0665486
-0.066955
-0.0676777
-0.0684417
-0.0691212
-0.0695245
-0.069274
-0.0703631
-0.0518022
-0.0615857
-0.0685774
-0.0692893
-0.0701621
-0.070299
-0.0700235
-0.0695203
-0.0689434
-0.0683951
-0.0679713
-0.0677452
-0.0677508
-0.0679896
-0.0684157
-0.0688877
-0.06933
-0.0696149
-0.069737
-0.0705849
-0.0648889
-0.0662321
-0.0700847
-0.0703956
-0.070675
-0.0706718
-0.0704402
-0.0700716
-0.0696564
-0.0692643
-0.0689591
-0.0687892
-0.0687776
-0.0689261
-0.0692022
-0.0695324
-0.0698732
-0.0701531
-0.0704309
-0.0710629
-0.0689338
-0.0664584
-0.0720507
-0.0716411
-0.0714749
-0.0712808
-0.0710102
-0.0706904
-0.0703628
-0.0700665
-0.0698399
-0.0697137
-0.0697023
-0.0698055
-0.0700067
-0.0702674
-0.0705576
-0.0708445
-0.0711647
-0.0715438
-0.068783
-0.0194274
-0.0726691
-0.0727752
-0.0723604
-0.0719914
-0.0716651
-0.0713587
-0.0710783
-0.0708376
-0.0706606
-0.0705636
-0.0705568
-0.0706383
-0.0708012
-0.0710317
-0.0713212
-0.0716683
-0.0720874
-0.0723843
-0.0416502
-0.00969231
-0.075245
-0.0741506
-0.0732555
-0.0727169
-0.072344
-0.072046
-0.0717884
-0.0715878
-0.0714401
-0.0713598
-0.0713528
-0.0714185
-0.0715533
-0.0717563
-0.0720411
-0.0724479
-0.0730489
-0.0741936
-0.0221829
-0.0185311
-0.0739918
-0.0740247
-0.0736128
-0.0732515
-0.0729522
-0.0726849
-0.0724839
-0.07231
-0.0721847
-0.0721133
-0.0720996
-0.0721436
-0.0722415
-0.0723882
-0.0725813
-0.0728207
-0.0730807
-0.0731538
-0.0539248
-0.0618191
-0.0751113
-0.074635
-0.0741448
-0.0737911
-0.0735313
-0.0733296
-0.0731554
-0.0730071
-0.0728983
-0.0728317
-0.0728093
-0.0728303
-0.0728906
-0.0729843
-0.0731047
-0.0732441
-0.0734026
-0.0736899
-0.0716831
-0.0712069
-0.0742696
-0.0745389
-0.0744237
-0.0742456
-0.0740973
-0.0739503
-0.0738031
-0.07368
-0.0735849
-0.0735214
-0.0734905
-0.0734904
-0.0735156
-0.0735559
-0.0735963
-0.0736042
-0.0735143
-0.073326
-0.0712907
-0.0741408
-0.0748348
-0.0749397
-0.0748994
-0.0748066
-0.0746865
-0.0745587
-0.0744392
-0.0743348
-0.0742505
-0.0741894
-0.074152
-0.074136
-0.0741363
-0.0741426
-0.0741412
-0.0741107
-0.0740202
-0.073855
-0.0732368
-0.0754244
-0.0755685
-0.0755254
-0.0754586
-0.0753734
-0.0752728
-0.0751673
-0.0750663
-0.0749759
-0.0749002
-0.0748414
-0.0747997
-0.0747733
-0.0747578
-0.0747462
-0.0747281
-0.0746913
-0.0746243
-0.0745301
-0.0742847
-0.0762309
-0.0762094
-0.0761181
-0.0760367
-0.0759536
-0.0758641
-0.075773
-0.0756857
-0.0756063
-0.0755376
-0.0754815
-0.0754379
-0.0754053
-0.0753805
-0.0753587
-0.0753333
-0.0752976
-0.075248
-0.0751939
-0.0750842
-0.076854
-0.0767862
-0.0766922
-0.0766121
-0.0765344
-0.0764546
-0.076375
-0.0762987
-0.0762283
-0.0761659
-0.0761128
-0.076069
-0.0760335
-0.0760039
-0.0759769
-0.0759488
-0.075916
-0.075878
-0.07584
-0.0757849
-0.0774034
-0.0773351
-0.0772545
-0.0771829
-0.0771133
-0.077043
-0.0769734
-0.0769064
-0.0768438
-0.0767873
-0.0767376
-0.076695
-0.0766586
-0.076627
-0.0765981
-0.0765695
-0.0765395
-0.0765083
-0.0764785
-0.076443
-0.0779308
-0.0778754
-0.0778113
-0.0777506
-0.0776902
-0.0776291
-0.0775685
-0.0775098
-0.0774543
-0.0774033
-0.0773574
-0.0773168
-0.0772811
-0.0772493
-0.0772202
-0.0771924
-0.0771648
-0.0771376
-0.0771116
-0.0770859
-0.0784581
-0.0784165
-0.0783671
-0.0783172
-0.078266
-0.0782136
-0.0781613
-0.07811
-0.078061
-0.0780152
-0.0779733
-0.0779353
-0.0779012
-0.0778704
-0.0778422
-0.0778157
-0.0777903
-0.077766
-0.0777428
-0.0777217
-0.078993
-0.0789626
-0.078925
-0.0788846
-0.0788418
-0.0787974
-0.0787525
-0.078708
-0.0786649
-0.0786241
-0.0785861
-0.0785511
-0.0785192
-0.0784901
-0.0784634
-0.0784385
-0.0784153
-0.0783934
-0.0783725
-0.0783542
-0.0795373
-0.0795152
-0.0794866
-0.0794541
-0.0794187
-0.0793813
-0.0793429
-0.0793044
-0.0792668
-0.0792306
-0.0791965
-0.0791647
-0.0791353
-0.0791083
-0.0790834
-0.0790604
-0.0790392
-0.0790195
-0.079001
-0.0789849
-0.0800908
-0.0800746
-0.0800526
-0.0800265
-0.0799973
-0.0799659
-0.0799333
-0.0799001
-0.0798673
-0.0798355
-0.079805
-0.0797764
-0.0797497
-0.0797249
-0.0797021
-0.0796811
-0.0796619
-0.0796443
-0.0796279
-0.0796141
-0.0806521
-0.08064
-0.080623
-0.0806021
-0.080578
-0.0805517
-0.080524
-0.0804955
-0.080467
-0.0804391
-0.0804121
-0.0803865
-0.0803624
-0.08034
-0.0803194
-0.0803004
-0.0802831
-0.0802675
-0.0802532
-0.0802414
-0.08122
-0.081211
-0.0811976
-0.0811807
-0.0811609
-0.0811388
-0.0811153
-0.0810909
-0.0810663
-0.0810419
-0.0810181
-0.0809954
-0.0809739
-0.0809538
-0.0809352
-0.0809182
-0.0809028
-0.080889
-0.0808767
-0.0808666
-0.0817935
-0.0817866
-0.0817761
-0.0817623
-0.0817459
-0.0817274
-0.0817075
-0.0816866
-0.0816654
-0.0816441
-0.0816233
-0.0816032
-0.0815841
-0.0815662
-0.0815497
-0.0815346
-0.081521
-0.081509
-0.0814984
-0.08149
-0.0823718
-0.0823663
-0.0823579
-0.0823466
-0.082333
-0.0823175
-0.0823006
-0.0822828
-0.0822645
-0.082246
-0.0822278
-0.0822102
-0.0821934
-0.0821776
-0.0821629
-0.0821496
-0.0821377
-0.0821273
-0.0821184
-0.0821115
-0.0829543
-0.0829494
-0.0829426
-0.0829334
-0.082922
-0.082909
-0.0828947
-0.0828795
-0.0828637
-0.0828477
-0.0828319
-0.0828165
-0.0828017
-0.0827878
-0.082775
-0.0827633
-0.082753
-0.0827441
-0.0827366
-0.0827315
-0.0835399
-0.0835353
-0.0835298
-0.0835222
-0.0835128
-0.0835018
-0.0834897
-0.0834767
-0.0834631
-0.0834493
-0.0834356
-0.0834222
-0.0834093
-0.0833972
-0.083386
-0.0833758
-0.0833669
-0.0833593
-0.0833531
-0.0833497
-0.0841274
-0.0841236
-0.0841192
-0.0841129
-0.084105
-0.0840958
-0.0840855
-0.0840744
-0.0840628
-0.0840509
-0.0840391
-0.0840274
-0.0840162
-0.0840057
-0.0839959
-0.0839872
-0.0839795
-0.0839731
-0.083968
-0.0839656
-0.0847166
-0.0847139
-0.0847104
-0.0847052
-0.0846986
-0.0846909
-0.0846822
-0.0846727
-0.0846628
-0.0846525
-0.0846423
-0.0846322
-0.0846225
-0.0846134
-0.084605
-0.0845975
-0.084591
-0.0845856
-0.0845814
-0.0845792
-0.0853076
-0.085306
-0.0853031
-0.0852989
-0.0852934
-0.0852869
-0.0852795
-0.0852715
-0.085263
-0.0852542
-0.0852454
-0.0852367
-0.0852284
-0.0852205
-0.0852133
-0.0852069
-0.0852013
-0.0851968
-0.0851934
-0.0851913
-0.0859007
-0.0858996
-0.0858972
-0.0858938
-0.0858892
-0.0858837
-0.0858775
-0.0858707
-0.0858634
-0.0858559
-0.0858484
-0.0858409
-0.0858338
-0.085827
-0.0858209
-0.0858154
-0.0858107
-0.085807
-0.0858042
-0.0858025
-0.0864952
-0.0864944
-0.0864926
-0.0864897
-0.0864859
-0.0864813
-0.086476
-0.0864702
-0.0864641
-0.0864577
-0.0864513
-0.0864449
-0.0864388
-0.086433
-0.0864278
-0.0864231
-0.0864192
-0.0864161
-0.086414
-0.0864127
-0.0870909
-0.0870903
-0.0870889
-0.0870865
-0.0870834
-0.0870795
-0.0870751
-0.0870702
-0.087065
-0.0870596
-0.0870541
-0.0870486
-0.0870434
-0.0870385
-0.0870341
-0.0870302
-0.0870269
-0.0870244
-0.0870227
-0.0870218
-0.0876875
-0.0876871
-0.087686
-0.0876841
-0.0876815
-0.0876783
-0.0876746
-0.0876705
-0.0876661
-0.0876614
-0.0876568
-0.0876522
-0.0876477
-0.0876436
-0.0876399
-0.0876366
-0.0876339
-0.0876318
-0.0876306
-0.08763
-0.088285
-0.0882848
-0.088284
-0.0882824
-0.0882803
-0.0882776
-0.0882745
-0.088271
-0.0882673
-0.0882634
-0.0882595
-0.0882556
-0.0882518
-0.0882483
-0.0882452
-0.0882424
-0.0882402
-0.0882386
-0.0882376
-0.0882373
-0.0888832
-0.0888831
-0.0888825
-0.0888813
-0.0888796
-0.0888773
-0.0888748
-0.0888718
-0.0888687
-0.0888654
-0.0888621
-0.0888588
-0.0888557
-0.0888527
-0.0888501
-0.0888478
-0.088846
-0.0888447
-0.088844
-0.0888438
-0.0894821
-0.0894821
-0.0894817
-0.0894807
-0.0894793
-0.0894775
-0.0894753
-0.0894729
-0.0894702
-0.0894675
-0.0894647
-0.089462
-0.0894593
-0.0894568
-0.0894546
-0.0894527
-0.0894513
-0.0894502
-0.0894497
-0.0894497
-0.0900815
-0.0900816
-0.0900813
-0.0900805
-0.0900794
-0.0900779
-0.0900761
-0.0900741
-0.0900719
-0.0900696
-0.0900673
-0.090065
-0.0900628
-0.0900607
-0.0900588
-0.0900573
-0.0900561
-0.0900553
-0.090055
-0.090055
-0.0906814
-0.0906816
-0.0906813
-0.0906808
-0.0906798
-0.0906786
-0.0906771
-0.0906755
-0.0906737
-0.0906718
-0.0906698
-0.0906679
-0.090666
-0.0906643
-0.0906628
-0.0906616
-0.0906606
-0.09066
-0.0906598
-0.0906599
-0.0912817
-0.0912819
-0.0912818
-0.0912813
-0.0912806
-0.0912796
-0.0912784
-0.091277
-0.0912755
-0.0912739
-0.0912723
-0.0912707
-0.0912692
-0.0912678
-0.0912665
-0.0912655
-0.0912648
-0.0912643
-0.0912641
-0.0912643
-0.0918823
-0.0918825
-0.0918825
-0.0918821
-0.0918816
-0.0918808
-0.0918798
-0.0918787
-0.0918774
-0.0918761
-0.0918748
-0.0918735
-0.0918722
-0.091871
-0.09187
-0.0918692
-0.0918686
-0.0918682
-0.0918682
-0.0918683
-0.0924833
-0.0924835
-0.0924835
-0.0924832
-0.0924828
-0.0924821
-0.0924813
-0.0924804
-0.0924794
-0.0924783
-0.0924772
-0.0924761
-0.0924751
-0.0924742
-0.0924733
-0.0924727
-0.0924722
-0.0924719
-0.0924719
-0.0924721
-0.0930845
-0.0930847
-0.0930847
-0.0930845
-0.0930842
-0.0930836
-0.093083
-0.0930823
-0.0930814
-0.0930806
-0.0930796
-0.0930788
-0.0930779
-0.0930771
-0.0930765
-0.093076
-0.0930756
-0.0930754
-0.0930754
-0.0930756
-0.0936858
-0.093686
-0.0936861
-0.093686
-0.0936857
-0.0936853
-0.0936848
-0.0936842
-0.0936835
-0.0936828
-0.0936821
-0.0936813
-0.0936806
-0.09368
-0.0936795
-0.0936791
-0.0936788
-0.0936787
-0.0936787
-0.0936789
-0.0942874
-0.0942876
-0.0942877
-0.0942876
-0.0942874
-0.0942871
-0.0942867
-0.0942862
-0.0942857
-0.0942851
-0.0942845
-0.0942839
-0.0942833
-0.0942828
-0.0942824
-0.0942821
-0.0942819
-0.0942818
-0.0942819
-0.0942821
-0.0948891
-0.0948893
-0.0948894
-0.0948893
-0.0948892
-0.094889
-0.0948887
-0.0948883
-0.0948878
-0.0948873
-0.0948869
-0.0948864
-0.0948859
-0.0948855
-0.0948852
-0.094885
-0.0948848
-0.0948848
-0.0948849
-0.094885
-0.0954909
-0.0954911
-0.0954912
-0.0954912
-0.0954911
-0.0954909
-0.0954907
-0.0954903
-0.09549
-0.0954896
-0.0954892
-0.0954889
-0.0954885
-0.0954882
-0.0954879
-0.0954877
-0.0954876
-0.0954876
-0.0954877
-0.0954879
-0.0960929
-0.096093
-0.0960931
-0.0960931
-0.0960931
-0.0960929
-0.0960927
-0.0960925
-0.0960922
-0.0960919
-0.0960916
-0.0960913
-0.096091
-0.0960908
-0.0960906
-0.0960904
-0.0960904
-0.0960904
-0.0960905
-0.0960906
-0.0966949
-0.096695
-0.0966951
-0.0966951
-0.0966951
-0.096695
-0.0966948
-0.0966946
-0.0966944
-0.0966942
-0.096694
-0.0966937
-0.0966935
-0.0966933
-0.0966932
-0.096693
-0.096693
-0.096693
-0.0966931
-0.0966933
-0.0972969
-0.0972971
-0.0972972
-0.0972972
-0.0972972
-0.0972971
-0.097297
-0.0972968
-0.0972967
-0.0972965
-0.0972963
-0.0972961
-0.0972959
-0.0972958
-0.0972957
-0.0972956
-0.0972956
-0.0972956
-0.0972957
-0.0972958
-0.0978991
-0.0978992
-0.0978993
-0.0978993
-0.0978993
-0.0978992
-0.0978992
-0.0978991
-0.0978989
-0.0978988
-0.0978986
-0.0978985
-0.0978984
-0.0978983
-0.0978982
-0.0978981
-0.0978981
-0.0978981
-0.0978982
-0.0978983
-0.0985012
-0.0985013
-0.0985014
-0.0985015
-0.0985015
-0.0985014
-0.0985014
-0.0985013
-0.0985012
-0.0985011
-0.098501
-0.0985009
-0.0985008
-0.0985007
-0.0985006
-0.0985006
-0.0985006
-0.0985006
-0.0985007
-0.0985008
-0.0991034
-0.0991035
-0.0991036
-0.0991036
-0.0991037
-0.0991036
-0.0991036
-0.0991035
-0.0991035
-0.0991034
-0.0991033
-0.0991032
-0.0991031
-0.0991031
-0.0991031
-0.099103
-0.099103
-0.0991031
-0.0991032
-0.0991033
-0.0997056
-0.0997057
-0.0997058
-0.0997059
-0.0997059
-0.0997059
-0.0997058
-0.0997058
-0.0997057
-0.0997057
-0.0997056
-0.0997056
-0.0997055
-0.0997055
-0.0997055
-0.0997054
-0.0997055
-0.0997055
-0.0997056
-0.0997057
-0.100308
-0.100308
-0.100308
-0.100308
-0.100308
-0.100308
-0.100308
-0.100308
-0.100308
-0.100308
-0.100308
-0.100308
-0.100308
-0.100308
-0.100308
-0.100308
-0.100308
-0.100308
-0.100308
-0.100308
-0.10091
-0.10091
-0.10091
-0.10091
-0.10091
-0.10091
-0.10091
-0.10091
-0.10091
-0.10091
-0.10091
-0.10091
-0.10091
-0.10091
-0.10091
-0.10091
-0.10091
-0.10091
-0.10091
-0.10091
-0.101512
-0.101512
-0.101513
-0.101513
-0.101513
-0.101513
-0.101513
-0.101513
-0.101513
-0.101513
-0.101513
-0.101513
-0.101512
-0.101512
-0.101512
-0.101513
-0.101513
-0.101513
-0.101513
-0.101513
-0.102115
-0.102115
-0.102115
-0.102115
-0.102115
-0.102115
-0.102115
-0.102115
-0.102115
-0.102115
-0.102115
-0.102115
-0.102115
-0.102115
-0.102115
-0.102115
-0.102115
-0.102115
-0.102115
-0.102115
-0.102717
-0.102717
-0.102717
-0.102717
-0.102717
-0.102717
-0.102717
-0.102717
-0.102717
-0.102717
-0.102717
-0.102717
-0.102717
-0.102717
-0.102717
-0.102717
-0.102717
-0.102717
-0.102717
-0.102717
-0.103319
-0.103319
-0.103319
-0.103319
-0.103319
-0.103319
-0.103319
-0.103319
-0.103319
-0.103319
-0.103319
-0.103319
-0.103319
-0.103319
-0.103319
-0.10332
-0.10332
-0.10332
-0.10332
-0.10332
-0.103922
-0.103922
-0.103922
-0.103922
-0.103922
-0.103922
-0.103922
-0.103922
-0.103922
-0.103922
-0.103922
-0.103922
-0.103922
-0.103922
-0.103922
-0.103922
-0.103922
-0.103922
-0.103922
-0.103922
-0.104524
-0.104524
-0.104524
-0.104524
-0.104524
-0.104524
-0.104524
-0.104524
-0.104524
-0.104524
-0.104524
-0.104524
-0.104524
-0.104524
-0.104524
-0.104524
-0.104524
-0.104524
-0.104524
-0.104524
-0.105126
-0.105126
-0.105126
-0.105126
-0.105126
-0.105126
-0.105126
-0.105126
-0.105126
-0.105126
-0.105126
-0.105126
-0.105126
-0.105126
-0.105126
-0.105126
-0.105126
-0.105126
-0.105127
-0.105127
-0.105728
-0.105729
-0.105729
-0.105729
-0.105729
-0.105729
-0.105729
-0.105729
-0.105729
-0.105729
-0.105729
-0.105729
-0.105729
-0.105729
-0.105729
-0.105729
-0.105729
-0.105729
-0.105729
-0.105729
-0.106331
-0.106331
-0.106331
-0.106331
-0.106331
-0.106331
-0.106331
-0.106331
-0.106331
-0.106331
-0.106331
-0.106331
-0.106331
-0.106331
-0.106331
-0.106331
-0.106331
-0.106331
-0.106331
-0.106331
-0.106933
-0.106933
-0.106933
-0.106933
-0.106933
-0.106933
-0.106933
-0.106933
-0.106933
-0.106933
-0.106933
-0.106933
-0.106933
-0.106933
-0.106933
-0.106933
-0.106933
-0.106933
-0.106933
-0.106933
-0.107535
-0.107535
-0.107535
-0.107535
-0.107535
-0.107535
-0.107535
-0.107535
-0.107535
-0.107535
-0.107536
-0.107536
-0.107536
-0.107536
-0.107536
-0.107536
-0.107536
-0.107536
-0.107536
-0.107536
-0.108138
-0.108138
-0.108138
-0.108138
-0.108138
-0.108138
-0.108138
-0.108138
-0.108138
-0.108138
-0.108138
-0.108138
-0.108138
-0.108138
-0.108138
-0.108138
-0.108138
-0.108138
-0.108138
-0.108138
-0.10874
-0.10874
-0.10874
-0.10874
-0.10874
-0.10874
-0.10874
-0.10874
-0.10874
-0.10874
-0.10874
-0.10874
-0.10874
-0.10874
-0.10874
-0.10874
-0.10874
-0.10874
-0.10874
-0.10874
-0.109342
-0.109342
-0.109342
-0.109342
-0.109342
-0.109342
-0.109342
-0.109342
-0.109342
-0.109342
-0.109342
-0.109342
-0.109342
-0.109342
-0.109342
-0.109342
-0.109342
-0.109342
-0.109342
-0.109342
-0.109944
-0.109944
-0.109944
-0.109944
-0.109944
-0.109945
-0.109945
-0.109945
-0.109945
-0.109945
-0.109945
-0.109945
-0.109945
-0.109945
-0.109945
-0.109945
-0.109945
-0.109945
-0.109945
-0.109945
-0.110547
-0.110547
-0.110547
-0.110547
-0.110547
-0.110547
-0.110547
-0.110547
-0.110547
-0.110547
-0.110547
-0.110547
-0.110547
-0.110547
-0.110547
-0.110547
-0.110547
-0.110547
-0.110547
-0.110547
-0.111149
-0.111149
-0.111149
-0.111149
-0.111149
-0.111149
-0.111149
-0.111149
-0.111149
-0.111149
-0.111149
-0.111149
-0.111149
-0.111149
-0.111149
-0.111149
-0.111149
-0.111149
-0.111149
-0.111149
-0.111751
-0.111751
-0.111751
-0.111751
-0.111751
-0.111751
-0.111751
-0.111751
-0.111751
-0.111751
-0.111751
-0.111751
-0.111751
-0.111751
-0.111751
-0.111751
-0.111751
-0.111752
-0.111752
-0.111752
-0.112354
-0.112354
-0.112354
-0.112354
-0.112354
-0.112354
-0.112354
-0.112354
-0.112354
-0.112354
-0.112354
-0.112354
-0.112354
-0.112354
-0.112354
-0.112354
-0.112354
-0.112354
-0.112354
-0.112354
-0.112956
-0.112956
-0.112956
-0.112956
-0.112956
-0.112956
-0.112956
-0.112956
-0.112956
-0.112956
-0.112956
-0.112956
-0.112956
-0.112956
-0.112956
-0.112956
-0.112956
-0.112956
-0.112956
-0.112956
-0.113558
-0.113558
-0.113558
-0.113558
-0.113558
-0.113558
-0.113558
-0.113558
-0.113558
-0.113558
-0.113558
-0.113558
-0.113558
-0.113558
-0.113558
-0.113558
-0.113558
-0.113558
-0.113558
-0.113558
-0.11416
-0.11416
-0.11416
-0.11416
-0.11416
-0.11416
-0.11416
-0.11416
-0.11416
-0.11416
-0.11416
-0.11416
-0.11416
-0.11416
-0.11416
-0.114161
-0.114161
-0.114161
-0.114161
-0.114161
-0.114763
-0.114763
-0.114763
-0.114763
-0.114763
-0.114763
-0.114763
-0.114763
-0.114763
-0.114763
-0.114763
-0.114763
-0.114763
-0.114763
-0.114763
-0.114763
-0.114763
-0.114763
-0.114763
-0.114763
-0.115365
-0.115365
-0.115365
-0.115365
-0.115365
-0.115365
-0.115365
-0.115365
-0.115365
-0.115365
-0.115365
-0.115365
-0.115365
-0.115365
-0.115365
-0.115365
-0.115365
-0.115365
-0.115365
-0.115365
-0.115967
-0.115967
-0.115967
-0.115967
-0.115967
-0.115967
-0.115967
-0.115967
-0.115967
-0.115967
-0.115967
-0.115967
-0.115967
-0.115967
-0.115967
-0.115967
-0.115967
-0.115967
-0.115967
-0.115967
-0.116569
-0.116569
-0.116569
-0.116569
-0.116569
-0.116569
-0.116569
-0.116569
-0.116569
-0.116569
-0.116569
-0.116569
-0.116569
-0.116569
-0.116569
-0.116569
-0.116569
-0.116569
-0.116569
-0.116569
-0.117172
-0.117172
-0.117172
-0.117172
-0.117172
-0.117172
-0.117172
-0.117172
-0.117172
-0.117172
-0.117172
-0.117172
-0.117172
-0.117172
-0.117172
-0.117172
-0.117172
-0.117172
-0.117172
-0.117172
-0.117774
-0.117774
-0.117774
-0.117774
-0.117774
-0.117774
-0.117774
-0.117774
-0.117774
-0.117774
-0.117774
-0.117774
-0.117774
-0.117774
-0.117774
-0.117774
-0.117774
-0.117774
-0.117774
-0.117774
-0.118376
-0.118376
-0.118376
-0.118376
-0.118376
-0.118376
-0.118376
-0.118376
-0.118376
-0.118376
-0.118376
-0.118376
-0.118376
-0.118376
-0.118376
-0.118376
-0.118376
-0.118376
-0.118376
-0.118376
-0.118978
-0.118978
-0.118978
-0.118978
-0.118978
-0.118978
-0.118978
-0.118978
-0.118978
-0.118978
-0.118978
-0.118978
-0.118978
-0.118978
-0.118978
-0.118978
-0.118978
-0.118978
-0.118978
-0.118978
-0.119581
-0.119581
-0.119581
-0.119581
-0.119581
-0.119581
-0.119581
-0.119581
-0.119581
-0.119581
-0.119581
-0.119581
-0.119581
-0.119581
-0.119581
-0.119581
-0.119581
-0.119581
-0.119581
-0.119581
-0.120183
-0.120183
-0.120183
-0.120183
-0.120183
-0.120183
-0.120183
-0.120183
-0.120183
-0.120183
-0.120183
-0.120183
-0.120183
-0.120183
-0.120183
-0.120183
-0.120183
-0.120183
-0.120183
-0.120183
-0.120785
-0.120785
-0.120785
-0.120785
-0.120785
-0.120785
-0.120785
-0.120785
-0.120785
-0.120785
-0.120785
-0.120785
-0.120785
-0.120785
-0.120785
-0.120785
-0.120785
-0.120785
-0.120785
-0.120785
-0.121387
-0.121387
-0.121387
-0.121387
-0.121387
-0.121387
-0.121387
-0.121387
-0.121387
-0.121387
-0.121387
-0.121387
-0.121387
-0.121387
-0.121387
-0.121387
-0.121387
-0.121387
-0.121387
-0.121387
-0.12199
-0.12199
-0.12199
-0.121989
-0.121989
-0.121989
-0.121989
-0.121989
-0.12199
-0.12199
-0.12199
-0.12199
-0.12199
-0.12199
-0.12199
-0.12199
-0.12199
-0.12199
-0.12199
-0.12199
-0.122592
-0.122592
-0.122592
-0.122592
-0.122592
-0.122592
-0.122592
-0.122592
-0.122592
-0.122592
-0.122592
-0.122592
-0.122592
-0.122592
-0.122592
-0.122592
-0.122592
-0.122592
-0.122592
-0.122592
-0.123194
-0.123194
-0.123194
-0.123194
-0.123194
-0.123194
-0.123194
-0.123194
-0.123194
-0.123194
-0.123194
-0.123194
-0.123194
-0.123194
-0.123194
-0.123194
-0.123194
-0.123194
-0.123194
-0.123194
-0.123796
-0.123796
-0.123796
-0.123796
-0.123796
-0.123796
-0.123796
-0.123796
-0.123796
-0.123796
-0.123796
-0.123796
-0.123796
-0.123796
-0.123796
-0.123796
-0.123796
-0.123796
-0.123796
-0.123796
-0.124399
-0.124399
-0.124398
-0.124398
-0.124398
-0.124398
-0.124398
-0.124398
-0.124398
-0.124398
-0.124398
-0.124398
-0.124398
-0.124398
-0.124398
-0.124398
-0.124398
-0.124398
-0.124398
-0.124398
-0.125001
-0.125001
-0.125001
-0.125001
-0.125001
-0.125001
-0.125001
-0.125001
-0.125001
-0.125001
-0.125001
-0.125001
-0.125001
-0.125001
-0.125001
-0.125001
-0.125001
-0.125001
-0.125001
-0.125001
-0.125603
-0.125603
-0.125603
-0.125603
-0.125603
-0.125603
-0.125603
-0.125603
-0.125603
-0.125603
-0.125603
-0.125603
-0.125603
-0.125603
-0.125603
-0.125603
-0.125603
-0.125603
-0.125603
-0.125603
-0.126205
-0.126205
-0.126205
-0.126205
-0.126205
-0.126205
-0.126205
-0.126205
-0.126205
-0.126205
-0.126205
-0.126205
-0.126205
-0.126205
-0.126205
-0.126205
-0.126205
-0.126205
-0.126205
-0.126205
-0.126807
-0.126807
-0.126807
-0.126807
-0.126807
-0.126807
-0.126807
-0.126807
-0.126807
-0.126807
-0.126807
-0.126807
-0.126807
-0.126807
-0.126807
-0.126807
-0.126807
-0.126807
-0.126807
-0.126807
-0.12741
-0.12741
-0.12741
-0.12741
-0.12741
-0.12741
-0.12741
-0.12741
-0.12741
-0.12741
-0.12741
-0.12741
-0.12741
-0.12741
-0.12741
-0.12741
-0.12741
-0.12741
-0.12741
-0.12741
-0.128012
-0.128012
-0.128012
-0.128012
-0.128012
-0.128012
-0.128012
-0.128012
-0.128012
-0.128012
-0.128012
-0.128012
-0.128012
-0.128012
-0.128012
-0.128012
-0.128012
-0.128012
-0.128012
-0.128012
-0.128614
-0.128614
-0.128614
-0.128614
-0.128614
-0.128614
-0.128614
-0.128614
-0.128614
-0.128614
-0.128614
-0.128614
-0.128614
-0.128614
-0.128614
-0.128614
-0.128614
-0.128614
-0.128614
-0.128614
-0.129216
-0.129216
-0.129216
-0.129216
-0.129216
-0.129216
-0.129216
-0.129216
-0.129216
-0.129216
-0.129216
-0.129216
-0.129216
-0.129216
-0.129216
-0.129216
-0.129216
-0.129216
-0.129216
-0.129216
-0.129819
-0.129819
-0.129819
-0.129819
-0.129819
-0.129819
-0.129819
-0.129819
-0.129819
-0.129819
-0.129819
-0.129819
-0.129819
-0.129819
-0.129819
-0.129819
-0.129819
-0.129819
-0.129819
-0.129819
-0.130421
-0.130421
-0.130421
-0.130421
-0.130421
-0.130421
-0.130421
-0.130421
-0.130421
-0.130421
-0.130421
-0.130421
-0.130421
-0.130421
-0.130421
-0.130421
-0.130421
-0.130421
-0.130421
-0.130421
-0.131023
-0.131023
-0.131023
-0.131023
-0.131023
-0.131023
-0.131023
-0.131023
-0.131023
-0.131023
-0.131023
-0.131023
-0.131023
-0.131023
-0.131023
-0.131023
-0.131023
-0.131023
-0.131023
-0.131023
-0.131625
-0.131625
-0.131625
-0.131625
-0.131625
-0.131625
-0.131625
-0.131625
-0.131625
-0.131625
-0.131625
-0.131625
-0.131625
-0.131625
-0.131625
-0.131625
-0.131625
-0.131625
-0.131625
-0.131625
-0.132228
-0.132228
-0.132228
-0.132228
-0.132228
-0.132228
-0.132228
-0.132228
-0.132228
-0.132228
-0.132228
-0.132228
-0.132228
-0.132228
-0.132228
-0.132228
-0.132228
-0.132228
-0.132228
-0.132228
-0.13283
-0.13283
-0.13283
-0.13283
-0.13283
-0.13283
-0.13283
-0.13283
-0.13283
-0.13283
-0.13283
-0.13283
-0.13283
-0.13283
-0.13283
-0.13283
-0.13283
-0.13283
-0.13283
-0.13283
-0.133432
-0.133432
-0.133432
-0.133432
-0.133432
-0.133432
-0.133432
-0.133432
-0.133432
-0.133432
-0.133432
-0.133432
-0.133432
-0.133432
-0.133432
-0.133432
-0.133432
-0.133432
-0.133432
-0.133432
-0.134034
-0.134034
-0.134034
-0.134034
-0.134034
-0.134034
-0.134034
-0.134034
-0.134034
-0.134034
-0.134034
-0.134034
-0.134034
-0.134034
-0.134034
-0.134034
-0.134034
-0.134034
-0.134034
-0.134034
-0.134637
-0.134637
-0.134637
-0.134637
-0.134637
-0.134637
-0.134637
-0.134637
-0.134637
-0.134637
-0.134637
-0.134637
-0.134637
-0.134637
-0.134637
-0.134637
-0.134637
-0.134637
-0.134637
-0.134637
-0.135239
-0.135239
-0.135239
-0.135239
-0.135239
-0.135239
-0.135239
-0.135239
-0.135239
-0.135239
-0.135239
-0.135239
-0.135239
-0.135239
-0.135239
-0.135239
-0.135239
-0.135239
-0.135239
-0.135239
-0.135841
-0.135841
-0.135841
-0.135841
-0.135841
-0.135841
-0.135841
-0.135841
-0.135841
-0.135841
-0.135841
-0.135841
-0.135841
-0.135841
-0.135841
-0.135841
-0.135841
-0.135841
-0.135841
-0.135841
-0.136444
-0.136443
-0.136443
-0.136443
-0.136443
-0.136443
-0.136443
-0.136443
-0.136443
-0.136443
-0.136443
-0.136443
-0.136443
-0.136443
-0.136443
-0.136443
-0.136443
-0.136443
-0.136443
-0.136443
-0.137046
-0.137046
-0.137046
-0.137046
-0.137046
-0.137046
-0.137046
-0.137046
-0.137046
-0.137046
-0.137046
-0.137046
-0.137046
-0.137046
-0.137046
-0.137046
-0.137046
-0.137046
-0.137046
-0.137046
-0.137648
-0.137648
-0.137648
-0.137648
-0.137648
-0.137648
-0.137648
-0.137648
-0.137648
-0.137648
-0.137648
-0.137648
-0.137648
-0.137648
-0.137648
-0.137648
-0.137648
-0.137648
-0.137648
-0.137648
-0.13825
-0.13825
-0.13825
-0.13825
-0.13825
-0.13825
-0.13825
-0.13825
-0.13825
-0.13825
-0.13825
-0.13825
-0.13825
-0.13825
-0.13825
-0.13825
-0.13825
-0.13825
-0.13825
-0.13825
-0.138853
-0.138853
-0.138853
-0.138853
-0.138853
-0.138853
-0.138853
-0.138853
-0.138853
-0.138853
-0.138853
-0.138853
-0.138853
-0.138853
-0.138853
-0.138853
-0.138853
-0.138853
-0.138853
-0.138853
-0.139455
-0.139455
-0.139455
-0.139455
-0.139455
-0.139455
-0.139455
-0.139455
-0.139455
-0.139455
-0.139455
-0.139455
-0.139455
-0.139455
-0.139455
-0.139455
-0.139455
-0.139455
-0.139455
-0.139455
-0.140058
-0.140058
-0.140057
-0.140057
-0.140057
-0.140057
-0.140057
-0.140057
-0.140057
-0.140057
-0.140057
-0.140057
-0.140057
-0.140057
-0.140057
-0.140057
-0.140057
-0.140057
-0.140057
-0.140057
-0.14066
-0.14066
-0.14066
-0.14066
-0.14066
-0.14066
-0.14066
-0.14066
-0.14066
-0.14066
-0.14066
-0.14066
-0.14066
-0.14066
-0.14066
-0.14066
-0.14066
-0.14066
-0.14066
-0.14066
-0.141262
-0.141262
-0.141262
-0.141262
-0.141262
-0.141262
-0.141262
-0.141262
-0.141262
-0.141262
-0.141262
-0.141262
-0.141262
-0.141262
-0.141262
-0.141262
-0.141262
-0.141262
-0.141262
-0.141262
-0.141864
-0.141864
-0.141864
-0.141864
-0.141864
-0.141864
-0.141864
-0.141864
-0.141864
-0.141864
-0.141864
-0.141864
-0.141864
-0.141864
-0.141864
-0.141864
-0.141864
-0.141864
-0.141864
-0.141864
-0.142467
-0.142467
-0.142467
-0.142467
-0.142467
-0.142467
-0.142467
-0.142467
-0.142467
-0.142467
-0.142467
-0.142467
-0.142467
-0.142467
-0.142467
-0.142467
-0.142467
-0.142467
-0.142467
-0.142467
-0.143069
-0.143069
-0.143069
-0.143069
-0.143069
-0.143069
-0.143069
-0.143069
-0.143069
-0.143069
-0.143069
-0.143069
-0.143069
-0.143069
-0.143069
-0.143069
-0.143069
-0.143069
-0.143069
-0.143069
-0.143672
-0.143672
-0.143672
-0.143672
-0.143672
-0.143672
-0.143672
-0.143672
-0.143672
-0.143672
-0.143672
-0.143672
-0.143672
-0.143672
-0.143672
-0.143672
-0.143672
-0.143672
-0.143672
-0.143672
-0.144274
-0.144274
-0.144274
-0.144274
-0.144274
-0.144274
-0.144274
-0.144274
-0.144274
-0.144274
-0.144274
-0.144274
-0.144274
-0.144274
-0.144274
-0.144274
-0.144274
-0.144274
-0.144274
-0.144274
-0.144876
-0.144876
-0.144876
-0.144876
-0.144876
-0.144876
-0.144876
-0.144876
-0.144876
-0.144876
-0.144876
-0.144876
-0.144876
-0.144876
-0.144876
-0.144876
-0.144876
-0.144876
-0.144876
-0.144876
-0.145479
-0.145479
-0.145479
-0.145479
-0.145479
-0.145479
-0.145479
-0.145479
-0.145479
-0.145479
-0.145479
-0.145479
-0.145479
-0.145479
-0.145479
-0.145479
-0.145479
-0.145479
-0.145479
-0.145479
-0.146081
-0.146081
-0.146081
-0.146081
-0.146081
-0.146081
-0.146081
-0.146081
-0.146081
-0.146081
-0.146081
-0.146081
-0.146081
-0.146081
-0.146081
-0.146081
-0.146081
-0.146081
-0.146081
-0.146081
-0.146683
-0.146683
-0.146683
-0.146683
-0.146683
-0.146683
-0.146683
-0.146684
-0.146684
-0.146684
-0.146684
-0.146684
-0.146684
-0.146684
-0.146684
-0.146684
-0.146684
-0.146684
-0.146684
-0.146684
-0.147286
-0.147286
-0.147286
-0.147286
-0.147286
-0.147286
-0.147286
-0.147286
-0.147286
-0.147286
-0.147286
-0.147286
-0.147286
-0.147286
-0.147286
-0.147286
-0.147286
-0.147286
-0.147286
-0.147286
-0.147888
-0.147888
-0.147888
-0.147888
-0.147888
-0.147888
-0.147888
-0.147888
-0.147888
-0.147888
-0.147888
-0.147888
-0.147888
-0.147888
-0.147888
-0.147888
-0.147889
-0.147889
-0.147889
-0.147889
-0.148491
-0.148491
-0.148491
-0.148491
-0.148491
-0.148491
-0.148491
-0.148491
-0.148491
-0.148491
-0.148491
-0.148491
-0.148491
-0.148491
-0.148491
-0.148491
-0.148491
-0.148491
-0.148491
-0.148491
-0.149093
-0.149093
-0.149093
-0.149093
-0.149093
-0.149093
-0.149093
-0.149093
-0.149093
-0.149093
-0.149093
-0.149093
-0.149093
-0.149093
-0.149093
-0.149093
-0.149093
-0.149093
-0.149093
-0.149093
-0.149696
-0.149696
-0.149696
-0.149696
-0.149696
-0.149696
-0.149696
-0.149696
-0.149696
-0.149696
-0.149696
-0.149696
-0.149696
-0.149696
-0.149696
-0.149696
-0.149696
-0.149696
-0.149696
-0.149696
-0.150298
-0.150298
-0.150298
-0.150298
-0.150298
-0.150298
-0.150298
-0.150298
-0.150298
-0.150298
-0.150298
-0.150298
-0.150298
-0.150298
-0.150298
-0.150298
-0.150298
-0.150298
-0.150298
-0.150298
-0.150901
-0.150901
-0.150901
-0.150901
-0.150901
-0.150901
-0.150901
-0.150901
-0.150901
-0.150901
-0.150901
-0.150901
-0.150901
-0.150901
-0.150901
-0.150901
-0.150901
-0.150901
-0.150901
-0.150901
-0.151503
-0.151503
-0.151503
-0.151503
-0.151503
-0.151503
-0.151503
-0.151503
-0.151503
-0.151503
-0.151503
-0.151503
-0.151503
-0.151503
-0.151503
-0.151503
-0.151503
-0.151503
-0.151503
-0.151503
-0.152106
-0.152105
-0.152105
-0.152105
-0.152105
-0.152105
-0.152106
-0.152106
-0.152106
-0.152106
-0.152106
-0.152106
-0.152106
-0.152106
-0.152106
-0.152106
-0.152106
-0.152106
-0.152106
-0.152106
-0.152708
-0.152708
-0.152708
-0.152708
-0.152708
-0.152708
-0.152708
-0.152708
-0.152708
-0.152708
-0.152708
-0.152708
-0.152708
-0.152708
-0.152708
-0.152708
-0.152708
-0.152708
-0.152708
-0.152708
-0.15331
-0.15331
-0.15331
-0.15331
-0.15331
-0.15331
-0.15331
-0.153311
-0.153311
-0.153311
-0.153311
-0.153311
-0.153311
-0.153311
-0.153311
-0.153311
-0.153311
-0.153311
-0.153311
-0.153311
-0.153913
-0.153913
-0.153913
-0.153913
-0.153913
-0.153913
-0.153913
-0.153913
-0.153913
-0.153913
-0.153913
-0.153913
-0.153913
-0.153913
-0.153913
-0.153913
-0.153913
-0.153913
-0.153913
-0.153913
-0.154515
-0.154515
-0.154515
-0.154515
-0.154515
-0.154515
-0.154516
-0.154516
-0.154516
-0.154516
-0.154516
-0.154516
-0.154516
-0.154516
-0.154516
-0.154516
-0.154516
-0.154516
-0.154516
-0.154516
-0.155118
-0.155118
-0.155118
-0.155118
-0.155118
-0.155118
-0.155118
-0.155118
-0.155118
-0.155118
-0.155118
-0.155118
-0.155118
-0.155118
-0.155118
-0.155118
-0.155118
-0.155118
-0.155118
-0.155118
-0.15572
-0.15572
-0.15572
-0.15572
-0.155721
-0.155721
-0.155721
-0.155721
-0.155721
-0.155721
-0.155721
-0.155721
-0.155721
-0.155721
-0.155721
-0.155721
-0.155721
-0.155721
-0.155721
-0.155721
-0.156323
-0.156323
-0.156323
-0.156323
-0.156323
-0.156323
-0.156323
-0.156323
-0.156323
-0.156323
-0.156323
-0.156323
-0.156323
-0.156323
-0.156323
-0.156323
-0.156323
-0.156323
-0.156323
-0.156323
-0.156926
-0.156926
-0.156926
-0.156926
-0.156926
-0.156926
-0.156926
-0.156926
-0.156926
-0.156926
-0.156926
-0.156926
-0.156926
-0.156926
-0.156926
-0.156926
-0.156926
-0.156926
-0.156926
-0.156926
-0.157528
-0.157528
-0.157528
-0.157528
-0.157528
-0.157528
-0.157528
-0.157528
-0.157528
-0.157528
-0.157528
-0.157528
-0.157528
-0.157528
-0.157528
-0.157528
-0.157528
-0.157528
-0.157528
-0.157528
-0.158131
-0.158131
-0.158131
-0.158131
-0.158131
-0.158131
-0.158131
-0.158131
-0.158131
-0.158131
-0.158131
-0.158131
-0.158131
-0.158131
-0.158131
-0.158131
-0.158131
-0.158131
-0.158131
-0.158131
-0.158733
-0.158733
-0.158733
-0.158733
-0.158733
-0.158733
-0.158733
-0.158733
-0.158733
-0.158733
-0.158733
-0.158733
-0.158733
-0.158733
-0.158733
-0.158733
-0.158733
-0.158733
-0.158733
-0.158733
-0.159336
-0.159336
-0.159336
-0.159336
-0.159336
-0.159336
-0.159336
-0.159336
-0.159336
-0.159336
-0.159336
-0.159336
-0.159336
-0.159336
-0.159335
-0.159335
-0.159335
-0.159335
-0.159335
-0.159335
-0.159938
-0.159938
-0.159938
-0.159938
-0.159938
-0.159938
-0.159938
-0.159938
-0.159938
-0.159938
-0.159938
-0.159938
-0.159938
-0.159938
-0.159938
-0.159938
-0.159938
-0.159938
-0.159938
-0.159938
-0.160541
-0.160541
-0.160541
-0.160541
-0.160541
-0.160541
-0.160541
-0.160541
-0.160541
-0.160541
-0.160541
-0.160541
-0.160541
-0.16054
-0.16054
-0.16054
-0.16054
-0.16054
-0.16054
-0.16054
-0.161143
-0.161143
-0.161143
-0.161143
-0.161143
-0.161143
-0.161143
-0.161143
-0.161143
-0.161143
-0.161143
-0.161143
-0.161143
-0.161143
-0.161143
-0.161143
-0.161143
-0.161143
-0.161143
-0.161143
-0.161746
-0.161746
-0.161746
-0.161746
-0.161746
-0.161746
-0.161746
-0.161746
-0.161746
-0.161746
-0.161746
-0.161746
-0.161746
-0.161746
-0.161745
-0.161745
-0.161745
-0.161745
-0.161745
-0.161745
-0.162348
-0.162348
-0.162348
-0.162348
-0.162348
-0.162348
-0.162348
-0.162348
-0.162348
-0.162348
-0.162348
-0.162348
-0.162348
-0.162348
-0.162348
-0.162348
-0.162348
-0.162348
-0.162348
-0.162348
-0.162951
-0.162951
-0.162951
-0.162951
-0.162951
-0.162951
-0.162951
-0.162951
-0.162951
-0.162951
-0.162951
-0.162951
-0.162951
-0.162951
-0.162951
-0.16295
-0.16295
-0.16295
-0.16295
-0.16295
-0.163553
-0.163553
-0.163553
-0.163553
-0.163553
-0.163553
-0.163553
-0.163553
-0.163553
-0.163553
-0.163553
-0.163553
-0.163553
-0.163553
-0.163553
-0.163553
-0.163553
-0.163553
-0.163553
-0.163553
-0.164156
-0.164156
-0.164156
-0.164156
-0.164156
-0.164156
-0.164156
-0.164156
-0.164156
-0.164156
-0.164156
-0.164156
-0.164156
-0.164156
-0.164156
-0.164156
-0.164156
-0.164156
-0.164156
-0.164156
-0.164758
-0.164758
-0.164758
-0.164758
-0.164758
-0.164758
-0.164758
-0.164758
-0.164758
-0.164758
-0.164758
-0.164758
-0.164758
-0.164758
-0.164758
-0.164758
-0.164758
-0.164758
-0.164758
-0.164758
-0.165361
-0.165361
-0.165361
-0.165361
-0.165361
-0.165361
-0.165361
-0.165361
-0.165361
-0.165361
-0.165361
-0.165361
-0.165361
-0.165361
-0.165361
-0.165361
-0.165361
-0.165361
-0.165361
-0.165361
-0.165963
-0.165963
-0.165963
-0.165963
-0.165963
-0.165963
-0.165963
-0.165963
-0.165963
-0.165963
-0.165963
-0.165963
-0.165963
-0.165963
-0.165963
-0.165963
-0.165963
-0.165963
-0.165963
-0.165963
-0.166566
-0.166566
-0.166566
-0.166566
-0.166566
-0.166566
-0.166566
-0.166566
-0.166566
-0.166566
-0.166566
-0.166566
-0.166566
-0.166566
-0.166566
-0.166566
-0.166566
-0.166565
-0.166565
-0.166565
-0.167168
-0.167168
-0.167168
-0.167168
-0.167168
-0.167168
-0.167168
-0.167168
-0.167168
-0.167168
-0.167168
-0.167168
-0.167168
-0.167168
-0.167168
-0.167168
-0.167168
-0.167168
-0.167168
-0.167168
-0.16777
-0.16777
-0.16777
-0.16777
-0.16777
-0.16777
-0.16777
-0.16777
-0.16777
-0.16777
-0.16777
-0.16777
-0.16777
-0.16777
-0.16777
-0.16777
-0.16777
-0.16777
-0.16777
-0.16777
-0.168373
-0.168373
-0.168373
-0.168373
-0.168373
-0.168373
-0.168373
-0.168373
-0.168373
-0.168373
-0.168373
-0.168373
-0.168373
-0.168373
-0.168373
-0.168373
-0.168373
-0.168373
-0.168373
-0.168373
-0.168975
-0.168975
-0.168975
-0.168975
-0.168975
-0.168975
-0.168975
-0.168975
-0.168975
-0.168975
-0.168975
-0.168975
-0.168975
-0.168975
-0.168975
-0.168975
-0.168975
-0.168975
-0.168975
-0.168975
-0.169578
-0.169578
-0.169578
-0.169578
-0.169578
-0.169578
-0.169578
-0.169578
-0.169578
-0.169578
-0.169578
-0.169578
-0.169578
-0.169578
-0.169578
-0.169578
-0.169578
-0.169578
-0.169578
-0.169578
-0.17018
-0.17018
-0.17018
-0.17018
-0.17018
-0.17018
-0.17018
-0.17018
-0.17018
-0.17018
-0.17018
-0.17018
-0.17018
-0.17018
-0.17018
-0.17018
-0.17018
-0.17018
-0.17018
-0.17018
-0.170783
-0.170783
-0.170783
-0.170783
-0.170783
-0.170783
-0.170783
-0.170783
-0.170783
-0.170783
-0.170783
-0.170783
-0.170783
-0.170783
-0.170783
-0.170783
-0.170783
-0.170783
-0.170783
-0.170783
-0.171385
-0.171385
-0.171385
-0.171385
-0.171385
-0.171385
-0.171385
-0.171385
-0.171385
-0.171385
-0.171385
-0.171385
-0.171385
-0.171385
-0.171385
-0.171385
-0.171385
-0.171385
-0.171385
-0.171385
-0.171988
-0.171988
-0.171988
-0.171988
-0.171988
-0.171988
-0.171988
-0.171988
-0.171988
-0.171988
-0.171988
-0.171988
-0.171988
-0.171988
-0.171988
-0.171988
-0.171988
-0.171988
-0.171988
-0.171988
-0.17259
-0.17259
-0.17259
-0.17259
-0.17259
-0.17259
-0.17259
-0.17259
-0.17259
-0.17259
-0.17259
-0.17259
-0.17259
-0.17259
-0.17259
-0.17259
-0.17259
-0.17259
-0.17259
-0.17259
-0.173193
-0.173193
-0.173193
-0.173193
-0.173193
-0.173193
-0.173193
-0.173193
-0.173193
-0.173193
-0.173192
-0.173192
-0.173192
-0.173192
-0.173192
-0.173192
-0.173192
-0.173193
-0.173193
-0.173193
-0.173795
-0.173795
-0.173795
-0.173795
-0.173795
-0.173795
-0.173795
-0.173795
-0.173795
-0.173795
-0.173795
-0.173795
-0.173795
-0.173795
-0.173795
-0.173795
-0.173795
-0.173795
-0.173795
-0.173795
-0.174398
-0.174398
-0.174398
-0.174397
-0.174397
-0.174397
-0.174397
-0.174397
-0.174397
-0.174397
-0.174397
-0.174397
-0.174397
-0.174397
-0.174397
-0.174397
-0.174397
-0.174397
-0.174397
-0.174397
-0.175
-0.175
-0.175
-0.175
-0.175
-0.175
-0.175
-0.175
-0.175
-0.175
-0.175
-0.175
-0.175
-0.175
-0.175
-0.175
-0.175
-0.175
-0.175
-0.175
-0.175602
-0.175602
-0.175602
-0.175602
-0.175602
-0.175602
-0.175602
-0.175602
-0.175602
-0.175602
-0.175602
-0.175602
-0.175602
-0.175602
-0.175602
-0.175602
-0.175602
-0.175602
-0.175602
-0.175602
-0.176205
-0.176205
-0.176205
-0.176205
-0.176205
-0.176205
-0.176205
-0.176205
-0.176205
-0.176205
-0.176205
-0.176205
-0.176205
-0.176205
-0.176205
-0.176205
-0.176205
-0.176205
-0.176205
-0.176205
-0.176807
-0.176807
-0.176807
-0.176807
-0.176807
-0.176807
-0.176807
-0.176807
-0.176807
-0.176807
-0.176807
-0.176807
-0.176807
-0.176807
-0.176807
-0.176807
-0.176807
-0.176807
-0.176807
-0.176807
-0.17741
-0.17741
-0.17741
-0.17741
-0.17741
-0.17741
-0.17741
-0.17741
-0.17741
-0.17741
-0.17741
-0.17741
-0.17741
-0.17741
-0.17741
-0.17741
-0.17741
-0.17741
-0.17741
-0.17741
-0.178012
-0.178012
-0.178012
-0.178012
-0.178012
-0.178012
-0.178012
-0.178012
-0.178012
-0.178012
-0.178012
-0.178012
-0.178012
-0.178012
-0.178012
-0.178012
-0.178012
-0.178012
-0.178012
-0.178012
-0.178615
-0.178615
-0.178615
-0.178615
-0.178615
-0.178615
-0.178615
-0.178615
-0.178615
-0.178615
-0.178615
-0.178615
-0.178615
-0.178615
-0.178615
-0.178615
-0.178615
-0.178615
-0.178615
-0.178615
-0.179217
-0.179217
-0.179217
-0.179217
-0.179217
-0.179217
-0.179217
-0.179217
-0.179217
-0.179217
-0.179217
-0.179217
-0.179217
-0.179217
-0.179217
-0.179217
-0.179217
-0.179217
-0.179217
-0.179217
-0.17982
-0.17982
-0.17982
-0.17982
-0.17982
-0.17982
-0.17982
-0.17982
-0.17982
-0.17982
-0.17982
-0.17982
-0.17982
-0.179819
-0.179819
-0.179819
-0.179819
-0.179819
-0.179819
-0.179819
-0.180422
-0.180422
-0.180422
-0.180422
-0.180422
-0.180422
-0.180422
-0.180422
-0.180422
-0.180422
-0.180422
-0.180422
-0.180422
-0.180422
-0.180422
-0.180422
-0.180422
-0.180422
-0.180422
-0.180422
-0.181024
-0.181024
-0.181024
-0.181024
-0.181024
-0.181024
-0.181024
-0.181024
-0.181024
-0.181024
-0.181024
-0.181024
-0.181024
-0.181024
-0.181024
-0.181024
-0.181024
-0.181024
-0.181024
-0.181024
-0.181627
-0.181627
-0.181627
-0.181627
-0.181627
-0.181627
-0.181627
-0.181627
-0.181627
-0.181627
-0.181627
-0.181627
-0.181627
-0.181627
-0.181627
-0.181627
-0.181627
-0.181627
-0.181627
-0.181627
-0.182229
-0.182229
-0.182229
-0.182229
-0.182229
-0.182229
-0.182229
-0.182229
-0.182229
-0.182229
-0.182229
-0.182229
-0.182229
-0.182229
-0.182229
-0.182229
-0.182229
-0.182229
-0.182229
-0.182229
-0.182832
-0.182832
-0.182832
-0.182832
-0.182832
-0.182832
-0.182832
-0.182832
-0.182832
-0.182832
-0.182832
-0.182832
-0.182832
-0.182832
-0.182832
-0.182832
-0.182832
-0.182832
-0.182832
-0.182832
-0.183434
-0.183434
-0.183434
-0.183434
-0.183434
-0.183434
-0.183434
-0.183434
-0.183434
-0.183434
-0.183434
-0.183434
-0.183434
-0.183434
-0.183434
-0.183434
-0.183434
-0.183434
-0.183434
-0.183434
-0.184037
-0.184037
-0.184037
-0.184037
-0.184037
-0.184037
-0.184037
-0.184037
-0.184037
-0.184037
-0.184037
-0.184037
-0.184037
-0.184037
-0.184037
-0.184037
-0.184037
-0.184037
-0.184037
-0.184037
-0.184639
-0.184639
-0.184639
-0.184639
-0.184639
-0.184639
-0.184639
-0.184639
-0.184639
-0.184639
-0.184639
-0.184639
-0.184639
-0.184639
-0.184639
-0.184639
-0.184639
-0.184639
-0.184639
-0.184639
-0.185242
-0.185242
-0.185242
-0.185242
-0.185242
-0.185242
-0.185242
-0.185242
-0.185242
-0.185242
-0.185242
-0.185242
-0.185242
-0.185242
-0.185242
-0.185242
-0.185242
-0.185242
-0.185242
-0.185242
-0.185844
-0.185844
-0.185844
-0.185844
-0.185844
-0.185844
-0.185844
-0.185844
-0.185844
-0.185844
-0.185844
-0.185844
-0.185844
-0.185844
-0.185844
-0.185844
-0.185844
-0.185844
-0.185844
-0.185844
-0.186446
-0.186446
-0.186446
-0.186446
-0.186446
-0.186446
-0.186446
-0.186446
-0.186446
-0.186446
-0.186446
-0.186446
-0.186446
-0.186447
-0.186447
-0.186447
-0.186447
-0.186447
-0.186447
-0.186447
-0.187049
-0.187049
-0.187049
-0.187049
-0.187049
-0.187049
-0.187049
-0.187049
-0.187049
-0.187049
-0.187049
-0.187049
-0.187049
-0.187049
-0.187049
-0.187049
-0.187049
-0.187049
-0.187049
-0.187049
-0.187651
-0.187651
-0.187651
-0.187651
-0.187651
-0.187651
-0.187651
-0.187651
-0.187651
-0.187651
-0.187651
-0.187651
-0.187651
-0.187651
-0.187651
-0.187651
-0.187651
-0.187651
-0.187651
-0.187651
-0.188254
-0.188254
-0.188254
-0.188254
-0.188254
-0.188254
-0.188254
-0.188254
-0.188254
-0.188254
-0.188254
-0.188254
-0.188254
-0.188254
-0.188254
-0.188254
-0.188254
-0.188254
-0.188254
-0.188254
-0.188856
-0.188856
-0.188856
-0.188856
-0.188856
-0.188856
-0.188856
-0.188856
-0.188856
-0.188856
-0.188856
-0.188856
-0.188856
-0.188856
-0.188856
-0.188856
-0.188856
-0.188856
-0.188856
-0.188856
-0.189459
-0.189459
-0.189459
-0.189459
-0.189459
-0.189459
-0.189459
-0.189459
-0.189459
-0.189459
-0.189459
-0.189459
-0.189459
-0.189459
-0.189459
-0.189459
-0.189459
-0.189459
-0.189459
-0.189459
-0.190061
-0.190061
-0.190061
-0.190061
-0.190061
-0.190061
-0.190061
-0.190061
-0.190061
-0.190061
-0.190061
-0.190061
-0.190061
-0.190061
-0.190061
-0.190061
-0.190061
-0.190061
-0.190061
-0.190061
-0.190663
-0.190663
-0.190663
-0.190663
-0.190663
-0.190663
-0.190663
-0.190664
-0.190664
-0.190664
-0.190664
-0.190664
-0.190664
-0.190664
-0.190664
-0.190664
-0.190664
-0.190664
-0.190664
-0.190664
-0.191266
-0.191266
-0.191266
-0.191266
-0.191266
-0.191266
-0.191266
-0.191266
-0.191266
-0.191266
-0.191266
-0.191266
-0.191266
-0.191266
-0.191266
-0.191266
-0.191266
-0.191266
-0.191266
-0.191266
-0.191868
-0.191868
-0.191868
-0.191868
-0.191868
-0.191868
-0.191868
-0.191868
-0.191868
-0.191868
-0.191868
-0.191868
-0.191868
-0.191868
-0.191868
-0.191868
-0.191868
-0.191868
-0.191868
-0.191868
-0.192471
-0.192471
-0.192471
-0.192471
-0.192471
-0.192471
-0.192471
-0.192471
-0.192471
-0.192471
-0.192471
-0.192471
-0.192471
-0.192471
-0.192471
-0.192471
-0.192471
-0.192471
-0.192471
-0.192471
-0.193073
-0.193073
-0.193073
-0.193073
-0.193073
-0.193073
-0.193073
-0.193073
-0.193073
-0.193073
-0.193073
-0.193073
-0.193073
-0.193073
-0.193073
-0.193073
-0.193073
-0.193073
-0.193073
-0.193073
-0.193675
-0.193675
-0.193675
-0.193675
-0.193675
-0.193675
-0.193676
-0.193676
-0.193676
-0.193676
-0.193676
-0.193676
-0.193676
-0.193676
-0.193676
-0.193676
-0.193676
-0.193676
-0.193676
-0.193676
-0.194278
-0.194278
-0.194278
-0.194278
-0.194278
-0.194278
-0.194278
-0.194278
-0.194278
-0.194278
-0.194278
-0.194278
-0.194278
-0.194278
-0.194278
-0.194278
-0.194278
-0.194278
-0.194278
-0.194278
-0.19488
-0.19488
-0.19488
-0.19488
-0.19488
-0.19488
-0.19488
-0.19488
-0.19488
-0.19488
-0.19488
-0.19488
-0.19488
-0.19488
-0.19488
-0.19488
-0.19488
-0.19488
-0.19488
-0.19488
-0.195483
-0.195483
-0.195483
-0.195483
-0.195483
-0.195483
-0.195483
-0.195483
-0.195483
-0.195483
-0.195483
-0.195483
-0.195483
-0.195483
-0.195483
-0.195483
-0.195483
-0.195483
-0.195483
-0.195483
-0.196085
-0.196085
-0.196085
-0.196085
-0.196085
-0.196085
-0.196085
-0.196085
-0.196085
-0.196085
-0.196085
-0.196085
-0.196085
-0.196085
-0.196085
-0.196085
-0.196085
-0.196085
-0.196085
-0.196085
-0.196687
-0.196687
-0.196687
-0.196687
-0.196687
-0.196687
-0.196687
-0.196687
-0.196687
-0.196687
-0.196687
-0.196687
-0.196687
-0.196687
-0.196687
-0.196687
-0.196687
-0.196687
-0.196687
-0.196687
-0.19729
-0.19729
-0.19729
-0.19729
-0.19729
-0.19729
-0.19729
-0.19729
-0.19729
-0.19729
-0.19729
-0.19729
-0.19729
-0.19729
-0.19729
-0.19729
-0.19729
-0.19729
-0.19729
-0.19729
-0.197892
-0.197892
-0.197892
-0.197892
-0.197892
-0.197892
-0.197892
-0.197892
-0.197892
-0.197892
-0.197892
-0.197892
-0.197892
-0.197892
-0.197892
-0.197892
-0.197892
-0.197892
-0.197892
-0.197892
-0.198494
-0.198494
-0.198494
-0.198494
-0.198494
-0.198494
-0.198494
-0.198494
-0.198494
-0.198494
-0.198494
-0.198494
-0.198494
-0.198494
-0.198494
-0.198494
-0.198494
-0.198494
-0.198494
-0.198494
-0.199097
-0.199097
-0.199097
-0.199097
-0.199097
-0.199097
-0.199097
-0.199097
-0.199097
-0.199097
-0.199097
-0.199097
-0.199097
-0.199097
-0.199097
-0.199097
-0.199097
-0.199097
-0.199097
-0.199097
-0.199699
-0.199699
-0.199699
-0.199699
-0.199699
-0.199699
-0.199699
-0.199699
-0.199699
-0.199699
-0.199699
-0.199699
-0.199699
-0.199699
-0.199699
-0.199699
-0.199699
-0.199699
-0.199699
-0.199699
)
;

boundaryField
{
    inlet
    {
        type            calculated;
        value           uniform 0;
    }
    atmosphere
    {
        type            calculated;
        value           nonuniform List<scalar> 
20
(
-0.2
-0.2
-0.2
-0.2
-0.2
-0.2
-0.2
-0.2
-0.2
-0.2
-0.2
-0.2
-0.2
-0.2
-0.2
-0.2
-0.2
-0.2
-0.2
-0.2
)
;
    }
    walls
    {
        type            calculated;
        value           nonuniform List<scalar> 
800
(
-0.265315
-0.795944
-1.32657
-1.8572
-2.38783
-2.91846
-3.44909
-3.97972
-4.51035
-5.04098
-5.57161
-6.10224
-6.63287
-7.1635
-7.69413
-8.22476
-8.75539
-9.28602
-9.81665
-10.3473
-10.8779
-11.4085
-11.9392
-12.4698
-13.0004
-13.5311
-14.0617
-14.5923
-15.1229
-15.6536
-16.1842
-16.7148
-17.2455
-17.7761
-18.3067
-18.8374
-19.368
-19.8986
-20.4292
-20.9599
-21.4905
-22.0211
-22.5518
-23.0824
-23.613
-24.1437
-24.6743
-25.2049
-25.7356
-26.2662
-26.7968
-27.3274
-27.8581
-28.3887
-28.9193
-29.45
-29.9806
-30.5112
-31.0419
-31.5725
-32.1031
-32.6338
-33.1644
-33.695
-34.2256
-34.7563
-35.2869
-35.8175
-36.3482
-36.8788
-37.4094
-37.9401
-38.4707
-39.0013
-39.5319
-40.0626
-40.5932
-41.1238
-41.6545
-42.1851
-42.7157
-43.2464
-43.777
-44.3076
-44.8382
-45.3689
-45.8995
-46.4301
-46.9608
-47.4914
-48.022
-48.5527
-49.0833
-49.6139
-50.1445
-50.6752
-51.2058
-51.7364
-52.267
-52.7977
-53.3283
-53.8589
-54.3895
-54.9202
-55.4508
-55.9814
-56.512
-57.0427
-57.5733
-58.1039
-58.6345
-59.1651
-59.6957
-60.2263
-60.7569
-61.2875
-61.8181
-62.3487
-62.8792
-63.4098
-63.9404
-64.4709
-65.0014
-65.532
-66.0625
-66.5929
-67.1234
-67.6538
-68.1842
-68.7146
-69.245
-69.7752
-70.3055
-70.8357
-71.3658
-71.8959
-72.4258
-72.9557
-73.4855
-74.0151
-74.5446
-75.0739
-75.6031
-76.132
-76.6607
-77.1892
-77.7173
-78.2451
-78.7725
-79.2995
-79.826
-80.3519
-80.8771
-81.4014
-81.9245
-82.4459
-82.9652
-83.4801
-83.989
-84.5119
-84.9421
-85.5315
-86.0266
-86.5035
-86.963
-87.3941
-87.7294
-87.5452
-88.3969
-88.4816
-88.5322
-88.3206
-88.7792
-88.4656
-91.6155
-95.3809
-58.7007
-36.7563
-3.76912
-0.113262
0.0466706
-0.012046
-0.0474606
-0.0616151
-0.0670463
-0.0658974
0.00226576
-0.00939283
-0.00406556
-0.0493959
-0.0754696
-0.080833
-0.0755131
-0.0762387
-0.0768625
-0.0774123
-0.0779398
-0.0784665
-0.079002
-0.0795461
-0.0800994
-0.0806522
-0.0812206
-0.0817968
-0.0823758
-0.0829578
-0.0835425
-0.0841303
-0.0847202
-0.0853116
-0.0859021
-0.0864955
-0.0870909
-0.0876875
-0.088285
-0.0888832
-0.0894821
-0.0900815
-0.0906814
-0.0912817
-0.0918823
-0.0924833
-0.0930845
-0.0936858
-0.0942874
-0.0948891
-0.0954909
-0.0960929
-0.0966949
-0.0972969
-0.0978991
-0.0985012
-0.0991034
-0.0997056
-0.100308
-0.10091
-0.101512
-0.102115
-0.102717
-0.103319
-0.103922
-0.104524
-0.105126
-0.105728
-0.106331
-0.106933
-0.107535
-0.108138
-0.10874
-0.109342
-0.109944
-0.110547
-0.111149
-0.111751
-0.112354
-0.112956
-0.113558
-0.11416
-0.114763
-0.115365
-0.115967
-0.116569
-0.117172
-0.117774
-0.118376
-0.118978
-0.119581
-0.120183
-0.120785
-0.121387
-0.12199
-0.122592
-0.123194
-0.123796
-0.124399
-0.125001
-0.125603
-0.126205
-0.126807
-0.12741
-0.128012
-0.128614
-0.129216
-0.129819
-0.130421
-0.131023
-0.131625
-0.132228
-0.13283
-0.133432
-0.134034
-0.134637
-0.135239
-0.135841
-0.136444
-0.137046
-0.137648
-0.13825
-0.138853
-0.139455
-0.140058
-0.14066
-0.141262
-0.141864
-0.142467
-0.143069
-0.143672
-0.144274
-0.144876
-0.145479
-0.146081
-0.146683
-0.147286
-0.147888
-0.148491
-0.149093
-0.149696
-0.150298
-0.150901
-0.151503
-0.152106
-0.152708
-0.15331
-0.153913
-0.154515
-0.155118
-0.15572
-0.156323
-0.156926
-0.157528
-0.158131
-0.158733
-0.159336
-0.159938
-0.160541
-0.161143
-0.161746
-0.162348
-0.162951
-0.163553
-0.164156
-0.164758
-0.165361
-0.165963
-0.166566
-0.167168
-0.16777
-0.168373
-0.168975
-0.169578
-0.17018
-0.170783
-0.171385
-0.171988
-0.17259
-0.173193
-0.173795
-0.174398
-0.175
-0.175602
-0.176205
-0.176807
-0.17741
-0.178012
-0.178615
-0.179217
-0.17982
-0.180422
-0.181024
-0.181627
-0.182229
-0.182832
-0.183434
-0.184037
-0.184639
-0.185242
-0.185844
-0.186446
-0.187049
-0.187651
-0.188254
-0.188856
-0.189459
-0.190061
-0.190663
-0.191266
-0.191868
-0.192471
-0.193073
-0.193675
-0.194278
-0.19488
-0.195483
-0.196085
-0.196687
-0.19729
-0.197892
-0.198494
-0.199097
-0.199699
-0.265315
-0.795946
-1.32658
-1.85721
-2.38784
-2.91847
-3.4491
-3.97973
-4.51036
-5.04099
-5.57162
-6.10224
-6.63287
-7.1635
-7.69413
-8.22476
-8.75539
-9.28602
-9.81665
-10.3473
-10.8779
-11.4085
-11.9392
-12.4698
-13.0004
-13.5311
-14.0617
-14.5923
-15.1229
-15.6536
-16.1842
-16.7148
-17.2455
-17.7761
-18.3067
-18.8374
-19.368
-19.8986
-20.4293
-20.9599
-21.4905
-22.0211
-22.5518
-23.0824
-23.613
-24.1437
-24.6743
-25.2049
-25.7356
-26.2662
-26.7968
-27.3275
-27.8581
-28.3887
-28.9193
-29.45
-29.9806
-30.5112
-31.0419
-31.5725
-32.1031
-32.6338
-33.1644
-33.695
-34.2257
-34.7563
-35.2869
-35.8175
-36.3482
-36.8788
-37.4094
-37.9401
-38.4707
-39.0013
-39.532
-40.0626
-40.5932
-41.1238
-41.6545
-42.1851
-42.7157
-43.2464
-43.777
-44.3076
-44.8383
-45.3689
-45.8995
-46.4301
-46.9608
-47.4914
-48.022
-48.5527
-49.0833
-49.6139
-50.1446
-50.6752
-51.2058
-51.7365
-52.2671
-52.7977
-53.3284
-53.859
-54.3896
-54.9203
-55.4509
-55.9815
-56.5122
-57.0428
-57.5735
-58.1041
-58.6348
-59.1654
-59.6961
-60.2267
-60.7574
-61.2881
-61.8187
-62.3494
-62.8801
-63.4108
-63.9415
-64.4722
-65.0029
-65.5337
-66.0644
-66.5952
-67.126
-67.6568
-68.1877
-68.7186
-69.2495
-69.7804
-70.3115
-70.8425
-71.3736
-71.9048
-72.4361
-72.9675
-73.4989
-74.0305
-74.5621
-75.0939
-75.6259
-76.158
-76.6903
-77.2227
-77.7554
-78.2883
-78.8214
-79.3547
-79.8882
-80.422
-80.9558
-81.4896
-82.0232
-82.5562
-83.0885
-83.6193
-84.1444
-84.6885
-85.134
-85.7496
-86.2758
-86.7917
-87.3008
-87.7931
-88.2148
-88.7493
-89.1398
-89.4578
-89.6363
-89.7242
-89.6603
-89.3348
-88.4138
-91.3823
-58.269
-46.6146
-5.8067
-0.0919177
0.0374514
-0.0162552
-0.0518096
-0.0648947
-0.0689492
-0.0711844
-0.0254724
-0.0172385
-0.0433422
-0.0699007
-0.073965
-0.0787686
-0.0742911
-0.0750927
-0.0757926
-0.0764516
-0.0770938
-0.0777307
-0.0783632
-0.0789936
-0.079623
-0.0802414
-0.0808669
-0.0814928
-0.0821155
-0.0827351
-0.0833525
-0.0839683
-0.0845827
-0.0851953
-0.0858045
-0.086413
-0.0870219
-0.08763
-0.0882373
-0.0888438
-0.0894497
-0.090055
-0.0906599
-0.0912643
-0.0918683
-0.0924721
-0.0930756
-0.0936789
-0.0942821
-0.094885
-0.0954879
-0.0960906
-0.0966933
-0.0972958
-0.0978983
-0.0985008
-0.0991033
-0.0997057
-0.100308
-0.10091
-0.101513
-0.102115
-0.102717
-0.10332
-0.103922
-0.104524
-0.105127
-0.105729
-0.106331
-0.106933
-0.107536
-0.108138
-0.10874
-0.109342
-0.109945
-0.110547
-0.111149
-0.111752
-0.112354
-0.112956
-0.113558
-0.114161
-0.114763
-0.115365
-0.115967
-0.116569
-0.117172
-0.117774
-0.118376
-0.118978
-0.119581
-0.120183
-0.120785
-0.121387
-0.12199
-0.122592
-0.123194
-0.123796
-0.124398
-0.125001
-0.125603
-0.126205
-0.126807
-0.12741
-0.128012
-0.128614
-0.129216
-0.129819
-0.130421
-0.131023
-0.131625
-0.132228
-0.13283
-0.133432
-0.134034
-0.134637
-0.135239
-0.135841
-0.136443
-0.137046
-0.137648
-0.13825
-0.138853
-0.139455
-0.140057
-0.14066
-0.141262
-0.141864
-0.142467
-0.143069
-0.143672
-0.144274
-0.144876
-0.145479
-0.146081
-0.146684
-0.147286
-0.147889
-0.148491
-0.149093
-0.149696
-0.150298
-0.150901
-0.151503
-0.152106
-0.152708
-0.153311
-0.153913
-0.154516
-0.155118
-0.155721
-0.156323
-0.156926
-0.157528
-0.158131
-0.158733
-0.159335
-0.159938
-0.16054
-0.161143
-0.161745
-0.162348
-0.16295
-0.163553
-0.164156
-0.164758
-0.165361
-0.165963
-0.166565
-0.167168
-0.16777
-0.168373
-0.168975
-0.169578
-0.17018
-0.170783
-0.171385
-0.171988
-0.17259
-0.173193
-0.173795
-0.174397
-0.175
-0.175602
-0.176205
-0.176807
-0.17741
-0.178012
-0.178615
-0.179217
-0.179819
-0.180422
-0.181024
-0.181627
-0.182229
-0.182832
-0.183434
-0.184037
-0.184639
-0.185242
-0.185844
-0.186447
-0.187049
-0.187651
-0.188254
-0.188856
-0.189459
-0.190061
-0.190664
-0.191266
-0.191868
-0.192471
-0.193073
-0.193676
-0.194278
-0.19488
-0.195483
-0.196085
-0.196687
-0.19729
-0.197892
-0.198494
-0.199097
-0.199699
)
;
    }
    frontAndBack
    {
        type            empty;
    }
}


// ************************************************************************* //
