/*--------------------------------*- C++ -*----------------------------------*\
| =========                 |                                                 |
| \\      /  F ield         | OpenFOAM: The Open Source CFD Toolbox           |
|  \\    /   O peration     | Version:  5.x                                   |
|   \\  /    A nd           | Web:      www.OpenFOAM.org                      |
|    \\/     M anipulation  |                                                 |
\*---------------------------------------------------------------------------*/
FoamFile
{
    version     2.0;
    format      ascii;
    class       surfaceScalarField;
    location    "0.3";
    object      alphaPhi10;
}
// * * * * * * * * * * * * * * * * * * * * * * * * * * * * * * * * * * * * * //

dimensions      [0 3 -1 0 0 0 0];

internalField   nonuniform List<scalar> 
4432
(
-8.96809e-07
8.96809e-07
2.77408e-06
-3.67089e-06
8.87573e-06
-6.10165e-06
1.53994e-05
-6.52366e-06
2.12592e-05
-5.85986e-06
2.61934e-05
-4.93416e-06
3.03497e-05
-4.15627e-06
3.39745e-05
-3.62486e-06
3.72647e-05
-3.29019e-06
4.03176e-05
-3.05292e-06
4.31324e-05
-2.81481e-06
4.56298e-05
-2.49738e-06
4.76683e-05
-2.03849e-06
4.90302e-05
-1.36191e-06
4.92511e-05
-2.20854e-07
4.74256e-05
1.82551e-06
4.23088e-05
5.11681e-06
3.24522e-05
9.85657e-06
1.74986e-05
1.49536e-05
-4.94479e-08
1.7548e-05
-1.01671e-05
1.18117e-05
-1.38432e-05
3.29254e-06
-1.62204e-05
-8.17106e-07
1.71391e-06
2.92317e-06
-7.41116e-06
9.0446e-06
-1.22231e-05
1.55458e-05
-1.30249e-05
2.13751e-05
-1.16891e-05
2.62916e-05
-9.85065e-06
3.04528e-05
-8.31746e-06
3.4107e-05
-7.27905e-06
3.74455e-05
-6.62869e-06
4.05583e-05
-6.16574e-06
4.3439e-05
-5.69557e-06
4.60075e-05
-5.06579e-06
4.81285e-05
-4.15952e-06
4.96322e-05
-2.86564e-06
5.05135e-05
-1.10216e-06
5.08823e-05
1.45669e-06
5.06297e-05
5.36947e-06
4.84564e-05
1.20298e-05
4.12662e-05
2.21439e-05
2.61314e-05
3.26828e-05
4.9411e-06
3.35118e-05
-4.34635e-06
1.32283e-05
-2.05667e-05
-6.5321e-07
2.36713e-06
3.16346e-06
-1.12278e-05
9.28019e-06
-1.83398e-05
1.56885e-05
-1.94332e-05
2.13992e-05
-1.73998e-05
2.62237e-05
-1.46752e-05
3.03437e-05
-1.24374e-05
3.40084e-05
-1.09438e-05
3.73965e-05
-1.00168e-05
4.05817e-05
-9.35096e-06
4.35462e-05
-8.66006e-06
4.62057e-05
-7.72523e-06
4.84327e-05
-6.38652e-06
5.00747e-05
-4.50762e-06
5.09195e-05
-1.94705e-06
5.08362e-05
1.53999e-06
4.99116e-05
6.29413e-06
4.88364e-05
1.31049e-05
4.75248e-05
2.34555e-05
4.27152e-05
3.74924e-05
2.99511e-05
4.62759e-05
1.28204e-05
3.03586e-05
-7.84116e-06
-4.08988e-07
2.77611e-06
3.51614e-06
-1.5153e-05
9.61382e-06
-2.44375e-05
1.5884e-05
-2.57034e-05
2.14264e-05
-2.29422e-05
2.61282e-05
-1.93769e-05
3.02031e-05
-1.65123e-05
3.38971e-05
-1.46377e-05
3.73667e-05
-1.34864e-05
4.06622e-05
-1.26465e-05
4.37501e-05
-1.1748e-05
4.65411e-05
-1.05162e-05
4.89113e-05
-8.7567e-06
5.07144e-05
-6.31067e-06
5.17827e-05
-3.01538e-06
5.19572e-05
1.36549e-06
5.11105e-05
7.14085e-06
4.95086e-05
1.47068e-05
4.83793e-05
2.45847e-05
4.77965e-05
3.80753e-05
4.20418e-05
5.20306e-05
2.48493e-05
4.75511e-05
1.69686e-05
-7.31245e-08
2.84924e-06
3.95843e-06
-1.91845e-05
1.00098e-05
-3.04889e-05
1.60954e-05
-3.1789e-05
2.14282e-05
-2.8275e-05
2.59881e-05
-2.39368e-05
3.00232e-05
-2.05474e-05
3.37676e-05
-1.83821e-05
3.73472e-05
-1.7066e-05
4.07829e-05
-1.60822e-05
4.4023e-05
-1.49881e-05
4.69734e-05
-1.34666e-05
4.95159e-05
-1.12993e-05
5.15184e-05
-8.31313e-06
5.28387e-05
-4.3357e-06
5.33518e-05
8.52387e-07
5.29658e-05
7.52688e-06
5.16381e-05
1.60345e-05
4.97545e-05
2.64682e-05
4.86788e-05
3.9151e-05
4.56192e-05
5.50902e-05
3.07592e-05
6.24111e-05
4.777e-05
2.43004e-07
2.60623e-06
4.46486e-06
-2.34064e-05
1.04436e-05
-3.64676e-05
1.63005e-05
-3.76458e-05
2.13944e-05
-3.3369e-05
2.58079e-05
-2.83503e-05
2.98183e-05
-2.45578e-05
3.36373e-05
-2.22011e-05
3.73514e-05
-2.07801e-05
4.09486e-05
-1.96794e-05
4.43595e-05
-1.8399e-05
4.74874e-05
-1.65945e-05
5.02228e-05
-1.40346e-05
5.24485e-05
-1.05389e-05
5.40434e-05
-5.93063e-06
5.49021e-05
-6.29398e-09
5.49498e-05
7.47917e-06
5.4155e-05
1.68293e-05
5.2312e-05
2.83113e-05
4.99582e-05
4.15047e-05
4.65554e-05
5.8493e-05
3.34418e-05
7.55247e-05
8.12118e-05
6.19908e-07
1.98633e-06
5.02686e-06
-2.78133e-05
1.0899e-05
-4.23397e-05
1.64887e-05
-4.32356e-05
2.13288e-05
-3.82091e-05
2.56063e-05
-3.26278e-05
2.96162e-05
-2.85677e-05
3.35354e-05
-2.61203e-05
3.7405e-05
-2.46497e-05
4.11797e-05
-2.34542e-05
4.4776e-05
-2.19952e-05
4.80987e-05
-1.99171e-05
5.10488e-05
-1.69847e-05
5.35216e-05
-1.30117e-05
5.54089e-05
-7.81794e-06
5.66148e-05
-1.21214e-06
5.7074e-05
7.01993e-06
5.67634e-05
1.714e-05
5.54528e-05
2.96219e-05
5.27863e-05
4.41712e-05
4.84502e-05
6.28292e-05
3.74726e-05
8.65023e-05
0.000118684
1.04035e-06
9.45981e-07
5.6269e-06
-3.23999e-05
1.13597e-05
-4.80725e-05
1.66638e-05
-4.85396e-05
2.12592e-05
-4.28045e-05
2.54287e-05
-3.67973e-05
2.94701e-05
-3.26092e-05
3.35162e-05
-3.01664e-05
3.7561e-05
-2.86945e-05
4.15301e-05
-2.74233e-05
4.53313e-05
-2.57965e-05
4.88754e-05
-2.34612e-05
5.20728e-05
-2.01821e-05
5.48233e-05
-1.57622e-05
5.70194e-05
-1.00141e-05
5.85707e-05
-2.76342e-06
5.94263e-05
6.16435e-06
5.95551e-05
1.70112e-05
5.88647e-05
3.03122e-05
5.68261e-05
4.62099e-05
5.23085e-05
6.73468e-05
4.14323e-05
9.73784e-05
0.000160117
4.28468e-16
-4.28468e-16
2.71875e-16
1.63254e-16
2.3022e-17
1.04518e-18
2.22641e-19
1.88572e-19
4.49254e-21
1.30996e-21
1.54071e-22
-1.24508e-22
5.76889e-24
-9.86984e-24
2.30045e-25
-4.03413e-25
9.90564e-27
-1.30163e-26
4.57024e-28
-3.35422e-28
2.15237e-29
-7.53253e-31
9.20859e-31
3.77852e-31
3.15614e-32
3.09929e-32
8.89808e-34
1.64746e-33
1.94644e-35
6.56496e-35
2.97463e-37
1.94832e-36
2.67223e-39
4.05795e-38
9.43614e-42
5.21964e-40
3.07849e-42
4.23632e-14
-4.28498e-14
7.20291e-16
4.17504e-14
3.71241e-16
1.21376e-16
4.41227e-18
7.58982e-18
9.47026e-20
5.49926e-20
3.95008e-21
-9.08582e-21
1.68679e-22
-6.33698e-22
7.50559e-24
-2.56568e-23
3.36594e-25
-8.94853e-25
1.55156e-26
-2.22106e-26
8.73326e-28
-2.35291e-28
5.08559e-29
4.39067e-29
1.95831e-30
5.21558e-30
6.08539e-32
3.34673e-31
1.49016e-33
1.54425e-32
2.52713e-35
5.20986e-34
2.4577e-37
1.20412e-35
1.11051e-39
1.65692e-37
1.0601e-39
1.95237e-12
-1.98891e-12
1.25081e-14
1.9813e-12
3.53712e-15
2.40207e-14
2.85367e-17
2.26274e-16
1.70863e-18
1.3709e-18
1.16724e-19
-2.18778e-19
5.42039e-21
-2.9049e-20
2.80862e-22
-1.48518e-21
1.19175e-23
-4.63786e-23
4.02748e-25
-1.06897e-24
1.81528e-26
-8.63782e-27
1.72862e-27
1.53054e-27
6.20788e-29
2.25732e-28
1.6083e-30
1.39368e-29
3.62159e-32
6.05485e-31
5.585e-34
1.90031e-32
4.97427e-36
3.9764e-34
3.45809e-38
5.30688e-36
3.46546e-38
5.24372e-11
-5.44071e-11
1.78667e-12
5.24203e-11
1.37752e-14
1.79935e-12
-1.69554e-16
1.62195e-14
1.42988e-17
9.17963e-17
2.71467e-18
-2.70601e-18
1.78746e-19
-9.43637e-19
1.31829e-20
-1.70322e-19
5.05511e-22
-3.05386e-21
3.14846e-23
-6.93656e-23
5.0379e-25
-1.27491e-24
4.48421e-26
6.30302e-26
2.15668e-27
8.56509e-27
4.84662e-29
5.62429e-28
9.62434e-31
2.30129e-29
1.40486e-32
6.64912e-31
1.32094e-34
1.42416e-32
1.24801e-36
1.93525e-34
1.2616e-36
8.90698e-10
-9.44975e-10
2.18673e-10
7.201e-10
1.11801e-12
2.19191e-10
3.68462e-15
1.13287e-12
6.83023e-17
6.87751e-15
2.30946e-17
-6.49225e-17
3.48786e-18
-5.37534e-18
6.52219e-19
-1.29014e-18
3.46165e-20
-2.12281e-19
3.03318e-21
-6.89965e-21
3.36525e-23
-2.14639e-22
1.18233e-24
3.98287e-24
2.07389e-25
4.36553e-25
2.47751e-27
3.38593e-26
4.09923e-29
1.25989e-27
6.2328e-31
3.61167e-29
6.22571e-33
8.13944e-31
7.44717e-35
1.13051e-32
7.56405e-35
4.60853e-09
-5.55311e-09
8.94069e-09
-2.02356e-08
1.92699e-11
3.19692e-09
9.56542e-14
2.01479e-11
-3.07852e-15
1.49431e-13
4.39911e-16
-1.05216e-15
1.04535e-16
5.00709e-16
2.19878e-17
8.73664e-17
2.81403e-18
2.03155e-19
2.08991e-19
-6.64269e-19
3.50313e-21
-1.60395e-20
6.58252e-23
2.66216e-22
1.60835e-23
2.89321e-23
1.62324e-25
2.50175e-24
2.34962e-27
8.49977e-26
3.79913e-29
2.53331e-27
4.51215e-31
5.85652e-29
5.77341e-33
8.42714e-31
5.87616e-33
3.45511e-08
-4.01014e-08
3.20611e-08
-5.64697e-08
4.94167e-11
1.17178e-08
3.84402e-13
6.60375e-11
-1.10483e-15
9.3958e-13
1.68526e-14
4.337e-15
6.42052e-15
1.40956e-14
1.90684e-15
5.14511e-15
8.11067e-17
1.9119e-15
9.88359e-18
-3.38574e-18
2.26927e-19
-9.11804e-19
3.59388e-21
1.45618e-20
8.53003e-22
1.73424e-21
8.64149e-24
1.50387e-22
1.31529e-25
5.19602e-24
2.25673e-27
1.63942e-25
3.74038e-29
3.95253e-27
4.19419e-31
5.86036e-29
4.29539e-31
5.08161e-08
-9.0911e-08
-7.08597e-09
1.56324e-10
-2.64003e-11
4.71356e-09
4.70525e-13
3.465e-11
1.13436e-12
9.70032e-12
1.65471e-12
4.40459e-13
3.96468e-13
1.33891e-12
1.19811e-13
2.82845e-13
5.67337e-15
1.27031e-13
4.07246e-16
5.12158e-15
1.00952e-17
7.80131e-17
1.8068e-19
6.811e-19
3.69363e-20
9.30172e-20
3.90272e-22
7.61039e-21
6.93327e-24
2.87604e-22
1.25096e-25
9.60757e-24
2.7266e-27
2.42107e-25
2.80623e-29
3.70914e-27
2.8686e-29
3.62065e-06
-2.67467e-06
1.39371e-05
-4.27164e-05
2.56925e-05
-5.98279e-05
3.60624e-05
-5.89095e-05
4.51309e-05
-5.1873e-05
5.38031e-05
-4.54696e-05
6.26409e-05
-4.14469e-05
7.17366e-05
-3.92621e-05
8.09311e-05
-3.7889e-05
8.99989e-05
-3.64911e-05
9.8742e-05
-3.45396e-05
0.000107
-3.17187e-05
0.000114608
-2.77902e-05
0.000121377
-2.25318e-05
0.000127123
-1.57599e-05
0.000131688
-7.32835e-06
0.000135021
2.83108e-06
0.000136974
1.50585e-05
0.000137661
2.96254e-05
0.00013705
4.68202e-05
0.000136247
6.81501e-05
0.000142137
9.14886e-05
0.000130564
0.000171678
5.6706e-06
-8.34528e-06
1.66691e-05
-5.37149e-05
2.75846e-05
-7.07434e-05
3.67415e-05
-6.80664e-05
4.50833e-05
-6.02148e-05
5.37084e-05
-5.40947e-05
6.29556e-05
-5.06941e-05
7.2637e-05
-4.89436e-05
8.24277e-05
-4.76798e-05
9.20589e-05
-4.61223e-05
0.000101363
-4.3844e-05
0.000110227
-4.05823e-05
0.000118567
-3.61301e-05
0.000126304
-3.02693e-05
0.00013342
-2.28756e-05
0.000140107
-1.4015e-05
0.000146
-3.06212e-06
0.000151358
9.70042e-06
0.00015601
2.49732e-05
0.000160981
4.18497e-05
0.000169438
5.9693e-05
0.000184553
7.63736e-05
9.94451e-05
0.000215662
7.99243e-06
-1.63377e-05
1.92766e-05
-6.4999e-05
2.88213e-05
-8.02885e-05
3.66569e-05
-7.59024e-05
4.44536e-05
-6.80118e-05
5.31256e-05
-6.2767e-05
6.25793e-05
-6.01482e-05
7.23645e-05
-5.87291e-05
8.21167e-05
-5.74317e-05
9.16462e-05
-5.56513e-05
0.000100904
-5.31009e-05
0.000109868
-4.95459e-05
0.000118691
-4.49531e-05
0.000127522
-3.90989e-05
0.000136297
-3.16495e-05
0.000144658
-2.2376e-05
0.000153229
-1.16333e-05
0.00016234
5.63471e-07
0.000169
1.83129e-05
0.000176128
3.47218e-05
0.000185899
4.99219e-05
0.000197927
6.43453e-05
7.76041e-05
0.000219768
1.10173e-05
-2.7355e-05
2.2071e-05
-7.60511e-05
2.9289e-05
-8.75111e-05
3.54606e-05
-8.208e-05
4.28028e-05
-7.53563e-05
5.15452e-05
-7.15074e-05
6.10452e-05
-6.96434e-05
7.07996e-05
-6.84748e-05
8.06347e-05
-6.72537e-05
9.06458e-05
-6.5645e-05
0.00010135
-6.37855e-05
0.000112323
-6.05e-05
0.000122679
-5.21676e-05
0.000131334
-4.11298e-05
0.000138383
-2.99384e-05
0.000144052
-1.949e-05
0.000149658
-1.07711e-05
0.000154857
-2.61712e-06
0.000167343
6.32911e-06
0.000183318
1.8105e-05
0.000197987
3.52537e-05
0.000207026
5.53062e-05
6.43458e-05
0.000220284
1.58966e-05
-4.32516e-05
2.70512e-05
-8.71573e-05
3.03305e-05
-9.07172e-05
3.43687e-05
-8.60502e-05
4.18597e-05
-8.27859e-05
5.15348e-05
-8.0307e-05
6.14824e-05
-7.37742e-05
7.03898e-05
-6.42647e-05
7.69614e-05
-5.25203e-05
7.99365e-05
-3.98924e-05
7.79139e-05
-2.66802e-05
6.72107e-05
-6.24769e-06
5.3914e-05
-7.731e-07
4.21863e-05
-9.19217e-08
3.19425e-05
-1.16415e-08
2.33107e-05
-2.15347e-09
1.77677e-05
-1.81887e-09
1.64469e-05
-2.01342e-09
2.35457e-05
3.39832e-07
4.11282e-05
5.79811e-07
7.36726e-05
4.98602e-07
0.000123037
1.41917e-06
8.79692e-06
0.000175118
2.32889e-05
-5.99289e-05
2.60869e-05
-4.65107e-05
2.4594e-05
-3.01432e-05
2.59137e-05
-2.87684e-05
2.86057e-05
-2.5312e-05
2.94899e-05
-5.06357e-06
2.66639e-05
-2.19387e-07
2.20679e-05
-1.05947e-08
1.60972e-05
-5.67256e-10
9.4432e-06
-3.40424e-11
7.12577e-06
-2.92845e-12
8.78084e-07
-2.37654e-13
1.04985e-07
-4.44362e-13
1.35968e-08
-5.70136e-10
2.25979e-09
-5.10881e-10
1.40164e-09
-7.13372e-10
1.70985e-09
-6.82822e-10
1.94689e-09
-1.90626e-10
3.41907e-07
3.3113e-09
8.96477e-07
2.8108e-08
1.33189e-06
6.44167e-08
2.62556e-06
1.26788e-07
2.39999e-07
1.08099e-05
1.20081e-05
3.69843e-24
1.8685e-06
2.49178e-25
1.96695e-06
-1.49306e-21
1.96297e-06
-1.11086e-19
1.80878e-06
-1.16862e-17
2.30585e-07
-4.38436e-16
1.11985e-08
-5.10378e-15
6.0377e-10
-1.08875e-14
3.65398e-11
-1.72902e-14
2.51445e-12
-7.79368e-15
3.72927e-13
-5.97189e-13
3.75698e-13
-3.8388e-13
4.66048e-13
-3.88775e-13
1.25569e-10
-6.94545e-10
7.37664e-10
-1.15926e-09
1.8114e-09
-1.99357e-09
2.96828e-09
-8.6519e-10
4.55312e-09
-1.48137e-09
8.94942e-09
1.75844e-10
3.28442e-08
4.8793e-09
9.24454e-08
5.7488e-09
2.07682e-07
1.21818e-08
2.47897e-10
4.76055e-07
-4.1015e-25
2.20821e-23
-4.39265e-26
2.64414e-26
3.19914e-23
-1.5251e-21
2.95407e-21
-1.14207e-19
3.28377e-19
-1.20235e-17
1.3344e-17
-4.52517e-16
1.49305e-16
-5.27125e-15
5.40226e-16
-1.11644e-14
1.35227e-15
-6.34398e-15
2.33911e-15
-3.75349e-15
2.10643e-13
-7.96193e-13
4.52117e-13
-6.8895e-13
1.25365e-12
-1.40515e-12
1.68381e-09
-2.37712e-09
8.7933e-09
-8.43847e-09
3.70595e-08
-3.09103e-08
4.81629e-08
-2.65173e-08
1.90152e-08
-1.79479e-09
9.53576e-09
2.07471e-09
1.1385e-08
3.49283e-09
1.25897e-08
4.17342e-09
1.84242e-08
6.27578e-09
7.60505e-09
4.2196e-08
1.34106e-27
2.54904e-23
-1.36809e-23
-1.58851e-23
3.4186e-22
-8.34309e-21
5.01826e-20
-6.06233e-19
5.84715e-18
-5.17466e-17
2.6246e-16
-2.08916e-15
3.66402e-15
-2.09924e-14
7.00275e-15
-3.23974e-14
3.31667e-15
-9.93751e-15
1.5358e-14
-5.80875e-15
2.19464e-12
-1.06883e-11
2.62805e-12
-5.60286e-12
1.5665e-11
-1.46527e-11
3.7185e-08
-5.74202e-08
1.74196e-07
-2.04724e-07
9.91485e-08
-6.78138e-08
1.52755e-08
-1.08429e-08
1.24302e-08
-3.8629e-10
7.39638e-09
2.50807e-09
7.44854e-09
3.17496e-09
8.0587e-09
3.27393e-09
9.82329e-09
4.29973e-09
2.34724e-09
1.51689e-08
-3.32769e-25
2.03621e-23
3.41156e-24
-5.51336e-23
3.43673e-21
-2.32238e-20
5.13523e-19
-2.39865e-18
8.01363e-17
-3.33555e-16
2.84845e-15
-1.01451e-14
1.2153e-14
-3.93104e-14
1.45066e-14
-3.97754e-14
6.91442e-15
-7.13657e-15
4.92766e-14
-3.95954e-14
2.2701e-11
-1.03028e-10
9.4421e-12
-9.11289e-12
1.29897e-10
-1.33202e-10
6.28485e-08
-1.55652e-07
1.13442e-07
-2.0785e-07
5.40859e-08
-1.22798e-07
3.29164e-09
-1.28194e-08
4.68833e-09
-2.15513e-09
4.59601e-09
2.33465e-09
5.8993e-09
1.60596e-09
8.25394e-08
5.00835e-09
5.51661e-07
1.02487e-08
-6.87837e-09
5.94854e-07
-1.0004e-24
1.328e-23
1.45185e-23
-1.13844e-22
6.1466e-21
-2.69077e-20
1.09845e-18
-3.28976e-18
2.22567e-16
-6.19934e-16
3.40601e-15
-1.54203e-14
1.25278e-14
-4.07982e-14
1.30237e-14
-3.84219e-14
8.66044e-15
-5.17223e-15
1.74356e-13
-1.59633e-13
3.70574e-11
-1.01811e-10
2.00489e-11
-5.8314e-12
1.13516e-09
-1.25203e-09
2.42381e-08
-6.70667e-08
2.48248e-08
-1.61098e-07
7.79432e-09
-2.97662e-07
1.26905e-08
-7.76386e-08
3.8633e-08
-5.02288e-08
1.6737e-07
-2.4543e-08
2.42685e-07
-2.57532e-08
2.90233e-07
-6.90074e-09
3.42919e-07
-1.55213e-09
-5.42448e-09
1.25684e-07
-9.14978e-25
7.69171e-24
1.97582e-23
-1.16825e-22
6.33635e-21
-2.56961e-20
1.25992e-18
-3.42779e-18
2.89463e-16
-7.31878e-16
4.64894e-15
-1.50804e-14
1.14797e-14
-3.99951e-14
8.49179e-15
-2.77219e-14
6.73765e-15
-4.58853e-15
1.51393e-12
-3.34307e-14
2.71427e-11
-8.57189e-11
2.65445e-11
-5.64503e-12
6.04231e-10
-6.13313e-13
1.54829e-09
-1.95567e-15
1.49545e-09
7.38848e-16
1.60784e-08
-1.23393e-07
5.86609e-08
-1.02093e-07
9.90483e-08
-7.55842e-08
1.15379e-07
-2.83729e-08
1.04712e-07
-4.06707e-09
2.81201e-08
-2.38031e-10
6.30248e-09
-1.62046e-11
-1.34172e-12
8.77286e-10
-5.215e-25
3.68899e-24
1.82156e-23
-8.11388e-23
4.86669e-21
-1.3404e-20
1.17003e-18
-2.73267e-18
2.88725e-16
-7.16546e-16
4.97542e-15
-9.86808e-15
1.02892e-14
-2.83882e-14
3.95615e-15
-1.48261e-14
3.92065e-15
-4.4771e-15
2.86418e-13
-3.1587e-13
6.80858e-12
-8.15471e-14
6.21151e-13
-3.0319e-15
7.59476e-15
2.42916e-16
1.66872e-17
4.85772e-15
-3.64408e-17
7.60706e-15
2.96179e-09
1.39788e-15
8.93251e-09
1.17026e-16
1.49187e-08
-1.89601e-16
4.32274e-09
-1.60571e-15
2.55673e-10
-3.42933e-15
1.7647e-11
-5.17595e-15
1.45403e-12
-6.58126e-15
-1.22164e-14
1.25032e-13
-2.27813e-25
1.74518e-24
8.54003e-24
-2.32548e-23
1.95061e-21
-3.86728e-21
6.49607e-19
-1.06001e-18
2.14007e-16
-3.83831e-16
2.46992e-15
-4.00607e-15
4.84475e-15
-8.703e-15
1.86744e-15
-4.9043e-15
1.19045e-15
-3.83262e-15
8.16207e-14
-2.77538e-15
1.8059e-15
-1.72761e-15
6.13302e-17
-1.28733e-15
-4.88957e-17
1.24934e-15
-9.19065e-16
7.74982e-15
-1.29163e-15
1.25086e-14
-2.52559e-16
2.78986e-15
-2.97706e-17
3.04173e-16
5.22142e-18
-2.24593e-16
3.80267e-17
-1.62944e-15
1.48493e-16
-3.49042e-15
4.10682e-16
-5.28151e-15
9.50332e-16
-6.40641e-15
-1.07176e-14
2.49962e-15
-9.34493e-26
1.21403e-24
2.01895e-24
-3.32629e-24
5.20226e-22
-1.19617e-21
1.90711e-19
-2.41382e-19
8.23376e-17
-1.04154e-16
7.74851e-16
-1.02665e-15
1.24834e-15
-1.91974e-15
8.069e-16
-1.21639e-15
8.72309e-16
-1.94238e-15
7.48643e-16
-4.11675e-15
3.52833e-16
-4.74942e-15
3.4837e-16
-4.78932e-15
-3.33964e-16
-1.16955e-15
-2.0918e-15
2.99473e-15
-3.56338e-15
5.91691e-15
-8.96658e-16
1.69185e-15
-1.24683e-16
1.88575e-16
3.12771e-16
-4.95692e-16
1.42234e-15
-1.39745e-15
4.07982e-15
-2.56342e-15
8.03656e-15
-3.9965e-15
1.36679e-14
-6.04009e-15
-1.26957e-14
2.93277e-14
-5.60665e-26
1.23776e-24
2.77815e-25
7.30439e-25
1.81778e-22
-7.91646e-22
3.65736e-20
-3.77444e-20
1.87679e-17
-1.79972e-17
1.65683e-16
-1.74719e-16
2.48568e-16
-3.34237e-16
1.87832e-16
-2.9326e-16
4.98606e-16
-6.77172e-16
1.14037e-15
-3.02368e-15
1.41445e-15
-4.14732e-15
1.43106e-15
-4.25104e-15
3.56375e-16
-2.01072e-15
-9.49021e-16
-5.0634e-16
-2.02412e-15
-4.91014e-17
-6.56719e-16
-1.36551e-17
-8.86135e-17
-5.69229e-17
5.39793e-16
-1.53612e-16
1.3793e-15
-3.28599e-16
2.27222e-15
-8.08587e-16
4.52832e-15
-1.96902e-15
9.15433e-15
-3.79628e-15
-1.19953e-14
2.73709e-14
-4.99363e-26
1.25137e-24
-4.40733e-26
1.81433e-24
1.20821e-22
-6.31006e-22
5.09405e-21
-5.31562e-21
2.86732e-18
-2.03468e-18
2.53938e-17
-1.99021e-17
3.90882e-17
-4.33568e-17
4.22865e-17
-7.16923e-17
1.71395e-16
-1.95537e-16
8.44035e-16
-6.65658e-16
1.2315e-15
-2.37139e-15
9.55278e-16
-1.55045e-15
3.90953e-16
-6.83942e-16
4.90895e-17
-2.03505e-16
5.14638e-18
-3.63701e-17
5.23184e-18
-3.56151e-18
3.74303e-17
-4.41591e-18
6.79019e-17
-1.89019e-17
2.06164e-16
-8.57933e-17
7.06009e-16
-3.48743e-16
2.17011e-15
-1.18119e-15
5.44644e-15
-2.86385e-15
-1.21268e-14
2.29293e-14
-4.47931e-26
1.05591e-24
-1.02544e-25
2.59236e-24
8.00239e-23
-3.15898e-22
6.39187e-22
-1.03791e-21
2.91886e-19
-1.42286e-19
2.72893e-18
-1.39615e-18
6.26372e-18
-5.52762e-18
1.35835e-17
-2.19066e-17
4.5602e-17
-6.1932e-17
1.618e-16
-1.44237e-16
4.15343e-16
-3.03259e-16
1.97683e-16
-2.41502e-16
7.01626e-17
-1.17087e-16
1.90072e-17
-3.3357e-17
4.01077e-18
-7.06744e-18
8.80735e-19
-5.38995e-19
1.39034e-18
-6.13598e-19
1.05584e-17
-3.67165e-18
6.263e-17
-2.79797e-17
3.22558e-16
-1.73102e-16
1.29192e-15
-7.68684e-16
3.97948e-15
-2.32294e-15
-1.17482e-14
2.05114e-14
-3.4024e-26
7.02976e-25
-1.37354e-25
2.70278e-24
2.6879e-23
-4.66726e-23
1.08573e-22
-2.00675e-22
1.85071e-20
-4.69342e-21
1.97059e-19
-6.69891e-20
9.56614e-19
-1.17975e-18
4.57797e-18
-7.71172e-18
1.32976e-17
-2.21172e-17
3.00723e-17
-3.95342e-17
4.68291e-17
-4.86942e-17
3.39685e-17
-3.87295e-17
1.2255e-17
-1.75009e-17
2.65137e-18
-4.67597e-18
4.21283e-19
-1.44215e-18
1.37922e-19
-1.81576e-19
1.98838e-19
-1.39701e-19
2.20285e-18
-9.60486e-19
2.1201e-17
-1.09662e-17
1.57767e-16
-9.24088e-17
7.99633e-16
-5.02684e-16
3.02532e-15
-1.9072e-15
-1.19037e-14
1.76427e-14
-2.06409e-26
3.48968e-25
-1.34335e-25
1.96002e-24
3.41822e-24
1.46258e-25
1.9733e-23
-1.69016e-23
5.57199e-22
-1.10771e-23
1.00465e-20
-7.08552e-21
2.2306e-19
-2.76561e-19
1.54405e-18
-2.15049e-18
4.26158e-18
-7.19014e-18
6.75625e-18
-1.17812e-17
7.73567e-18
-1.24338e-17
5.40385e-18
-9.06924e-18
1.70106e-18
-3.41552e-18
4.09171e-19
-7.13993e-19
1.21529e-19
-2.24803e-19
3.65265e-20
-3.4184e-20
4.02001e-20
-3.42875e-20
5.86969e-19
-3.15727e-19
8.15191e-18
-4.48665e-18
7.89962e-17
-4.67544e-17
4.83433e-16
-3.03788e-16
2.33278e-15
-1.59538e-15
-1.21994e-14
1.58747e-14
-9.42103e-27
1.18008e-25
-9.13904e-26
8.63823e-25
-1.02706e-26
1.36779e-24
8.14222e-25
1.2871e-25
6.45113e-25
-4.48397e-26
1.0775e-21
-8.6543e-22
4.82975e-20
-3.26167e-20
3.93571e-19
-3.84428e-19
1.24481e-18
-1.67438e-18
1.76891e-18
-3.08182e-18
1.96588e-18
-3.47504e-18
1.18955e-18
-2.57194e-18
2.91552e-19
-9.91987e-19
5.61931e-20
-1.60107e-19
1.72691e-20
-2.54641e-20
7.69328e-21
-3.9215e-21
1.00923e-20
-7.69566e-21
1.88317e-19
-1.03756e-19
3.09127e-18
-1.67556e-18
3.59781e-17
-2.04834e-17
2.67293e-16
-1.67707e-16
1.84197e-15
-1.39103e-15
-1.15899e-14
1.39501e-14
-2.94582e-27
2.34593e-26
-3.77648e-26
1.71237e-25
-9.01165e-26
3.06295e-25
-1.12784e-26
2.63023e-26
1.88366e-26
1.50747e-27
1.18274e-22
-3.06063e-25
5.05487e-21
-1.4404e-21
6.54559e-20
-4.50676e-20
2.69928e-19
-2.43355e-19
4.41799e-19
-5.04224e-19
5.04316e-19
-6.23614e-19
3.23194e-19
-5.23506e-19
8.03521e-20
-2.34069e-19
7.93221e-21
-3.53394e-20
1.26492e-21
-1.99364e-21
8.53973e-22
-7.25847e-22
2.98901e-21
-2.08844e-21
5.77555e-20
-3.1705e-20
1.03764e-18
-5.46375e-19
1.39797e-17
-7.54958e-18
1.35614e-16
-8.76232e-17
1.47206e-15
-1.20602e-15
-9.59682e-15
1.09641e-14
-5.43238e-28
2.36299e-27
-7.01104e-27
1.72749e-26
-1.89038e-26
3.23085e-26
-2.1603e-27
2.52255e-27
-1.54347e-28
1.33823e-28
3.83834e-26
-1.10033e-26
2.12545e-22
-8.53005e-23
7.20756e-21
-3.56065e-21
3.61766e-20
-2.0289e-20
6.68141e-20
-4.39623e-20
7.90703e-20
-5.56768e-20
6.39195e-20
-5.37306e-20
1.85734e-20
-2.91558e-20
1.16575e-21
-5.22291e-21
1.48946e-22
-3.62616e-22
1.5456e-22
-1.67413e-22
8.29249e-22
-5.56831e-22
1.60074e-20
-8.79706e-21
3.00791e-19
-1.54357e-19
4.56812e-18
-2.37362e-18
6.47508e-17
-4.36988e-17
1.11339e-15
-9.40718e-16
-7.36904e-15
7.66737e-15
-5.08167e-29
4.1827e-47
-6.61149e-28
6.00402e-45
-1.86369e-27
8.41209e-44
-1.9372e-28
-1.67339e-36
-1.28189e-29
-1.28593e-31
1.30148e-27
-1.32737e-29
1.16301e-23
-4.30911e-25
5.17261e-22
-1.01462e-22
2.73896e-21
-8.29091e-22
5.26414e-21
-2.10675e-21
6.28493e-21
-2.94547e-21
6.4772e-21
-3.11691e-21
2.34803e-21
-1.74674e-21
1.805e-22
-3.18006e-22
3.0844e-23
-2.98872e-23
3.24437e-23
-2.62654e-23
2.05282e-22
-1.32099e-22
3.99186e-21
-2.26852e-21
7.54472e-20
-3.95443e-20
1.2761e-18
-6.6827e-19
2.88511e-17
-2.00247e-17
7.32794e-16
-6.29267e-16
-5.56962e-15
5.16718e-15
-8.3494e-49
5.94939e-47
-2.1423e-46
8.52211e-45
-4.52205e-45
1.59964e-43
2.38535e-37
-4.67854e-39
2.26259e-32
-2.07613e-34
1.40962e-30
-3.7211e-32
5.37909e-26
-2.61409e-28
1.37651e-23
-3.84031e-25
1.05964e-22
-4.80792e-24
2.38873e-22
-1.40454e-23
3.11374e-22
-1.92693e-23
3.47345e-22
-1.72565e-23
1.26302e-22
-9.2914e-24
1.03694e-23
-3.63379e-24
3.90609e-24
-1.83078e-24
4.58321e-24
-2.78119e-24
4.59769e-23
-2.79213e-23
9.20598e-22
-5.39255e-22
1.72293e-20
-9.78305e-21
3.19624e-19
-1.79316e-19
1.15085e-17
-8.08745e-18
4.18374e-16
-3.83654e-16
-4.17714e-15
3.47295e-15
-1.10034e-48
6.53005e-47
-2.82512e-46
9.40369e-45
-7.9845e-45
2.193e-43
3.11422e-40
-8.24574e-42
1.71753e-35
-1.32142e-38
3.69246e-33
-7.62608e-36
3.02973e-29
-4.5591e-31
4.89425e-26
-1.63492e-27
5.8338e-25
-3.45694e-26
1.44583e-24
-1.48426e-25
1.77703e-24
-2.91053e-25
1.57274e-24
-3.58594e-25
6.63213e-25
-3.47483e-25
2.77873e-25
-2.33061e-25
2.46522e-25
-1.15103e-25
5.57377e-25
-2.61406e-25
9.01225e-24
-4.93192e-24
1.94107e-22
-1.14884e-22
3.81251e-21
-2.44509e-21
7.63921e-20
-4.90751e-20
3.98545e-18
-2.89828e-18
2.20363e-16
-2.2261e-16
-2.99526e-15
2.28063e-15
-1.11498e-48
4.91121e-47
-2.88383e-46
7.18071e-45
-1.01201e-44
1.81087e-43
5.19917e-43
6.62085e-45
1.01484e-39
-8.64539e-41
7.00091e-37
-1.09088e-38
4.87943e-32
-1.66257e-36
1.95224e-28
-9.72417e-33
4.13795e-27
-3.33064e-29
1.62386e-26
-8.22403e-28
2.85352e-26
-3.59199e-27
3.34479e-26
-6.44164e-27
3.43073e-26
-6.76259e-27
1.94703e-26
-4.81088e-27
1.38001e-26
-2.84216e-27
5.46499e-26
-2.47781e-26
1.43499e-24
-7.92367e-25
3.68345e-23
-2.43868e-23
8.57234e-22
-6.67806e-22
1.86855e-20
-1.49376e-20
1.21566e-18
-9.49639e-19
1.08483e-16
-1.1887e-16
-1.94526e-15
1.38587e-15
-7.70625e-49
1.89075e-47
-2.02712e-46
2.84758e-45
-7.68824e-45
7.8318e-44
-3.74079e-46
3.63139e-45
6.08769e-42
-3.26966e-45
9.14346e-40
-1.29643e-42
1.62724e-37
-1.86263e-40
1.08868e-33
-1.17149e-36
4.1038e-30
-2.53893e-32
1.00422e-28
-2.61505e-30
3.84094e-28
-1.66575e-29
5.60654e-28
-3.55101e-29
6.15852e-28
-3.84672e-29
3.72436e-28
-2.46096e-29
3.02577e-28
-1.07392e-28
5.71227e-27
-3.70507e-27
2.10092e-25
-1.56263e-25
7.08555e-24
-6.22886e-24
2.10017e-22
-2.04958e-22
5.02481e-21
-4.93713e-21
3.34177e-19
-2.8006e-19
4.75916e-17
-5.53184e-17
-1.10343e-15
7.41071e-16
-2.71178e-49
6.46573e-59
-7.36154e-47
7.05175e-57
-3.04283e-45
3.16042e-56
-1.87673e-46
-3.8401e-51
4.43088e-46
-1.16884e-47
9.94895e-44
-1.18576e-45
1.66363e-41
-7.64964e-44
1.19538e-37
-4.22578e-42
2.88981e-33
-1.09646e-37
3.03897e-31
-5.7247e-34
1.70918e-30
-1.76335e-32
2.83854e-30
-6.77068e-32
3.12079e-30
-7.63193e-32
2.14461e-30
-2.97691e-31
1.89018e-29
-1.32074e-29
8.21892e-28
-7.26643e-28
3.76616e-26
-3.69416e-26
1.60402e-24
-1.60574e-24
5.55178e-23
-5.68224e-23
1.40601e-21
-1.47795e-21
8.08522e-20
-7.29338e-20
1.76861e-17
-2.18868e-17
-5.4437e-16
3.37084e-16
-8.43394e-61
8.87742e-59
-1.6616e-58
1.01715e-56
-1.11789e-57
5.34931e-56
3.59856e-52
-9.82615e-54
7.24097e-49
-1.38401e-48
8.64676e-47
-1.25553e-46
6.33771e-45
-5.49346e-45
3.97188e-43
-2.22296e-43
1.13218e-38
-9.16253e-42
6.4156e-35
-2.75966e-39
1.88463e-33
-1.08519e-36
5.00605e-33
-1.43543e-35
6.06632e-33
-4.6365e-34
4.23994e-32
-3.37033e-32
2.41464e-30
-2.403e-30
1.43339e-28
-1.3754e-28
7.68928e-27
-7.25775e-27
3.47638e-25
-3.38591e-25
1.26693e-23
-1.31464e-23
3.43388e-22
-3.991e-22
1.70108e-20
-1.80524e-20
5.46144e-18
-7.49499e-18
-2.39201e-16
1.29489e-16
-1.0502e-60
9.41563e-59
-2.17679e-58
1.14102e-56
-1.71436e-57
6.74089e-56
4.2188e-55
-6.92439e-56
7.74826e-50
-7.64759e-51
8.24603e-48
-9.83615e-49
4.10141e-46
-9.8557e-47
1.88398e-44
-8.99292e-45
8.83293e-43
-9.66778e-43
2.83895e-40
-7.17718e-41
1.15856e-37
-6.83757e-39
1.66065e-36
-6.21083e-37
6.16943e-35
-5.77659e-35
5.02315e-33
-4.65486e-33
3.83845e-31
-3.27427e-31
2.29331e-29
-2.10959e-29
1.25296e-27
-1.22818e-27
6.03648e-26
-6.66928e-26
2.39127e-24
-2.91233e-24
7.4591e-23
-1.03828e-22
3.34091e-21
-4.51644e-21
1.42123e-18
-2.35502e-18
-9.36601e-17
4.20267e-17
-1.01086e-60
6.88034e-59
-2.21354e-58
8.85249e-57
-1.94958e-57
5.91964e-56
5.19773e-57
1.31701e-57
3.65071e-52
-9.5317e-53
5.58205e-50
-1.67251e-50
6.50485e-48
-2.13533e-48
6.83206e-46
-3.06067e-46
8.44644e-44
-3.91031e-44
6.69862e-42
-4.80553e-42
6.91952e-40
-5.72997e-40
6.85732e-38
-5.51174e-38
7.02331e-36
-5.48509e-36
5.95405e-34
-4.60953e-34
4.35236e-32
-3.61527e-32
2.91628e-30
-2.66413e-30
1.74272e-28
-1.7176e-28
9.62089e-27
-1.02926e-26
4.20037e-25
-5.0321e-25
1.49313e-23
-2.11181e-23
6.30795e-22
-1.01249e-21
3.22221e-19
-6.97208e-19
-3.09583e-17
1.09841e-17
-6.73253e-61
2.61516e-59
-1.55496e-58
3.56534e-57
-1.53903e-57
2.70852e-56
-4.5159e-59
6.32828e-58
4.08506e-54
-1.31934e-54
8.51772e-52
-3.13185e-52
1.26081e-49
-5.63787e-50
2.05819e-47
-1.06043e-47
2.93161e-45
-1.7048e-45
3.99586e-43
-2.40141e-43
5.18425e-41
-3.20333e-41
5.33081e-39
-3.49447e-39
5.60573e-37
-3.92659e-37
4.91428e-35
-3.56969e-35
4.00484e-33
-3.36934e-33
3.01527e-31
-2.64266e-31
1.96503e-29
-2.03152e-29
1.16399e-27
-1.31905e-27
5.53812e-26
-7.54133e-26
2.22607e-24
-3.79482e-24
9.92469e-23
-2.07392e-22
6.17117e-20
-1.79997e-19
-8.31628e-18
2.01014e-18
-2.34547e-61
2.04597e-78
-5.65774e-59
9.15319e-76
-6.30021e-58
-1.62889e-68
-1.93193e-59
-3.93688e-60
5.01992e-56
-1.50979e-56
1.41258e-53
-5.06991e-54
2.94189e-51
-1.3007e-51
6.24812e-49
-2.71547e-49
1.11488e-46
-5.26883e-47
1.71156e-44
-7.9978e-45
2.45649e-42
-1.25758e-42
2.8478e-40
-1.54605e-40
3.36047e-38
-2.01951e-38
3.16459e-36
-2.15734e-36
3.05628e-34
-2.21232e-34
2.41102e-32
-2.13594e-32
1.82842e-30
-1.73334e-30
1.14408e-28
-1.38508e-28
6.1373e-27
-9.72868e-27
2.77377e-25
-5.81124e-25
1.26814e-23
-3.32575e-23
8.23188e-21
-3.6721e-20
-1.85084e-18
1.77632e-19
-1.68605e-80
3.32575e-78
-1.30434e-77
1.62741e-75
6.70237e-70
-9.85605e-69
2.11801e-61
-2.96007e-62
5.04071e-58
-1.47021e-58
1.99931e-55
-5.37388e-56
5.89941e-53
-1.75727e-53
1.38154e-50
-4.33098e-51
2.9524e-48
-9.22772e-49
4.85767e-46
-1.78541e-46
8.15571e-44
-3.02132e-44
1.05645e-41
-4.48488e-42
1.43421e-39
-6.87642e-40
1.56815e-37
-8.516e-38
1.614e-35
-9.8291e-36
1.53991e-33
-1.16244e-33
1.19729e-31
-1.18096e-31
8.86471e-30
-1.04308e-29
5.4801e-28
-8.87594e-28
2.63208e-26
-6.45225e-26
9.94538e-25
-3.61291e-24
3.8593e-22
-6.1684e-21
-3.37181e-19
-2.71068e-20
-2.5087e-80
4.27375e-78
-2.05881e-77
2.31865e-75
2.19087e-70
-1.25193e-71
6.97567e-64
-7.10628e-65
4.24805e-60
-4.61943e-61
1.82663e-57
-2.70441e-58
6.83033e-55
-8.8652e-56
1.88171e-52
-2.96191e-53
4.39313e-50
-7.61737e-51
9.17192e-48
-1.91787e-48
1.64393e-45
-3.65496e-46
2.55365e-43
-7.95712e-44
4.0191e-41
-1.33859e-41
5.01578e-39
-1.92786e-39
5.71971e-37
-2.96479e-37
6.50386e-35
-4.26361e-35
6.12095e-33
-5.30636e-33
4.71489e-31
-5.67454e-31
3.17713e-29
-5.53008e-29
1.47856e-27
-5.88411e-27
2.09285e-26
-6.4968e-25
-7.25408e-22
-5.56268e-22
-4.61382e-20
-1.58227e-20
-2.92294e-80
3.86813e-78
-2.55847e-77
2.36666e-75
1.59968e-73
2.29041e-72
1.43297e-66
-5.21539e-68
1.13571e-62
-2.72192e-64
7.80198e-60
-1.84742e-61
2.91582e-57
-1.06557e-58
1.08602e-54
-4.00237e-56
3.05229e-52
-1.81928e-53
8.24654e-50
-5.29388e-51
1.65848e-47
-1.93168e-48
3.74629e-45
-4.52004e-46
6.3999e-43
-1.02194e-43
9.183e-41
-2.58984e-41
1.36907e-38
-4.71328e-39
1.83614e-36
-7.85926e-37
2.01962e-34
-1.20738e-34
1.74246e-32
-1.70884e-32
1.13504e-30
-2.86073e-30
3.74148e-29
-3.2056e-28
-4.6402e-26
-8.8704e-26
-1.55655e-22
-3.88402e-23
-3.77314e-21
-4.34187e-21
-2.36925e-80
1.85241e-78
-2.21703e-77
1.30653e-75
-2.99992e-74
1.16384e-72
8.77343e-70
-1.53845e-73
5.56844e-66
-5.90534e-69
4.42823e-63
-9.98123e-66
2.90987e-60
-5.95205e-63
1.21682e-57
-4.51401e-60
6.03616e-55
-2.90727e-57
1.88114e-52
-1.36186e-54
7.2242e-50
-5.98805e-52
1.74294e-47
-2.97497e-49
3.98367e-45
-1.05463e-46
9.9565e-43
-3.48617e-44
1.72599e-40
-1.46483e-41
2.61734e-38
-4.13034e-39
3.39892e-36
-1.00536e-36
3.54794e-34
-2.18974e-34
3.00956e-32
-5.03066e-32
-1.1423e-30
-8.16665e-30
-3.8192e-26
-4.53674e-27
-2.8201e-23
-2.03648e-24
-1.50897e-22
-5.17857e-22
-9.94357e-81
-8.72658e-100
-9.90998e-78
-4.72846e-103
-1.22132e-74
-3.24468e-106
1.77119e-74
-3.56705e-81
9.62615e-71
-7.25608e-76
1.90526e-67
-3.23855e-72
1.29463e-64
-4.43771e-69
1.09409e-61
-5.63785e-66
7.69419e-59
-6.48139e-63
3.86395e-56
-4.79211e-60
1.78904e-53
-4.70941e-57
9.17694e-51
-3.02347e-54
3.28446e-48
-1.85326e-51
1.06754e-45
-1.60284e-48
4.25532e-43
-7.79096e-46
1.08002e-40
-3.93528e-43
2.17308e-38
-1.79743e-40
3.29177e-36
-7.25841e-38
2.92945e-34
-2.24197e-35
-8.57094e-32
-3.51288e-32
-2.98385e-27
-4.81537e-29
-1.62058e-24
-3.35886e-26
-2.07289e-24
-2.16143e-23
4.75506e-103
2.10885e-105
2.65178e-105
7.73584e-108
2.3273e-105
1.65914e-110
3.48184e-83
-1.49237e-94
8.58908e-78
-5.33115e-90
4.48866e-74
-3.66901e-92
7.01236e-71
-1.00932e-81
9.93939e-68
-5.10998e-78
1.2504e-64
-1.66388e-74
9.93896e-62
-3.34917e-71
1.03144e-58
-9.01626e-68
6.85964e-56
-1.56792e-64
4.26448e-53
-2.61886e-61
3.64117e-50
-5.72085e-58
1.68822e-47
-7.87269e-55
7.73218e-45
-1.06112e-51
2.94335e-42
-1.29965e-48
8.35006e-40
-1.40241e-45
8.28878e-38
-1.15367e-42
-2.43981e-32
-2.39813e-35
-4.57275e-29
-7.60252e-32
-1.76667e-26
-1.03708e-28
-4.93727e-27
-2.41285e-25
-6.57878e-108
8.35951e-106
-2.63817e-110
1.63929e-108
-7.60604e-113
1.31939e-111
1.01066e-96
9.31527e-115
3.72545e-92
6.33046e-118
5.64459e-94
7.00993e-106
1.00541e-83
1.58005e-108
5.38453e-80
-7.19346e-96
1.89554e-76
-2.23536e-98
4.10966e-73
-6.64178e-87
1.16835e-69
-2.42955e-89
2.10761e-66
-1.18478e-92
3.57691e-63
-1.25851e-76
7.7441e-60
-6.20429e-74
1.02106e-56
-8.73144e-71
1.25719e-53
-1.77636e-67
1.3002e-50
-7.20714e-65
1.01306e-47
-1.42772e-61
2.87126e-45
-2.46747e-64
-2.39799e-35
-2.7561e-44
-7.50156e-32
-1.50747e-40
-2.594e-29
-2.96663e-37
-3.60542e-34
-2.86787e-28
-1.07801e-108
-1.75804e-111
-1.85894e-114
-1.64437e-117
-1.34404e-120
-1.73126e-108
-4.42722e-111
2.24261e-98
7.24931e-101
2.43074e-89
1.1897e-92
4.92279e-95
1.00659e-78
4.85885e-76
6.44728e-73
1.1666e-69
3.82206e-67
2.46863e-64
1.15419e-67
-2.7561e-44
-1.50775e-40
-2.72465e-37
-3.60815e-34
0.000109273
6.24016e-05
5.56717e-05
5.36031e-05
1.86905e-05
3.69812e-05
7.37365e-06
-8.91747e-07
0.000221937
5.6122e-05
0.000217966
5.75799e-05
0.000201344
5.36036e-05
4.79281e-05
0.000161097
0.000235169
4.07225e-05
0.000249698
4.30514e-05
0.000258712
4.45898e-05
4.55864e-05
0.000261053
0.00022894
3.20668e-05
0.000239242
3.27476e-05
0.0002505
3.33313e-05
3.40466e-05
0.000262037
0.000198218
9.615e-06
0.000220084
1.59855e-05
0.000233215
2.01979e-05
2.32645e-05
0.000243992
1.99769e-05
1.98431e-07
3.61513e-05
2.41069e-07
5.6983e-05
1.36217e-07
4.05001e-08
8.13552e-05
6.67306e-07
1.71343e-08
9.04184e-07
2.48768e-08
1.04982e-06
2.46927e-08
3.36047e-08
1.10569e-06
6.84934e-08
3.15128e-09
1.04879e-07
8.01978e-09
1.62624e-07
-4.02201e-09
-4.37681e-09
2.34765e-07
4.65702e-07
2.06242e-09
7.17468e-07
-2.08846e-09
7.58185e-07
-8.20656e-09
-5.83268e-09
7.91189e-07
6.0869e-07
-3.08198e-09
6.43993e-07
-1.01885e-09
5.77929e-07
-2.21218e-09
-2.76653e-09
5.31399e-08
1.88286e-08
-6.53801e-10
1.04119e-08
-1.68967e-10
4.11407e-09
-4.06316e-11
-9.02196e-12
1.35585e-09
2.21096e-10
-1.09929e-13
5.20405e-11
-1.53651e-14
1.14578e-11
-2.44927e-14
-5.56416e-14
2.56522e-12
2.09545e-14
-3.56314e-15
2.179e-14
-3.95523e-15
2.72344e-14
-1.13748e-14
-2.06663e-14
4.23955e-14
8.42978e-15
-7.93727e-15
2.86347e-14
-1.15994e-14
9.97052e-14
-2.14191e-14
-2.48774e-14
1.28912e-13
4.48929e-14
-1.02442e-14
7.50906e-14
-1.56444e-14
1.06484e-13
-2.43623e-14
-2.28726e-14
1.29475e-13
4.61487e-14
-1.15014e-14
7.31795e-14
-1.80981e-14
9.18744e-14
-2.46642e-14
-2.3361e-14
9.58961e-14
4.0818e-14
-1.21582e-14
6.33682e-14
-1.87596e-14
7.24072e-14
-2.20543e-14
-1.80292e-14
6.50336e-14
3.61822e-14
-1.20213e-14
4.97737e-14
-1.76659e-14
5.28857e-14
-1.81247e-14
-1.21329e-14
4.44158e-14
3.02442e-14
-1.20739e-14
3.70408e-14
-1.58182e-14
3.76476e-14
-1.16226e-14
-1.1899e-14
5.04613e-14
2.53788e-14
-1.17752e-14
2.86952e-14
-1.36876e-14
3.22157e-14
-1.12391e-14
-1.64864e-14
3.65998e-14
2.0219e-14
-1.06142e-14
2.18191e-14
-1.1707e-14
2.48246e-14
-1.13902e-14
-1.46048e-14
7.14484e-14
1.5419e-14
-8.61905e-15
1.73642e-14
-1.02222e-14
2.40209e-14
-1.4492e-14
-3.51661e-14
4.83559e-14
1.13729e-14
-6.73544e-15
1.55119e-14
-9.52246e-15
3.04897e-14
-2.45879e-14
-3.60261e-14
7.59273e-14
8.28438e-15
-5.38623e-15
1.52297e-14
-1.03492e-14
5.01477e-14
-4.13819e-14
-4.52601e-14
1.22457e-13
6.12277e-15
-4.40119e-15
1.62622e-14
-1.10094e-14
6.04274e-14
-5.27732e-14
-5.90111e-14
1.11381e-13
4.43992e-15
-3.47548e-15
1.56482e-14
-1.1335e-14
6.19028e-14
-5.40873e-14
-7.03407e-14
1.3558e-13
2.99907e-15
-2.56922e-15
1.38484e-14
-1.02835e-14
5.60465e-14
-4.44587e-14
-1.26406e-13
1.45034e-13
1.81056e-15
-1.68641e-15
9.88653e-15
-8.77322e-15
4.35306e-14
-3.91641e-14
-9.24289e-14
1.32506e-13
9.48649e-16
-9.69951e-16
6.63867e-15
-6.7003e-15
2.73262e-14
-3.12113e-14
-6.36216e-14
6.80148e-14
4.17038e-16
-4.89223e-16
3.70406e-15
-4.36855e-15
1.50451e-14
-2.12174e-14
-4.61818e-14
3.48634e-14
1.49182e-16
-2.03876e-16
1.65418e-15
-2.40777e-15
6.88805e-15
-1.26259e-14
-2.80532e-14
1.59566e-14
3.88677e-17
-6.37117e-17
5.51656e-16
-1.08089e-15
2.32661e-15
-6.41778e-15
-1.38139e-14
4.9958e-15
6.01689e-18
-1.47286e-17
1.10662e-16
-3.85386e-16
4.32583e-16
-2.73116e-15
-6.47739e-15
6.68095e-16
2.57297e-19
-3.08556e-18
-3.15231e-18
-1.05597e-16
-6.23755e-17
-9.46084e-16
-3.00223e-15
-3.28395e-16
-4.37161e-19
-5.92612e-19
-1.69834e-17
-2.00687e-17
-8.58224e-17
-2.51759e-16
-1.19644e-15
-4.60056e-16
-1.39759e-19
-1.23909e-19
-5.8668e-18
-3.95874e-18
-3.99711e-17
-5.10141e-17
-2.78342e-16
-3.65663e-16
-3.78283e-20
-1.38983e-20
-2.06565e-18
-4.85545e-19
-1.02475e-17
-8.29663e-18
-7.88957e-17
6.29547e-17
-4.05998e-21
-6.30885e-22
-1.9664e-19
-2.03944e-20
-2.32865e-18
-5.39403e-19
-9.61229e-18
-1.65889e-17
-2.13901e-22
-8.4739e-24
-5.75785e-21
-3.79012e-22
-1.95461e-19
-1.42298e-20
-3.82594e-19
-5.80385e-18
-6.41601e-24
-1.59203e-26
-2.96849e-22
-1.24321e-24
-1.14983e-20
-7.89808e-23
-3.55781e-21
-3.21377e-19
-1.61822e-26
-8.64149e-32
-1.25652e-24
-2.0567e-29
-7.99483e-23
-3.98321e-27
-5.35495e-25
-3.61738e-21
-8.67758e-32
-2.06537e-29
-4.00387e-27
-5.39499e-25
-7.64908e-07
-3.52744e-06
-4.2489e-07
-5.99826e-07
-3.00949e-09
-4.17433e-07
-1.12798e-09
-1.76487e-09
1.83708e-10
-1.28684e-09
6.78693e-11
1.01244e-10
3.03275e-11
3.17896e-11
9.60439e-12
2.39408e-11
3.03738e-13
1.00622e-11
1.61719e-14
3.11435e-13
7.04373e-16
5.07891e-15
1.79191e-17
1.52961e-16
2.38085e-18
6.62978e-18
5.56194e-20
5.66704e-19
1.17873e-21
2.88965e-20
2.10347e-23
1.00959e-21
2.55365e-25
2.72959e-23
4.06877e-27
4.80296e-25
4.1167e-27
6.38668e-05
8.53725e-05
1.68573e-06
3.38578e-05
-7.74843e-07
-1.69062e-06
-6.78248e-08
-9.35162e-07
-1.30531e-08
-5.2002e-08
-2.00264e-09
-1.17689e-08
1.29945e-09
-3.89426e-09
4.83945e-10
7.85372e-10
1.13367e-11
4.82141e-10
3.49201e-13
1.19179e-11
2.57738e-14
2.89862e-13
1.53679e-15
1.35832e-14
4.73444e-17
1.59868e-15
2.46719e-18
3.38613e-17
7.72703e-20
1.47194e-18
1.39845e-21
5.80096e-20
2.33701e-23
1.70595e-21
3.39458e-25
3.44128e-23
3.39931e-25
0.000243608
0.000102781
0.000188839
8.8083e-05
0.000101859
6.73981e-05
8.58421e-06
3.07847e-05
1.49543e-07
-1.42842e-06
8.43306e-09
-3.08314e-06
1.02502e-08
-3.68471e-08
1.10979e-08
-1.78385e-09
3.37928e-10
1.12382e-08
8.64819e-12
4.12746e-10
4.96933e-13
1.03852e-11
1.10626e-13
4.51279e-13
7.86411e-15
1.11743e-13
1.65006e-16
8.40773e-15
4.51504e-18
1.96515e-16
1.28487e-19
5.28974e-18
2.90548e-21
1.6311e-19
4.29493e-23
3.74097e-21
4.3078e-23
0.000282606
8.21909e-05
0.000287549
8.30996e-05
0.000273889
8.07665e-05
0.00023026
7.34787e-05
0.000144795
5.85333e-05
2.1135e-05
2.36676e-05
1.79625e-07
-6.33217e-06
1.99357e-07
-1.072e-07
1.04213e-08
1.98884e-07
3.56264e-10
1.1246e-08
6.35052e-12
4.1073e-10
4.06419e-12
5.12933e-12
4.63471e-13
4.02841e-12
3.29033e-14
4.91207e-13
9.02397e-16
3.43598e-14
1.36982e-17
9.46094e-16
3.3407e-19
1.64895e-17
4.59628e-21
3.71401e-19
4.68726e-21
0.000267698
5.84441e-05
0.000290612
6.00216e-05
0.000308489
6.26313e-05
0.000313548
6.79841e-05
0.000300086
7.13813e-05
0.00025525
6.7391e-05
0.000131995
4.86112e-05
3.81478e-06
1.21494e-05
1.76907e-07
-5.52134e-06
1.05968e-08
1.55198e-07
3.79315e-10
1.22941e-08
1.06944e-10
2.83754e-10
1.79697e-11
9.91044e-11
1.69046e-12
1.77741e-11
1.07089e-13
1.66041e-12
3.24602e-15
1.07725e-13
3.90264e-17
3.30471e-15
4.72076e-19
3.88246e-17
4.85568e-19
0.000143504
8.44868e-07
0.000219882
7.71017e-06
0.000278605
2.45396e-05
0.000310558
3.54168e-05
0.000330928
4.98989e-05
0.000331996
6.51453e-05
0.000304341
7.47071e-05
0.000202031
6.75285e-05
1.86433e-05
3.55342e-05
5.45648e-08
-3.57768e-06
5.25526e-09
-4.68541e-10
1.42313e-09
1.3957e-09
4.93199e-10
1.06925e-09
5.85561e-11
4.52735e-10
4.79107e-12
5.56433e-11
2.6041e-13
4.68232e-12
6.69568e-15
2.59739e-13
4.60423e-17
6.74566e-15
4.74724e-17
2.42479e-06
-1.13583e-07
1.42241e-05
7.08795e-08
4.63574e-05
1.1058e-07
0.00010047
1.36658e-07
0.000224144
1.04878e-06
0.000324712
2.06541e-05
0.000343794
5.23859e-05
0.000325287
8.16717e-05
0.00023404
8.35385e-05
2.92001e-05
5.31854e-05
7.52058e-08
2.21599e-06
1.51862e-08
-5.58905e-08
8.00201e-09
5.40729e-10
1.31256e-09
6.76634e-09
1.37804e-10
1.20613e-09
9.43459e-12
1.32329e-10
3.75401e-13
9.32333e-12
4.83078e-15
3.7762e-13
4.98307e-15
4.4923e-07
-8.66214e-09
5.64858e-07
-9.64929e-09
5.2113e-07
-2.16512e-08
6.60608e-07
-5.43514e-09
3.75136e-06
4.23304e-08
4.02681e-05
3.21785e-07
0.000213923
6.3709e-06
0.00033587
4.05785e-05
0.000311498
8.33132e-05
0.000224228
9.04148e-05
2.07179e-05
5.75732e-05
5.23501e-07
3.76453e-06
8.3328e-08
2.78038e-07
1.56568e-08
6.12201e-08
2.09832e-09
1.3835e-08
1.76403e-10
1.99544e-09
8.44872e-12
1.74024e-10
1.7034e-13
8.60987e-12
1.77575e-13
8.56288e-07
-3.04527e-09
2.99559e-07
3.20112e-09
6.5396e-08
-2.83132e-10
6.06609e-08
-1.56106e-09
1.04293e-07
9.05341e-10
4.22711e-07
8.04478e-09
6.71696e-06
1.02976e-07
0.000155534
4.9077e-06
0.00032036
4.04044e-05
0.000282866
8.94866e-05
0.000164644
8.08921e-05
4.10591e-06
4.29713e-05
6.00127e-07
2.70339e-06
1.05843e-07
4.40699e-07
1.67223e-08
9.43139e-08
1.66181e-09
1.61582e-08
9.42425e-11
1.69879e-09
2.39808e-12
9.97101e-11
2.60005e-12
1.83771e-08
-1.17083e-09
2.10051e-08
-1.80897e-10
5.24685e-09
-3.21354e-12
3.6776e-09
5.46091e-11
4.73626e-09
1.28106e-10
1.27135e-08
3.53356e-10
1.13713e-07
2.6849e-09
4.97013e-06
7.15705e-08
0.000207886
1.19174e-05
0.000282147
6.474e-05
0.000279966
9.92229e-05
6.42925e-05
8.31974e-05
1.98635e-06
1.51416e-05
3.8322e-07
1.54263e-06
6.6922e-08
3.53354e-07
7.83688e-09
7.01295e-08
5.16805e-10
8.68433e-09
1.56005e-11
5.94603e-10
1.83403e-11
1.87367e-10
-2.46194e-12
6.88192e-12
-3.07648e-13
3.91894e-12
-6.23116e-14
8.83228e-11
-2.7478e-13
2.21834e-10
2.23227e-12
6.04202e-10
1.1387e-11
3.29388e-09
9.87678e-11
7.3527e-08
1.78431e-09
1.69385e-05
2.94716e-07
0.000250243
1.73767e-05
0.000232011
9.40381e-05
0.000131752
8.83886e-05
3.80896e-06
4.30414e-05
8.74501e-07
3.37138e-06
1.63077e-07
9.22916e-07
2.14772e-08
1.96649e-07
1.6e-09
2.73455e-08
5.43618e-11
2.09785e-09
7.32669e-11
3.50842e-13
-7.36833e-14
1.32695e-13
-3.52953e-14
1.97219e-13
-4.04585e-14
1.63367e-12
-1.20991e-12
6.88463e-12
1.71431e-14
3.55091e-11
6.36784e-12
1.60823e-10
1.42307e-11
1.98468e-09
6.35777e-11
2.92439e-07
4.70724e-09
0.000170012
8.95587e-06
0.000242677
6.97728e-05
0.000227857
9.99631e-05
1.94745e-05
6.95009e-05
1.51785e-06
6.81368e-06
2.60076e-07
1.8903e-06
3.51045e-08
3.87939e-07
2.77374e-09
5.69127e-08
1.01695e-10
4.686e-09
1.79961e-10
9.31155e-14
-3.4256e-14
1.4534e-13
-3.22778e-14
6.73349e-13
-3.5403e-14
4.99853e-11
-4.22058e-11
1.13841e-10
-1.17454e-10
7.80669e-11
4.87851e-11
1.06953e-10
4.29097e-11
2.02212e-10
3.70947e-11
4.88232e-09
9.80414e-11
5.96902e-05
2.8444e-06
0.000223925
4.46278e-05
0.000185541
8.81055e-05
5.07435e-05
8.18812e-05
2.18131e-06
1.49571e-05
3.67888e-07
3.19175e-06
4.61284e-08
6.55103e-07
3.45769e-09
9.4643e-08
1.23944e-10
7.8207e-09
3.06746e-10
1.00475e-13
-4.2653e-14
1.17976e-13
-4.16229e-14
1.72047e-13
-7.28512e-14
3.28099e-09
-7.69797e-10
3.18598e-09
-8.48686e-10
1.12138e-09
-2.89599e-10
2.33392e-10
4.35345e-10
2.24682e-10
1.16722e-10
3.19365e-10
6.51617e-11
2.71286e-06
1.32301e-07
0.000201309
3.28891e-05
0.000159415
9.52531e-05
7.12317e-05
8.25978e-05
1.84881e-06
1.85383e-05
2.78107e-07
4.06896e-06
2.82457e-08
8.28374e-07
1.77907e-09
1.161e-07
5.4593e-11
9.28393e-09
3.61683e-10
9.43795e-14
-4.65202e-14
1.05502e-13
-5.67811e-14
5.68298e-13
-5.27491e-13
3.97267e-09
-5.14233e-12
4.79053e-09
-1.2275e-09
5.55408e-09
-6.31731e-10
3.15133e-09
4.00451e-10
1.63338e-09
5.46279e-10
2.01574e-09
1.24336e-10
1.27582e-07
7.55132e-09
0.00016126
2.81951e-05
0.00014716
9.68341e-05
6.79472e-05
7.54837e-05
1.29731e-06
1.84324e-05
1.28825e-07
4.54106e-06
-2.46587e-09
8.81505e-07
-1.28321e-09
1.11065e-07
-7.63825e-11
7.8984e-09
2.8547e-10
8.41452e-14
-4.45684e-14
1.97183e-13
-1.34436e-13
2.09955e-12
-2.38622e-12
1.61183e-11
-1.53919e-11
4.37759e-09
-4.1021e-10
4.86771e-09
-6.7158e-10
5.49893e-09
1.41251e-11
8.85574e-10
4.31863e-10
1.55308e-09
2.74021e-10
8.97798e-09
8.63869e-10
0.000133534
3.1793e-05
0.000136749
9.51283e-05
5.82646e-05
6.40168e-05
-1.50857e-07
1.47051e-05
-1.83456e-07
4.00644e-06
-4.17455e-08
6.83683e-07
-3.35324e-09
7.01526e-08
-1.26148e-10
4.60623e-09
1.60152e-10
7.88575e-14
-5.99046e-14
1.2515e-12
-8.51314e-14
1.76592e-11
-3.07862e-11
4.61606e-11
-1.90592e-11
6.19557e-10
-1.26558e-10
2.96534e-09
-3.66068e-10
2.18066e-09
-1.47729e-10
7.2285e-10
1.64417e-11
1.0474e-09
2.42424e-10
1.83175e-09
4.029e-10
0.000115779
4.00881e-05
0.000120271
9.08295e-05
3.88952e-05
4.6398e-05
-1.52102e-06
8.2705e-06
-3.24248e-07
2.41437e-06
-3.33568e-08
3.66342e-07
-1.75697e-09
4.16822e-08
-6.28995e-11
2.80383e-09
8.80915e-11
1.79073e-13
-2.00283e-13
3.28959e-13
-2.53524e-13
1.63065e-10
-8.817e-12
3.61411e-10
-2.90564e-10
6.45356e-10
-5.00752e-10
4.60175e-10
-3.17535e-10
5.46266e-10
-1.15143e-10
6.06073e-10
6.86879e-11
6.87443e-10
2.53357e-10
8.13371e-10
3.69013e-10
9.47644e-05
5.27427e-05
0.000110329
8.07249e-05
1.24368e-05
2.72109e-05
-1.18627e-06
4.62569e-06
-1.77659e-07
1.20562e-06
-1.06183e-08
2.14453e-07
-6.86781e-10
3.04174e-08
-2.59769e-11
1.89876e-09
5.99634e-11
1.022e-12
-3.23865e-12
1.6769e-12
-8.62925e-13
1.1814e-10
-3.44966e-12
6.91955e-10
-5.39072e-10
1.10048e-09
-5.35571e-10
4.61196e-10
-4.43106e-10
5.43461e-10
-6.85157e-11
5.91325e-10
1.13126e-10
6.39565e-10
2.90028e-10
1.76106e-05
2.85779e-06
0.000141279
7.63895e-05
6.97688e-05
4.95743e-05
-6.22232e-07
1.32259e-05
-4.82541e-07
3.65145e-06
-5.54857e-08
6.78804e-07
-3.26963e-09
1.60884e-07
-2.77132e-10
2.17135e-08
-1.06323e-11
1.35797e-09
4.67983e-11
3.82271e-12
-3.69792e-12
2.94105e-12
-8.65563e-13
2.36978e-11
-2.28892e-11
8.49262e-10
-1.04723e-10
1.03616e-09
-3.75694e-10
1.25369e-09
-3.13859e-10
8.01397e-10
2.56173e-10
7.95611e-10
2.0382e-10
8.10043e-10
3.97716e-10
5.0189e-05
3.87368e-05
0.00011159
7.87607e-05
4.30111e-05
3.82658e-05
-1.18282e-06
8.33815e-06
-2.75252e-07
2.3707e-06
-1.78897e-08
3.5046e-07
-6.71586e-10
1.06721e-07
-1.02701e-10
1.49946e-08
-4.12926e-12
9.91113e-10
3.66444e-11
4.86997e-12
-4.25542e-12
5.00745e-12
-1.72305e-12
6.70448e-11
-2.73965e-12
2.05354e-10
-1.41169e-10
8.10191e-10
-3.7745e-10
1.06378e-09
-3.53073e-10
5.55108e-09
-4.61435e-09
4.85989e-09
9.5345e-10
1.35633e-05
9.70607e-06
6.02584e-05
9.0123e-05
7.29114e-05
8.41524e-05
2.18658e-05
3.22858e-05
-1.25044e-06
4.90093e-06
-1.51007e-07
1.15313e-06
-4.76502e-09
2.6587e-07
-1.45924e-10
6.00323e-08
-2.28133e-11
9.12787e-09
-1.05826e-12
6.60742e-10
2.6309e-11
2.74708e-12
-6.96083e-13
3.7808e-12
-1.07365e-12
4.97617e-12
-3.35445e-12
6.66755e-10
-1.82024e-09
6.12779e-10
-2.68715e-10
6.62374e-10
-4.03526e-10
3.25354e-07
-3.29287e-07
5.74786e-06
3.41495e-06
6.79105e-05
8.32089e-05
6.88335e-05
7.74821e-05
7.46563e-05
9.0782e-05
3.42427e-06
1.47027e-05
-5.51902e-07
2.12732e-06
-3.19474e-08
5.69527e-07
-5.01768e-10
2.14434e-07
-2.26766e-10
3.63037e-08
-1.35584e-11
4.98167e-09
-3.10975e-13
3.96745e-10
1.67253e-11
4.49958e-13
-9.38397e-13
4.89507e-12
-1.03274e-11
2.21615e-12
-4.61902e-12
1.54489e-09
-1.89608e-09
1.0488e-09
-3.4134e-10
1.21703e-09
-5.85744e-10
1.43764e-05
-6.80016e-08
6.61565e-05
5.84886e-05
7.16076e-05
7.51259e-05
5.74502e-05
7.09347e-05
2.0852e-05
2.03535e-05
-1.15582e-06
6.71249e-07
-1.36803e-07
1.21645e-06
-4.50765e-09
4.42236e-07
-2.66892e-09
1.22754e-07
-4.05076e-10
1.91591e-08
-2.42924e-11
2.47826e-09
-7.32578e-13
2.14249e-10
9.5437e-12
2.80298e-12
-3.41857e-12
1.26824e-11
-1.32917e-11
1.20459e-11
-5.61291e-12
1.30816e-09
-1.60763e-09
1.29399e-09
-2.90351e-11
2.55567e-09
-1.14291e-09
4.3751e-05
4.63611e-06
5.09059e-05
5.74715e-05
4.86435e-05
6.71904e-05
2.23747e-05
2.22247e-05
-8.84563e-08
-2.23469e-07
-3.49299e-08
7.56496e-08
-1.12606e-08
6.80542e-07
-8.0181e-09
3.60798e-07
-2.84194e-09
5.57278e-08
-2.94507e-10
8.93264e-09
-1.80902e-11
1.18358e-09
-5.72418e-13
1.09075e-10
5.17144e-12
2.86949e-12
-3.08663e-12
1.1279e-11
-1.56191e-11
1.2336e-11
-6.9755e-12
1.03918e-09
-1.24492e-10
1.92679e-09
-4.87771e-10
4.92558e-09
-2.11005e-09
3.08566e-05
6.42937e-06
3.10492e-05
3.79184e-05
1.06969e-05
1.14988e-05
8.75851e-07
9.06273e-07
1.62156e-07
1.72734e-07
4.3322e-08
2.85958e-08
-1.68887e-09
1.24511e-07
-1.22496e-08
1.85754e-07
-1.63513e-09
2.49665e-08
-1.5744e-10
3.8829e-09
-9.97822e-12
5.56439e-10
-3.14443e-13
5.4191e-11
2.73759e-12
3.26815e-12
-3.18207e-12
6.03901e-12
-5.6077e-12
9.18933e-12
-5.6302e-12
2.62566e-10
-3.70663e-10
5.93052e-09
-1.00017e-08
1.01188e-08
-2.89744e-09
3.51912e-05
6.25148e-06
1.52506e-05
2.15419e-05
5.13049e-07
5.42158e-06
1.0936e-07
8.08322e-07
3.52163e-08
1.66915e-07
5.25176e-09
2.49569e-08
-1.33574e-08
3.17241e-08
-6.28393e-09
2.07068e-08
-7.42057e-10
1.27829e-08
-6.76928e-11
1.79781e-09
-4.46092e-12
2.62442e-10
-1.33949e-13
2.69037e-11
1.44851e-12
1.05198e-12
-1.34952e-12
1.48391e-12
-3.26597e-12
2.49192e-11
-2.60991e-11
1.18971e-10
-8.65539e-11
8.88614e-09
-9.52335e-09
1.29944e-08
-2.44216e-09
3.15713e-05
6.54918e-06
1.27213e-05
2.2809e-05
1.51081e-07
1.8605e-05
4.90324e-09
7.98716e-07
4.16084e-09
1.35917e-07
-2.96621e-09
2.46511e-08
-4.73262e-09
1.71602e-08
-1.65535e-09
6.99405e-09
-2.86412e-10
4.57283e-09
-2.32412e-11
9.73257e-10
-1.52269e-12
1.28456e-10
-4.14693e-14
1.35128e-11
7.70875e-13
6.56062e-13
-1.14195e-12
3.42146e-12
-3.38728e-12
2.52772e-11
-4.3234e-11
3.1661e-10
-3.68654e-10
3.209e-09
-8.90092e-10
7.29e-09
-3.44831e-09
2.59894e-05
-1.67834e-07
1.11941e-05
3.71378e-05
1.55086e-06
4.76272e-05
3.80542e-09
4.04059e-06
-3.80314e-11
1.34845e-07
-1.30171e-09
2.87734e-08
-8.43986e-10
1.24697e-08
-3.30427e-10
3.44649e-09
-4.92138e-11
7.6966e-10
-4.01185e-12
5.05911e-10
-2.2661e-13
6.54208e-11
-4.70377e-15
6.76697e-12
4.08548e-13
6.50903e-13
-1.00722e-12
5.08619e-12
-2.37373e-12
3.89473e-11
-4.89914e-11
1.02003e-10
-2.89993e-10
1.06948e-10
-7.10607e-10
2.29707e-08
-2.5871e-08
5.562e-06
-9.17505e-09
2.12481e-05
3.08526e-05
1.51761e-05
6.0129e-05
1.11751e-07
1.87139e-05
1.80307e-09
2.40657e-07
2.03633e-10
2.39578e-08
7.87327e-11
9.1025e-09
8.44639e-12
2.41729e-09
2.38396e-13
4.06152e-10
1.71838e-14
1.28154e-10
-9.14811e-14
3.26724e-11
-2.39254e-15
3.39676e-12
2.14946e-13
3.27168e-13
-7.04494e-13
3.02952e-12
-1.54628e-12
4.29961e-11
-2.14861e-11
1.6404e-10
-6.62586e-10
1.6663e-09
-1.38859e-09
2.72148e-08
-2.82698e-08
1.03893e-07
-8.29456e-09
1.98235e-05
1.82682e-05
2.15156e-05
6.20256e-05
2.06089e-06
5.76605e-05
1.14039e-07
4.55551e-06
3.12958e-09
1.36029e-07
1.27853e-10
1.11172e-08
1.42332e-11
2.10206e-09
-1.32001e-12
3.1909e-10
-1.74097e-13
4.6658e-11
-6.10464e-14
1.34813e-11
-1.69198e-15
1.87489e-12
1.16247e-13
1.18281e-13
-4.38723e-13
6.68407e-13
-1.33583e-12
1.88974e-11
-5.64238e-12
1.14599e-10
-3.73403e-10
2.03864e-09
-2.5261e-09
1.79923e-08
-2.15601e-08
4.02006e-08
-8.28931e-09
1.53453e-05
7.51117e-06
2.24531e-05
5.86785e-05
1.53869e-05
6.82246e-05
3.82324e-07
2.09236e-05
2.6635e-08
5.02987e-07
8.7829e-10
3.67146e-08
2.51909e-11
2.85162e-09
-5.61467e-13
3.09857e-10
-2.28115e-13
3.82071e-11
2.3655e-14
4.87499e-12
1.81922e-17
1.0985e-12
6.49782e-14
3.31009e-14
-2.39929e-13
1.01978e-13
-1.01232e-12
1.17951e-13
-7.32842e-12
1.11912e-11
-8.79156e-11
1.78379e-10
-6.86045e-10
4.84923e-09
-1.36969e-08
9.48394e-08
-8.36135e-08
8.49251e-06
1.2994e-06
2.32853e-05
4.73836e-05
2.24152e-05
7.15642e-05
4.71409e-06
6.39596e-05
3.71705e-07
8.29349e-06
2.16521e-08
3.98902e-07
6.59674e-10
2.42411e-08
1.86424e-13
9.64683e-10
-4.52343e-13
3.53458e-11
-5.36089e-17
2.82052e-12
8.10979e-16
6.32108e-13
3.59867e-14
-5.4805e-16
-1.23965e-13
4.65537e-14
-5.02169e-13
1.13087e-12
-6.50239e-12
1.83187e-11
-9.8786e-11
5.38609e-10
-8.03951e-10
1.34957e-08
-2.40756e-09
2.16993e-07
-1.11962e-07
2.02246e-06
3.77474e-08
2.08628e-05
3.14654e-05
2.36507e-05
7.12458e-05
1.74961e-05
7.25838e-05
9.02036e-07
4.00795e-05
7.62158e-08
1.24081e-06
2.83357e-09
9.77518e-08
4.5025e-11
3.73957e-09
-7.42618e-13
7.97684e-11
-6.81067e-15
1.80545e-12
-1.0907e-16
3.64046e-13
1.85711e-14
-2.67012e-15
-7.01088e-14
1.42996e-13
-2.76696e-13
3.59406e-12
-3.68128e-12
1.96221e-11
-7.28472e-11
1.23232e-10
-7.9285e-10
-8.18181e-10
-3.55102e-09
9.49531e-08
-5.1572e-08
1.71824e-06
6.28336e-10
1.33069e-05
1.0988e-05
2.09949e-05
6.60274e-05
2.13475e-05
7.41213e-05
2.10393e-06
4.48625e-05
5.17867e-08
2.15155e-06
4.80435e-10
1.47335e-07
-1.87167e-11
4.97799e-09
-5.14666e-13
1.00543e-10
-5.7776e-16
1.33132e-12
-2.72903e-16
2.07741e-13
9.01769e-15
-3.52579e-15
-3.51565e-14
1.42609e-13
-2.03558e-13
4.34097e-12
-3.70173e-12
5.82273e-11
-6.13703e-11
4.05958e-10
-7.43131e-10
3.94104e-09
-5.33314e-09
1.98008e-08
-3.54212e-08
7.70906e-07
-1.03352e-07
3.98071e-06
8.97053e-07
1.66154e-05
5.28219e-05
1.71195e-05
7.52903e-05
3.54991e-07
2.29944e-05
-3.20595e-08
2.37943e-06
-6.26548e-10
1.14461e-07
-2.74014e-11
3.39358e-09
-4.1604e-13
5.12456e-11
-8.7812e-15
8.62665e-13
-2.18133e-16
1.06458e-13
4.2325e-15
-5.4037e-17
-1.08456e-14
1.46536e-13
-1.81168e-13
3.28237e-12
-4.23877e-12
5.5573e-11
-7.79687e-11
7.72416e-10
-1.07215e-09
9.4121e-09
-1.01263e-08
5.77137e-08
-7.39769e-08
1.88168e-07
-2.92007e-07
-1.69613e-08
6.88832e-07
4.49371e-06
8.20762e-07
2.52867e-06
5.09831e-06
-2.78605e-07
1.84427e-06
-9.61105e-08
1.48311e-06
-1.49483e-09
3.06119e-08
-1.98165e-11
9.27673e-10
-2.62461e-13
1.29562e-11
-5.79852e-15
2.13073e-13
-1.19035e-16
5.19795e-14
1.90694e-15
2.8749e-15
-3.47634e-15
1.46748e-16
-9.02058e-14
-6.29824e-13
-2.15355e-12
-1.87711e-11
-3.91653e-11
-3.4137e-10
-5.32883e-10
-4.05247e-09
-5.39506e-09
-3.06178e-08
-4.5933e-08
-5.20929e-07
-1.86613e-07
-1.31339e-06
5.84985e-08
-1.89738e-06
-4.64526e-07
-1.26767e-06
6.81603e-07
-5.14112e-07
8.50507e-07
-1.89267e-08
2.45878e-07
-6.08743e-10
1.22677e-08
-8.61487e-12
3.34251e-10
-1.14301e-13
4.54017e-12
-3.41259e-15
8.10612e-14
-5.97407e-17
2.50932e-14
8.19214e-16
-1.07443e-15
-5.144e-16
-5.49421e-14
-1.59421e-14
-1.42955e-12
-4.17467e-13
-2.75144e-11
-8.14197e-12
-4.16173e-10
-1.1954e-10
-4.54052e-09
-1.30974e-09
-3.70086e-08
-9.23804e-09
-3.11918e-07
-3.8787e-08
-4.85267e-07
-3.00603e-08
-9.50236e-07
-1.35892e-07
-7.31395e-07
1.57553e-07
-1.90556e-07
2.29506e-07
-9.0652e-09
6.13789e-08
-2.42231e-10
3.4239e-09
-3.22512e-12
9.94412e-11
-4.3039e-14
1.39206e-12
-1.7536e-15
2.90809e-14
-2.61357e-17
1.18648e-14
3.35483e-16
-3.60566e-16
-2.64107e-17
-1.31326e-14
-1.08311e-15
-3.52671e-13
-3.72337e-14
-7.09425e-12
-9.25903e-13
-1.09094e-10
-1.45288e-11
-1.31219e-09
-1.62877e-10
-1.04395e-08
-9.62115e-10
-5.84378e-08
-1.33517e-09
-1.1315e-07
-7.9826e-09
-2.60358e-07
-2.8605e-08
-2.01595e-07
3.11752e-08
-4.89823e-08
5.15536e-08
-2.59076e-09
1.39674e-08
-7.33364e-11
9.14983e-10
-1.01128e-12
2.78836e-11
-1.40916e-14
4.07472e-13
-8.4023e-16
9.74913e-15
-9.98741e-18
5.42971e-15
1.3185e-16
-2.2765e-17
-3.91022e-19
-9.6893e-16
-2.42433e-17
-3.45343e-14
-1.14786e-15
-8.34983e-13
-4.82026e-14
-1.42267e-11
-1.03272e-12
-1.6907e-10
-1.22089e-11
-1.29388e-09
-4.67968e-11
-6.5926e-09
-2.19677e-10
-1.9764e-08
-1.83012e-09
-5.38132e-08
-5.58803e-09
-4.35398e-08
1.03319e-08
-1.12542e-08
1.21453e-08
-7.06472e-10
3.07882e-09
-2.12544e-11
2.26561e-10
-3.01482e-13
7.38391e-12
-3.68719e-15
1.11555e-13
-3.55236e-16
3.72121e-15
-3.37404e-18
2.40286e-15
5.04991e-17
-3.91239e-19
-1.84963e-22
-2.4264e-17
-3.4341e-20
-1.15169e-15
-4.2741e-18
-4.80985e-14
-4.32045e-16
-1.03533e-12
-2.59707e-14
-1.27559e-11
-4.64627e-13
-5.47936e-11
-1.98475e-13
-5.48453e-10
-1.20321e-11
-2.92068e-09
-6.91432e-11
-9.85526e-09
2.79726e-10
-8.55852e-09
6.4249e-09
-2.34187e-09
3.98051e-09
-1.77614e-10
8.18172e-10
-5.68078e-12
5.24085e-11
-8.44941e-14
1.78708e-12
-7.66846e-16
2.80722e-14
-1.57404e-16
1.79595e-15
-1.04914e-18
9.69087e-16
1.78233e-17
-1.85503e-22
-3.45265e-20
-4.30862e-18
-4.36353e-16
-2.63925e-14
-4.72973e-13
-1.26051e-12
-4.89773e-11
-3.57339e-10
-1.72984e-09
-1.52976e-09
-4.13948e-10
-3.47143e-11
-1.1459e-12
-1.64094e-14
-1.84465e-16
-4.60836e-17
-2.31958e-19
)
;

boundaryField
{
    leftWall
    {
        type            calculated;
        value           uniform 0;
    }
    rightWall
    {
        type            calculated;
        value           uniform 0;
    }
    lowerWall
    {
        type            calculated;
        value           uniform 0;
    }
    atmosphere
    {
        type            calculated;
        value           nonuniform List<scalar> 
46
(
0
0
0
0
0
0
0
0
0
0
0
0
0
0
0
0
0
0
0
0
0
0
0
0
0
0
0
0
0
0
0
0
0
7.68522e-13
2.35078e-11
2.62005e-10
1.49519e-09
4.24793e-09
2.35862e-09
4.12832e-10
1.82019e-11
6.47249e-13
1.10786e-14
1.18771e-15
5.49508e-16
9.89117e-18
)
;
    }
    defaultFaces
    {
        type            empty;
        value           nonuniform 0();
    }
}


// ************************************************************************* //
