/*--------------------------------*- C++ -*----------------------------------*\
| =========                 |                                                 |
| \\      /  F ield         | OpenFOAM: The Open Source CFD Toolbox           |
|  \\    /   O peration     | Version:  5.x                                   |
|   \\  /    A nd           | Web:      www.OpenFOAM.org                      |
|    \\/     M anipulation  |                                                 |
\*---------------------------------------------------------------------------*/
FoamFile
{
    version     2.0;
    format      ascii;
    class       surfaceScalarField;
    location    "0.6";
    object      alphaPhi10;
}
// * * * * * * * * * * * * * * * * * * * * * * * * * * * * * * * * * * * * * //

dimensions      [0 3 -1 0 0 0 0];

internalField   nonuniform List<scalar> 
4432
(
-3.16443e-06
3.16443e-06
-5.70281e-06
2.53837e-06
-6.05886e-06
3.56053e-07
-5.0009e-06
-1.05795e-06
-2.63089e-06
-2.37001e-06
1.01983e-06
-3.65073e-06
5.20908e-06
-4.18924e-06
8.88074e-06
-3.67166e-06
1.13716e-05
-2.49087e-06
1.26003e-05
-1.22873e-06
1.27487e-05
-1.48332e-07
1.2014e-05
7.34708e-07
1.06015e-05
1.41249e-06
8.63598e-06
1.96549e-06
6.05683e-06
2.57915e-06
2.61215e-06
3.44468e-06
-1.84537e-06
4.45752e-06
-6.43058e-06
4.58522e-06
-7.65461e-06
2.19045e-06
-1.18382e-05
4.33689e-06
-2.00501e-05
6.47924e-06
-1.57991e-05
-4.25093e-06
-1.57911e-05
-3.67478e-06
6.83921e-06
-5.43833e-06
4.30193e-06
-5.40736e-06
3.25088e-07
-4.51456e-06
-1.95076e-06
-2.43508e-06
-4.44949e-06
1.04598e-06
-7.13178e-06
5.2583e-06
-8.40157e-06
8.99114e-06
-7.4045e-06
1.14965e-05
-4.99618e-06
1.27235e-05
-2.45581e-06
1.30321e-05
-4.56938e-07
1.27997e-05
9.6718e-07
1.22548e-05
1.95738e-06
1.151e-05
2.71031e-06
1.05754e-05
3.51373e-06
9.21056e-06
4.8095e-06
6.84787e-06
6.82021e-06
2.57438e-06
8.8587e-06
-3.23634e-06
8.35214e-06
-9.24199e-06
1.12812e-05
-1.48288e-05
1.04579e-05
-1.07805e-05
-8.29916e-06
-2.65816e-05
-2.75084e-06
9.59005e-06
-4.00026e-06
5.55136e-06
-4.15543e-06
4.80258e-07
-3.78718e-06
-2.31901e-06
-2.28526e-06
-5.9514e-06
8.63867e-07
-1.02809e-05
4.976e-06
-1.25137e-05
8.70896e-06
-1.11375e-05
1.11827e-05
-7.46994e-06
1.23293e-05
-3.60239e-06
1.24868e-05
-6.14404e-07
1.20443e-05
1.40963e-06
1.13006e-05
2.70112e-06
1.04943e-05
3.51659e-06
9.83336e-06
4.17466e-06
9.51073e-06
5.13214e-06
9.51602e-06
6.81491e-06
8.69833e-06
9.67639e-06
5.27709e-06
1.17734e-05
-2.08077e-07
1.69018e-05
-4.53266e-06
1.41802e-05
-3.23158e-06
-9.508e-06
-2.98703e-05
-1.36994e-06
1.096e-05
-1.86027e-06
6.04169e-06
-2.0732e-06
6.93184e-07
-1.91975e-06
-2.47246e-06
-6.26099e-07
-7.24505e-06
2.03469e-06
-1.29417e-05
5.50886e-06
-1.59879e-05
8.63883e-06
-1.42674e-05
1.07163e-05
-9.5474e-06
1.16714e-05
-4.55749e-06
1.17549e-05
-6.97942e-07
1.12876e-05
1.87694e-06
1.05453e-05
3.44346e-06
9.7527e-06
4.30918e-06
9.08488e-06
4.84248e-06
8.71191e-06
5.50511e-06
8.98216e-06
6.54466e-06
9.95522e-06
8.70332e-06
1.03526e-05
1.1376e-05
1.0075e-05
1.71794e-05
7.89835e-06
1.67993e-05
5.17512e-06
-6.32917e-06
-2.46951e-05
5.16992e-07
1.0443e-05
1.32121e-06
5.23748e-06
1.7229e-06
2.91494e-07
2.57911e-06
-3.32867e-06
4.27905e-06
-8.94499e-06
6.44107e-06
-1.51037e-05
8.38239e-06
-1.79292e-05
9.7826e-06
-1.56676e-05
1.0591e-05
-1.03558e-05
1.09149e-05
-4.88142e-06
1.0822e-05
-6.0501e-07
1.03782e-05
2.32073e-06
9.74345e-06
4.0782e-06
9.12205e-06
4.93059e-06
8.66132e-06
5.3032e-06
8.41068e-06
5.75575e-06
8.52905e-06
6.42629e-06
9.54512e-06
7.68725e-06
1.15469e-05
9.37419e-06
1.47224e-05
1.40039e-05
1.59917e-05
1.59385e-05
1.05723e-05
-8.522e-07
-1.41231e-05
3.01668e-06
7.42632e-06
5.77428e-06
2.47988e-06
7.88278e-06
-1.81701e-06
1.04826e-05
-5.92847e-06
1.29709e-05
-1.14333e-05
1.40634e-05
-1.61962e-05
1.36424e-05
-1.75082e-05
1.25214e-05
-1.45466e-05
1.13643e-05
-9.19864e-06
1.04921e-05
-4.00921e-06
9.91094e-06
-2.38803e-08
9.38998e-06
2.84169e-06
8.86307e-06
4.6051e-06
8.44679e-06
5.34687e-06
8.26035e-06
5.48963e-06
8.27163e-06
5.74448e-06
8.52951e-06
6.16841e-06
9.37633e-06
6.84043e-06
1.11484e-05
7.60215e-06
1.4986e-05
1.01663e-05
1.78127e-05
1.31117e-05
1.28057e-05
4.15586e-06
-1.3173e-06
5.49542e-06
1.93091e-06
1.10591e-05
-3.08376e-06
1.65532e-05
-7.31116e-06
2.12465e-05
-1.06217e-05
2.3202e-05
-1.33888e-05
2.19363e-05
-1.49304e-05
1.88839e-05
-1.44558e-05
1.56376e-05
-1.13004e-05
1.29154e-05
-6.47637e-06
1.08963e-05
-1.99012e-06
9.50347e-06
1.36893e-06
8.59576e-06
3.7494e-06
7.99358e-06
5.20728e-06
7.74594e-06
5.59452e-06
7.86507e-06
5.3705e-06
8.14962e-06
5.45993e-06
8.62461e-06
5.69341e-06
9.57362e-06
5.89142e-06
1.09539e-05
6.22184e-06
1.38834e-05
7.23686e-06
1.69573e-05
1.00379e-05
1.43549e-05
6.75826e-06
1.30376e-05
8.39681e-06
-6.4659e-06
1.83878e-05
-1.28225e-05
2.62979e-05
-1.40118e-05
2.93115e-05
-1.21281e-05
2.78436e-05
-1.03515e-05
2.41955e-05
-9.86702e-06
2.00799e-05
-1.01541e-05
1.65414e-05
-7.76216e-06
1.38178e-05
-3.7528e-06
1.19117e-05
-8.39681e-08
1.02685e-05
3.01205e-06
8.81252e-06
5.20542e-06
7.69916e-06
6.32064e-06
7.17245e-06
6.12123e-06
7.36683e-06
5.17612e-06
7.82674e-06
5.00002e-06
8.51503e-06
5.00512e-06
9.7456e-06
4.66086e-06
1.12907e-05
4.67672e-06
1.34158e-05
5.11183e-06
1.56827e-05
7.77089e-06
1.3908e-05
8.53301e-06
2.69455e-05
-5.71959e-06
1.24673e-05
-3.81682e-05
9.82019e-06
-1.42708e-05
-3.39145e-05
3.29698e-05
-4.83879e-05
8.00661e-05
-4.70963e-05
5.33e-05
1.68469e-06
-5.67325e-06
5.15323e-05
-9.45987e-05
8.22003e-05
-0.000126414
2.34428e-05
-0.000134829
2.1902e-07
-0.000138728
-2.97853e-06
-0.000140706
-2.42916e-06
-0.000141601
-2.36039e-06
-0.000139923
-4.17775e-06
-0.000133236
-8.32564e-06
-0.000120824
-1.30731e-05
-8.79391e-05
-3.28852e-05
-2.51513e-05
-6.27138e-05
-2.76932e-05
-1.39808e-05
3.88317e-05
-1.82882e-05
9.67701e-06
5.40286e-06
-5.76055e-05
3.06983e-05
-7.36834e-05
6.80066e-05
-8.44046e-05
2.48972e-05
1.23578e-05
-5.82827e-05
0.00012036
-5.05864e-05
4.17275e-05
-4.0679e-05
4.82155e-06
-4.8867e-05
-4.94681e-08
-6.06443e-05
-1.86068e-07
-7.04233e-05
-4.61699e-07
-8.00402e-05
-1.04598e-06
-9.29337e-05
-2.50059e-06
-0.000108975
-6.30612e-06
-0.000120534
-1.39946e-05
-0.000101224
-5.85452e-05
-3.70194e-05
-0.000126919
-6.47126e-05
-8.82312e-06
5.97646e-05
2.01204e-06
-1.15851e-06
2.02716e-05
-7.5865e-05
4.34959e-05
-9.69077e-05
6.9429e-05
-0.000110338
3.05592e-05
1.77592e-05
-1.74871e-05
0.000124091
-4.15981e-06
9.75613e-07
-5.70269e-08
7.1142e-07
-1.24987e-07
1.10115e-08
-3.19256e-07
2.35485e-09
-7.63802e-07
-2.04641e-08
-1.71614e-06
-9.29551e-08
-3.91075e-06
-3.03204e-07
-9.21498e-06
-1.01944e-06
-2.86966e-05
-3.76132e-06
-7.17353e-05
-2.71369e-05
-4.6994e-05
-0.000162527
-0.000111707
-1.34673e-06
6.72948e-05
1.61133e-05
-1.86186e-05
3.356e-05
-9.3311e-05
5.12133e-05
-0.000114561
7.07473e-05
-0.000129872
3.34316e-05
1.3167e-05
4.84909e-06
6.58421e-05
-5.76088e-07
6.36346e-06
-3.70369e-08
1.64873e-07
-4.77533e-08
1.34982e-08
-5.8847e-08
5.96047e-09
-8.01589e-08
-5.00502e-09
-1.36877e-07
-3.95467e-08
-3.35283e-07
-1.04843e-07
-1.07896e-06
-2.73239e-07
-3.67321e-06
-1.18128e-06
-2.21105e-05
-8.84249e-06
-5.17595e-05
-0.000144536
-0.000163466
7.11405e-06
6.04814e-05
2.78573e-05
-3.93027e-05
4.39664e-05
-0.000109422
5.56607e-05
-0.000126255
6.95756e-05
-0.000143787
1.96151e-05
1.79629e-05
-2.52981e-07
0.000136676
-8.23773e-08
6.34523e-06
-1.45118e-08
8.88125e-08
-2.9686e-08
2.04744e-08
-4.8725e-08
1.67865e-08
-6.13599e-08
-5.50673e-09
-4.96739e-08
-1.28054e-07
-1.02082e-07
-1.01586e-07
-1.67401e-07
-2.12355e-07
-9.67075e-07
-3.82556e-07
-5.86222e-06
-4.05748e-06
-4.90664e-05
-0.000108274
-0.000212533
1.66872e-05
4.37942e-05
3.90334e-05
-6.16489e-05
5.05693e-05
-0.000120958
5.74679e-05
-0.000133154
6.54389e-05
-0.000151757
2.24376e-05
3.96127e-05
1.34637e-06
0.000267691
-1.02231e-08
8.78924e-06
-1.72423e-08
8.49515e-08
-4.6162e-08
4.10642e-08
-1.2727e-07
6.12795e-08
-2.58779e-07
-4.01385e-08
-2.03245e-07
-1.68655e-07
-7.51471e-08
-1.95235e-07
-4.30244e-08
-2.03624e-07
-2.38324e-07
-1.42343e-07
-2.77183e-06
-1.49856e-06
-4.16799e-05
-7.58207e-05
-0.000254212
2.88182e-05
1.49761e-05
4.83994e-05
-8.123e-05
5.29275e-05
-0.000125486
5.68854e-05
-0.000137112
5.83428e-05
-0.000153214
2.64746e-05
5.72562e-05
4.51608e-06
0.000256296
3.02843e-08
1.00718e-05
-2.05998e-08
1.12715e-07
-5.96641e-08
6.93318e-08
-2.3634e-07
1.6703e-07
-2.14908e-07
-4.97687e-08
-1.85357e-07
-1.87494e-07
-1.20885e-07
-2.44774e-07
-3.24017e-08
-2.34083e-07
-3.24598e-08
-9.69721e-08
-1.41103e-06
-7.72508e-08
-2.76192e-05
-5.50612e-05
-0.000281832
4.28141e-05
-2.7838e-05
5.35279e-05
-9.19438e-05
5.15744e-05
-0.000123532
5.43388e-05
-0.000139876
4.7267e-05
-0.000141092
2.32994e-05
5.61304e-05
4.83375e-06
0.000151946
-1.2642e-09
9.81198e-06
-2.11061e-08
1.08341e-07
-7.14407e-08
9.65956e-08
-1.92993e-07
1.62404e-07
-1.77192e-07
-5.55281e-08
-1.63901e-07
-1.87062e-07
-1.40232e-07
-2.46328e-07
-5.12196e-08
-2.83749e-07
-6.88639e-10
-1.07046e-07
3.12886e-08
-6.84322e-08
-1.57759e-05
-4.35264e-05
-0.000300622
1.61207e-05
-4.89828e-13
1.93939e-05
-3.27297e-08
1.84482e-05
-6.78067e-07
1.58038e-05
-1.10085e-06
1.51041e-05
-1.72443e-06
1.55709e-05
-2.15298e-06
1.6299e-05
-3.03905e-06
1.677e-05
-3.04171e-06
1.81928e-05
-2.29774e-06
2.02513e-05
-8.49374e-07
2.13421e-05
1.73423e-06
2.03802e-05
6.16728e-06
1.8474e-05
8.22684e-06
1.74209e-05
7.17429e-06
1.78132e-05
4.78389e-06
1.79055e-05
4.9077e-06
1.83664e-05
4.54423e-06
2.05813e-05
2.44595e-06
2.44892e-05
7.68836e-07
2.97209e-05
-1.19873e-07
3.77185e-05
-2.26724e-07
4.89959e-05
-2.74437e-06
3.48942e-06
7.2452e-05
1.39942e-15
-4.91227e-13
-3.23728e-08
-3.56937e-10
-7.10863e-07
3.5586e-10
-2.2884e-06
-3.09277e-14
-3.96127e-06
-6.0119e-13
-4.63866e-06
-8.63277e-12
-5.31643e-06
-1.01012e-10
-5.76992e-06
-1.02996e-09
-5.66639e-06
-9.76506e-09
-4.48602e-06
-8.75087e-08
-2.22392e-06
-5.51795e-07
2.40519e-06
-5.58385e-07
1.1056e-05
-5.68385e-07
1.84064e-05
6.55168e-07
2.2084e-05
1.48331e-06
2.11682e-05
5.82352e-06
1.98735e-05
5.83884e-06
2.14527e-05
8.6678e-07
2.50244e-05
-2.80288e-06
2.9224e-05
-4.31948e-06
3.48389e-05
-5.84154e-06
4.08172e-05
-8.72273e-06
-1.0044e-05
5.43506e-05
-4.77743e-13
-2.21736e-14
-3.5332e-10
-2.13018e-12
-1.61224e-15
2.53937e-12
-3.25735e-14
-8.06598e-17
-6.32414e-13
-1.63166e-15
-9.25367e-12
-1.70077e-14
-1.10211e-10
-9.42643e-14
-1.14016e-09
-6.89785e-15
-1.09053e-08
-2.62827e-14
-9.84104e-08
-3.59824e-12
-6.50145e-07
-6.02677e-11
-2.10985e-06
-8.4195e-10
-4.27437e-06
-1.0983e-08
-5.23067e-06
-1.18661e-07
-4.23166e-06
-9.72758e-07
1.18409e-06
-1.66471e-06
9.68465e-06
-1.42362e-06
2.1508e-05
-4.19035e-06
2.94572e-05
-5.59199e-06
3.35254e-05
-6.18732e-06
3.88098e-05
-9.27809e-06
4.57728e-05
-1.4203e-05
-1.79509e-05
5.38965e-05
5.11032e-14
2.07828e-15
-2.43397e-12
-6.17097e-15
-5.4327e-17
1.05345e-13
-3.82935e-16
1.33702e-16
-2.26178e-15
1.33626e-16
-2.08336e-14
1.28286e-15
-1.17679e-13
1.4657e-15
-1.15136e-13
-3.75475e-15
-2.18675e-13
-6.13944e-16
-3.82569e-12
-6.90038e-14
-6.41078e-11
-3.41149e-14
-8.96536e-10
-8.18793e-12
-1.15397e-08
-3.27416e-10
-1.28467e-07
-1.42906e-09
-1.09998e-06
-1.08654e-09
-2.17552e-06
-7.43552e-10
-3.24048e-06
-3.67699e-10
-4.66995e-06
-4.00519e-10
-2.89772e-06
-5.179e-10
1.17137e-06
-1.58594e-09
6.67975e-06
-1.45482e-08
1.27451e-05
-2.21765e-07
-3.57417e-06
1.82095e-05
-1.40459e-15
2.35135e-15
-1.01151e-14
1.05281e-16
7.60306e-14
4.05009e-15
1.71451e-15
6.32225e-15
1.2752e-16
3.39699e-16
1.06721e-16
4.33459e-16
2.53301e-16
3.53525e-16
4.11293e-15
5.36063e-16
5.39351e-14
-6.0854e-14
5.90119e-14
-3.18573e-13
3.04342e-15
2.88292e-15
-8.37048e-12
-1.56699e-13
-1.0454e-10
-4.75216e-12
-1.6842e-10
-8.25066e-10
-1.55271e-10
-9.30325e-10
-1.85162e-10
-5.29938e-10
-2.27138e-10
-1.42535e-10
-2.78497e-10
-1.64539e-10
-3.88794e-10
-2.24415e-10
-1.23094e-09
-5.5855e-10
-1.4607e-08
-9.3272e-10
-2.33935e-07
-1.02228e-09
-9.52842e-10
-3.80668e-06
-1.78233e-17
6.40671e-18
4.75205e-17
3.09466e-18
2.67734e-15
4.72675e-17
4.07568e-16
1.37195e-16
2.28016e-16
6.54734e-16
4.86878e-16
1.2144e-15
6.96962e-16
9.51053e-16
1.63021e-15
4.10893e-16
3.61542e-13
5.64489e-14
5.26565e-13
-9.36164e-13
9.2488e-13
-1.39249e-12
1.0289e-12
-1.02795e-12
-1.34922e-11
-5.41893e-13
-9.36103e-11
-2.4529e-11
-2.93318e-10
-4.71867e-12
-1.33718e-10
-3.73946e-11
-8.53267e-11
-8.32577e-11
8.73621e-12
-7.11927e-11
-1.6018e-10
-2.91063e-11
-4.48924e-10
-1.30949e-09
-3.05248e-10
-3.11032e-09
-4.75332e-10
-2.51029e-09
-9.7633e-10
-2.03094e-09
-1.25894e-19
9.28564e-20
4.91339e-19
3.93359e-20
3.19576e-17
2.93712e-18
5.69805e-17
5.54854e-17
4.73309e-16
8.45877e-16
1.1168e-15
2.40927e-15
1.69158e-15
2.71195e-15
2.48444e-15
4.746e-16
5.21278e-13
1.46001e-13
-2.4257e-13
1.02271e-13
-8.11168e-13
-5.49302e-13
-9.15272e-13
-6.49257e-13
-1.65859e-13
-6.22788e-13
-2.25338e-13
-2.53109e-11
-3.24193e-13
-5.49384e-12
-3.7677e-11
-4.62638e-14
-1.29139e-11
-6.10368e-13
7.56822e-13
-8.71836e-12
6.16168e-11
-2.85674e-11
4.72924e-10
-1.38592e-09
4.30346e-09
-5.95217e-09
5.73067e-09
-6.72064e-09
-3.90047e-09
5.13389e-09
-1.31719e-21
2.2196e-21
1.69369e-21
2.78987e-22
7.76415e-19
1.80379e-19
2.81683e-17
3.21145e-17
4.00718e-16
6.60547e-16
1.22101e-15
2.37724e-15
1.46345e-15
3.01567e-15
4.84945e-15
2.02784e-15
7.20829e-14
-3.05886e-16
1.30738e-13
-1.01939e-16
9.52207e-15
-4.88675e-16
6.2145e-14
-2.19106e-14
1.81809e-13
-4.9462e-12
-5.53953e-13
-1.68321e-11
-7.52573e-15
-8.35342e-12
-1.54405e-14
-4.28038e-14
-8.60624e-14
-5.442e-13
1.28082e-12
-1.00903e-11
2.72077e-12
-1.38799e-10
1.60809e-10
-3.2986e-12
1.52675e-09
-3.52705e-10
4.90497e-09
-1.08545e-08
-1.31962e-08
1.50614e-08
-1.12389e-23
5.00109e-23
5.8444e-24
1.71652e-24
3.18484e-20
1.36161e-20
7.5592e-18
7.42476e-18
2.01619e-16
2.52836e-16
6.9442e-16
1.56181e-15
1.34983e-15
2.82916e-15
1.36807e-15
2.40635e-15
1.09823e-15
7.55986e-16
6.11622e-16
3.80871e-16
3.59959e-17
8.4325e-17
-5.86015e-14
-3.15589e-16
-1.02243e-12
-1.30889e-12
-9.86591e-13
-8.9169e-12
-1.54687e-13
-2.34481e-12
-1.5672e-13
-4.52252e-14
1.11934e-12
-1.40993e-12
-3.1183e-11
-9.80404e-12
-3.65968e-13
-8.57458e-12
-1.97547e-12
-5.18051e-12
-2.0945e-10
-1.48716e-10
7.951e-10
-1.36727e-08
-1.86457e-08
7.11121e-09
-6.69207e-26
1.28157e-24
2.98721e-26
1.65422e-26
2.09001e-21
1.65074e-21
1.325e-18
1.43669e-18
5.62021e-17
6.26355e-17
3.81291e-16
4.61325e-16
7.01551e-16
1.09435e-15
7.71965e-16
1.08758e-15
4.59552e-16
5.07847e-16
3.79535e-16
4.58262e-16
2.93786e-16
1.67447e-16
8.15851e-16
-1.1131e-15
-7.42805e-14
-5.33764e-16
-5.99753e-13
-2.11875e-16
-7.84671e-14
-2.21229e-14
-8.9448e-14
-4.62604e-14
-1.96773e-12
-8.38954e-13
-4.00911e-12
-2.56018e-14
-1.34411e-13
-1.22911e-12
-4.00954e-12
-1.94195e-12
-4.34118e-10
-1.83248e-10
-5.18641e-09
-1.58367e-08
-1.96032e-08
-3.37416e-09
-4.71885e-28
1.05301e-24
2.46219e-28
4.01957e-28
1.92762e-22
2.56327e-22
2.12528e-19
3.09913e-19
1.09784e-17
1.42417e-17
7.93331e-17
9.70896e-17
1.5021e-16
2.03939e-16
1.72764e-16
1.88448e-16
1.68021e-16
2.11766e-16
3.37363e-16
5.6625e-16
2.06024e-16
2.70252e-16
4.59804e-16
9.28108e-17
-5.23483e-18
-1.44884e-17
-1.07131e-16
-4.20391e-17
-2.20804e-14
-7.02017e-17
-2.3197e-13
-5.42954e-18
-3.54335e-16
-8.98493e-17
-2.56798e-14
-3.45437e-16
-1.23062e-12
-2.54745e-14
-2.38485e-12
-8.68948e-13
-5.72572e-10
-2.88639e-11
-1.05152e-08
-5.61093e-09
-1.55246e-08
-1.36354e-08
-5.14017e-30
-5.05213e-25
2.50169e-27
1.15834e-28
1.66032e-23
4.13403e-23
2.74877e-20
5.77876e-20
1.57121e-18
2.88684e-18
1.06874e-17
1.87293e-17
1.78423e-17
3.62705e-17
1.94557e-17
3.31878e-17
3.4172e-17
9.16157e-17
1.27592e-16
6.30203e-16
9.66562e-18
2.92509e-16
-1.00875e-17
3.80774e-17
-2.1278e-17
-2.79325e-18
-2.82858e-17
-1.88118e-17
-1.45677e-18
-1.83819e-17
-2.68476e-18
-3.8481e-18
-9.10162e-17
-1.47866e-18
-4.3524e-16
-2.03093e-18
-2.58513e-14
-9.41825e-17
-8.84892e-13
-1.13635e-14
-2.93123e-11
-4.84546e-13
-4.86154e-09
-1.68538e-11
-3.57273e-10
-1.9614e-08
-1.28437e-27
-7.03967e-25
1.34126e-27
4.11339e-30
1.43106e-24
1.40105e-23
2.22128e-21
9.39497e-21
1.32908e-19
5.0864e-19
7.5563e-19
3.186e-18
9.88471e-19
6.13948e-18
6.14077e-19
6.71892e-18
-7.39211e-18
3.28587e-17
-3.02903e-17
1.75824e-16
-5.38045e-17
6.52629e-17
-3.37394e-17
4.1392e-17
-4.90796e-17
1.49435e-17
-5.00842e-17
8.09972e-19
-1.04357e-17
-2.16243e-18
-2.16425e-18
-9.76044e-19
-2.81005e-18
-8.30997e-19
-3.59386e-18
-1.567e-18
-9.43598e-17
-4.42826e-18
-1.14264e-14
-6.72628e-17
-4.92355e-13
-5.07271e-15
-1.72529e-11
-1.41252e-13
-2.65521e-12
-3.73663e-10
-2.46584e-27
-5.54316e-25
-2.60181e-29
3.27591e-28
-2.2949e-25
7.09756e-24
-1.67167e-22
1.38213e-21
-8.92783e-21
7.58151e-20
-7.06685e-20
4.59125e-19
-1.81892e-19
9.13868e-19
-5.9826e-19
1.28768e-18
-6.58224e-18
3.13474e-18
-1.41927e-17
7.85944e-18
-2.63081e-17
1.62187e-17
-4.0859e-17
1.92805e-17
-4.11602e-17
2.54451e-17
-1.25525e-17
4.99117e-18
-2.59655e-18
2.55901e-19
-2.46465e-18
-5.37457e-21
-3.25213e-18
-8.21015e-20
-5.78954e-18
-5.50186e-19
-1.42416e-17
-3.57947e-18
-8.40439e-17
-3.96213e-17
-4.94402e-15
-4.6851e-16
-1.48855e-13
-3.66548e-15
-1.40909e-15
-4.05519e-12
-1.62249e-27
-3.78331e-25
-1.54064e-27
2.45745e-28
-4.36182e-25
2.17261e-24
-2.49642e-22
1.75144e-22
-6.82725e-21
8.81977e-21
-3.08973e-20
5.3248e-20
-7.15221e-20
1.22336e-19
-1.92514e-19
2.45757e-19
-8.87838e-19
6.25477e-19
-5.03457e-18
2.01441e-18
-1.32922e-17
5.6926e-18
-1.75327e-17
7.72922e-18
-6.64421e-18
5.30106e-18
-1.6907e-18
4.12303e-19
-4.66969e-19
9.0608e-20
-5.51296e-19
2.89312e-20
-1.1141e-18
2.20073e-20
-5.76803e-18
2.42652e-19
-4.22205e-17
1.35302e-18
-6.4613e-16
1.35652e-17
-5.19116e-15
2.08367e-16
-3.09617e-14
1.25151e-15
3.12674e-15
-1.37272e-13
-6.70389e-28
-2.59891e-25
-2.50475e-26
-2.40359e-28
-1.30206e-25
4.21942e-25
-4.81424e-23
1.69825e-23
-1.14326e-21
7.69046e-22
-5.14247e-21
5.02899e-21
-1.52018e-20
1.56696e-20
-5.8077e-20
5.2405e-20
-3.79415e-19
2.06525e-19
-1.55639e-18
6.66674e-19
-2.21459e-18
8.90412e-19
-2.14881e-18
6.57598e-19
-5.31572e-19
2.29647e-19
-2.20377e-19
5.30503e-20
-7.17292e-20
1.96764e-20
-4.91708e-20
5.90741e-21
-1.00172e-19
3.65926e-21
-2.52842e-18
6.69476e-20
-4.03596e-17
2.81713e-18
-2.84863e-16
2.85952e-17
-1.3331e-15
2.12328e-16
-6.02713e-15
1.03451e-15
4.31868e-15
-1.64996e-14
-6.38301e-29
-1.83383e-25
-6.68334e-27
-2.87546e-26
-2.33689e-26
4.18376e-26
-4.83032e-24
1.18947e-24
-1.06259e-22
4.75754e-23
-6.24534e-22
4.03815e-22
-3.12495e-21
2.30549e-21
-1.88464e-20
1.28881e-20
-1.02241e-19
5.04166e-20
-2.18028e-19
1.00132e-19
-2.50239e-19
1.0373e-19
-1.71664e-19
7.1919e-20
-7.7555e-20
3.21413e-20
-3.01136e-20
1.2783e-20
-9.8899e-21
3.40764e-21
-6.73202e-21
1.18711e-21
-1.02658e-20
1.03756e-21
-2.27896e-19
1.58531e-20
-1.01548e-17
5.83603e-19
-2.82144e-16
2.3836e-17
-2.35454e-15
4.55327e-16
-6.82437e-15
2.40878e-15
6.67032e-15
-1.32614e-14
1.54585e-28
-1.2528e-25
-4.17229e-28
-2.48133e-26
-1.67807e-27
1.04461e-26
-2.64312e-25
6.01952e-26
-6.25073e-24
2.10089e-24
-7.17784e-23
3.18908e-23
-7.26414e-22
4.03063e-22
-5.44137e-21
3.06793e-21
-2.08846e-20
1.13777e-20
-3.51406e-20
2.04627e-20
-4.06467e-20
2.29155e-20
-2.96049e-20
1.9197e-20
-1.23819e-20
9.48313e-21
-3.51122e-21
2.71213e-21
-1.02821e-21
5.23812e-22
-1.04535e-21
1.8875e-22
-2.18759e-21
2.97444e-22
-6.24244e-20
9.49285e-21
-2.14342e-18
2.82962e-19
-7.99399e-17
7.30186e-18
-1.43809e-15
1.98717e-16
-8.44275e-15
2.78201e-15
1.03752e-14
-1.70059e-14
1.78634e-28
-7.82866e-26
2.71401e-28
-1.42132e-26
-2.32849e-27
-5.8485e-27
-8.23925e-27
1.61651e-27
-3.15823e-25
7.45186e-26
-9.01849e-24
3.02515e-24
-1.47858e-22
6.6663e-23
-1.25142e-21
5.91258e-22
-4.7074e-21
2.50022e-21
-7.90367e-21
5.17216e-21
-9.12405e-21
6.22971e-21
-6.73894e-21
5.41253e-21
-2.53402e-21
2.70484e-21
-5.35006e-22
7.34328e-22
-1.27426e-22
1.19678e-22
-1.49629e-22
3.61014e-23
-6.0386e-22
9.8323e-23
-2.43193e-20
4.81426e-21
-6.2535e-19
1.54003e-19
-1.73201e-17
2.99206e-18
-4.98074e-16
5.99898e-17
-4.69141e-15
1.14548e-15
8.12261e-15
-1.35355e-14
1.10204e-28
-4.33898e-26
4.84055e-28
-6.55443e-27
-4.95782e-29
-9.51483e-27
-1.27665e-28
6.12487e-28
-1.83422e-26
2.57283e-27
-1.07114e-24
3.01297e-25
-2.30992e-23
8.17428e-24
-2.32659e-22
8.82501e-23
-9.76608e-22
4.47701e-22
-1.71198e-21
1.04428e-21
-1.9696e-21
1.31971e-21
-1.47707e-21
1.189e-21
-5.56374e-22
6.19411e-22
-1.07176e-22
1.82149e-22
-2.06446e-23
2.95928e-23
-2.42879e-23
7.34826e-24
-1.83134e-22
3.40562e-23
-1.10425e-20
2.15937e-21
-2.9326e-19
8.33353e-20
-4.71049e-18
1.46586e-18
-9.34526e-17
1.83771e-17
-1.35504e-15
2.81424e-16
2.9926e-15
-6.79075e-15
4.52628e-29
-2.10319e-26
3.19676e-28
-2.36987e-27
7.62248e-29
-6.00856e-27
-2.06494e-28
-9.19028e-28
-1.1259e-27
9.04462e-29
-9.13282e-26
2.02912e-26
-2.70329e-24
6.68217e-25
-3.39045e-23
9.93421e-24
-1.56737e-22
5.8405e-23
-2.83562e-22
1.44047e-22
-3.25649e-22
1.86308e-22
-2.52917e-22
1.74782e-22
-9.98139e-23
9.71486e-23
-1.90215e-23
3.11924e-23
-2.95268e-24
5.25602e-24
-3.52482e-24
1.15315e-24
-4.56913e-23
8.98592e-24
-3.36231e-21
6.16104e-22
-1.0629e-19
2.70291e-20
-1.52196e-18
5.73941e-19
-2.27981e-17
7.96945e-18
-3.90729e-16
1.42408e-16
2.07037e-15
-3.16838e-15
1.25503e-29
-8.86519e-27
1.25359e-28
-6.37398e-28
5.80697e-29
-2.33621e-27
-6.81794e-30
-7.02805e-28
-4.04099e-29
1.89338e-30
-4.96956e-27
6.66358e-28
-2.35488e-25
3.82858e-26
-3.64847e-24
8.06142e-25
-1.78721e-23
5.19568e-24
-3.27515e-23
1.31003e-23
-3.7512e-23
1.71063e-23
-3.05431e-23
1.66239e-23
-1.2924e-23
9.99086e-24
-2.57378e-24
3.56486e-24
-3.88169e-25
6.82236e-25
-4.72903e-25
1.8111e-25
-8.65865e-24
1.85499e-24
-6.28967e-22
1.25311e-22
-2.22463e-20
5.90356e-21
-3.94666e-19
1.67999e-19
-8.43408e-18
3.70359e-18
-2.38437e-16
1.01622e-16
1.94665e-15
-2.69863e-15
2.30382e-30
-3.24754e-27
3.17448e-29
-1.21552e-28
1.91737e-29
-6.04629e-28
-1.5315e-31
-2.386e-28
-5.92956e-31
1.40319e-30
-1.87203e-28
1.31099e-29
-1.51369e-26
1.68493e-27
-2.71997e-25
4.41997e-26
-1.3719e-24
2.98582e-25
-2.52508e-24
7.62019e-25
-2.88177e-24
1.00269e-24
-2.49272e-24
1.00962e-24
-1.17102e-24
6.67955e-25
-2.67872e-25
2.76387e-25
-5.59669e-26
6.93006e-26
-6.87875e-26
3.0422e-26
-1.45898e-24
3.89613e-25
-1.06821e-22
2.77978e-23
-4.31895e-21
1.53937e-21
-9.9452e-20
5.38513e-20
-3.02727e-18
1.47917e-18
-1.26389e-16
5.33748e-17
1.34422e-15
-1.82709e-15
2.85868e-31
-1.03727e-27
5.64126e-30
-1.65442e-29
4.03421e-30
-1.12888e-28
2.03217e-31
-5.28301e-29
-1.24717e-30
-1.96967e-30
-6.11425e-30
3.19636e-31
-6.68179e-28
5.16622e-29
-1.31564e-26
1.47496e-27
-6.74924e-26
1.0466e-26
-1.24887e-25
2.72959e-26
-1.41825e-25
3.6568e-26
-1.31803e-25
3.81506e-26
-7.00521e-26
2.79768e-26
-1.93633e-26
1.33895e-26
-7.10126e-27
4.66371e-27
-9.03649e-27
3.69912e-27
-2.56433e-25
8.92094e-26
-2.19112e-23
7.1224e-24
-1.12994e-21
4.93647e-22
-2.78836e-20
2.00607e-20
-7.62697e-19
4.76231e-19
-3.6646e-17
1.33288e-17
4.18872e-16
-7.90072e-16
2.44246e-32
-2.90586e-28
7.44884e-31
-1.63026e-30
6.15591e-31
-1.61052e-29
6.46948e-32
-8.6841e-30
-2.96381e-32
-6.76596e-31
-1.32002e-31
6.77904e-33
-1.6986e-29
8.93693e-31
-3.75198e-28
2.74124e-29
-2.01524e-27
2.11172e-28
-3.84258e-27
5.81059e-28
-4.50094e-27
8.18826e-28
-4.42063e-27
8.82815e-28
-2.58948e-27
7.07032e-28
-8.03455e-28
3.70763e-28
-6.12095e-28
1.78885e-28
-9.01419e-28
2.96029e-28
-4.49681e-26
1.90958e-26
-4.56462e-24
1.67207e-24
-3.48702e-22
1.43656e-22
-9.48621e-21
7.30555e-21
-1.52895e-19
1.48903e-19
-4.76148e-18
1.95699e-18
4.38478e-17
-1.46336e-16
1.54085e-33
-7.1935e-29
7.68666e-32
-1.26371e-31
7.31359e-32
-1.85046e-30
1.06464e-32
-1.1395e-30
-5.90534e-34
-1.22701e-31
-2.16706e-33
1.25787e-34
-2.73001e-31
1.29381e-32
-6.28682e-30
3.7047e-31
-3.47087e-29
2.85041e-30
-6.89887e-29
8.03677e-30
-8.53481e-29
1.18966e-29
-8.62522e-29
1.33006e-29
-5.35127e-29
1.11795e-29
-2.08639e-29
6.39386e-30
-2.25027e-29
4.33367e-30
-8.86713e-29
2.90451e-29
-6.96643e-27
3.27154e-27
-7.51171e-25
3.02957e-25
-8.48962e-23
2.97183e-23
-3.48992e-21
2.05735e-21
-3.93211e-20
4.85134e-20
-4.16737e-19
4.11424e-19
2.98107e-18
-9.79705e-18
7.27166e-35
-1.5862e-29
6.45221e-33
-8.25518e-33
7.08857e-33
-1.78693e-31
1.2446e-33
-1.25227e-31
-1.05096e-35
-1.61681e-32
-3.44675e-35
2.30517e-36
-3.93645e-33
2.10494e-34
-8.77596e-32
5.61318e-33
-4.8118e-31
4.21236e-32
-9.92922e-31
1.19726e-31
-1.3095e-30
1.84514e-31
-1.3435e-30
2.15565e-31
-8.86576e-31
1.88894e-31
-5.06641e-31
1.24607e-31
-5.75039e-31
1.19621e-31
-9.76376e-30
3.90981e-30
-8.8924e-28
4.37839e-28
-9.3636e-26
4.21408e-26
-1.28912e-23
4.36446e-24
-8.59665e-22
3.845e-22
-1.26049e-20
1.30783e-20
-6.70768e-20
1.28277e-19
5.70802e-19
-4.49458e-19
2.16689e-36
-3.13927e-30
4.54609e-34
-4.7672e-34
5.78985e-34
-1.49788e-32
1.15172e-34
-1.19204e-32
-1.73497e-37
-1.72755e-33
-5.33316e-37
4.16381e-38
-5.67773e-35
3.58373e-36
-1.2332e-33
9.31056e-35
-6.73182e-33
6.97264e-34
-1.43409e-32
2.00991e-33
-2.0303e-32
3.20362e-33
-2.11094e-32
3.90014e-33
-1.42127e-32
3.58244e-33
-1.3134e-32
2.69601e-33
-1.95293e-32
5.32435e-33
-1.02069e-30
5.05011e-31
-9.39966e-29
4.99789e-29
-9.64188e-27
5.00647e-27
-1.38769e-24
5.45143e-25
-1.2912e-22
5.56255e-23
-2.85342e-21
2.62941e-21
-1.58163e-20
3.70648e-20
1.95632e-19
-4.46191e-20
-3.45213e-34
-5.61203e-31
2.74093e-35
-3.2698e-35
4.08157e-35
-1.1165e-33
8.90142e-36
-1.00707e-33
-2.69626e-39
-1.58066e-34
-7.91435e-39
7.36149e-40
-8.03093e-37
6.08107e-38
-1.72543e-35
1.5636e-36
-9.43537e-35
1.17856e-35
-2.05421e-34
3.44416e-35
-3.05801e-34
5.59745e-35
-3.20965e-34
6.96327e-35
-2.27655e-34
6.61654e-35
-2.42139e-34
5.38124e-35
-1.10921e-33
4.18582e-34
-9.39051e-32
5.44626e-32
-8.53139e-30
5.16953e-30
-8.69892e-28
5.43261e-28
-1.27478e-25
6.33399e-26
-1.45516e-23
7.41014e-24
-4.38732e-22
4.48785e-22
-3.03871e-21
8.57913e-21
6.15067e-20
-5.47105e-21
-4.22756e-34
-9.09829e-32
1.40067e-36
-2.91967e-35
2.5316e-36
-7.5394e-35
5.92845e-37
-7.68745e-35
-3.97908e-41
-1.27908e-35
-1.1271e-40
1.27801e-41
-1.10355e-38
1.02403e-39
-2.35772e-37
2.6171e-38
-1.29786e-36
1.98868e-37
-2.87103e-36
5.89234e-37
-4.39169e-36
9.7334e-37
-4.62402e-36
1.22875e-36
-3.67754e-36
1.1993e-36
-4.15092e-36
1.22055e-36
-7.82559e-35
4.33998e-35
-7.21176e-33
4.83048e-33
-6.50928e-31
4.63565e-31
-6.57944e-29
5.0975e-29
-9.7612e-27
6.34648e-27
-1.31859e-24
8.62257e-25
-4.77782e-23
6.74632e-23
-3.41474e-22
1.63786e-21
1.4945e-20
3.75218e-22
-1.28256e-34
-1.34139e-32
5.84952e-38
-1.09809e-35
1.39951e-37
-4.6817e-36
3.48326e-38
-5.37464e-36
-5.61962e-43
-9.34954e-37
-1.5508e-42
2.18863e-43
-1.48068e-40
1.71545e-41
-3.14772e-39
4.36868e-40
-1.73881e-38
3.34737e-39
-3.89126e-38
1.00563e-38
-6.06593e-38
1.69037e-38
-6.20036e-38
2.17281e-38
-6.33912e-38
2.19227e-38
-9.86323e-38
4.42198e-38
-5.07556e-36
4.07113e-36
-4.31156e-34
3.51178e-34
-3.7826e-32
3.34323e-32
-3.628e-30
3.7442e-30
-5.03775e-28
4.86456e-28
-7.57915e-26
7.60952e-26
-2.45647e-24
8.22213e-24
1.09038e-23
2.56941e-22
2.71195e-21
5.43476e-22
-2.63865e-35
-1.80163e-33
1.76899e-39
-2.59141e-36
6.97226e-39
-2.70685e-37
1.85198e-39
-3.47899e-37
-7.76803e-45
-6.26752e-38
-2.10742e-44
3.7163e-45
-1.97048e-42
2.86427e-43
-4.17225e-41
7.28038e-42
-2.30705e-40
5.62215e-41
-5.1802e-40
1.71048e-40
-8.17068e-40
2.92139e-40
-8.37319e-40
3.82733e-40
-8.66457e-40
4.08058e-40
-3.86466e-39
2.74748e-39
-2.65188e-37
2.90418e-37
-1.91137e-35
2.17226e-35
-1.4794e-33
1.94101e-33
-1.16422e-31
2.08864e-31
-1.04059e-29
2.73412e-29
-1.3251e-29
4.74715e-27
1.78357e-25
7.48212e-25
1.21062e-23
3.20675e-23
3.57828e-22
1.89302e-22
-4.36265e-36
-2.20636e-34
1.27903e-41
-4.71162e-37
3.22619e-40
-1.47344e-38
9.25337e-41
-2.10374e-38
-1.09078e-46
-3.8986e-39
-2.9398e-46
6.29173e-47
-2.70108e-44
4.77807e-45
-5.70024e-43
1.21258e-43
-3.15081e-42
9.426e-43
-7.065e-42
2.89871e-42
-1.08464e-41
5.01708e-42
-1.13653e-41
6.68982e-42
-1.25764e-41
8.1083e-42
-1.75914e-40
1.92463e-40
-1.13723e-38
1.6826e-38
-6.55388e-37
1.25124e-36
-3.42463e-35
1.01721e-34
-7.30938e-34
9.86784e-33
3.76591e-31
1.25197e-30
1.62161e-28
2.30061e-28
4.35591e-26
4.98925e-26
2.77339e-24
3.1359e-24
3.70941e-23
3.82197e-23
-6.10945e-37
-2.46422e-35
-2.68138e-40
-7.16094e-38
1.45835e-41
-7.72427e-40
4.55532e-42
-1.19765e-39
-1.62611e-48
-2.27222e-40
-4.37094e-48
1.06728e-48
-4.00218e-46
7.98882e-47
-8.44093e-45
2.02154e-45
-4.67935e-44
1.57925e-44
-1.0494e-43
4.89835e-44
-1.52363e-43
8.57371e-44
-1.67807e-43
1.16233e-43
-2.46985e-43
1.88493e-43
-8.10757e-42
1.08643e-41
-4.89205e-40
8.95222e-40
-2.2034e-38
7.10199e-38
-3.49049e-37
5.50585e-36
1.41371e-34
4.80617e-34
4.39391e-32
5.5168e-32
1.33154e-29
9.85082e-30
4.23083e-27
2.73907e-27
3.69328e-25
2.54602e-25
3.42359e-24
5.263e-24
-7.42359e-38
-2.50922e-36
-6.78811e-41
-9.42788e-39
6.48484e-43
-4.15615e-41
2.26785e-43
-6.46524e-41
-2.62738e-50
-1.25144e-41
-7.09119e-50
1.82113e-50
-6.47547e-48
1.34186e-48
-1.37539e-46
3.37928e-47
-7.70501e-46
2.64819e-46
-1.75601e-45
8.2706e-46
-2.42781e-45
1.46087e-45
-2.90482e-45
2.0153e-45
-7.40209e-45
5.39291e-45
-4.18908e-43
4.87145e-43
-2.72157e-41
4.42749e-41
-1.26438e-39
3.82453e-39
-1.46535e-38
3.11644e-37
8.26939e-36
2.61407e-35
2.24843e-33
2.75095e-33
6.7044e-31
4.74722e-31
2.71453e-28
1.56617e-28
3.40767e-26
1.92161e-26
2.96667e-25
5.4515e-25
-7.80278e-39
-2.32934e-37
-1.0422e-41
-1.08983e-39
2.82681e-44
-2.5485e-42
1.12925e-44
-3.33092e-42
-4.49105e-52
-6.56198e-43
-1.21751e-51
3.12981e-52
-1.10821e-49
2.26664e-50
-2.38069e-48
5.67245e-49
-1.35758e-47
4.45214e-48
-3.15316e-47
1.39808e-47
-4.2857e-47
2.48763e-47
-5.63586e-47
3.50295e-47
-2.78543e-46
1.68491e-46
-2.23601e-44
1.83405e-44
-1.72804e-42
1.88282e-42
-1.07181e-40
1.79618e-40
-4.27121e-39
1.6573e-38
9.49308e-38
1.51728e-36
7.70906e-35
1.64083e-34
2.76456e-32
2.92096e-32
1.44813e-29
1.05705e-29
2.40693e-27
1.4199e-27
2.32636e-26
4.37268e-26
-7.13113e-40
-1.97263e-38
-1.21244e-42
-1.11738e-40
1.20693e-45
-1.88366e-43
5.44677e-46
-1.64679e-43
-7.76696e-54
-3.29661e-44
-2.11062e-53
5.41151e-54
-1.91228e-51
3.85006e-52
-4.155e-50
9.56853e-51
-2.40475e-49
7.51158e-50
-5.69315e-49
2.37009e-49
-7.77931e-49
4.24144e-49
-1.11552e-48
6.12212e-49
-1.01424e-47
4.85252e-48
-1.0069e-45
5.72863e-46
-9.21025e-44
6.4597e-44
-7.34493e-42
6.92265e-42
-4.86736e-40
7.42959e-40
-2.20118e-38
8.22935e-38
3.18091e-37
1.046e-35
8.45632e-34
2.05363e-33
6.34237e-31
7.30855e-31
1.27358e-28
9.28358e-29
1.50527e-27
2.59409e-27
-5.64877e-41
-1.52692e-39
-1.13572e-43
-1.0216e-41
4.92197e-47
-1.54726e-44
2.49722e-47
-7.8477e-45
-1.30576e-55
-1.59441e-45
-3.52805e-55
9.38356e-56
-3.21111e-53
6.57096e-54
-6.96072e-52
1.62041e-52
-4.11947e-51
1.27293e-51
-9.81073e-51
4.03066e-51
-1.37108e-50
7.25297e-51
-2.10754e-50
1.07527e-50
-3.08596e-49
1.21528e-49
-3.44833e-47
1.49174e-47
-3.61149e-45
1.8018e-45
-3.48761e-43
2.15883e-43
-3.0847e-41
2.67012e-41
-2.5054e-39
3.6499e-39
-1.94392e-37
5.99269e-37
-1.52229e-35
1.29566e-34
1.4394e-32
4.00271e-32
4.1963e-30
4.53591e-30
7.17958e-29
1.02424e-28
-3.73269e-42
-1.08562e-40
-8.4635e-45
-8.27529e-43
1.82351e-48
-1.23203e-45
1.02828e-48
-3.61579e-46
-2.05852e-57
-7.45042e-47
-5.58253e-57
1.62593e-57
-5.0035e-55
1.12324e-55
-1.09929e-53
2.75291e-54
-6.53782e-53
2.16413e-53
-1.57586e-52
6.8778e-53
-2.23561e-52
1.24362e-52
-3.69564e-52
1.89433e-52
-7.53375e-51
2.7287e-51
-9.112e-49
3.43737e-49
-1.04486e-46
4.31862e-47
-1.15279e-44
5.54392e-45
-1.25827e-42
7.65043e-43
-1.47677e-40
1.25546e-40
-1.9664e-38
2.52918e-38
-5.80303e-36
5.97893e-36
-1.19282e-33
1.51196e-33
5.1928e-32
1.52956e-31
2.31437e-30
2.22122e-30
-2.02348e-43
-7.14691e-42
-5.08472e-46
-5.94132e-44
5.48889e-50
-8.86366e-47
3.60989e-50
-1.6135e-47
-2.8762e-59
-3.37071e-48
-7.82868e-59
2.80072e-59
-7.00457e-57
1.91733e-57
-1.5433e-55
4.68123e-56
-9.31941e-55
3.68199e-55
-2.24917e-54
1.17171e-54
-3.26346e-54
2.12027e-54
-5.70663e-54
3.29668e-54
-1.49007e-52
5.64937e-53
-1.88684e-50
7.26497e-51
-2.28518e-48
9.28335e-49
-2.71019e-46
1.22208e-46
-3.52885e-44
1.81034e-44
-5.40738e-42
3.38168e-42
-9.57832e-40
7.54431e-40
-3.30901e-37
1.77255e-37
-1.27519e-34
4.0576e-35
-2.81314e-33
3.72159e-33
5.08246e-32
1.28413e-32
-9.1144e-45
-4.39797e-43
-2.50024e-47
-3.82678e-45
1.25706e-51
-5.67532e-48
1.02101e-51
-6.97683e-49
-3.36641e-61
-1.47765e-49
-9.27639e-61
4.6593e-61
-8.37996e-59
3.17881e-59
-1.86093e-57
8.23012e-58
-1.13985e-56
1.39717e-56
-2.74262e-56
9.88557e-56
-4.0563e-56
3.24638e-55
-7.43654e-56
6.46851e-55
-2.35541e-54
1.32815e-54
-3.08444e-52
1.3165e-52
-3.8531e-50
1.68826e-50
-4.82336e-48
2.23094e-48
-7.18581e-46
3.40501e-46
-1.34224e-43
6.78023e-44
-2.81565e-41
1.58561e-41
-1.02482e-38
3.64162e-39
-4.40622e-36
7.6693e-37
-1.5178e-34
6.47894e-35
8.06401e-34
-6.0457e-34
-2.45809e-46
-8.35364e-49
-2.92004e-53
1.37335e-53
-2.0877e-63
-5.54616e-63
-4.81268e-61
-1.15589e-59
-8.81306e-59
-3.11179e-58
-6.56579e-58
-3.50422e-57
-2.99887e-56
-2.24746e-54
-2.88149e-52
-3.68123e-50
-5.84102e-48
-1.21257e-45
-2.80236e-43
-1.03575e-40
-4.54842e-38
-1.58249e-36
-1.00878e-35
7.20191e-05
4.32872e-07
7.45186e-05
-2.49944e-06
8.04902e-05
-5.97161e-06
-8.71758e-06
8.92078e-05
6.16183e-05
-6.8348e-06
6.83633e-05
-9.2445e-06
7.4556e-05
-1.21642e-05
-1.5293e-05
8.11315e-05
5.67134e-05
-9.65124e-06
5.83157e-05
-1.08465e-05
5.81933e-05
-1.20419e-05
-1.2968e-05
5.58701e-05
1.9382e-05
-3.39279e-06
1.68684e-05
-2.80675e-06
9.76752e-06
-7.54335e-07
3.25594e-07
4.04298e-07
-4.20766e-06
-1.45361e-08
-3.46524e-06
-2.98088e-08
-2.23574e-06
-2.1451e-08
1.2826e-08
-8.50173e-07
-1.72123e-08
-1.04351e-10
-5.15479e-08
3.24041e-09
-7.82539e-08
2.69545e-09
9.33107e-10
-6.78287e-08
1.84813e-09
1.57346e-09
1.12544e-09
2.64495e-09
9.64472e-10
6.91822e-10
7.20038e-10
9.085e-10
1.7773e-08
-7.31927e-10
6.16835e-09
4.26235e-09
2.0321e-09
1.33385e-09
9.16203e-10
1.63204e-09
3.5135e-09
-3.20789e-09
3.01929e-10
2.21348e-10
9.43671e-10
4.88191e-10
7.83461e-10
9.25833e-10
-2.27026e-09
-1.55127e-09
-1.09743e-09
2.37684e-10
-2.67687e-10
1.26226e-09
1.48443e-09
-1.00422e-10
-3.94511e-09
-1.00495e-09
-2.31486e-09
3.48434e-10
-1.18513e-09
2.05308e-09
1.40163e-09
-1.0251e-09
-1.94032e-08
-1.99922e-11
-2.00795e-08
2.10646e-09
-2.01979e-08
3.5813e-09
2.88669e-09
-1.82777e-08
-4.13765e-10
-1.73858e-13
-3.09513e-09
-7.55865e-11
-6.84942e-09
-1.27499e-10
9.63496e-11
-1.19449e-08
-2.34086e-11
-2.85949e-13
-1.01471e-10
-2.23005e-12
-2.99567e-10
-7.66995e-12
-8.48621e-12
-4.61503e-10
-3.57885e-13
-1.01986e-14
-2.61451e-12
-5.0678e-14
-1.0361e-11
-2.11236e-13
-9.35762e-14
-1.95751e-11
-2.85927e-14
3.49185e-15
-8.63224e-14
3.39196e-15
-3.15155e-13
-3.67603e-17
1.3455e-14
-4.85838e-13
-1.65843e-14
5.10703e-15
-2.0394e-14
6.2966e-15
-3.32207e-14
7.87334e-15
8.9417e-15
-4.44836e-14
-1.82778e-14
8.4732e-15
-1.93533e-14
9.87235e-15
-2.04298e-14
1.02893e-14
1.07415e-14
-1.98437e-14
-1.74481e-14
8.7487e-15
-2.01184e-14
1.13382e-14
-2.10613e-14
1.33399e-14
1.6518e-14
-2.21311e-14
-1.02871e-14
4.86057e-15
-1.36675e-14
8.39479e-15
-1.80559e-14
1.30846e-14
1.81712e-14
-2.35241e-14
-5.931e-15
3.86951e-15
-9.0335e-15
7.29744e-15
-1.23035e-14
1.13427e-14
1.61952e-14
-1.53295e-14
-5.52922e-15
4.26282e-15
-8.04633e-15
8.83452e-15
-9.90615e-15
1.29603e-14
1.62193e-14
-1.09508e-14
-4.27095e-15
3.69831e-15
-6.79072e-15
8.62408e-15
-8.02875e-15
1.30783e-14
1.60889e-14
-8.02016e-15
-2.29056e-15
1.64181e-15
-4.14903e-15
5.59697e-15
-5.08048e-15
1.0205e-14
1.34825e-14
-4.80477e-15
-5.68282e-16
2.31761e-16
-1.47908e-15
1.51331e-15
-2.13196e-15
4.41695e-15
7.74789e-15
-2.01194e-15
-4.48061e-17
1.10234e-17
-2.17964e-16
1.41901e-16
-4.55796e-16
9.349e-16
2.8909e-15
-3.98564e-16
-1.51747e-18
9.05439e-19
-1.46093e-17
1.24555e-17
-3.8394e-17
1.85793e-16
1.02e-15
7.27701e-17
-7.64821e-20
2.47106e-19
-4.93841e-19
2.29955e-18
7.93e-18
4.8743e-17
3.85528e-16
1.05631e-16
-1.3691e-21
8.80506e-20
1.10869e-19
4.69988e-19
4.69065e-18
8.56511e-18
9.81165e-17
5.55505e-17
4.20247e-21
2.65278e-20
4.23539e-20
8.40251e-20
8.13499e-19
5.38651e-19
8.18859e-18
1.31035e-17
2.48501e-21
5.73858e-21
1.19349e-20
1.60459e-20
6.41928e-20
2.94883e-20
1.20003e-19
8.07666e-19
7.9044e-22
7.53549e-22
3.06577e-21
2.62275e-21
6.21057e-21
4.11834e-21
1.94207e-21
1.67326e-20
1.41545e-22
6.34627e-23
6.35313e-22
2.81104e-22
1.04686e-21
6.82602e-22
1.68616e-22
5.78128e-22
1.61284e-23
4.65186e-24
8.61845e-23
2.15706e-23
1.74688e-22
7.6773e-23
2.60241e-23
7.2083e-23
1.43675e-24
3.62078e-25
8.32438e-24
1.7355e-24
2.09881e-23
7.59383e-24
2.05206e-24
7.96325e-24
1.09927e-25
2.88886e-26
7.69273e-25
1.8853e-25
2.29314e-24
9.07091e-25
1.24256e-25
5.54608e-25
6.96211e-27
2.09486e-27
7.47011e-26
2.31486e-26
2.34044e-25
1.06603e-25
8.66383e-27
3.45018e-26
3.25926e-28
1.17493e-28
5.70917e-27
2.03592e-27
1.70589e-26
8.12913e-27
4.15936e-28
1.6038e-27
8.93141e-30
4.11747e-30
2.23401e-28
8.16512e-29
6.40194e-28
2.92176e-28
9.65536e-30
3.95699e-29
9.33407e-32
8.44969e-32
3.10604e-30
1.43895e-30
9.741e-30
5.12021e-30
1.59723e-31
4.51378e-31
-2.68476e-33
1.43098e-33
6.44292e-34
1.78059e-32
3.99448e-32
7.60714e-32
7.42573e-32
3.06476e-33
-5.62889e-35
-5.28159e-34
-3.97002e-34
-1.44677e-31
0.000107331
-4.59609e-05
0.000104003
-8.86159e-05
9.61615e-05
-0.00011569
0.000101307
-0.000145019
3.20332e-05
-7.14308e-05
9.34422e-06
2.24574e-05
-7.14076e-07
2.45249e-05
-3.71747e-08
5.31817e-06
-6.95553e-08
1.09187e-07
-2.40806e-07
1.53886e-07
-2.69562e-07
2.13925e-07
-2.6538e-07
-8.46415e-09
-1.45145e-07
-5.74524e-08
-1.10352e-07
-9.02655e-08
-4.78617e-08
-8.85304e-08
2.66622e-10
-9.28152e-08
8.6409e-08
-8.76508e-08
-7.50884e-06
-6.16352e-05
-0.000313103
8.59656e-05
-5.07946e-05
7.81751e-05
-8.08246e-05
7.16059e-05
-0.000109119
6.42645e-05
-0.000137661
1.97937e-06
-2.08033e-05
-1.39504e-05
2.72824e-05
-3.21237e-06
1.32447e-05
-4.07245e-08
1.52338e-06
-5.95361e-08
1.03111e-07
-1.47182e-07
1.82172e-07
-2.99025e-08
1.05714e-07
-1.78605e-08
-1.76122e-09
-1.28227e-08
-2.97918e-08
-1.19017e-08
-5.63254e-08
-7.81722e-09
-6.36096e-08
2.93618e-10
-6.48587e-08
1.93243e-07
-2.42735e-07
1.00905e-05
-9.70899e-05
-0.000306582
4.57228e-05
-3.93723e-05
3.79691e-05
-7.30569e-05
3.10992e-05
-0.000102232
7.64456e-06
-7.66964e-05
-2.41178e-05
3.34649e-07
-1.08396e-05
1.98535e-05
-1.20768e-06
3.46162e-06
-9.83693e-08
3.99814e-07
-8.84699e-08
7.57386e-08
-7.81114e-08
2.20186e-07
-5.39766e-09
6.72587e-09
-7.15287e-09
-3.31282e-09
-7.28818e-10
-1.48786e-08
7.76679e-10
-4.23952e-08
4.27559e-09
-4.18763e-08
2.34153e-08
-5.83085e-08
7.27367e-07
-9.22371e-07
1.94239e-05
-0.000124156
-0.00028762
-1.05556e-05
-7.08713e-06
-1.36862e-05
-5.70082e-05
-1.53001e-05
-9.44956e-05
-9.2396e-06
-2.14545e-05
-1.77066e-05
2.36221e-06
-2.99761e-06
6.86484e-06
-3.24304e-07
7.3295e-07
-5.04779e-08
1.15942e-07
-3.60791e-08
4.81357e-08
-2.05767e-09
2.09512e-07
3.35598e-09
4.7267e-09
1.46987e-09
-5.32564e-09
1.42754e-08
-1.51551e-08
3.52265e-08
-1.89368e-08
3.17525e-08
-1.68859e-08
7.27971e-08
-7.50718e-08
2.96773e-06
-3.79482e-06
2.80183e-05
-0.000143622
-0.000259608
-8.40768e-06
-1.00846e-06
-5.18641e-05
-2.42659e-05
-4.43055e-05
-6.19826e-05
-5.9945e-06
-9.53879e-06
-4.5219e-06
7.24404e-07
-5.90451e-07
2.79997e-06
-6.19514e-08
1.85732e-07
-1.15095e-09
4.85265e-08
1.54958e-08
2.71367e-08
5.23177e-08
4.73963e-08
1.65361e-08
2.60998e-09
1.16243e-08
-5.21437e-09
1.87415e-08
-2.85199e-08
6.33787e-08
3.02012e-08
9.00012e-08
-1.5859e-08
1.7498e-07
-1.37679e-07
1.45078e-05
-1.46149e-05
3.64769e-05
-0.000141167
-0.000223131
-1.06103e-06
-6.22598e-08
-3.20795e-05
-2.97091e-06
-5.78576e-05
-3.60619e-05
-6.47166e-07
-6.23751e-06
-2.26952e-07
2.25725e-07
-2.43034e-08
2.55976e-06
4.13081e-09
1.49456e-07
6.98961e-09
4.11971e-08
1.04632e-08
1.92064e-08
2.22541e-08
1.67186e-08
1.67215e-08
2.08646e-09
1.7822e-08
-1.04368e-08
6.00433e-08
-7.53785e-08
1.89271e-07
-1.08367e-07
3.12347e-07
-1.42903e-07
6.01485e-07
-4.10598e-07
3.01581e-05
-1.15604e-05
4.835e-05
-0.00011785
-0.000174781
-7.04127e-08
1.45002e-09
-3.41113e-06
-1.63391e-07
-4.5329e-05
-1.19107e-05
-2.79157e-05
-7.24351e-06
-9.17358e-07
1.54132e-05
1.96935e-07
1.44448e-06
5.30454e-08
2.90037e-07
2.01209e-08
6.96551e-08
1.36135e-08
2.13135e-08
1.64557e-08
1.0162e-08
1.50752e-08
-2.70006e-10
4.37506e-08
-4.27491e-08
3.02855e-07
-3.41018e-07
1.15198e-06
-9.94308e-07
1.61145e-06
-6.30148e-07
2.42091e-06
-1.21167e-06
4.41556e-05
-1.17719e-05
6.20337e-05
-9.01626e-05
-0.000111146
2.53684e-10
2.42049e-09
-1.80079e-07
9.33018e-09
-2.80211e-05
-1.03485e-06
-4.18614e-05
-8.4561e-06
-7.58343e-06
2.44809e-05
6.88622e-06
3.79371e-05
7.93524e-07
6.38213e-06
1.41759e-07
7.18302e-07
3.61308e-08
1.22892e-07
2.36768e-08
1.86897e-08
2.58303e-08
-6.12144e-09
1.85179e-07
-2.05476e-07
1.306e-06
-1.48131e-06
4.13165e-06
-4.03797e-06
7.63205e-06
-8.16531e-06
1.32027e-05
-6.79158e-06
8.06877e-05
-2.94219e-05
7.46481e-05
-5.54375e-05
-4.03066e-05
1.17706e-09
2.0897e-09
6.17989e-09
3.91946e-09
-1.06705e-06
4.62647e-09
-3.45021e-05
-1.71827e-06
-1.96816e-05
5.87846e-06
-8.50642e-06
2.1731e-05
1.00712e-05
3.89219e-05
9.73205e-07
9.87838e-06
8.56678e-08
1.00451e-06
3.56326e-08
6.71853e-08
8.74192e-08
-6.17839e-08
9.44148e-07
-1.0816e-06
1.09691e-05
-1.16859e-05
5.30541e-05
-8.44444e-05
6.37982e-05
-9.19221e-05
6.64399e-05
-4.17571e-05
0.000104883
-2.42209e-05
6.78581e-05
-5.22716e-06
2.35766e-05
5.30761e-11
1.85665e-09
-1.40544e-10
4.03353e-09
-2.3464e-09
5.23016e-09
-1.76302e-06
1.41843e-09
-2.51691e-05
-1.70188e-06
-1.80354e-05
1.08716e-05
-7.13522e-06
2.45975e-05
5.59127e-06
3.3383e-05
8.67542e-07
2.08361e-05
2.39265e-07
6.91927e-07
5.58951e-07
-4.00715e-07
9.1253e-06
-9.87931e-06
3.51979e-05
-9.27905e-05
5.02967e-05
-0.000130261
6.37609e-05
-0.000114613
3.4215e-05
-2.2472e-05
1.99941e-05
-4.24579e-06
1.98126e-05
3.65834e-06
4.77915e-05
-3.30594e-09
4.05795e-09
-7.59551e-10
1.40285e-08
-1.01911e-09
8.4712e-09
-1.85822e-09
2.05926e-09
-1.72616e-06
-3.34452e-09
-1.93116e-05
-8.91144e-07
-1.52879e-05
1.09733e-05
2.80698e-06
3.49484e-05
6.00271e-06
6.79825e-05
5.19651e-07
6.85473e-06
3.53456e-06
-1.27594e-05
-1.76648e-05
-3.9923e-05
-2.89454e-05
-8.69558e-05
-1.77122e-05
-0.000150721
-2.9151e-06
-0.000138592
-7.2259e-07
-2.49888e-05
-2.41092e-06
-3.03272e-06
-1.07451e-05
8.85286e-06
3.86135e-05
-1.8186e-08
1.27246e-08
-1.17576e-08
1.6664e-08
-2.85114e-09
3.09448e-09
-2.25956e-09
9.28107e-10
-4.78644e-09
-5.4322e-11
-9.21739e-07
4.09379e-11
-6.93129e-06
-1.02829e-07
-1.40181e-05
1.81867e-05
-2.33592e-06
6.30465e-05
-2.15784e-06
4.69509e-05
-5.46895e-05
2.88617e-05
-6.89975e-05
-5.1721e-06
-7.30481e-05
-2.12171e-05
-6.04055e-05
-0.000147232
-4.50119e-05
-0.000161099
-1.28954e-05
-6.7957e-05
-9.94219e-06
-6.46122e-06
-1.80053e-05
6.61128e-06
1.65848e-05
-1.74988e-08
9.48093e-10
-3.41989e-09
-2.01935e-11
-1.0632e-09
2.38816e-10
-8.06007e-10
8.91089e-11
2.30159e-10
-1.63006e-09
-2.52885e-09
2.42265e-09
-6.60436e-07
5.35287e-07
-3.86332e-05
2.4381e-05
-3.39126e-05
5.71201e-05
-5.27181e-05
5.73252e-05
-5.88217e-05
2.80238e-05
-7.44712e-06
2.06682e-06
-2.50007e-05
-3.75042e-06
-8.015e-05
-8.04744e-05
-6.57333e-05
-0.000190928
-3.07999e-05
-0.000102269
-2.04102e-05
-2.65092e-05
-2.11491e-05
-5.00754e-06
-7.65712e-06
-3.60464e-10
2.92082e-12
-5.85678e-10
3.00531e-11
-1.07963e-09
2.97525e-10
-1.70329e-09
2.13788e-10
2.64674e-08
-3.03836e-08
7.08581e-08
-6.17589e-08
-2.1124e-05
5.31257e-06
-6.88526e-05
3.48644e-05
-6.8026e-05
5.9023e-05
-5.68825e-05
4.49759e-05
-4.40725e-06
8.29332e-06
-2.41741e-06
9.07796e-08
-4.13825e-06
-1.40218e-06
-8.3832e-05
-2.61174e-05
-9.41702e-05
-0.000202193
-6.48669e-05
-0.000128699
-4.2394e-05
-5.45117e-05
-2.37708e-05
-2.83195e-05
-3.1428e-05
-2.28202e-11
3.2112e-13
-7.95124e-11
1.43902e-11
-3.48746e-10
4.52728e-10
-5.39114e-09
3.71096e-09
-6.16985e-08
5.65518e-09
-4.27164e-07
8.87451e-08
-3.94421e-05
4.55733e-06
-8.15203e-05
1.8295e-05
-7.09237e-05
2.5557e-05
-8.68636e-06
2.67201e-06
-6.20938e-07
2.81751e-07
-5.22904e-07
1.73428e-08
-1.20382e-06
-6.80468e-07
-2.39675e-05
-7.03914e-06
-0.000119832
-0.000113613
-8.78703e-05
-0.000157427
-5.10369e-05
-8.81112e-05
-1.90195e-05
-5.71008e-05
-4.51926e-05
-7.68229e-13
5.68497e-14
1.03751e-12
3.36008e-12
3.0059e-10
9.2831e-11
1.35251e-09
1.64664e-09
-2.76526e-08
1.69333e-08
-2.90621e-06
1.79353e-07
-1.19073e-05
-1.06829e-07
-1.25201e-05
-4.64471e-07
-2.81791e-06
3.50067e-07
-3.74949e-07
2.81467e-07
-1.23939e-07
3.54439e-08
-1.02707e-07
3.22436e-09
-6.32487e-07
-1.03135e-07
-6.16376e-06
-1.1539e-06
-8.64318e-05
-1.45206e-05
-0.000114596
-8.90288e-05
-5.98968e-05
-0.000139577
-1.16541e-05
-0.000110301
-5.02231e-05
-5.46314e-14
1.92029e-14
2.52701e-12
1.45897e-13
8.55714e-11
1.89767e-12
9.59084e-10
-2.77085e-12
-3.83522e-08
2.20043e-09
-6.64308e-08
-1.16263e-09
-1.56882e-07
-5.79494e-09
-6.22354e-07
-1.82986e-08
-3.17245e-07
1.54241e-08
-4.49725e-08
1.25832e-08
-1.12262e-08
2.09807e-09
-7.57631e-09
4.67967e-11
-1.03308e-07
-4.83106e-09
-1.17467e-06
-5.72427e-08
-1.48737e-05
-6.22651e-07
-5.10241e-05
-5.44813e-06
-7.29686e-05
-4.34622e-05
-1.23527e-05
-0.000157083
-6.24946e-05
-1.24295e-14
3.40282e-14
4.57221e-14
3.70406e-14
7.25947e-13
7.76115e-14
-3.83131e-11
-1.50742e-12
-3.79069e-10
9.64189e-13
-1.89424e-09
2.5082e-11
-7.80653e-09
-6.94019e-11
-2.70381e-08
-5.20844e-10
-1.48671e-08
5.45904e-10
-2.3697e-09
4.7596e-10
-2.92242e-10
7.38917e-11
-2.3085e-10
3.16976e-12
-4.79752e-09
-1.94966e-10
-5.73292e-08
-4.03565e-09
-6.22875e-07
-5.03501e-08
-5.49462e-06
-4.68366e-07
-2.92944e-05
-4.05806e-06
-2.40002e-05
-6.77826e-05
-8.79656e-05
-2.699e-14
4.82079e-14
-2.0135e-14
6.60761e-14
-4.29064e-14
5.64996e-14
-2.29167e-12
3.77175e-14
-1.24869e-11
1.75239e-12
-1.67732e-11
6.02266e-12
-1.21664e-10
1.01202e-11
-8.39049e-10
2.77917e-11
-6.29311e-10
4.14863e-11
-1.01836e-10
-1.06937e-11
-1.15888e-11
-3.85975e-13
-7.41945e-12
5.35525e-13
-1.56397e-10
-2.69525e-11
-2.60346e-09
-1.50892e-09
-3.18741e-08
-2.05339e-08
-3.96131e-07
-9.79501e-08
-3.32371e-06
-1.05619e-06
-2.14336e-05
-3.07757e-05
-0.000130317
-3.40586e-14
6.39642e-14
-3.52213e-14
9.75377e-14
-2.7042e-14
1.11333e-13
-1.07559e-13
1.2505e-13
-3.69405e-13
1.41578e-12
9.81288e-13
2.40192e-12
3.78154e-12
4.66844e-12
9.15039e-12
9.91797e-12
5.03949e-12
1.30424e-11
4.05371e-13
-4.0489e-12
-1.06806e-13
-1.65254e-13
1.78891e-14
1.6307e-12
-1.50792e-11
-6.36774e-13
-1.77004e-10
-4.06537e-09
4.85116e-09
-4.15391e-08
-2.53262e-08
-8.09952e-08
-5.19311e-07
-5.63533e-07
-1.66239e-05
-8.89553e-06
-6.92904e-05
-2.13387e-14
5.85135e-14
-3.53193e-14
9.54372e-14
-4.54767e-14
1.64906e-13
-2.65526e-14
2.36633e-13
8.2735e-15
4.3335e-13
1.89599e-13
1.0682e-12
1.07358e-12
2.2837e-12
4.73317e-12
4.03691e-12
9.66855e-12
4.81904e-12
2.39474e-12
1.32898e-12
6.57904e-13
1.16237e-12
1.58605e-12
2.40416e-12
1.44987e-12
-2.06559e-13
-1.68176e-09
-1.56176e-09
7.95672e-10
-5.52964e-08
2.13471e-08
-1.27346e-07
1.7877e-07
-1.23251e-06
-3.44911e-06
-6.33568e-07
-1.54051e-06
-1.20455e-14
4.79992e-14
-1.12967e-14
5.99581e-14
-8.03422e-15
6.92302e-14
8.50478e-16
2.22048e-13
1.63828e-13
8.32349e-12
2.37636e-13
6.17021e-12
3.96939e-13
6.75667e-13
1.05219e-12
1.93331e-12
2.58838e-12
2.18086e-12
1.81391e-12
1.96918e-12
1.36816e-12
1.72693e-12
5.2903e-12
3.89016e-12
5.01415e-12
1.7611e-13
1.50279e-09
-3.64741e-10
1.12625e-09
-2.55949e-10
-9.94089e-08
-2.62565e-08
-6.3772e-08
-1.55968e-06
-4.8221e-08
-7.63638e-07
-1.58873e-06
-5.81536e-15
4.16854e-14
-2.20088e-15
4.20906e-14
1.71144e-15
3.29738e-14
1.10347e-12
1.06629e-13
1.24242e-11
1.59417e-11
1.46932e-11
3.29925e-11
7.56799e-12
2.63566e-11
7.51277e-13
7.64771e-12
1.19793e-12
1.59986e-12
1.5938e-12
1.45197e-12
1.65617e-12
1.52638e-12
6.25794e-12
2.43182e-12
5.96229e-12
4.64357e-13
1.10071e-10
-7.99497e-11
2.60039e-11
-7.53823e-11
8.02429e-10
-6.22977e-09
-4.21751e-09
-1.55506e-06
-2.01987e-08
-1.48097e-06
-1.60893e-06
-2.08563e-15
3.56616e-14
1.01327e-15
3.65218e-14
6.27476e-15
3.08062e-14
8.83409e-14
2.43422e-14
5.97768e-12
6.91596e-12
2.30273e-11
2.52862e-11
3.2462e-11
2.62651e-11
4.70498e-12
2.87473e-11
1.35385e-12
4.77597e-12
1.39536e-12
1.27228e-12
1.49697e-12
1.28659e-12
2.46722e-12
1.32338e-12
2.27316e-12
6.12063e-13
3.91357e-11
-3.89206e-11
1.04779e-10
-5.20435e-11
3.45254e-08
-4.05539e-08
1.94208e-07
-1.58407e-06
1.60399e-07
-1.16611e-06
-1.44892e-06
1.54882e-16
2.61329e-14
3.07927e-15
3.08646e-14
7.40407e-15
2.80521e-14
1.17828e-14
1.95209e-14
4.03777e-12
6.51144e-14
1.29109e-11
2.14886e-12
3.06979e-11
1.7503e-11
3.94507e-11
2.8694e-11
2.7128e-12
2.66614e-11
1.59776e-12
2.21592e-12
1.45568e-12
1.29048e-12
1.54717e-12
1.12011e-12
1.57882e-12
7.7366e-13
8.86615e-11
-4.7812e-12
1.1387e-10
-2.65224e-11
7.07555e-08
-1.11131e-07
2.7367e-07
-7.06713e-07
1.27776e-06
-1.18737e-06
-6.94499e-05
1.26137e-15
1.50684e-14
3.79219e-15
2.2694e-14
6.30554e-15
2.29811e-14
8.29473e-15
1.71093e-14
4.27312e-14
2.20162e-14
2.24453e-12
-8.80703e-14
1.43345e-11
1.65994e-13
3.78703e-11
1.31676e-11
2.70603e-11
2.58756e-11
4.19113e-12
1.65913e-11
1.52014e-12
3.84355e-12
1.38477e-12
1.17011e-12
1.35486e-12
7.57904e-13
4.31769e-11
1.06434e-12
8.75445e-11
-2.11806e-11
1.45666e-07
-4.09673e-07
1.48991e-07
-7.81618e-07
2.19797e-06
-3.03237e-06
-0.000104495
1.31462e-15
7.57916e-15
3.28433e-15
1.3279e-14
5.01645e-15
1.34916e-14
5.59523e-15
8.33878e-15
1.40735e-14
5.2999e-15
1.65995e-12
2.1149e-13
8.50977e-12
5.05894e-14
2.99323e-11
7.66812e-13
3.60456e-11
9.74981e-12
2.23447e-11
2.2782e-11
1.40479e-11
2.34963e-11
1.41706e-11
4.00695e-11
2.45456e-11
1.64737e-11
3.16386e-11
6.37127e-12
9.79719e-11
-3.84293e-11
2.86655e-07
-8.30065e-07
1.18771e-07
-1.66698e-06
-3.35246e-06
-2.59898e-06
-1.00509e-07
8.88822e-16
3.5385e-15
1.95389e-15
6.47114e-15
2.85405e-15
6.5419e-15
3.06583e-15
5.86907e-15
2.20982e-13
2.40788e-14
7.47415e-13
5.7993e-15
2.23574e-12
-6.04293e-15
5.71189e-12
-3.94645e-15
2.25266e-11
6.40413e-13
3.81958e-11
1.33783e-11
4.39461e-11
2.84017e-11
7.04294e-11
2.77162e-11
9.62685e-12
8.12563e-12
5.02504e-10
2.89899e-10
1.40483e-09
-8.83585e-10
1.89174e-07
-1.29771e-06
1.44327e-08
-1.59498e-06
-1.7566e-09
-1.90286e-06
-1.02009e-07
4.58629e-16
1.35993e-15
1.09607e-15
2.99329e-15
1.91089e-15
4.36601e-15
6.54768e-15
8.97279e-15
3.57166e-14
1.77103e-14
5.44497e-14
-8.54945e-15
2.65467e-14
-1.23078e-14
2.54621e-14
-3.19838e-15
2.76373e-12
6.92015e-16
2.31672e-11
3.81657e-14
2.05712e-11
6.65014e-12
1.72764e-11
2.53829e-12
6.25607e-11
6.10942e-12
1.41608e-09
3.91638e-10
8.07204e-08
-6.75795e-09
1.77592e-07
-9.0995e-07
6.17753e-08
-1.43695e-06
-1.36172e-08
-5.10122e-07
-1.15626e-07
1.95443e-16
4.20135e-16
6.09509e-16
1.45023e-15
1.50844e-15
3.48212e-15
4.86806e-15
8.91102e-15
8.99809e-15
4.71875e-15
8.56919e-15
-1.16876e-15
9.65117e-15
3.16327e-15
8.41082e-15
-2.34244e-15
8.79246e-15
-5.62103e-17
1.02106e-13
-5.27442e-14
1.1084e-12
1.76517e-14
1.1168e-12
1.78494e-12
1.39319e-12
1.54055e-11
9.11394e-10
2.68946e-11
7.08725e-08
-1.67322e-08
7.77222e-08
-2.04218e-08
6.08453e-08
-9.21203e-09
1.20288e-08
-1.36452e-07
-1.03597e-07
7.42121e-17
1.14103e-16
3.4114e-16
7.18408e-16
1.1242e-15
2.54117e-15
2.35957e-15
6.27127e-15
2.23651e-15
3.92401e-15
7.39705e-15
-2.04249e-14
7.76392e-15
-7.04118e-16
3.42281e-15
1.55274e-17
3.01085e-15
-1.08216e-17
3.12299e-13
1.21726e-13
7.85277e-13
1.21596e-12
6.01387e-13
1.04939e-12
1.22e-09
1.83508e-09
2.60507e-09
1.43236e-10
2.10995e-08
-4.60125e-10
7.10476e-10
-1.0937e-10
5.84215e-10
-6.82505e-09
6.23924e-08
-2.36642e-08
-4.12046e-08
2.54194e-17
2.53076e-17
1.91212e-16
3.05762e-16
6.1167e-16
1.24552e-15
9.4174e-15
7.34326e-16
7.27928e-14
5.74894e-14
-3.20181e-13
-7.8683e-13
-7.02857e-14
-5.14699e-12
-3.38143e-15
-7.03893e-14
-2.34574e-14
8.30749e-16
-2.43071e-14
5.71112e-14
-5.25409e-13
1.65409e-12
3.71298e-12
1.16815e-10
8.23644e-10
1.77069e-09
4.56595e-10
3.02692e-10
2.99246e-11
-4.09299e-11
4.90536e-11
-1.74228e-10
9.6533e-09
-1.65059e-08
2.91345e-07
-3.07371e-07
-2.29984e-05
6.45465e-18
3.40575e-18
8.31047e-17
7.23582e-17
2.4043e-16
3.68563e-16
5.26001e-16
1.67124e-16
1.52918e-13
1.83139e-15
-2.06193e-12
6.3478e-13
-2.27213e-12
-3.7391e-12
-1.14083e-13
-2.93071e-12
-1.50314e-13
1.82538e-14
-2.37157e-13
1.29634e-13
1.43729e-11
3.80515e-11
-1.72166e-11
3.32558e-10
3.92184e-10
2.28845e-10
9.06535e-11
-8.32452e-12
5.016e-11
-5.61323e-13
1.24494e-09
-1.37648e-09
9.87379e-08
-1.14194e-07
2.65448e-06
-2.89518e-06
-5.99587e-05
9.51162e-19
2.5326e-19
1.80318e-17
5.94786e-18
7.40858e-17
5.21376e-17
8.91568e-17
6.64817e-17
1.91135e-15
2.91479e-17
3.69194e-13
2.84206e-13
-2.99829e-12
8.02247e-13
-3.07697e-12
-1.65434e-12
5.16553e-13
2.18369e-13
4.20476e-13
8.26353e-13
-4.87982e-11
2.57049e-11
3.83515e-11
6.21709e-11
2.31357e-11
-4.50847e-12
5.95359e-12
-9.66525e-13
5.54412e-12
-2.26688e-13
1.34715e-08
-1.48425e-08
2.03689e-07
-5.52424e-07
2.7996e-06
-1.29779e-05
-8.02061e-05
8.31866e-20
1.47429e-20
1.41836e-18
1.86764e-19
1.40619e-17
2.84331e-18
2.19205e-17
9.73202e-18
4.86844e-17
4.93052e-18
2.83732e-13
5.42039e-16
2.10239e-12
3.35682e-14
8.20434e-13
3.86354e-13
1.03155e-12
3.4396e-13
2.78408e-12
1.41912e-12
7.44569e-12
-8.4627e-13
1.51203e-11
-9.2016e-13
1.12763e-12
-5.85527e-13
2.34945e-13
-1.63155e-13
1.08129e-13
-1.88401e-13
1.32225e-08
-2.8022e-08
8.79685e-07
-1.91754e-06
-4.93061e-06
-1.02834e-05
-4.86844e-07
5.53845e-21
9.47507e-22
6.21252e-20
8.57965e-21
1.01531e-18
1.48341e-19
3.40351e-18
6.14148e-19
6.60614e-18
4.00229e-18
5.27796e-16
2.33959e-17
3.43522e-14
2.27348e-17
8.64134e-13
2.68458e-18
4.13498e-12
-7.45874e-16
6.18419e-12
1.66296e-14
5.66855e-12
-1.71799e-14
2.29235e-12
-1.54965e-13
4.49604e-14
-1.13225e-13
1.66233e-13
-3.73742e-13
6.98314e-14
-1.82949e-13
-1.72855e-08
-1.82553e-08
-1.59362e-06
-1.24485e-06
-4.46738e-09
-6.14905e-08
-4.91311e-07
3.37502e-22
6.76404e-23
4.23006e-21
9.91052e-22
8.47578e-20
1.97027e-20
3.34566e-19
4.66735e-20
4.43075e-18
1.35689e-18
7.55261e-17
3.62168e-17
1.50967e-16
2.9143e-17
8.24322e-16
-5.03436e-18
7.85277e-17
-1.25487e-19
1.62828e-13
-1.11003e-14
3.22162e-13
-2.45957e-14
4.08568e-13
-2.68843e-14
8.6896e-13
-6.38616e-13
2.21051e-12
-1.94129e-12
2.20728e-12
-2.69031e-13
2.85755e-08
-1.46058e-12
1.28566e-08
-1.85429e-10
-4.86477e-08
-5.63311e-12
-1.93542e-06
1.92982e-23
5.07631e-24
3.86512e-22
1.22942e-22
8.72693e-21
2.63299e-21
2.47466e-20
4.23933e-21
1.27672e-18
3.47279e-19
6.25912e-17
3.00507e-17
7.77514e-17
2.42692e-17
2.41438e-17
-5.53557e-19
1.99197e-17
4.09863e-18
3.29189e-14
-1.13501e-14
1.98293e-13
-5.06127e-13
1.30749e-12
-9.3279e-13
3.71533e-12
-2.62699e-12
6.49706e-13
-2.43532e-12
3.0772e-13
-3.6806e-14
4.26826e-13
-2.12176e-12
1.04333e-11
-1.96415e-10
1.68493e-11
-1.22896e-11
-5.28492e-06
9.82852e-25
3.46474e-25
2.61813e-23
8.8658e-24
5.24023e-22
1.27905e-22
1.40864e-21
2.71102e-22
2.90636e-19
8.51937e-20
1.2824e-17
3.66305e-18
1.30272e-17
1.18028e-18
3.57485e-18
-1.00401e-20
-7.5334e-18
4.17603e-18
1.27796e-12
-4.80096e-13
2.997e-12
-1.28527e-12
3.97653e-12
-1.22956e-12
2.83281e-12
-1.18484e-12
3.5581e-13
-3.2159e-14
3.19035e-13
-2.66956e-17
1.19492e-11
-1.84084e-11
1.10983e-10
-6.90356e-10
1.1885e-10
-1.96567e-11
-5.47995e-12
3.45337e-26
1.51787e-26
9.12901e-25
2.98933e-25
1.32212e-23
2.06351e-24
6.85403e-23
1.30524e-23
3.34369e-20
7.45166e-21
4.2914e-19
2.23775e-20
1.23116e-19
1.75732e-21
1.34519e-20
-6.28934e-24
-2.846e-18
1.36789e-18
1.12875e-12
4.26895e-21
1.53386e-12
1.23379e-23
1.21766e-12
1.06633e-25
3.28194e-14
5.54873e-27
6.60483e-16
9.68246e-28
6.33796e-16
-5.36853e-21
6.41378e-12
-3.13057e-11
9.17445e-11
-3.41208e-12
5.46721e-12
-3.3851e-13
-1.27422e-14
5.09355e-28
2.91122e-28
1.25579e-26
4.40991e-27
1.30219e-25
2.04423e-26
1.66997e-24
2.91656e-25
6.47192e-22
7.83213e-23
1.2006e-21
1.77409e-23
4.52042e-23
1.65493e-25
2.72212e-24
1.77542e-24
-3.97868e-19
1.35363e-23
-1.27603e-21
8.48319e-24
-7.53417e-24
2.6866e-24
-7.38917e-26
7.22075e-25
-2.74349e-27
1.71328e-25
-3.60312e-28
2.7974e-26
1.27664e-21
3.99583e-27
8.88278e-12
7.50693e-28
3.51253e-13
1.74473e-28
1.27422e-14
4.19987e-29
8.20327e-31
9.41474e-31
3.53078e-29
3.68033e-28
7.02578e-27
1.12738e-24
1.17621e-24
1.10479e-25
-6.33775e-25
-1.72387e-24
-9.52358e-25
-4.85466e-25
-1.49684e-25
-2.66788e-26
-4.17242e-27
-3.87014e-28
-1.25943e-28
-3.68447e-29
-8.85532e-31
)
;

boundaryField
{
    leftWall
    {
        type            calculated;
        value           uniform 0;
    }
    rightWall
    {
        type            calculated;
        value           uniform 0;
    }
    lowerWall
    {
        type            calculated;
        value           uniform 0;
    }
    atmosphere
    {
        type            calculated;
        value           nonuniform List<scalar> 
46
(
-2.56303e-44
-2.18705e-46
-3.16822e-49
-2.92192e-50
-6.27247e-51
2.30118e-61
1.57442e-59
3.87391e-58
3.43903e-57
1.38573e-56
3.32395e-56
6.0533e-56
4.64501e-55
5.87201e-53
7.44337e-51
9.66564e-49
1.42998e-46
2.71467e-44
6.16944e-42
1.40576e-39
2.98007e-37
2.54553e-35
3.22972e-34
5.66855e-34
7.17668e-33
2.91949e-32
4.52248e-32
8.75961e-29
1.34473e-27
7.4058e-27
7.29733e-26
1.12095e-23
5.74001e-24
2.31614e-26
0
0
0
0
0
0
0
0
0
0
0
0
)
;
    }
    defaultFaces
    {
        type            empty;
        value           nonuniform 0();
    }
}


// ************************************************************************* //
