/*--------------------------------*- C++ -*----------------------------------*\
| =========                 |                                                 |
| \\      /  F ield         | OpenFOAM: The Open Source CFD Toolbox           |
|  \\    /   O peration     | Version:  5.x                                   |
|   \\  /    A nd           | Web:      www.OpenFOAM.org                      |
|    \\/     M anipulation  |                                                 |
\*---------------------------------------------------------------------------*/
FoamFile
{
    version     2.0;
    format      ascii;
    class       volVectorField;
    location    "0.6";
    object      U;
}
// * * * * * * * * * * * * * * * * * * * * * * * * * * * * * * * * * * * * * //

dimensions      [0 1 -1 0 0 0 0];

internalField   nonuniform List<vector> 
2268
(
(-0.0211738 0.00843532 0)
(-0.0557229 0.00780688 0)
(-0.0744142 0.00173554 0)
(-0.0668697 -0.00277832 0)
(-0.048108 -0.00649511 0)
(-0.0127749 -0.00987308 0)
(0.0333325 -0.0112311 0)
(0.0792039 -0.00982389 0)
(0.11565 -0.00664641 0)
(0.137517 -0.00322768 0)
(0.1456 -0.000123328 0)
(0.141587 0.0026163 0)
(0.128666 0.00491987 0)
(0.109294 0.00693785 0)
(0.084072 0.00928328 0)
(0.0512905 0.0125941 0)
(0.00641345 0.0162016 0)
(-0.0530273 0.0122773 0)
(-0.0929819 -0.00238908 0)
(-0.100207 0.0107796 0)
(-0.227046 0.0196096 0)
(-0.241671 -0.0160755 0)
(-0.08776 -0.0519865 0)
(-0.0318645 0.0269335 0)
(-0.0574428 0.0189155 0)
(-0.0664642 0.00212279 0)
(-0.0599059 -0.00864531 0)
(-0.0446095 -0.0189449 0)
(-0.0121489 -0.0292 0)
(0.0335479 -0.0339119 0)
(0.0802525 -0.0299432 0)
(0.117176 -0.0204235 0)
(0.139013 -0.0101957 0)
(0.14688 -0.00167018 0)
(0.14661 0.00475482 0)
(0.141769 0.00951291 0)
(0.13418 0.0133329 0)
(0.124717 0.0175175 0)
(0.113227 0.0237844 0)
(0.0944419 0.0329875 0)
(0.0588269 0.0395569 0)
(-0.00826136 0.0291246 0)
(-0.0671375 0.0422815 0)
(-0.198054 0.0455238 0)
(-0.162231 -0.0399778 0)
(-0.0539 -0.129806 0)
(-0.0276094 0.0447365 0)
(-0.0401481 0.0266789 0)
(-0.0503425 0.00199635 0)
(-0.0480598 -0.0120439 0)
(-0.0404364 -0.0282308 0)
(-0.0129234 -0.04693 0)
(0.0306158 -0.056578 0)
(0.0769715 -0.0503325 0)
(0.113902 -0.0339984 0)
(0.135034 -0.0166516 0)
(0.141855 -0.0030225 0)
(0.139274 0.00626401 0)
(0.131796 0.0123392 0)
(0.122461 0.0164881 0)
(0.1135 0.0204047 0)
(0.107766 0.0266544 0)
(0.106104 0.0376095 0)
(0.109197 0.0524352 0)
(0.0807616 0.0579297 0)
(0.0503977 0.0776834 0)
(-0.0624281 0.0703844 0)
(-0.0587159 -0.0606026 0)
(0.00358302 -0.166713 0)
(-0.0177541 0.0565076 0)
(-0.0172357 0.0324313 0)
(-0.0244229 0.00387799 0)
(-0.0258798 -0.0124077 0)
(-0.0206916 -0.0354613 0)
(0.00476641 -0.0636858 0)
(0.0415282 -0.0786819 0)
(0.0793276 -0.0702753 0)
(0.110126 -0.047083 0)
(0.128155 -0.0225961 0)
(0.133695 -0.0037437 0)
(0.130653 0.00889181 0)
(0.123086 0.016716 0)
(0.11388 0.0212738 0)
(0.105104 0.0244377 0)
(0.0988658 0.0287312 0)
(0.0964304 0.036018 0)
(0.106869 0.0502155 0)
(0.11524 0.065419 0)
(0.129603 0.097497 0)
(0.088267 0.0945878 0)
(0.0797775 -0.0433832 0)
(0.0619157 -0.152261 0)
(-0.00475302 0.0602201 0)
(0.0142847 0.0312544 0)
(0.0162362 0.00497517 0)
(0.0203707 -0.0146212 0)
(0.0366848 -0.0441006 0)
(0.0639572 -0.0778308 0)
(0.0862804 -0.0946122 0)
(0.102064 -0.0838617 0)
(0.114308 -0.0560074 0)
(0.121537 -0.0265389 0)
(0.123108 -0.00375167 0)
(0.119741 0.0115146 0)
(0.113129 0.0206785 0)
(0.105525 0.025377 0)
(0.0990374 0.027779 0)
(0.0949574 0.0306767 0)
(0.0932768 0.0349588 0)
(0.0991843 0.0437081 0)
(0.114675 0.0563549 0)
(0.15254 0.0881044 0)
(0.175864 0.0965473 0)
(0.163199 -0.0195628 0)
(0.106807 -0.106566 0)
(0.00962315 0.0516102 0)
(0.0534335 0.0248464 0)
(0.0758342 -0.00117785 0)
(0.100593 -0.0222427 0)
(0.137779 -0.0534971 0)
(0.16381 -0.0850749 0)
(0.162741 -0.0977005 0)
(0.147354 -0.084001 0)
(0.132719 -0.0551317 0)
(0.12164 -0.0256857 0)
(0.113785 -0.0021626 0)
(0.107948 0.0138826 0)
(0.102109 0.0232689 0)
(0.0964545 0.0274451 0)
(0.0927511 0.0289027 0)
(0.091764 0.0309522 0)
(0.0930354 0.0340531 0)
(0.0988635 0.0391195 0)
(0.111111 0.0450498 0)
(0.142715 0.0647757 0)
(0.193555 0.0786425 0)
(0.1888 0.0090656 0)
(0.131119 -0.0354217 0)
(0.0244093 0.0287766 0)
(0.0927455 0.00613043 0)
(0.155091 -0.0124764 0)
(0.220116 -0.0341458 0)
(0.266014 -0.0619903 0)
(0.269889 -0.0826953 0)
(0.236376 -0.0862981 0)
(0.193575 -0.0695976 0)
(0.158551 -0.0422033 0)
(0.132032 -0.0175675 0)
(0.112643 0.0024309 0)
(0.0998604 0.0178506 0)
(0.0917195 0.0278366 0)
(0.0870037 0.0315207 0)
(0.0862723 0.0308565 0)
(0.0887727 0.0307749 0)
(0.0929114 0.031588 0)
(0.100751 0.0333853 0)
(0.113728 0.0357538 0)
(0.132893 0.0440325 0)
(0.178823 0.0590443 0)
(0.189678 0.0265613 0)
(0.160707 0.0147673 0)
(0.0397853 -0.00959565 0)
(0.141615 -0.0399903 0)
(0.273854 -0.0684926 0)
(0.344805 -0.0758008 0)
(0.350845 -0.0752677 0)
(0.310769 -0.0719032 0)
(0.252346 -0.065583 0)
(0.203834 -0.0489429 0)
(0.169348 -0.0231542 0)
(0.143346 0.000115495 0)
(0.123132 0.0139993 0)
(0.105576 0.0232702 0)
(0.0909369 0.0277693 0)
(0.0811877 0.0272044 0)
(0.0793446 0.0253236 0)
(0.0836825 0.0272297 0)
(0.0902824 0.0298073 0)
(0.100757 0.0303247 0)
(0.117546 0.030932 0)
(0.135802 0.0328168 0)
(0.162858 0.0468111 0)
(0.185134 0.0500348 0)
(0.147457 0.13759 0)
(-0.229919 0.0980718 0)
(-0.680141 0.0146206 0)
(-0.329314 -0.159125 0)
(0.0351824 -0.208655 0)
(0.563123 -0.17427 0)
(1.1311 -0.0928946 0)
(0.78148 0.118969 0)
(-0.910851 0.227326 0)
(-1.68903 0.105429 0)
(-1.79547 0.0647153 0)
(-1.75473 0.0622972 0)
(-1.72121 0.0705902 0)
(-1.6884 0.0696673 0)
(-1.65603 0.0590375 0)
(-1.6172 0.0426662 0)
(-1.51125 0.022821 0)
(-1.20158 -0.0318027 0)
(-0.649712 -0.114277 0)
(-0.0847497 -0.0512085 0)
(-0.242852 0.227491 0)
(-0.368295 0.0824724 0)
(-0.0496825 -0.221664 0)
(0.210733 -0.296214 0)
(0.382832 -0.321305 0)
(1.17905 0.0798799 0)
(0.12424 0.67826 0)
(-2.2004 0.611094 0)
(-2.7525 0.150747 0)
(-2.71802 -0.0821146 0)
(-2.65132 -0.106848 0)
(-2.51693 -0.102941 0)
(-2.40665 -0.104028 0)
(-2.28308 -0.115882 0)
(-2.12851 -0.136158 0)
(-1.88642 -0.165263 0)
(-1.45784 -0.271745 0)
(-0.77214 -0.436928 0)
(-0.151288 -0.205123 0)
(-0.185261 0.298049 0)
(-0.0846475 0.0339823 0)
(0.132676 -0.315852 0)
(0.400458 -0.408901 0)
(0.502045 -0.481172 0)
(1.17958 0.0603788 0)
(0.149015 1.29852 0)
(-2.06019 1.29867 0)
(-2.83757 0.396466 0)
(-3.38503 0.117946 0)
(-4.58282 0.0307103 0)
(-4.4787 -0.0411331 0)
(-4.06272 -0.0741537 0)
(-3.57503 -0.132533 0)
(-3.18031 -0.22122 0)
(-2.65502 -0.340637 0)
(-1.836 -0.641304 0)
(-0.869253 -0.855174 0)
(-0.200624 -0.415221 0)
(-0.151743 0.338002 0)
(0.100743 -0.0408539 0)
(0.3025 -0.406069 0)
(0.531759 -0.509532 0)
(0.566399 -0.57977 0)
(1.18504 0.0636416 0)
(0.412662 1.70143 0)
(0.134121 2.45908 0)
(-2.06845 1.0195 0)
(-3.10798 0.498824 0)
(-4.06504 0.108504 0)
(-4.23954 -0.2037 0)
(-3.88715 -0.346278 0)
(-3.3308 -0.381499 0)
(-3.10304 -0.397924 0)
(-2.91416 -0.520037 0)
(-1.94442 -0.976739 0)
(-0.868655 -1.31626 0)
(-0.190975 -0.662599 0)
(-0.116089 0.326446 0)
(0.233428 -0.136835 0)
(0.450041 -0.493127 0)
(0.614332 -0.579601 0)
(0.59498 -0.664645 0)
(1.12536 0.0323208 0)
(0.394114 1.81169 0)
(0.744143 3.05973 0)
(-1.18 1.85451 0)
(-2.70095 0.968122 0)
(-3.60677 0.443448 0)
(-3.71837 -0.125755 0)
(-3.22697 -0.535977 0)
(-2.63403 -0.634098 0)
(-2.25229 -0.551074 0)
(-2.25531 -0.559669 0)
(-1.5947 -1.11918 0)
(-0.786239 -1.71401 0)
(-0.13141 -0.913248 0)
(-0.0612629 0.264137 0)
(0.376925 -0.23339 0)
(0.560283 -0.562224 0)
(0.651049 -0.625155 0)
(0.59596 -0.724937 0)
(1.02998 0.0888318 0)
(0.102007 1.90269 0)
(0.637463 3.21206 0)
(-0.578664 2.54267 0)
(-2.37186 1.41702 0)
(-3.05441 0.613307 0)
(-2.9796 -0.251881 0)
(-2.58365 -0.781027 0)
(-2.13753 -0.923575 0)
(-1.6808 -0.797671 0)
(-1.4479 -0.632597 0)
(-0.884737 -1.33898 0)
(-0.669972 -1.96264 0)
(-0.0651429 -1.14828 0)
(0.0651667 0.202113 0)
(0.52288 -0.333904 0)
(0.618473 -0.602149 0)
(0.644933 -0.650098 0)
(0.585195 -0.755338 0)
(0.897033 0.201082 0)
(-0.046202 1.99409 0)
(0.389748 3.15177 0)
(-0.166734 3.14406 0)
(-2.12596 1.84602 0)
(-2.60076 0.715351 0)
(-2.52636 -0.287037 0)
(-2.29885 -0.888651 0)
(-1.88711 -1.10706 0)
(-1.41088 -1.02722 0)
(-0.976807 -0.786511 0)
(-0.270328 -1.38567 0)
(-0.52258 -2.02536 0)
(-0.0115938 -1.35116 0)
(0.332236 -0.0824753 0)
(0.625035 -0.437879 0)
(0.617444 -0.605069 0)
(0.611139 -0.664516 0)
(0.567675 -0.760672 0)
(0.722581 0.255345 0)
(0.0570377 2.00715 0)
(0.295169 3.12434 0)
(-0.159616 3.67203 0)
(-1.95747 2.28297 0)
(-2.30051 0.836723 0)
(-2.34351 -0.308449 0)
(-2.24816 -1.02755 0)
(-1.81955 -1.32519 0)
(-1.2986 -1.30292 0)
(-0.825604 -1.13559 0)
(0.376511 -1.24341 0)
(-0.336214 -1.91881 0)
(0.0263075 -1.48498 0)
(0.0581031 -0.0798367 0)
(0.190584 -0.144751 0)
(0.239724 -0.140078 0)
(0.209493 -0.0960428 0)
(0.172307 -0.0553186 0)
(0.139856 -0.0384248 0)
(0.112738 -0.0395848 0)
(0.099994 -0.0355961 0)
(0.100751 -0.0208862 0)
(0.10785 -0.00135312 0)
(0.112236 0.0188513 0)
(0.111306 0.0404291 0)
(0.102251 0.0524477 0)
(0.0929637 0.0504312 0)
(0.0911383 0.0351277 0)
(0.0929833 0.0259963 0)
(0.0939955 0.0178377 0)
(0.100314 0.0104239 0)
(0.116801 0.00900702 0)
(0.143736 0.0110005 0)
(0.1734 0.0188997 0)
(0.237176 0.0117395 0)
(0.305226 0.0986194 0)
(0.00337633 -0.259471 0)
(0.0314001 -0.111397 0)
(-0.75395 0.0323417 0)
(-0.545964 0.0121946 0)
(-0.325322 -0.0143967 0)
(-0.256928 -0.0145545 0)
(-0.260194 -0.025755 0)
(-0.257409 -0.027044 0)
(-0.203426 -0.0226843 0)
(-0.123157 -0.0122668 0)
(-0.0564999 0.00337179 0)
(-0.012214 0.0221819 0)
(0.0473399 0.0302559 0)
(0.0920188 0.0219925 0)
(0.115691 0.0148335 0)
(0.117822 0.0273396 0)
(0.106299 0.0326532 0)
(0.104015 0.0137838 0)
(0.120301 -0.00392567 0)
(0.142328 -0.0142328 0)
(0.168666 -0.0230003 0)
(0.194398 -0.0381625 0)
(0.249143 -0.0500564 0)
(-0.0738728 -0.147738 0)
(-0.0905099 0.420722 0)
(-0.364816 0.247199 0)
(-0.334243 -0.266323 0)
(-0.524358 -0.34433 0)
(-0.713672 -0.08791 0)
(-0.842877 -0.0257678 0)
(-0.939861 -0.0671233 0)
(-0.983409 -0.122663 0)
(-1.00634 -0.137024 0)
(-0.94558 -0.111679 0)
(-0.692264 -0.0605714 0)
(-0.415369 -0.0510046 0)
(-0.203761 -0.00481316 0)
(-0.115242 0.00909234 0)
(-0.0174851 0.0387084 0)
(0.0323442 0.0343665 0)
(0.0942493 -0.00253345 0)
(0.150334 -0.0251545 0)
(0.171838 -0.0321576 0)
(0.189471 -0.0443578 0)
(0.223992 -0.0647981 0)
(0.266054 -0.0748061 0)
(-0.148137 0.00451526 0)
(-0.10395 0.313183 0)
(-0.0399535 0.374928 0)
(-0.0298918 0.150302 0)
(-0.181403 0.164872 0)
(-0.334502 0.185562 0)
(-0.34832 0.158075 0)
(-0.345839 0.0908675 0)
(-0.377494 -0.0188446 0)
(-0.463434 -0.15067 0)
(-0.576194 -0.241027 0)
(-0.661214 -0.309878 0)
(-0.742704 -0.463389 0)
(-0.802747 -0.246992 0)
(-0.744647 -0.171465 0)
(-0.612221 -0.132199 0)
(-0.447025 -0.096888 0)
(-0.291536 -0.107631 0)
(-0.12326 -0.0685854 0)
(-0.021855 -0.0509129 0)
(0.043295 -0.0694429 0)
(0.0980288 -0.0951363 0)
(0.121789 -0.112438 0)
(-0.103164 0.0866415 0)
(-0.0492584 0.152357 0)
(0.0344768 0.233345 0)
(0.0779341 0.0288945 0)
(0.0356252 0.00394117 0)
(0.0253821 0.132046 0)
(0.0412754 0.100109 0)
(0.0693522 0.0295974 0)
(0.0846869 0.0128024 0)
(0.0806701 0.046705 0)
(0.0563785 0.096978 0)
(-0.0473929 0.0502068 0)
(-0.188619 -0.0889976 0)
(-0.261475 -0.14459 0)
(-0.239374 -0.135308 0)
(-0.268585 -0.238577 0)
(-0.359669 -0.254003 0)
(-0.439371 -0.272628 0)
(-0.508076 -0.274016 0)
(-0.519897 -0.186984 0)
(-0.504274 -0.165851 0)
(-0.558074 -0.165204 0)
(-0.512039 -0.133482 0)
(-0.0442131 0.167177 0)
(-0.00362746 0.141697 0)
(0.046377 0.174443 0)
(0.0979557 0.0970785 0)
(0.036503 0.112683 0)
(0.051211 0.122626 0)
(0.0766634 0.0819355 0)
(0.0569526 0.026555 0)
(0.0184536 -0.0347714 0)
(0.00538219 -0.0883233 0)
(0.0273189 -0.0884897 0)
(0.0671775 -0.081376 0)
(0.0389041 -0.0795055 0)
(-0.0565128 -0.125118 0)
(-0.0604663 -0.1339 0)
(-0.0666941 -0.0688277 0)
(-0.0710407 -0.0274484 0)
(-0.09757 -0.0498628 0)
(-0.128285 -0.0793958 0)
(-0.116352 -0.0907549 0)
(-0.0847034 -0.101234 0)
(-0.054552 -0.0857354 0)
(-0.112167 -0.149615 0)
(-0.0221129 0.16391 0)
(0.00514335 0.0874107 0)
(0.0338125 0.13864 0)
(0.0594546 0.102011 0)
(0.0317351 0.0989672 0)
(0.0407806 0.109178 0)
(0.0555966 0.0950594 0)
(0.0532031 0.0709427 0)
(0.0397095 0.0460205 0)
(0.00516616 0.0215702 0)
(-0.019362 0.00365034 0)
(-0.026381 -0.002824 0)
(-0.0222341 -0.0119458 0)
(-0.0313683 -0.0829062 0)
(-0.0581582 -0.144489 0)
(-0.0865676 -0.162621 0)
(-0.0770482 -0.151554 0)
(-0.0647829 -0.150545 0)
(-0.0531646 -0.159817 0)
(-0.0220668 -0.198296 0)
(0.0333835 -0.213298 0)
(0.0985331 -0.158922 0)
(0.219589 0.0902086 0)
(-0.013502 0.170295 0)
(0.00119547 0.0773493 0)
(0.0170401 0.11819 0)
(0.0336035 0.102586 0)
(0.0274218 0.097184 0)
(0.034739 0.09587 0)
(0.0405528 0.0864757 0)
(0.0376961 0.0651694 0)
(0.0249228 0.0295512 0)
(0.0106007 -0.0107747 0)
(-0.00145057 -0.03206 0)
(-0.0120031 -0.0470153 0)
(-0.00632004 -0.0417869 0)
(0.00122699 -0.069786 0)
(-0.0135442 -0.0969036 0)
(-0.0340708 -0.0955596 0)
(-0.0435311 -0.101583 0)
(-0.0419435 -0.125281 0)
(-0.0227623 -0.160553 0)
(-0.000723336 -0.204335 0)
(0.0122199 -0.239222 0)
(0.0350879 -0.262585 0)
(0.125001 -0.17103 0)
(-0.0106952 0.177931 0)
(-0.00195647 0.0622842 0)
(0.0100196 0.100676 0)
(0.0231092 0.0998979 0)
(0.023053 0.0959032 0)
(0.029254 0.0906724 0)
(0.0354053 0.0842133 0)
(0.0394926 0.0734557 0)
(0.0379327 0.0578642 0)
(0.0264425 0.0379496 0)
(0.00821554 0.00989813 0)
(-0.00652031 -0.0200322 0)
(-0.00870677 -0.0470867 0)
(-0.00604866 -0.0789976 0)
(-0.0212467 -0.0990422 0)
(-0.0364485 -0.106917 0)
(-0.0433606 -0.114263 0)
(-0.046065 -0.138482 0)
(-0.0390958 -0.178123 0)
(-0.0317867 -0.216083 0)
(-0.0270642 -0.237385 0)
(-0.00633378 -0.288174 0)
(0.0438422 -0.246133 0)
(-0.00751974 0.1825 0)
(-0.00121971 0.0554512 0)
(0.00600042 0.0892955 0)
(0.0157445 0.0949573 0)
(0.017675 0.0911396 0)
(0.0224617 0.0851511 0)
(0.0274066 0.0788244 0)
(0.0317793 0.0695601 0)
(0.0329528 0.0541409 0)
(0.0300767 0.0318267 0)
(0.0245447 0.00841966 0)
(0.0150852 -0.0140241 0)
(0.00405423 -0.0346146 0)
(-0.00977483 -0.057894 0)
(-0.0288683 -0.0754196 0)
(-0.0482281 -0.0858406 0)
(-0.0615085 -0.102691 0)
(-0.070487 -0.136842 0)
(-0.0793073 -0.180162 0)
(-0.0904461 -0.217547 0)
(-0.0888973 -0.251751 0)
(-0.0862796 -0.322397 0)
(-0.101601 -0.292665 0)
(-0.00424557 0.185473 0)
(-0.00052799 0.0505327 0)
(0.00369383 0.0817911 0)
(0.0102603 0.0907148 0)
(0.0123779 0.087267 0)
(0.0156631 0.0810507 0)
(0.0187855 0.0743345 0)
(0.0221328 0.0660338 0)
(0.0243859 0.0545553 0)
(0.0234674 0.039035 0)
(0.018201 0.019489 0)
(0.00915302 -0.00243214 0)
(-0.00355956 -0.0228891 0)
(-0.0202324 -0.0421691 0)
(-0.0406481 -0.0571575 0)
(-0.0603898 -0.0694658 0)
(-0.0760253 -0.0877513 0)
(-0.0917932 -0.119518 0)
(-0.113393 -0.160828 0)
(-0.134761 -0.202076 0)
(-0.142432 -0.246128 0)
(-0.176241 -0.301802 0)
(-0.244785 -0.233731 0)
(-0.00158697 0.186557 0)
(7.08021e-05 0.0479059 0)
(0.00214245 0.0771166 0)
(0.00613694 0.0876817 0)
(0.00753846 0.0847439 0)
(0.00934352 0.0787972 0)
(0.0105894 0.072162 0)
(0.0116952 0.0642655 0)
(0.0119648 0.0541054 0)
(0.00999887 0.0409763 0)
(0.00462571 0.0253994 0)
(-0.00494231 0.00882113 0)
(-0.0185411 -0.00730467 0)
(-0.0353952 -0.0225763 0)
(-0.05496 -0.0367796 0)
(-0.0742593 -0.0509169 0)
(-0.0925106 -0.0691535 0)
(-0.114036 -0.0967388 0)
(-0.144291 -0.134748 0)
(-0.17458 -0.180272 0)
(-0.200103 -0.226337 0)
(-0.253246 -0.252396 0)
(-0.325155 -0.184405 0)
(0.000206561 0.186414 0)
(0.000404774 0.0470003 0)
(0.000854855 0.0747693 0)
(0.00273906 0.0859934 0)
(0.00323473 0.0835187 0)
(0.00368155 0.0781694 0)
(0.00331218 0.0720745 0)
(0.00229478 0.0648612 0)
(0.000326423 0.0560851 0)
(-0.00347576 0.0455895 0)
(-0.010128 0.0336098 0)
(-0.020204 0.0208184 0)
(-0.0334675 0.00798585 0)
(-0.0494674 -0.00472983 0)
(-0.0678699 -0.0176065 0)
(-0.0880069 -0.0308677 0)
(-0.109529 -0.0461477 0)
(-0.136033 -0.0666427 0)
(-0.172199 -0.0970186 0)
(-0.217056 -0.138189 0)
(-0.274547 -0.178464 0)
(-0.353999 -0.186811 0)
(-0.431437 -0.123377 0)
(0.00116056 0.185557 0)
(0.000354513 0.0473916 0)
(-0.000344516 0.0741982 0)
(-7.00465e-05 0.0856097 0)
(-0.000523206 0.0835162 0)
(-0.00124461 0.0788526 0)
(-0.00282562 0.0735852 0)
(-0.00530346 0.0674142 0)
(-0.00895986 0.0601231 0)
(-0.0142437 0.0517372 0)
(-0.0217452 0.0424939 0)
(-0.0319455 0.0327196 0)
(-0.0448384 0.0226945 0)
(-0.0602919 0.0124967 0)
(-0.0785658 0.00216638 0)
(-0.0998352 -0.00851108 0)
(-0.12448 -0.0198856 0)
(-0.154196 -0.033069 0)
(-0.193049 -0.0506775 0)
(-0.248139 -0.0743554 0)
(-0.330376 -0.0957442 0)
(-0.437148 -0.0881186 0)
(-0.537997 -0.0290297 0)
(0.00146531 0.184555 0)
(6.59429e-05 0.0485459 0)
(-0.0015494 0.0749181 0)
(-0.00249157 0.086274 0)
(-0.00375145 0.084515 0)
(-0.00542863 0.0805299 0)
(-0.00788774 0.076179 0)
(-0.0112849 0.0711449 0)
(-0.0158864 0.0653213 0)
(-0.0219943 0.0587868 0)
(-0.0299568 0.0517091 0)
(-0.0400837 0.0442793 0)
(-0.0525882 0.0367758 0)
(-0.0676315 0.0293961 0)
(-0.0854808 0.0223048 0)
(-0.106734 0.0153904 0)
(-0.132143 0.00842636 0)
(-0.162606 0.00181928 0)
(-0.199906 -0.00285412 0)
(-0.24904 -0.0046354 0)
(-0.320433 -0.00415185 0)
(-0.415751 0.00561212 0)
(-0.513214 0.0422881 0)
(0.00138968 0.183831 0)
(-0.000456789 0.050288 0)
(-0.00276053 0.0765498 0)
(-0.00452939 0.0878016 0)
(-0.00646271 0.0863165 0)
(-0.00886921 0.0829899 0)
(-0.0119864 0.0795036 0)
(-0.015977 0.0755608 0)
(-0.0210859 0.0710793 0)
(-0.0275531 0.0661499 0)
(-0.0356263 0.060931 0)
(-0.0455715 0.0556105 0)
(-0.0576155 0.0504167 0)
(-0.0719835 0.045638 0)
(-0.0889271 0.0415525 0)
(-0.108773 0.0383473 0)
(-0.132219 0.0359495 0)
(-0.160402 0.0346973 0)
(-0.194106 0.036742 0)
(-0.233815 0.0459478 0)
(-0.282097 0.0661235 0)
(-0.345073 0.0999636 0)
(-0.422087 0.145472 0)
(0.00116358 0.183535 0)
(-0.00103364 0.0525102 0)
(-0.00390625 0.0789158 0)
(-0.00622346 0.0899691 0)
(-0.00869173 0.0887678 0)
(-0.0116151 0.0860603 0)
(-0.0151961 0.0833532 0)
(-0.0195859 0.0803832 0)
(-0.0249649 0.0770931 0)
(-0.0315389 0.073589 0)
(-0.0395247 0.0700177 0)
(-0.0491441 0.0665609 0)
(-0.0606103 0.0634496 0)
(-0.0741497 0.0609458 0)
(-0.0899609 0.0593896 0)
(-0.10828 0.0591589 0)
(-0.129527 0.0606036 0)
(-0.154422 0.0643434 0)
(-0.183734 0.0716104 0)
(-0.217661 0.0848991 0)
(-0.254934 0.108752 0)
(-0.293824 0.147683 0)
(-0.33521 0.199764 0)
(0.000882683 0.183638 0)
(-0.00158357 0.0551812 0)
(-0.00490826 0.0817648 0)
(-0.00758104 0.0925902 0)
(-0.0104236 0.0916634 0)
(-0.0137111 0.08955 0)
(-0.017597 0.0875536 0)
(-0.0222081 0.0854453 0)
(-0.0276907 0.0831993 0)
(-0.0342096 0.0809314 0)
(-0.0419488 0.0787863 0)
(-0.0510732 0.076944 0)
(-0.0617572 0.0756316 0)
(-0.0741765 0.0751313 0)
(-0.0884724 0.0758214 0)
(-0.104825 0.0780753 0)
(-0.123425 0.0822661 0)
(-0.144486 0.0890297 0)
(-0.168164 0.0996205 0)
(-0.194402 0.11606 0)
(-0.222044 0.141485 0)
(-0.247817 0.179174 0)
(-0.26904 0.228344 0)
(0.000603594 0.184152 0)
(-0.00206085 0.058211 0)
(-0.00572141 0.0849338 0)
(-0.00862296 0.0955159 0)
(-0.011711 0.094855 0)
(-0.0151932 0.0932765 0)
(-0.0192383 0.0919308 0)
(-0.0239196 0.090588 0)
(-0.0293568 0.0892471 0)
(-0.0356796 0.0880277 0)
(-0.0430228 0.0870816 0)
(-0.0515048 0.0865915 0)
(-0.061259 0.0867635 0)
(-0.0723886 0.0878723 0)
(-0.0849636 0.090283 0)
(-0.0990589 0.0943832 0)
(-0.114733 0.100593 0)
(-0.132005 0.109448 0)
(-0.150749 0.121869 0)
(-0.170562 0.13922 0)
(-0.190194 0.163612 0)
(-0.206914 0.197468 0)
(-0.217893 0.240828 0)
(0.000389573 0.185018 0)
(-0.00242956 0.0615201 0)
(-0.00636334 0.0883087 0)
(-0.00935184 0.0986202 0)
(-0.0125782 0.0982238 0)
(-0.016145 0.0971214 0)
(-0.0202125 0.0963433 0)
(-0.0248287 0.0956635 0)
(-0.0300917 0.0950915 0)
(-0.0360944 0.0947481 0)
(-0.0429229 0.0947862 0)
(-0.0506623 0.0953794 0)
(-0.0594049 0.0967193 0)
(-0.0691877 0.0990645 0)
(-0.0800282 0.102738 0)
(-0.0919233 0.108103 0)
(-0.104819 0.11554 0)
(-0.118585 0.125491 0)
(-0.132953 0.138625 0)
(-0.147434 0.155854 0)
(-0.160932 0.178445 0)
(-0.171308 0.207937 0)
(-0.176261 0.244738 0)
(0.000261721 0.186137 0)
(-0.00267911 0.0650239 0)
(-0.00681431 0.0917865 0)
(-0.00979464 0.101809 0)
(-0.0130683 0.101642 0)
(-0.0166246 0.100964 0)
(-0.0206166 0.100677 0)
(-0.0250651 0.100556 0)
(-0.0300507 0.100621 0)
(-0.035637 0.100993 0)
(-0.041875 0.101815 0)
(-0.0488198 0.103246 0)
(-0.0565169 0.105464 0)
(-0.0649619 0.108706 0)
(-0.0741253 0.113244 0)
(-0.0839335 0.1194 0)
(-0.0942618 0.127493 0)
(-0.104913 0.13786 0)
(-0.115537 0.150965 0)
(-0.125614 0.167414 0)
(-0.134276 0.187944 0)
(-0.13995 0.213516 0)
(-0.140866 0.244505 0)
(0.000220448 0.187413 0)
(-0.00281598 0.0686758 0)
(-0.0070758 0.0952921 0)
(-0.00997534 0.104996 0)
(-0.0132289 0.105032 0)
(-0.0166939 0.104721 0)
(-0.0205319 0.104843 0)
(-0.0247431 0.10518 0)
(-0.0293832 0.10576 0)
(-0.0344926 0.106696 0)
(-0.0400973 0.108117 0)
(-0.0462277 0.110168 0)
(-0.0528879 0.113016 0)
(-0.0600444 0.116857 0)
(-0.0676341 0.121917 0)
(-0.0755358 0.128467 0)
(-0.0835806 0.136762 0)
(-0.0915347 0.147039 0)
(-0.0990362 0.159612 0)
(-0.105587 0.174862 0)
(-0.110472 0.193189 0)
(-0.11252 0.215202 0)
(-0.110419 0.241247 0)
(0.00025028 0.18875 0)
(-0.00284811 0.0724115 0)
(-0.00714771 0.0987634 0)
(-0.00991271 0.10812 0)
(-0.0130907 0.10833 0)
(-0.0164113 0.108331 0)
(-0.0200428 0.108781 0)
(-0.0239639 0.109481 0)
(-0.0282147 0.110459 0)
(-0.0328185 0.11182 0)
(-0.0377812 0.113678 0)
(-0.0431028 0.116164 0)
(-0.0487672 0.119425 0)
(-0.0547229 0.123616 0)
(-0.0608765 0.12892 0)
(-0.0670817 0.135554 0)
(-0.0731523 0.143714 0)
(-0.0788431 0.153554 0)
(-0.0838017 0.165257 0)
(-0.0875755 0.179058 0)
(-0.0895697 0.195166 0)
(-0.0889 0.213931 0)
(-0.084574 0.235684 0)
(0.000325098 0.190062 0)
(-0.00277993 0.0761576 0)
(-0.00702868 0.102138 0)
(-0.00962268 0.111136 0)
(-0.0126839 0.111487 0)
(-0.0158191 0.111739 0)
(-0.0192076 0.112447 0)
(-0.02281 0.113424 0)
(-0.0266543 0.114696 0)
(-0.0307477 0.116357 0)
(-0.0350789 0.118514 0)
(-0.0396284 0.121277 0)
(-0.0443675 0.124765 0)
(-0.0492286 0.129103 0)
(-0.0541028 0.134438 0)
(-0.0588365 0.140925 0)
(-0.0632384 0.148711 0)
(-0.0670715 0.157889 0)
(-0.0700095 0.168538 0)
(-0.0716415 0.18078 0)
(-0.0714696 0.19472 0)
(-0.0688378 0.210542 0)
(-0.0630076 0.228555 0)
(0.000414804 0.191282 0)
(-0.00260867 0.0798282 0)
(-0.00672398 0.105359 0)
(-0.00911882 0.114009 0)
(-0.012034 0.114467 0)
(-0.0149522 0.114916 0)
(-0.0180744 0.115817 0)
(-0.0213452 0.116994 0)
(-0.0247835 0.118469 0)
(-0.0283814 0.120329 0)
(-0.032114 0.122665 0)
(-0.0359558 0.125569 0)
(-0.0398601 0.129134 0)
(-0.0437427 0.133467 0)
(-0.0475031 0.138667 0)
(-0.0509895 0.144845 0)
(-0.0540107 0.152102 0)
(-0.0563488 0.160483 0)
(-0.057714 0.169989 0)
(-0.0577516 0.180654 0)
(-0.0560299 0.192531 0)
(-0.0520492 0.205721 0)
(-0.0453115 0.220487 0)
(0.000499212 0.192348 0)
(-0.00232551 0.0833398 0)
(-0.00625413 0.108382 0)
(-0.00841813 0.116712 0)
(-0.0111636 0.117247 0)
(-0.0138396 0.117844 0)
(-0.0166823 0.11888 0)
(-0.0196187 0.120192 0)
(-0.022662 0.121796 0)
(-0.0257914 0.123769 0)
(-0.0289762 0.126184 0)
(-0.0321826 0.129117 0)
(-0.0353497 0.132648 0)
(-0.0383936 0.136856 0)
(-0.0412134 0.141804 0)
(-0.0436662 0.147567 0)
(-0.0455757 0.1542 0)
(-0.0467436 0.161716 0)
(-0.0469256 0.17006 0)
(-0.0458226 0.17919 0)
(-0.0430619 0.189143 0)
(-0.0382349 0.200011 0)
(-0.0310538 0.211994 0)
(0.000589717 0.193211 0)
(-0.00192313 0.0866285 0)
(-0.00566103 0.111165 0)
(-0.00755227 0.119219 0)
(-0.0101088 0.119799 0)
(-0.0125183 0.120506 0)
(-0.0150682 0.121636 0)
(-0.0176681 0.123027 0)
(-0.0203288 0.124701 0)
(-0.0230217 0.126719 0)
(-0.0257143 0.129137 0)
(-0.0283609 0.132018 0)
(-0.0308932 0.135429 0)
(-0.0332291 0.139427 0)
(-0.0352746 0.14404 0)
(-0.0369009 0.149319 0)
(-0.0379505 0.155288 0)
(-0.0382413 0.161933 0)
(-0.0375712 0.169154 0)
(-0.0357161 0.176844 0)
(-0.0323463 0.185025 0)
(-0.0270924 0.193849 0)
(-0.0198277 0.203481 0)
(0.000734433 0.193788 0)
(-0.00140717 0.0896771 0)
(-0.00500544 0.113676 0)
(-0.00656355 0.121502 0)
(-0.00891864 0.122094 0)
(-0.0110304 0.12288 0)
(-0.0132831 0.12407 0)
(-0.0155439 0.125506 0)
(-0.0178238 0.127205 0)
(-0.0201026 0.129217 0)
(-0.0223404 0.131588 0)
(-0.0244858 0.134366 0)
(-0.0264665 0.137601 0)
(-0.0282194 0.141324 0)
(-0.0296471 0.145557 0)
(-0.030623 0.150323 0)
(-0.0310206 0.155623 0)
(-0.0306918 0.161426 0)
(-0.0294654 0.167613 0)
(-0.0271781 0.174008 0)
(-0.0235666 0.180591 0)
(-0.0182666 0.187604 0)
(-0.0112244 0.195264 0)
(0.00102819 0.193961 0)
(-0.000750447 0.0925252 0)
(-0.00436542 0.115901 0)
(-0.00550017 0.123536 0)
(-0.00766122 0.124111 0)
(-0.00944635 0.124949 0)
(-0.011387 0.126163 0)
(-0.0133017 0.127625 0)
(-0.0152029 0.129321 0)
(-0.0170678 0.131291 0)
(-0.0188681 0.133575 0)
(-0.0205483 0.136215 0)
(-0.0220435 0.13924 0)
(-0.0232897 0.142655 0)
(-0.0241987 0.146501 0)
(-0.0246628 0.150759 0)
(-0.0245801 0.155419 0)
(-0.0238198 0.160431 0)
(-0.0222512 0.165692 0)
(-0.0197859 0.170976 0)
(-0.0162236 0.176187 0)
(-0.0111983 0.181608 0)
(-0.00464797 0.187604 0)
(0.00158627 0.193503 0)
(6.71038e-05 0.0953598 0)
(-0.00381131 0.117862 0)
(-0.00440512 0.125305 0)
(-0.00641524 0.125829 0)
(-0.00785672 0.126709 0)
(-0.00947761 0.127925 0)
(-0.0110324 0.129369 0)
(-0.0125609 0.131033 0)
(-0.014025 0.132937 0)
(-0.0153876 0.135109 0)
(-0.0166025 0.137585 0)
(-0.0176357 0.140384 0)
(-0.0184072 0.143504 0)
(-0.0188433 0.146967 0)
(-0.0188658 0.150745 0)
(-0.0183903 0.154812 0)
(-0.0173092 0.159125 0)
(-0.0155132 0.163581 0)
(-0.0129716 0.167943 0)
(-0.00958761 0.17205 0)
(-0.0050306 0.176129 0)
(0.000853558 0.180704 0)
(0.00238896 0.192117 0)
(0.000946638 0.0985817 0)
(-0.00331743 0.119638 0)
(-0.00334321 0.126805 0)
(-0.00526605 0.127251 0)
(-0.00635109 0.128165 0)
(-0.00769649 0.129355 0)
(-0.00891562 0.130745 0)
(-0.0100743 0.132335 0)
(-0.0111416 0.134146 0)
(-0.0120814 0.136193 0)
(-0.0128474 0.13849 0)
(-0.0134134 0.141048 0)
(-0.0137138 0.143879 0)
(-0.013689 0.146976 0)
(-0.0132802 0.150317 0)
(-0.0124093 0.153859 0)
(-0.0109959 0.157567 0)
(-0.00896916 0.161339 0)
(-0.00630254 0.164967 0)
(-0.00299836 0.168235 0)
(0.00116592 0.171263 0)
(0.00646698 0.174634 0)
(0.00326521 0.189796 0)
(0.00178844 0.101954 0)
(-0.00285012 0.121329 0)
(-0.00239469 0.128065 0)
(-0.00431496 0.12842 0)
(-0.00507016 0.129353 0)
(-0.00620393 0.130468 0)
(-0.00713883 0.131787 0)
(-0.00798096 0.133274 0)
(-0.00869695 0.134953 0)
(-0.00925811 0.136839 0)
(-0.00962259 0.138944 0)
(-0.00975998 0.141265 0)
(-0.00961033 0.143807 0)
(-0.00912736 0.146544 0)
(-0.00827039 0.149464 0)
(-0.00697076 0.152526 0)
(-0.00516623 0.155682 0)
(-0.00280078 0.158844 0)
(0.0001605 0.161865 0)
(0.00367055 0.164508 0)
(0.00780635 0.166764 0)
(0.0128948 0.169153 0)
(0.00415944 0.186612 0)
(0.00257164 0.105494 0)
(-0.00246906 0.123059 0)
(-0.00162867 0.129134 0)
(-0.00364403 0.129401 0)
(-0.00413753 0.130335 0)
(-0.00515921 0.131356 0)
(-0.00588313 0.132562 0)
(-0.00651364 0.133912 0)
(-0.00698128 0.135426 0)
(-0.00725771 0.137127 0)
(-0.00730847 0.139001 0)
(-0.00711013 0.141055 0)
(-0.00661272 0.143292 0)
(-0.00576363 0.145664 0)
(-0.00451226 0.148159 0)
(-0.00280249 0.150742 0)
(-0.000583777 0.153358 0)
(0.00220217 0.155938 0)
(0.00561802 0.158387 0)
(0.00961254 0.160482 0)
(0.0141584 0.162118 0)
(0.0196034 0.163676 0)
(0.00505154 0.182562 0)
(0.00329393 0.109272 0)
(-0.00216153 0.124889 0)
(-0.00110412 0.130082 0)
(-0.00329131 0.130293 0)
(-0.00359465 0.131188 0)
(-0.00463022 0.132101 0)
(-0.00526346 0.133165 0)
(-0.0057975 0.134357 0)
(-0.0061381 0.135689 0)
(-0.0062837 0.13717 0)
(-0.00619779 0.138788 0)
(-0.00581857 0.140543 0)
(-0.00512576 0.142422 0)
(-0.00407172 0.144402 0)
(-0.00258353 0.146453 0)
(-0.000607639 0.148537 0)
(0.00191668 0.150596 0)
(0.00506442 0.152569 0)
(0.00889258 0.154372 0)
(0.0133879 0.155843 0)
(0.0184984 0.156861 0)
(0.0246587 0.157625 0)
(0.00589944 0.177724 0)
(0.00390099 0.113451 0)
(-0.00191808 0.126911 0)
(-0.000772895 0.131091 0)
(-0.00320511 0.131275 0)
(-0.0034106 0.132096 0)
(-0.0045504 0.132869 0)
(-0.00518475 0.133792 0)
(-0.00573549 0.134816 0)
(-0.00609847 0.135955 0)
(-0.00626243 0.137196 0)
(-0.00618601 0.138555 0)
(-0.00582986 0.140008 0)
(-0.00515058 0.141516 0)
(-0.00409111 0.14308 0)
(-0.0025915 0.144655 0)
(-0.000589062 0.146198 0)
(0.0019866 0.147648 0)
(0.0052046 0.148948 0)
(0.00914806 0.149993 0)
(0.0138691 0.150695 0)
(0.0192929 0.150941 0)
(0.0259351 0.150843 0)
(0.00658296 0.172347 0)
(0.00429472 0.117899 0)
(-0.00171234 0.129154 0)
(-0.000565665 0.132234 0)
(-0.00326626 0.132428 0)
(-0.00343869 0.133134 0)
(-0.00472717 0.133761 0)
(-0.0054172 0.134549 0)
(-0.0060649 0.135395 0)
(-0.0065369 0.136349 0)
(-0.00682026 0.137369 0)
(-0.00687515 0.138478 0)
(-0.00667861 0.139619 0)
(-0.00617374 0.140795 0)
(-0.00530382 0.141948 0)
(-0.00401838 0.143041 0)
(-0.00224994 0.144042 0)
(8.15129e-05 0.144859 0)
(0.00302447 0.145458 0)
(0.00667283 0.145725 0)
(0.0111302 0.145587 0)
(0.0163251 0.144928 0)
(0.022778 0.143839 0)
(0.00700999 0.166557 0)
(0.00446624 0.122364 0)
(-0.001539 0.131384 0)
(-0.000432356 0.133384 0)
(-0.00332419 0.133582 0)
(-0.0035117 0.134139 0)
(-0.00492349 0.134675 0)
(-0.00568427 0.135307 0)
(-0.00644683 0.136019 0)
(-0.00704501 0.136796 0)
(-0.00748055 0.137634 0)
(-0.00772394 0.138506 0)
(-0.00773597 0.139381 0)
(-0.00747125 0.140226 0)
(-0.00691044 0.141019 0)
(-0.00595511 0.141679 0)
(-0.00458252 0.142181 0)
(-0.00270602 0.142429 0)
(-0.000280251 0.142375 0)
(0.00276685 0.14193 0)
(0.00656284 0.140971 0)
(0.0110057 0.139406 0)
(0.0165964 0.137337 0)
(0.00710788 0.160437 0)
(0.00436242 0.126646 0)
(-0.0013518 0.133453 0)
(-0.000341899 0.134407 0)
(-0.00330447 0.134664 0)
(-0.00343345 0.13504 0)
(-0.00493037 0.135475 0)
(-0.00574083 0.135972 0)
(-0.0065733 0.136565 0)
(-0.00727633 0.137195 0)
(-0.00783665 0.13788 0)
(-0.00823754 0.138549 0)
(-0.00845789 0.139204 0)
(-0.00842976 0.139769 0)
(-0.00814654 0.140241 0)
(-0.00755314 0.140556 0)
(-0.00660708 0.140601 0)
(-0.00524534 0.140385 0)
(-0.0034209 0.13976 0)
(-0.00109707 0.138706 0)
(0.00185503 0.137065 0)
(0.00535467 0.134707 0)
(0.0098007 0.131836 0)
(0.00661697 0.154774 0)
(0.00386573 0.130818 0)
(-0.00111828 0.135638 0)
(-0.000246907 0.135634 0)
(-0.00303774 0.136005 0)
(-0.00317245 0.136188 0)
(-0.00461903 0.136505 0)
(-0.00539414 0.136912 0)
(-0.0062295 0.137372 0)
(-0.0069578 0.13789 0)
(-0.00757513 0.138433 0)
(-0.00807067 0.13895 0)
(-0.0084215 0.139403 0)
(-0.00858447 0.13977 0)
(-0.00852461 0.139952 0)
(-0.0082537 0.139963 0)
(-0.00769178 0.139647 0)
(-0.00679672 0.139039 0)
(-0.00554935 0.137963 0)
(-0.00386934 0.136398 0)
(-0.00172523 0.134218 0)
(0.000849419 0.13126 0)
(0.00416071 0.127741 0)
(0.00546892 0.150183 0)
(0.00305973 0.134398 0)
(-0.000805751 0.137616 0)
(-0.00011258 0.136851 0)
(-0.00247832 0.137298 0)
(-0.00259833 0.137299 0)
(-0.00384685 0.137574 0)
(-0.00451125 0.137888 0)
(-0.00525793 0.138271 0)
(-0.00591685 0.138689 0)
(-0.00649664 0.139134 0)
(-0.00699769 0.139524 0)
(-0.00738912 0.139837 0)
(-0.00767516 0.140025 0)
(-0.00779028 0.140026 0)
(-0.00774323 0.139785 0)
(-0.00747785 0.139227 0)
(-0.00698107 0.138294 0)
(-0.00623931 0.136901 0)
(-0.0051508 0.134944 0)
(-0.00372349 0.132329 0)
(-0.00199752 0.128923 0)
(0.000243241 0.124875 0)
(0.00397901 0.146952 0)
(0.00219805 0.137087 0)
(-0.000491774 0.139213 0)
(1.17884e-05 0.137946 0)
(-0.00170685 0.138428 0)
(-0.0017899 0.138252 0)
(-0.00273637 0.138503 0)
(-0.00322389 0.138792 0)
(-0.00380574 0.139127 0)
(-0.00432942 0.139506 0)
(-0.00480524 0.139895 0)
(-0.00524563 0.140211 0)
(-0.00562236 0.140441 0)
(-0.00594591 0.140513 0)
(-0.0061571 0.14041 0)
(-0.00628971 0.139995 0)
(-0.00626952 0.139302 0)
(-0.00610284 0.138131 0)
(-0.00578531 0.136519 0)
(-0.00523279 0.134345 0)
(-0.0044527 0.131472 0)
(-0.00348298 0.127785 0)
(-0.00220628 0.123375 0)
(0.00180939 0.144002 0)
(0.00105789 0.138525 0)
(-7.17303e-05 0.1399 0)
(0.000112041 0.138274 0)
(-0.000648675 0.138795 0)
(-0.000669951 0.138498 0)
(-0.0010366 0.13876 0)
(-0.0012395 0.138989 0)
(-0.00151343 0.139313 0)
(-0.00173785 0.139676 0)
(-0.0019756 0.140022 0)
(-0.00219975 0.140322 0)
(-0.00240199 0.140506 0)
(-0.00259477 0.140534 0)
(-0.00277437 0.140348 0)
(-0.0029003 0.139867 0)
(-0.00298338 0.13904 0)
(-0.00304445 0.137763 0)
(-0.00298388 0.135991 0)
(-0.00285631 0.133616 0)
(-0.00268055 0.130556 0)
(-0.00242964 0.126705 0)
(-0.00202611 0.122069 0)
(0.38471 0.110009 0)
(0.402121 0.0941681 0)
(0.411817 0.0590977 0)
(0.436249 0.0361738 0)
(0.305378 -0.0935876 0)
(0.34442 -0.133978 0)
(0.379349 -0.172808 0)
(0.414444 -0.2112 0)
(0.294944 -0.0855072 0)
(0.308227 -0.0986588 0)
(0.312513 -0.119488 0)
(0.306861 -0.145371 0)
(0.144993 -0.12776 0)
(0.14198 -0.142456 0)
(0.110649 -0.149646 0)
(0.0353912 -0.146115 0)
(-0.375425 -0.0995592 0)
(-0.423405 -0.0205459 0)
(-0.529857 0.103254 0)
(-0.630842 0.186123 0)
(-0.300767 -0.241836 0)
(-0.471921 0.109217 0)
(-0.5746 0.290883 0)
(-0.57816 0.169753 0)
(0.211834 0.275585 0)
(0.134916 0.367332 0)
(0.0860814 0.43173 0)
(0.114237 0.305582 0)
(0.252953 0.0332769 0)
(0.340017 0.240226 0)
(0.371928 0.413017 0)
(0.382992 0.46337 0)
(0.111773 -0.091526 0)
(0.164868 0.11218 0)
(0.215059 0.304035 0)
(0.26946 0.46248 0)
(-0.0840298 -0.119103 0)
(-0.0848369 0.0605742 0)
(-0.0931739 0.224786 0)
(-0.0374943 0.438335 0)
(-0.2911 -0.0240862 0)
(-0.32268 0.139634 0)
(-0.327212 0.267842 0)
(-0.289486 0.399391 0)
(-0.342388 -0.0173382 0)
(-0.338013 0.0929071 0)
(-0.328015 0.179287 0)
(-0.295319 0.244941 0)
(-0.460743 -0.0114574 0)
(-0.46475 0.0812618 0)
(-0.459604 0.171912 0)
(-0.449706 0.249374 0)
(-0.590427 0.04658 0)
(-0.609756 0.117907 0)
(-0.620167 0.209654 0)
(-0.622289 0.306764 0)
(-0.574013 0.0948561 0)
(-0.605592 0.146068 0)
(-0.62745 0.215426 0)
(-0.633412 0.298606 0)
(-0.478408 0.183542 0)
(-0.508146 0.211886 0)
(-0.53132 0.247422 0)
(-0.542301 0.292131 0)
(-0.367198 0.2399 0)
(-0.386118 0.262988 0)
(-0.403077 0.285387 0)
(-0.415596 0.308602 0)
(-0.28225 0.267339 0)
(-0.28996 0.289279 0)
(-0.297556 0.308176 0)
(-0.304521 0.324494 0)
(-0.221943 0.2764 0)
(-0.223143 0.297801 0)
(-0.224288 0.316112 0)
(-0.225356 0.330903 0)
(-0.175847 0.275526 0)
(-0.173743 0.295563 0)
(-0.171234 0.313574 0)
(-0.168392 0.328355 0)
(-0.137942 0.270314 0)
(-0.134097 0.287939 0)
(-0.129423 0.304642 0)
(-0.123991 0.319024 0)
(-0.105801 0.262625 0)
(-0.10102 0.277451 0)
(-0.0951733 0.291978 0)
(-0.0881998 0.305102 0)
(-0.078742 0.253274 0)
(-0.0734464 0.265385 0)
(-0.0670831 0.277324 0)
(-0.0594576 0.288474 0)
(-0.0564114 0.242952 0)
(-0.050877 0.252674 0)
(-0.0443989 0.262021 0)
(-0.0367242 0.270805 0)
(-0.0383587 0.232179 0)
(-0.0327901 0.239894 0)
(-0.0264395 0.24692 0)
(-0.0190585 0.253306 0)
(-0.0240824 0.221378 0)
(-0.0186484 0.227418 0)
(-0.0125851 0.232493 0)
(-0.00569048 0.236708 0)
(-0.0131087 0.210921 0)
(-0.00796486 0.215547 0)
(-0.00230702 0.219023 0)
(0.00400492 0.221409 0)
(-0.00495669 0.201119 0)
(-0.000239178 0.204558 0)
(0.00489722 0.206721 0)
(0.0105476 0.207621 0)
(0.00102221 0.192212 0)
(0.00521373 0.194705 0)
(0.00972604 0.195813 0)
(0.0146426 0.195537 0)
(0.00586211 0.184334 0)
(0.00951928 0.186143 0)
(0.0133777 0.186485 0)
(0.0175191 0.185342 0)
(0.0109015 0.17744 0)
(0.0141184 0.178802 0)
(0.0174222 0.178725 0)
(0.020897 0.177075 0)
(0.0170379 0.171215 0)
(0.0200784 0.172265 0)
(0.023115 0.172076 0)
(0.0262394 0.170347 0)
(0.0238849 0.165073 0)
(0.0270593 0.16582 0)
(0.0302303 0.1656 0)
(0.0334536 0.16407 0)
(0.0294288 0.158374 0)
(0.0329322 0.158744 0)
(0.0365226 0.158351 0)
(0.0401673 0.156941 0)
(0.0311134 0.150909 0)
(0.0348787 0.150787 0)
(0.0388438 0.149993 0)
(0.0429042 0.148407 0)
(0.0278754 0.143193 0)
(0.0315784 0.142477 0)
(0.0355344 0.141113 0)
(0.0396387 0.139104 0)
(0.0210855 0.136008 0)
(0.0243565 0.134676 0)
(0.0278627 0.132722 0)
(0.0315226 0.130239 0)
(0.0134164 0.129888 0)
(0.016072 0.128003 0)
(0.0189033 0.125569 0)
(0.0218547 0.122693 0)
(0.0068746 0.125211 0)
(0.00890828 0.122867 0)
(0.0110494 0.120092 0)
(0.0132607 0.116923 0)
(0.00211917 0.121781 0)
(0.00357452 0.119101 0)
(0.00508905 0.116107 0)
(0.00669496 0.112751 0)
(-0.00107656 0.11985 0)
(-0.0001053 0.117017 0)
(0.000888928 0.113918 0)
(0.00192138 0.110474 0)
(-0.0015757 0.118109 0)
(-0.0011688 0.115148 0)
(-0.000803649 0.111921 0)
(-0.00039635 0.108373 0)
(0.547898 -0.154136 0)
(0.592733 -0.433418 0)
(0.548424 -0.579507 0)
(0.526749 -0.695208 0)
(0.490421 -0.737621 0)
(0.448556 0.491282 0)
(0.0190156 2.09227 0)
(0.00848215 3.40007 0)
(-0.999033 4.26112 0)
(-1.77948 2.74211 0)
(-1.98456 0.971838 0)
(-2.03438 -0.360351 0)
(-1.99022 -1.21041 0)
(-1.62662 -1.63792 0)
(-1.12251 -1.70356 0)
(-0.631639 -1.64551 0)
(0.282948 -1.88135 0)
(-0.0876675 -1.67638 0)
(0.0570051 -1.55981 0)
(0.464423 -0.291588 0)
(0.446708 -0.427659 0)
(0.414741 -0.54821 0)
(0.365125 -0.744024 0)
(0.279451 -0.680419 0)
(0.0626643 0.931652 0)
(-0.780796 2.50682 0)
(-1.05916 3.93077 0)
(-1.77412 4.68526 0)
(-1.4739 3.05586 0)
(-1.51552 1.19202 0)
(-1.49564 -0.19883 0)
(-1.29174 -1.30882 0)
(-1.03482 -1.94855 0)
(-0.692028 -2.15563 0)
(-0.283629 -2.15925 0)
(0.253473 -2.15383 0)
(0.101687 -1.50099 0)
(0.0796177 -1.53921 0)
(0.269002 -0.201253 0)
(0.21011 -0.34664 0)
(0.211137 -0.51188 0)
(0.105907 -0.753052 0)
(-0.0805965 -0.240312 0)
(-0.413972 1.71971 0)
(-1.77372 2.94345 0)
(-1.75007 4.19016 0)
(-1.68256 4.51561 0)
(-1.05254 2.88261 0)
(-0.86816 1.07819 0)
(-0.728709 -0.333343 0)
(-0.305664 -1.55435 0)
(-0.0772711 -2.16946 0)
(0.12047 -2.38624 0)
(0.1716 -2.46347 0)
(0.439145 -2.30307 0)
(0.160926 -1.35312 0)
(0.0992139 -1.45047 0)
(-0.107793 -0.18334 0)
(-0.11461 -0.355213 0)
(-0.052852 -0.487249 0)
(-0.27922 -0.618017 0)
(-0.706156 0.612514 0)
(-0.92374 2.42206 0)
(-2.14649 3.11031 0)
(-1.39574 3.92306 0)
(-0.931631 3.93411 0)
(-0.358813 2.55035 0)
(0.0608127 0.897281 0)
(0.319144 -0.598783 0)
(0.610351 -1.81385 0)
(0.799838 -2.37921 0)
(0.893847 -2.45694 0)
(0.661058 -2.51572 0)
(0.589237 -2.11366 0)
(0.210911 -1.187 0)
(0.127174 -1.33556 0)
(-0.632357 -0.111689 0)
(-0.423209 -0.447119 0)
(-0.33976 -0.447447 0)
(-0.608189 -0.264595 0)
(-0.983595 1.24579 0)
(-1.13366 2.69756 0)
(-1.52917 3.04267 0)
(-0.417675 3.31934 0)
(0.108782 3.26686 0)
(0.661587 2.20205 0)
(1.19873 0.766602 0)
(1.51277 -0.724285 0)
(1.78674 -1.94766 0)
(1.77367 -2.40882 0)
(1.58024 -2.30668 0)
(1.04219 -2.28804 0)
(0.650382 -1.66612 0)
(0.26483 -1.0164 0)
(0.164903 -1.18066 0)
(-0.506199 -0.305134 0)
(-0.566384 -0.478825 0)
(-0.53964 -0.327726 0)
(-0.521402 -0.124207 0)
(-0.273335 -0.0200552 0)
(-0.650582 2.70111 0)
(0.00495497 2.59748 0)
(0.644617 2.54194 0)
(1.06927 2.4754 0)
(1.64678 1.64576 0)
(2.18503 0.390711 0)
(2.564 -1.03793 0)
(2.90433 -2.09746 0)
(2.68469 -2.23068 0)
(2.15468 -1.81422 0)
(1.30994 -1.58043 0)
(0.635294 -1.11627 0)
(0.33798 -0.840227 0)
(0.208605 -0.973789 0)
(-0.147184 -0.0593869 0)
(-0.522118 -0.404614 0)
(-0.504149 -0.300431 0)
(-0.464021 -0.0338376 0)
(-0.482307 0.39354 0)
(-0.0551105 2.23814 0)
(1.78069 2.48665 0)
(2.27456 2.36848 0)
(2.17132 2.0283 0)
(2.37603 1.18884 0)
(2.71666 -0.0741618 0)
(3.20997 -1.45398 0)
(3.30016 -2.11978 0)
(2.71041 -1.8145 0)
(2.16403 -1.26457 0)
(1.35489 -0.695245 0)
(0.715645 -0.707391 0)
(0.458728 -0.662325 0)
(0.254157 -0.703669 0)
(0.213347 0.280201 0)
(-0.403771 -0.197581 0)
(-0.491211 -0.293777 0)
(-0.419029 -0.068997 0)
(-0.319504 0.26255 0)
(-0.217966 0.662596 0)
(0.845936 1.32869 0)
(2.22758 2.02118 0)
(2.54663 1.94173 0)
(2.56717 1.15012 0)
(2.77076 -0.127752 0)
(3.09074 -1.53678 0)
(2.39434 -1.59702 0)
(1.63768 -1.18223 0)
(1.20865 -0.773177 0)
(1.03798 -0.392572 0)
(0.825656 -0.390661 0)
(0.600591 -0.419833 0)
(0.294416 -0.37282 0)
(0.248509 0.502666 0)
(0.0339582 0.297863 0)
(-0.566456 -0.233926 0)
(-0.497141 -0.0860014 0)
(-0.33611 0.150766 0)
(-0.241261 0.29952 0)
(0.0623595 0.587065 0)
(0.833268 1.23669 0)
(1.44145 1.57003 0)
(1.64596 0.802724 0)
(2.04344 -0.795669 0)
(1.78496 -1.27562 0)
(1.03132 -0.9731 0)
(0.731722 -0.81268 0)
(0.704659 -0.613921 0)
(0.772151 -0.412496 0)
(0.805939 -0.299751 0)
(0.642358 -0.184054 0)
(0.282908 -0.0147037 0)
(0.0215517 0.559388 0)
(0.0197548 0.440316 0)
(-0.0694964 0.231527 0)
(-0.628875 -0.181426 0)
(-0.394979 0.0439822 0)
(-0.247527 0.239032 0)
(-0.20536 0.362143 0)
(0.0457664 0.664284 0)
(0.812474 1.24893 0)
(0.918883 0.651238 0)
(1.05926 -0.790331 0)
(0.564559 -0.63868 0)
(0.272297 -0.594879 0)
(0.222512 -0.707525 0)
(0.329086 -0.665891 0)
(0.521643 -0.490617 0)
(0.549278 -0.263326 0)
(0.340532 0.0719622 0)
(0.102302 0.307997 0)
(-0.191483 0.454767 0)
(-0.0813038 0.320455 0)
(0.0101333 0.240182 0)
(-0.198757 0.273517 0)
(-0.670276 -0.157557 0)
(-0.34355 0.144418 0)
(-0.207995 0.322016 0)
(-0.207898 0.424903 0)
(0.332042 0.891667 0)
(0.573429 0.633784 0)
(0.188083 -0.294811 0)
(-0.0714611 -0.322681 0)
(-0.225604 -0.479091 0)
(-0.219916 -0.831618 0)
(-0.0625042 -0.794077 0)
(-0.06637 -0.63497 0)
(-0.0342665 -0.125922 0)
(-0.234436 0.366407 0)
(0.0362019 0.336591 0)
(-0.236994 0.277657 0)
(-0.241883 0.270319 0)
(-0.310139 0.360773 0)
(-0.240479 0.427632 0)
(-0.198144 0.252616 0)
(-0.312742 -0.220737 0)
(-0.285668 0.178686 0)
(-0.305298 0.345218 0)
(-0.134124 0.597664 0)
(0.0974185 0.586447 0)
(-0.182973 0.140059 0)
(-0.625997 -0.168722 0)
(-0.642641 -0.651176 0)
(-0.465234 -0.982988 0)
(-0.312712 -0.808278 0)
(-0.263141 -0.397693 0)
(-0.469734 -0.111374 0)
(-0.290089 0.159447 0)
(0.00189102 0.155742 0)
(-0.472911 0.331528 0)
(-0.591365 0.382359 0)
(-0.684707 0.323879 0)
(-0.522451 0.121027 0)
(-0.274361 -0.0302409 0)
(-0.165946 0.172479 0)
(-0.303878 0.110473 0)
(-0.42683 0.341815 0)
(-0.389586 0.511301 0)
(-0.331929 0.507727 0)
(-0.530167 0.254248 0)
(-0.78328 -0.103301 0)
(-0.816333 -0.783993 0)
(-0.634401 -1.20974 0)
(-0.463035 -0.930451 0)
(-0.315802 -0.4593 0)
(-0.308858 -0.152833 0)
(-0.207442 -0.0109076 0)
(-0.0589005 0.0109226 0)
(-0.639544 0.422242 0)
(-0.708611 0.476586 0)
(-0.75167 0.305967 0)
(-0.67762 -0.0261387 0)
(-0.667047 -0.218844 0)
(-0.65014 -0.0725687 0)
(-0.635476 0.353182 0)
(-0.695839 0.461813 0)
(-0.662766 0.545398 0)
(-0.673123 0.552673 0)
(-0.778818 0.36675 0)
(-0.937967 0.0677696 0)
(-1.01467 -0.684897 0)
(-0.829594 -1.37079 0)
(-0.659532 -1.07373 0)
(-0.404175 -0.556627 0)
(-0.288946 -0.185191 0)
(-0.18668 -0.0945078 0)
(-0.0808908 -0.119313 0)
(-0.621161 0.415779 0)
(-0.606404 0.50095 0)
(-0.614918 0.384162 0)
(-0.724438 0.102501 0)
(-1.03622 -0.0464187 0)
(-1.18951 0.122584 0)
(-1.06587 0.387127 0)
(-0.990365 0.487282 0)
(-0.902117 0.569058 0)
(-0.904276 0.57223 0)
(-1.0492 0.521654 0)
(-1.50265 0.631847 0)
(-1.21727 -0.91659 0)
(-1.16173 -1.55918 0)
(-0.937739 -1.25381 0)
(-0.577828 -0.743224 0)
(-0.346798 -0.357271 0)
(-0.187575 -0.223289 0)
(-0.0419068 -0.205396 0)
(-0.52798 0.368678 0)
(-0.480188 0.455049 0)
(-0.448745 0.459687 0)
(-0.569784 0.342573 0)
(-0.955947 0.129052 0)
(-1.2581 0.0660767 0)
(-1.20652 0.181438 0)
(-1.09358 0.332884 0)
(-1.04297 0.504311 0)
(-1.22231 0.684879 0)
(-1.57975 0.982706 0)
(-1.51711 0.312156 0)
(-1.41517 -1.10808 0)
(-1.50092 -1.70456 0)
(-1.25671 -1.47126 0)
(-0.857797 -0.989265 0)
(-0.462301 -0.557789 0)
(-0.184233 -0.418117 0)
(0.00379023 -0.319263 0)
(-0.415884 0.34854 0)
(-0.385706 0.403021 0)
(-0.332322 0.452124 0)
(-0.320754 0.496758 0)
(-0.443007 0.470414 0)
(-0.721677 0.281297 0)
(-0.851658 0.0939552 0)
(-1.06996 0.277922 0)
(-1.26566 0.590022 0)
(-1.40554 0.937537 0)
(-1.43271 0.996159 0)
(-1.1985 0.187721 0)
(-1.29668 -0.949097 0)
(-1.53292 -1.74684 0)
(-1.51244 -1.79352 0)
(-1.21289 -1.42418 0)
(-0.704893 -0.953604 0)
(-0.268727 -0.684771 0)
(0.036022 -0.368013 0)
(-0.309105 0.348152 0)
(-0.300009 0.377678 0)
(-0.263762 0.410199 0)
(-0.206414 0.475137 0)
(-0.158129 0.556933 0)
(-0.23452 0.540022 0)
(-0.475959 0.432908 0)
(-0.742528 0.488279 0)
(-0.933856 0.710154 0)
(-1.00331 0.957659 0)
(-0.915632 0.849209 0)
(-0.79275 0.159851 0)
(-0.989112 -0.764698 0)
(-1.27916 -1.52658 0)
(-1.43785 -1.83741 0)
(-1.29085 -1.74745 0)
(-0.87797 -1.57657 0)
(-0.412568 -1.20932 0)
(-0.0256198 -0.436452 0)
(-0.225629 0.348957 0)
(-0.221182 0.366546 0)
(-0.202797 0.378852 0)
(-0.161552 0.412011 0)
(-0.0903758 0.48853 0)
(-0.030864 0.585459 0)
(-0.0965949 0.650075 0)
(-0.285784 0.714436 0)
(-0.433714 0.829767 0)
(-0.464134 0.926514 0)
(-0.396753 0.778811 0)
(-0.395211 0.242725 0)
(-0.594159 -0.564385 0)
(-0.852441 -1.344 0)
(-1.08223 -1.76437 0)
(-1.13179 -1.7279 0)
(-0.743994 -1.67426 0)
(-0.399244 -1.68629 0)
(-0.0681611 -0.768052 0)
(-0.163363 0.344928 0)
(-0.155237 0.357613 0)
(-0.140606 0.359217 0)
(-0.111698 0.370183 0)
(-0.058235 0.416636 0)
(0.0253009 0.521527 0)
(0.108887 0.678125 0)
(0.108417 0.820961 0)
(0.039491 0.903674 0)
(0.0105175 0.92062 0)
(0.0338966 0.775349 0)
(-0.0322178 0.341204 0)
(-0.213987 -0.373852 0)
(-0.419777 -1.15912 0)
(-0.57706 -1.70696 0)
(-0.748882 -1.88277 0)
(-0.523553 -1.8473 0)
(-0.372064 -1.80269 0)
(-0.0204734 -0.921704 0)
(-0.114466 0.335117 0)
(-0.101015 0.345893 0)
(-0.0840824 0.341236 0)
(-0.0565602 0.338606 0)
(-0.0106139 0.361868 0)
(0.0634085 0.436425 0)
(0.178317 0.58518 0)
(0.310447 0.778457 0)
(0.382942 0.914745 0)
(0.399001 0.935842 0)
(0.390924 0.806741 0)
(0.303252 0.447228 0)
(0.153715 -0.188473 0)
(-0.06946 -0.966494 0)
(-0.210287 -1.55889 0)
(-0.511204 -1.88676 0)
(-0.270046 -1.90609 0)
(-0.494474 -2.03349 0)
(-0.0810021 -1.1971 0)
(-0.0753057 0.320325 0)
(-0.056844 0.330089 0)
(-0.0366208 0.321354 0)
(-0.00924668 0.306712 0)
(0.0352126 0.309998 0)
(0.106277 0.357072 0)
(0.211848 0.464666 0)
(0.366462 0.636955 0)
(0.536682 0.819968 0)
(0.648712 0.909789 0)
(0.679852 0.841615 0)
(0.604564 0.5575 0)
(0.477661 -0.00771847 0)
(0.262472 -0.750659 0)
(0.117987 -1.37589 0)
(-0.240291 -1.80666 0)
(-0.0523834 -1.83952 0)
(-0.556061 -1.98682 0)
(-0.106369 -1.62768 0)
(-0.0446512 0.301986 0)
(-0.0225133 0.310557 0)
(0.000738467 0.299725 0)
(0.0280207 0.275554 0)
(0.0694248 0.259968 0)
(0.136325 0.280889 0)
(0.234759 0.354898 0)
(0.370958 0.481982 0)
(0.551998 0.651852 0)
(0.733792 0.80018 0)
(0.844787 0.82545 0)
(0.826738 0.63362 0)
(0.728417 0.155886 0)
(0.541855 -0.547086 0)
(0.374029 -1.18486 0)
(0.00430518 -1.68183 0)
(0.075913 -1.7726 0)
(-0.0626983 -1.86441 0)
(0.0759252 -1.85399 0)
(-0.0213609 0.281762 0)
(0.00263715 0.288377 0)
(0.0281277 0.276587 0)
(0.0555037 0.24651 0)
(0.0930422 0.214926 0)
(0.151619 0.210444 0)
(0.239526 0.255065 0)
(0.359123 0.348746 0)
(0.51221 0.480111 0)
(0.698977 0.635608 0)
(0.865328 0.736335 0)
(0.921974 0.648627 0)
(0.874198 0.27613 0)
(0.730089 -0.351341 0)
(0.539151 -0.982396 0)
(0.20813 -1.49457 0)
(0.169148 -1.7431 0)
(0.151911 -1.81362 0)
(0.126455 -1.72765 0)
(-0.00411694 0.261188 0)
(0.020004 0.265049 0)
(0.0463227 0.252448 0)
(0.0733215 0.218963 0)
(0.106972 0.175602 0)
(0.156499 0.149948 0)
(0.230223 0.167456 0)
(0.332172 0.234305 0)
(0.459079 0.336801 0)
(0.61329 0.470957 0)
(0.784121 0.605678 0)
(0.890114 0.606217 0)
(0.89225 0.342892 0)
(0.789287 -0.187777 0)
(0.56781 -0.774943 0)
(0.263929 -1.31037 0)
(0.262333 -1.72677 0)
(0.324048 -1.85164 0)
(0.209433 -1.3833 0)
(0.00824487 0.241439 0)
(0.0311505 0.242123 0)
(0.0566585 0.228537 0)
(0.082164 0.193157 0)
(0.111766 0.141556 0)
(0.153665 0.0993007 0)
(0.214393 0.0946495 0)
(0.296729 0.138171 0)
(0.400813 0.220432 0)
(0.520752 0.334777 0)
(0.663469 0.475343 0)
(0.779593 0.535159 0)
(0.810745 0.372457 0)
(0.739969 -0.0475126 0)
(0.460872 -0.545386 0)
(0.197073 -1.1804 0)
(0.305088 -1.69528 0)
(0.0582486 -1.91923 0)
(0.189784 -1.21647 0)
(0.0166023 0.223264 0)
(0.0373723 0.220839 0)
(0.0606503 0.206281 0)
(0.0833671 0.169984 0)
(0.109023 0.112272 0)
(0.146364 0.0566778 0)
(0.197566 0.0355827 0)
(0.260205 0.0614946 0)
(0.340191 0.126741 0)
(0.432816 0.228366 0)
(0.54237 0.36722 0)
(0.643705 0.464782 0)
(0.680688 0.387747 0)
(0.63031 0.0844793 0)
(0.303473 -0.303005 0)
(0.144933 -1.13532 0)
(0.268032 -1.59923 0)
(-0.282108 -1.8 0)
(0.0955768 -1.17546 0)
(0.0216219 0.207069 0)
(0.0396657 0.202015 0)
(0.0596238 0.18689 0)
(0.0782771 0.150039 0)
(0.0997642 0.085911 0)
(0.134716 0.0177221 0)
(0.180414 -0.0118753 0)
(0.224229 0.00574521 0)
(0.278025 0.0567673 0)
(0.34423 0.147141 0)
(0.427436 0.284742 0)
(0.507523 0.41004 0)
(0.539049 0.40265 0)
(0.492486 0.211213 0)
(0.199184 -0.104326 0)
(0.164724 -1.13427 0)
(0.222231 -1.46202 0)
(-0.178711 -1.59926 0)
(-0.183884 -1.54484 0)
(0.0240394 0.193153 0)
(0.0390128 0.186308 0)
(0.0548153 0.171418 0)
(0.067663 0.134372 0)
(0.082711 0.0624346 0)
(0.112146 -0.0188664 0)
(0.153376 -0.0489806 0)
(0.183578 -0.0280282 0)
(0.210769 0.0128104 0)
(0.249352 0.089698 0)
(0.311288 0.22521 0)
(0.37212 0.374181 0)
(0.401321 0.417504 0)
(0.331563 0.335248 0)
(0.200348 -0.0021909 0)
(0.231257 -1.08953 0)
(0.222732 -1.35652 0)
(0.0224445 -1.371 0)
(-0.115142 -1.64437 0)
(0.0251598 0.181724 0)
(0.0369208 0.174144 0)
(0.0485719 0.160927 0)
(0.0547671 0.12532 0)
(0.0601745 0.0456045 0)
(0.0773089 -0.0509641 0)
(0.107144 -0.0793582 0)
(0.13182 -0.0432995 0)
(0.135473 -0.00660053 0)
(0.149995 0.055575 0)
(0.192495 0.184935 0)
(0.234704 0.352687 0)
(0.289459 0.421167 0)
(0.198037 0.433676 0)
(0.250199 -0.105399 0)
(0.292218 -1.03809 0)
(0.28315 -1.30746 0)
(0.140792 -1.22488 0)
(0.0582198 -1.71001 0)
(0.0269536 0.172737 0)
(0.0358536 0.165157 0)
(0.0447064 0.155032 0)
(0.0463154 0.124144 0)
(0.0417578 0.0415031 0)
(0.0379975 -0.0673711 0)
(0.0405746 -0.099778 0)
(0.0630327 -0.0497897 0)
(0.057279 -0.00983201 0)
(0.0537404 0.0382935 0)
(0.080153 0.156405 0)
(0.105773 0.327836 0)
(0.209822 0.398915 0)
(0.150673 0.450463 0)
(0.353843 -0.206548 0)
(0.382529 -1.02132 0)
(0.380504 -1.28888 0)
(0.258072 -1.05323 0)
(0.109521 -1.60249 0)
(0.0313628 0.165756 0)
(0.0383084 0.158272 0)
(0.0460165 0.151193 0)
(0.0473912 0.128903 0)
(0.0357659 0.0550189 0)
(0.000634021 -0.0555335 0)
(-0.0328384 -0.0984362 0)
(-0.0178372 -0.0532105 0)
(-0.0176335 -0.00631767 0)
(-0.036009 0.0378866 0)
(-0.0247602 0.141156 0)
(-0.00231125 0.282522 0)
(0.133012 0.34885 0)
(0.17547 0.347311 0)
(0.476735 -0.311023 0)
(0.49447 -1.01464 0)
(0.574545 -1.30026 0)
(0.598161 -0.92372 0)
(0.209994 -1.07677 0)
(0.038728 0.159665 0)
(0.0453775 0.152192 0)
(0.0531249 0.146601 0)
(0.0580091 0.133267 0)
(0.0500919 0.0859441 0)
(0.00168509 -0.0121911 0)
(-0.0697584 -0.0791092 0)
(-0.0847137 -0.0536307 0)
(-0.0755748 0.00495216 0)
(-0.0961571 0.0525919 0)
(-0.0994176 0.132172 0)
(-0.0704266 0.217184 0)
(0.0505259 0.252484 0)
(0.233385 0.105394 0)
(0.521041 -0.470784 0)
(0.480262 -1.03516 0)
(0.636298 -1.25853 0)
(0.2926 -0.963266 0)
(0.224 -0.770171 0)
(0.0464425 0.152824 0)
(0.0547019 0.145356 0)
(0.0635236 0.139663 0)
(0.0740031 0.130668 0)
(0.0757234 0.107823 0)
(0.053565 0.0506515 0)
(-0.0204296 -0.0232248 0)
(-0.0770174 -0.0459296 0)
(-0.0814381 0.00387494 0)
(-0.0768799 0.0633278 0)
(-0.0796811 0.118237 0)
(-0.0367574 0.140594 0)
(0.0853977 0.0762995 0)
(0.283874 -0.153595 0)
(0.439526 -0.572112 0)
(0.301167 -0.977804 0)
(0.277281 -1.10782 0)
(-0.168338 -0.838145 0)
(0.199069 -0.62921 0)
(0.0500879 0.144176 0)
(0.0605719 0.13657 0)
(0.0709876 0.129614 0)
(0.0855851 0.120577 0)
(0.0959742 0.106685 0)
(0.101024 0.0790927 0)
(0.0718509 0.0377493 0)
(0.0272438 -0.00223735 0)
(0.000651746 -0.00373822 0)
(0.023399 0.0407277 0)
(0.0437074 0.0850113 0)
(0.110893 0.0598338 0)
(0.226237 -0.0406654 0)
(0.291585 -0.214574 0)
(0.288012 -0.519837 0)
(0.0626259 -0.722293 0)
(-0.342557 -0.936695 0)
(-0.357012 -0.834678 0)
(0.158421 -0.626446 0)
(0.0468972 0.134217 0)
(0.0582345 0.126126 0)
(0.069566 0.117286 0)
(0.0847953 0.106844 0)
(0.0988203 0.0916685 0)
(0.115748 0.0733596 0)
(0.119545 0.051675 0)
(0.112874 0.0228951 0)
(0.11124 0.00366144 0)
(0.131342 0.0117276 0)
(0.170138 0.0294414 0)
(0.235803 -0.00725192 0)
(0.2628 -0.069811 0)
(0.248488 -0.201262 0)
(0.218931 -0.386721 0)
(-0.0165318 -0.415629 0)
(-0.431855 -0.82822 0)
(-0.364795 -1.10497 0)
(0.208724 -0.962723 0)
(0.0379676 0.124455 0)
(0.0481897 0.115616 0)
(0.0588061 0.105106 0)
(0.0714586 0.093411 0)
(0.0850966 0.0753058 0)
(0.0998132 0.0575438 0)
(0.113602 0.0396096 0)
(0.124896 0.0130713 0)
(0.141393 -0.0129105 0)
(0.165321 -0.0162744 0)
(0.205898 -0.0120951 0)
(0.233986 -0.0218253 0)
(0.23118 -0.0608129 0)
(0.257531 -0.195131 0)
(0.298059 -0.292871 0)
(0.220344 -0.276669 0)
(0.274257 -0.582062 0)
(-0.269858 -1.48626 0)
(0.3023 -0.908548 0)
(0.0270517 0.116132 0)
(0.0350533 0.106658 0)
(0.0437979 0.0952123 0)
(0.0525931 0.0826994 0)
(0.0645796 0.0637003 0)
(0.0714373 0.0460545 0)
(0.0857967 0.0269379 0)
(0.0961429 -0.00235746 0)
(0.11476 -0.0376502 0)
(0.151134 -0.0471249 0)
(0.186031 -0.0319114 0)
(0.199904 -0.0275696 0)
(0.225131 -0.087362 0)
(0.291507 -0.235287 0)
(0.347342 -0.324048 0)
(0.39923 -0.379648 0)
(0.750299 -0.520096 0)
(0.0635921 -0.864213 0)
(0.421056 -0.816404 0)
(0.017223 0.109953 0)
(0.0229465 0.100087 0)
(0.0296484 0.0882817 0)
(0.0349458 0.0749375 0)
(0.0454666 0.0570053 0)
(0.0465952 0.0375109 0)
(0.0620851 0.0205903 0)
(0.0703744 -0.0146414 0)
(0.0850786 -0.0692847 0)
(0.113255 -0.0789184 0)
(0.135922 -0.0459845 0)
(0.16748 -0.0496267 0)
(0.199666 -0.134772 0)
(0.266846 -0.267929 0)
(0.244244 -0.38239 0)
(0.287268 -0.481508 0)
(0.310636 -0.552213 0)
(-0.12819 -0.794522 0)
(0.506854 -0.63381 0)
(0.00951378 0.105667 0)
(0.0131604 0.0955156 0)
(0.017948 0.0834753 0)
(0.020954 0.069111 0)
(0.0292347 0.0524044 0)
(0.0295024 0.0293232 0)
(0.0400878 0.011862 0)
(0.0537404 -0.026172 0)
(0.0512163 -0.0799752 0)
(0.0534825 -0.0898279 0)
(0.0708992 -0.0685502 0)
(0.121657 -0.094672 0)
(0.141405 -0.183158 0)
(0.201991 -0.271882 0)
(0.153703 -0.402078 0)
(0.162142 -0.413315 0)
(0.145356 -0.44196 0)
(-0.00454259 -0.923931 0)
(0.513931 -0.582865 0)
(0.00369436 0.10349 0)
(0.0057586 0.0932099 0)
(0.00886775 0.0811203 0)
(0.0105539 0.0660899 0)
(0.0155049 0.0496654 0)
(0.0157862 0.0256755 0)
(0.0198688 0.00413602 0)
(0.0303119 -0.0290874 0)
(0.024118 -0.0754595 0)
(0.0215247 -0.0964121 0)
(0.0378846 -0.100386 0)
(0.0776522 -0.130986 0)
(0.0867431 -0.208423 0)
(0.125963 -0.273271 0)
(0.112236 -0.395821 0)
(0.0769079 -0.401251 0)
(0.231977 -0.445491 0)
(0.0221722 -0.933758 0)
(0.307608 -0.440444 0)
(0.000282063 0.101677 0)
(0.000991805 0.0912643 0)
(0.0022464 0.0791697 0)
(0.00283803 0.0639476 0)
(0.00473978 0.0477573 0)
(0.0052386 0.0243285 0)
(0.00747438 0.000882336 0)
(0.0113453 -0.0319608 0)
(0.0105003 -0.0725811 0)
(0.00892855 -0.0981436 0)
(0.015599 -0.113138 0)
(0.0285717 -0.145538 0)
(0.0321894 -0.219099 0)
(0.0433713 -0.286122 0)
(0.0463271 -0.392217 0)
(0.0302705 -0.456002 0)
(0.149544 -0.485836 0)
(0.0135552 -0.847138 0)
(0.0504215 -0.295935 0)
)
;

boundaryField
{
    leftWall
    {
        type            noSlip;
    }
    rightWall
    {
        type            noSlip;
    }
    lowerWall
    {
        type            noSlip;
    }
    atmosphere
    {
        type            pressureInletOutletVelocity;
        value           nonuniform List<vector> 
46
(
(0.00180939 0.144002 0)
(0.00105789 0.138525 0)
(-7.17303e-05 0.1399 0)
(0.000112041 0.138274 0)
(-0.000648675 0.138795 0)
(-0.000669951 0.138498 0)
(-0.0010366 0.13876 0)
(-0.0012395 0.138989 0)
(-0.00151343 0.139313 0)
(-0.00173785 0.139676 0)
(-0.0019756 0.140022 0)
(-0.00219975 0.140322 0)
(-0.00240199 0.140506 0)
(-0.00259477 0.140534 0)
(-0.00277437 0.140348 0)
(-0.0029003 0.139867 0)
(-0.00298338 0.13904 0)
(-0.00304445 0.137763 0)
(-0.00298388 0.135991 0)
(-0.00285631 0.133616 0)
(-0.00268055 0.130556 0)
(-0.00242964 0.126705 0)
(-0.00202611 0.122069 0)
(-0.0015757 0.118109 0)
(-0.0011688 0.115148 0)
(-0.000803649 0.111921 0)
(-0.00039635 0.108373 0)
(0.000282063 0.101677 0)
(0.000991805 0.0912643 0)
(0.0022464 0.0791697 0)
(0.00283803 0.0639476 0)
(0.00473978 0.0477573 0)
(0.0052386 0.0243285 0)
(0.00747438 0.000882336 0)
(0 -0.0319608 0)
(0 -0.0725811 0)
(0 -0.0981436 0)
(0 -0.113138 0)
(0 -0.145538 0)
(0 -0.219099 0)
(0 -0.286122 0)
(0 -0.392217 0)
(0 -0.456002 0)
(0 -0.485836 0)
(0 -0.847138 0)
(0 -0.295935 0)
)
;
    }
    defaultFaces
    {
        type            empty;
    }
}


// ************************************************************************* //
