/*--------------------------------*- C++ -*----------------------------------*\
| =========                 |                                                 |
| \\      /  F ield         | OpenFOAM: The Open Source CFD Toolbox           |
|  \\    /   O peration     | Version:  5.x                                   |
|   \\  /    A nd           | Web:      www.OpenFOAM.org                      |
|    \\/     M anipulation  |                                                 |
\*---------------------------------------------------------------------------*/
FoamFile
{
    version     2.0;
    format      ascii;
    class       surfaceScalarField;
    location    "0.5";
    object      alphaPhi10;
}
// * * * * * * * * * * * * * * * * * * * * * * * * * * * * * * * * * * * * * //

dimensions      [0 3 -1 0 0 0 0];

internalField   nonuniform List<scalar> 
4432
(
-3.78337e-06
3.78337e-06
-5.25445e-06
1.47109e-06
-3.24305e-06
-2.01141e-06
1.01537e-06
-4.25842e-06
6.51796e-06
-5.50258e-06
1.21241e-05
-5.6061e-06
1.6932e-05
-4.80799e-06
2.05257e-05
-3.59362e-06
2.29124e-05
-2.38668e-06
2.42924e-05
-1.38007e-06
2.48852e-05
-5.92788e-07
2.48248e-05
6.03782e-08
2.41249e-05
6.99944e-07
2.27385e-05
1.38641e-06
2.0431e-05
2.30751e-06
1.6775e-05
3.65593e-06
1.13062e-05
5.46881e-06
4.19643e-06
7.10981e-06
-1.74658e-06
5.95681e-06
-5.91264e-06
4.79097e-06
-1.60256e-05
8.6285e-06
-1.52648e-05
-7.60832e-07
-1.52648e-05
-4.06062e-06
7.84399e-06
-4.92524e-06
2.3357e-06
-2.75112e-06
-4.18553e-06
1.48679e-06
-8.49634e-06
6.9164e-06
-1.09322e-05
1.24514e-05
-1.11411e-05
1.71776e-05
-9.53423e-06
2.0687e-05
-7.10293e-06
2.30134e-05
-4.71317e-06
2.43807e-05
-2.74729e-06
2.50277e-05
-1.23981e-06
2.51918e-05
-1.03732e-07
2.50815e-05
8.10219e-07
2.47935e-05
1.67442e-06
2.43587e-05
2.74236e-06
2.35909e-05
4.4237e-06
2.17927e-05
7.26702e-06
1.74814e-05
1.14211e-05
9.31557e-06
1.41226e-05
-1.51297e-06
1.61992e-05
-9.2271e-06
1.58312e-05
-8.84344e-06
-1.84217e-06
-2.41082e-05
-3.43899e-06
1.1283e-05
-4.00193e-06
2.89865e-06
-1.86324e-06
-6.32422e-06
2.11943e-06
-1.2479e-05
7.31343e-06
-1.61262e-05
1.26897e-05
-1.65174e-05
1.72484e-05
-1.4093e-05
2.0563e-05
-1.04174e-05
2.27193e-05
-6.86948e-06
2.39884e-05
-4.01641e-06
2.46172e-05
-1.86861e-06
2.47713e-05
-2.57831e-07
2.4567e-05
1.01451e-06
2.40878e-05
2.15366e-06
2.34416e-05
3.38853e-06
2.28279e-05
5.03737e-06
2.25205e-05
7.57438e-06
2.19389e-05
1.20028e-05
1.84685e-05
1.75931e-05
1.06125e-05
2.40551e-05
1.92441e-06
2.58956e-05
-1.71901e-07
3.61812e-07
-2.42428e-05
-2.53333e-06
1.38163e-05
-2.67002e-06
3.03534e-06
-6.67004e-07
-8.32724e-06
2.8109e-06
-1.59569e-05
7.62371e-06
-2.0939e-05
1.27906e-05
-2.16843e-05
1.71638e-05
-1.84662e-05
2.02686e-05
-1.35222e-05
2.22449e-05
-8.84579e-06
2.34181e-05
-5.1896e-06
2.40496e-05
-2.50017e-06
2.42937e-05
-5.01889e-07
2.4236e-05
1.07217e-06
2.39174e-05
2.47233e-06
2.33653e-05
3.94055e-06
2.2662e-05
5.7407e-06
2.21007e-05
8.13564e-06
2.22684e-05
1.18352e-05
2.24783e-05
1.73832e-05
2.09555e-05
2.55779e-05
1.72405e-05
2.96106e-05
9.21876e-06
8.39528e-06
-1.50811e-05
-1.33371e-06
1.515e-05
-7.73536e-07
2.47516e-06
1.03505e-06
-1.01358e-05
4.06836e-06
-1.89902e-05
8.37521e-06
-2.52458e-05
1.30897e-05
-2.63988e-05
1.70514e-05
-2.24279e-05
1.98211e-05
-1.62919e-05
2.15947e-05
-1.06194e-05
2.2707e-05
-6.30192e-06
2.33925e-05
-3.18572e-06
2.37716e-05
-8.80925e-07
2.3903e-05
9.40703e-07
2.38128e-05
2.56255e-06
2.35177e-05
4.2357e-06
2.30629e-05
6.19548e-06
2.25507e-05
8.64784e-06
2.24364e-05
1.19495e-05
2.34064e-05
1.64132e-05
2.53214e-05
2.36629e-05
2.50161e-05
2.99159e-05
1.59023e-05
1.75082e-05
8.21208e-07
2.23463e-07
1.49266e-05
2.00941e-06
6.89221e-07
4.14553e-06
-1.2272e-05
7.1603e-06
-2.2005e-05
1.08132e-05
-2.88988e-05
1.44848e-05
-3.00703e-05
1.74531e-05
-2.53962e-05
1.95127e-05
-1.83515e-05
2.09106e-05
-1.20172e-05
2.19263e-05
-7.31768e-06
2.27012e-05
-3.96055e-06
2.32726e-05
-1.45232e-06
2.36452e-05
5.68087e-07
2.37972e-05
2.41048e-06
2.37407e-05
4.29222e-06
2.3537e-05
6.39918e-06
2.331e-05
8.8749e-06
2.32124e-05
1.20471e-05
2.37357e-05
1.58898e-05
2.59551e-05
2.14436e-05
2.72543e-05
2.86167e-05
1.91394e-05
2.5623e-05
1.99606e-05
2.53896e-06
1.23876e-05
5.95108e-06
-2.7229e-06
9.64492e-06
-1.59658e-05
1.31527e-05
-2.55127e-05
1.5728e-05
-3.14741e-05
1.75042e-05
-3.18465e-05
1.88262e-05
-2.67182e-05
1.98269e-05
-1.93522e-05
2.0651e-05
-1.28412e-05
2.14223e-05
-8.08904e-06
2.21729e-05
-4.7111e-06
2.28558e-05
-2.13528e-06
2.3456e-05
-3.2035e-08
2.38706e-05
1.99584e-06
2.40688e-05
4.09399e-06
2.40883e-05
6.37966e-06
2.40911e-05
8.87216e-06
2.42041e-05
1.1934e-05
2.4467e-05
1.56269e-05
2.58508e-05
2.00598e-05
2.72822e-05
2.71853e-05
2.17486e-05
3.11567e-05
4.17092e-05
4.87718e-06
7.51041e-06
1.11545e-05
-9.00018e-06
1.74883e-05
-2.22992e-05
2.12467e-05
-2.927e-05
2.18689e-05
-3.20948e-05
2.11191e-05
-3.10955e-05
2.0657e-05
-2.62555e-05
2.07657e-05
-1.94608e-05
2.12112e-05
-1.32867e-05
2.18079e-05
-8.68577e-06
2.24628e-05
-5.366e-06
2.30986e-05
-2.7711e-06
2.35587e-05
-4.92131e-07
2.40382e-05
1.51637e-06
2.43611e-05
3.77109e-06
2.45955e-05
6.14527e-06
2.48653e-05
8.60237e-06
2.52342e-05
1.1565e-05
2.5637e-05
1.52241e-05
2.64678e-05
1.9229e-05
2.74234e-05
2.62297e-05
2.31412e-05
3.54389e-05
6.48504e-05
2.472e-07
-2.472e-07
2.27807e-07
-4.07575e-07
1.37059e-07
1.18841e-07
5.45062e-07
1.56203e-07
6.74959e-07
1.28592e-07
1.29751e-07
4.36281e-07
1.17495e-09
7.35937e-08
-2.14943e-11
1.19642e-09
2.54349e-11
-4.6566e-11
1.02609e-10
-7.71896e-11
-1.18984e-08
1.20023e-08
-2.2056e-07
2.08661e-07
-1.13983e-06
9.19274e-07
-4.77909e-06
1.00135e-06
-4.2123e-05
-4.12077e-06
-9.19114e-05
-1.39255e-05
-0.00011862
-4.58031e-05
-5.47798e-05
-0.000103258
-8.66925e-05
1.15538e-06
-8.50525e-06
1.74555e-06
-4.88466e-06
6.88777e-07
-7.65183e-08
2.62499e-07
5.54431e-08
2.9342e-07
-2.52308e-07
5.22635e-07
1.19826e-07
2.24038e-08
5.60617e-07
1.53366e-10
2.20455e-08
2.0445e-10
-2.36975e-10
-1.24023e-09
1.49165e-09
-2.41506e-07
2.524e-07
-1.14844e-06
1.02234e-06
-6.12297e-06
7.57686e-07
-3.46492e-06
-1.74895e-07
-1.87394e-06
-2.51772e-07
-9.52701e-06
-6.67302e-07
-3.44976e-05
-6.4767e-06
-4.89185e-05
-5.46495e-05
-0.000135611
4.18556e-06
-7.02828e-05
-6.62189e-07
-2.6755e-07
7.58209e-08
-2.44808e-08
1.6016e-07
-2.6595e-10
1.96654e-07
-6.03236e-10
6.25896e-07
-1.54343e-09
2.87406e-07
4.7383e-07
-1.28995e-10
1.1245e-07
-2.72356e-09
8.33708e-10
-1.49838e-07
1.50198e-07
-1.16085e-06
1.3507e-06
-1.58868e-06
1.79144e-06
-1.81073e-07
-5.68631e-08
-6.15383e-08
-6.40028e-09
-2.76128e-07
-3.67104e-08
-7.58654e-07
-1.69243e-07
-5.54264e-06
-1.60594e-06
-3.35137e-05
-2.06537e-05
-0.000150357
-9.08532e-07
-7.63472e-05
-3.29437e-09
-1.17799e-06
1.0234e-09
-3.08383e-08
1.94754e-09
-1.59492e-09
1.7292e-09
-7.89712e-10
1.21477e-07
-8.92251e-11
2.01306e-07
5.82341e-08
-7.63987e-09
1.75682e-07
-1.00698e-07
9.02067e-08
-1.22572e-06
1.17103e-06
-1.58863e-06
2.0524e-06
-8.9177e-07
1.42444e-06
-3.4673e-08
7.48804e-09
-2.96841e-08
-2.5572e-09
-5.13333e-08
-1.0861e-08
-1.61469e-07
-6.24714e-08
-1.03485e-06
-7.84459e-07
-1.31588e-05
-7.80594e-06
-2.63125e-05
-4.28107e-06
-5.83192e-05
-1.03881e-07
-5.38704e-06
8.16695e-10
-1.35895e-07
1.70032e-09
-2.69492e-09
2.17352e-09
-1.66773e-09
6.86192e-08
5.31211e-09
3.88108e-08
-3.34099e-08
-2.31475e-08
9.63079e-08
-8.70783e-07
8.22852e-07
-1.6902e-06
1.89973e-06
-1.59545e-06
2.30148e-06
-7.72159e-07
9.45043e-07
-1.08463e-08
-1.20811e-09
-5.51097e-09
-3.44841e-09
-9.08919e-09
-3.12596e-09
-6.13462e-08
-1.11723e-08
-9.73829e-07
-1.45577e-07
-1.66552e-06
-7.97702e-06
-2.7978e-05
-6.73922e-06
-6.00607e-05
-3.16155e-07
-2.00833e-05
-5.82095e-10
-4.54289e-07
4.50052e-10
-5.2511e-09
3.83877e-09
-1.05829e-10
8.58635e-09
1.15974e-09
-3.65895e-09
-3.00118e-10
-7.48157e-09
6.28959e-08
-1.21186e-06
9.4021e-07
-1.56854e-06
2.52169e-06
-1.26443e-06
2.29756e-06
-1.66753e-08
2.62806e-07
-6.98671e-09
-5.11508e-09
-7.32046e-10
-3.97768e-09
-1.80449e-10
-5.88126e-10
-1.0627e-08
-3.01533e-10
-1.52738e-07
-2.31397e-11
-7.43075e-06
-6.35065e-06
-0.000103574
-6.58611e-06
-6.65338e-05
-3.51035e-06
-0.00011031
-4.64407e-08
-3.92882e-06
-2.16328e-12
-5.16986e-08
-2.56024e-11
-1.09214e-10
-3.33824e-10
-1.58099e-10
-1.54374e-09
2.49576e-10
-1.30776e-08
2.66092e-08
-8.70154e-07
4.68603e-07
-1.12621e-06
2.86208e-06
-7.03922e-07
2.1326e-06
-3.44979e-08
9.50679e-08
-3.19355e-09
-3.32353e-08
-1.15362e-10
-4.83997e-09
-1.10705e-12
-2.64257e-10
7.0681e-12
-6.32872e-11
1.87098e-12
-2.34746e-11
-6.67942e-06
-1.50665e-06
-0.000251335
9.79936e-06
-7.63331e-05
-2.67291e-06
-0.000121295
-2.14821e-07
-3.25728e-05
-2.73242e-11
-2.66308e-07
-3.3347e-11
-1.91137e-10
-2.42224e-11
4.54006e-11
-2.27494e-10
3.48629e-10
3.20193e-09
7.39253e-09
-1.13214e-07
5.81426e-08
-4.82171e-07
6.12513e-07
-7.50578e-08
1.98172e-06
-9.30469e-10
6.18025e-10
-2.60592e-09
-2.16153e-08
-1.76794e-10
-5.50418e-09
3.06492e-11
-4.58989e-10
1.20989e-11
-6.04371e-11
9.62561e-12
-2.65136e-11
-1.73393e-06
-9.8519e-10
-0.000291768
1.86446e-05
-1.11342e-05
4.21998e-05
-3.25529e-05
5.72918e-05
-3.24329e-05
5.82371e-05
-2.12404e-05
5.2802e-05
-1.8387e-05
4.67861e-05
-1.94124e-05
4.32805e-05
-1.96126e-05
4.32537e-05
-1.78299e-05
4.53427e-05
-1.50138e-05
4.8245e-05
-1.15879e-05
5.10472e-05
-8.16826e-06
5.32002e-05
-4.92418e-06
5.45411e-05
-1.83303e-06
5.48271e-05
1.2304e-06
5.45637e-05
4.03451e-06
5.42529e-05
6.45604e-06
5.47658e-05
8.08952e-06
5.59678e-05
1.0363e-05
5.78344e-05
1.33576e-05
6.09053e-05
1.61581e-05
6.72281e-05
1.99069e-05
7.99343e-05
2.27327e-05
3.43647e-05
0.00011042
2.26082e-05
-1.58465e-05
2.30111e-05
-3.34544e-06
1.57217e-05
-4.51024e-08
1.27005e-05
-3.49258e-14
1.27023e-05
-1.37369e-12
1.1968e-05
-5.38525e-11
1.09349e-05
-1.87386e-09
1.25193e-05
-5.0633e-08
1.84377e-05
-1.08017e-06
2.74762e-05
-5.22331e-06
3.76446e-05
-5.61151e-06
4.74119e-05
-5.10218e-06
5.50327e-05
-3.38766e-06
5.94454e-05
-5.59862e-07
5.9745e-05
3.73485e-06
5.87635e-05
7.43757e-06
5.91853e-05
7.66774e-06
5.98669e-05
9.68135e-06
6.16345e-05
1.159e-05
6.58552e-05
1.19375e-05
7.33284e-05
1.24337e-05
8.41267e-05
1.19343e-05
1.23174e-05
0.000106174
3.39054e-06
-7.87814e-22
4.51024e-08
-8.50436e-20
-3.04569e-16
-6.21079e-18
-3.52234e-14
1.67396e-18
-1.40867e-12
-5.78903e-17
-5.52604e-11
-3.81802e-16
-1.92912e-09
-5.73645e-16
-5.25622e-08
-3.39162e-15
-1.13273e-06
-7.48525e-14
-1.16815e-06
-7.41565e-13
-1.1835e-06
-1.56302e-11
1.54979e-07
-2.97161e-10
4.83009e-06
-4.8442e-09
1.37284e-05
-7.41207e-08
2.88055e-05
-7.06825e-07
4.92801e-05
-8.28418e-07
6.32187e-05
7.73962e-07
6.42443e-05
8.65571e-06
6.30585e-05
1.27758e-05
6.52076e-05
9.78839e-06
6.93463e-05
8.29498e-06
7.49995e-05
6.28105e-06
6.94898e-07
8.66221e-05
-7.21041e-22
-6.67728e-23
-8.26919e-20
-3.07399e-21
-6.2875e-18
-5.86853e-21
-4.16015e-18
3.876e-19
-5.7354e-18
-3.68615e-17
-1.08606e-17
-3.27635e-17
-3.27398e-17
-1.02326e-17
-1.16325e-15
-1.97976e-15
-1.99495e-14
-5.59313e-14
-6.49263e-13
-1.10878e-13
-1.62113e-11
-7.05271e-14
-3.12578e-10
-8.91342e-13
-5.1227e-09
-3.56129e-11
-7.83525e-08
-9.0699e-10
-7.74303e-07
-1.1083e-08
-4.48132e-07
-2.42603e-08
3.76441e-06
-2.68415e-07
1.99102e-05
-1.22566e-06
4.43277e-05
-3.58066e-07
6.6321e-05
-8.87312e-07
7.29991e-05
1.61693e-06
7.77324e-05
1.54771e-06
-3.89052e-06
8.23178e-05
-5.72937e-23
-9.47913e-24
-2.17498e-21
-1.06228e-21
-8.71239e-20
-1.69182e-20
-9.35539e-18
-8.84771e-19
-9.245e-17
-1.63661e-16
-1.21208e-16
-2.07698e-16
-1.72038e-16
-6.6781e-17
-1.63292e-14
-6.73968e-16
-5.36484e-14
-2.46468e-13
-1.03186e-13
-3.91975e-13
-2.04261e-13
-2.19074e-13
-1.414e-12
5.16616e-14
-1.37793e-10
-4.43959e-13
-3.16333e-10
-1.42667e-09
-7.26148e-10
-1.13636e-08
-1.27752e-08
-1.27486e-08
-2.77147e-07
-3.77449e-09
-5.06585e-07
-6.93704e-09
2.41199e-07
-1.09203e-08
4.25576e-06
-1.90733e-08
1.56409e-05
-4.54404e-07
3.96405e-05
-2.65046e-06
-6.30622e-06
7.20212e-05
-6.34683e-24
-5.39544e-24
-8.47909e-22
-3.07906e-21
-1.24762e-19
-3.85063e-19
-7.85839e-17
-1.85016e-17
-7.43115e-16
-2.83359e-16
-9.40045e-16
-5.79196e-16
-2.30551e-16
-4.17998e-16
4.3499e-16
-9.82468e-16
-1.10762e-12
-2.49219e-13
-1.82145e-12
-2.08455e-12
-1.05268e-13
-2.19475e-12
-2.85074e-13
1.05902e-13
-1.74021e-12
9.52864e-13
-1.69682e-09
-4.3284e-10
-2.78296e-09
-3.46139e-09
-1.64771e-09
-7.04635e-09
-3.19679e-10
-9.59005e-10
-4.84648e-10
-2.48389e-09
-8.07324e-10
-6.098e-09
-8.57574e-09
-6.49669e-09
-1.72609e-07
-6.54938e-09
1.19073e-07
-2.57655e-08
-5.04197e-09
1.64191e-06
-7.09476e-24
-6.54768e-25
-5.17434e-21
-8.89332e-22
-1.70721e-18
-1.7447e-19
-1.03917e-16
-1.60137e-17
-9.45708e-16
-2.6136e-16
-1.48939e-15
-7.74066e-16
-8.34838e-16
-7.99744e-16
-2.32198e-15
-7.96408e-16
-1.15344e-12
-1.51717e-14
-2.75153e-12
-2.22728e-12
-2.18063e-12
-2.28197e-12
2.82092e-14
-1.8592e-12
7.13128e-12
-9.09306e-13
1.15071e-10
-1.01688e-10
-6.447e-11
-5.80937e-11
-1.36323e-10
-3.73764e-13
-5.28312e-14
-1.39507e-13
6.34056e-10
-5.42748e-13
4.99461e-09
-2.16977e-09
9.4765e-09
-6.13455e-09
1.49602e-08
-1.13354e-08
6.4336e-09
-1.72764e-08
-2.49034e-09
3.8253e-09
-7.40532e-25
-1.1087e-26
-7.9006e-22
-1.11727e-22
-4.51209e-19
-3.08273e-20
-5.23456e-17
-6.20478e-18
-6.61335e-16
-1.73624e-16
-1.26618e-15
-8.29444e-16
-9.33417e-16
-9.96654e-16
-5.93943e-16
-8.73697e-16
-1.43469e-14
-1.78858e-15
-1.02687e-12
-2.73622e-13
-2.23274e-13
-8.43946e-16
1.9404e-14
-9.47183e-16
9.98139e-12
-1.05043e-11
2.24483e-11
-8.9691e-11
1.61955e-13
-3.57689e-11
1.75107e-15
-1.81771e-13
3.77181e-15
-1.03059e-13
1.81202e-13
-6.77208e-13
3.07217e-09
-2.82266e-09
8.26788e-09
-2.32547e-08
1.57225e-08
-1.79795e-08
6.71593e-09
-9.16146e-09
-1.65864e-09
5.86998e-09
-5.14158e-26
2.72117e-27
-9.8346e-23
-1.41694e-23
-6.93227e-20
-5.70539e-21
-1.46248e-17
-1.90183e-18
-2.94787e-16
-7.27105e-17
-8.67911e-16
-4.77643e-16
-5.94726e-16
-8.84637e-16
-3.27657e-16
-8.53364e-16
-1.83408e-15
-6.77837e-16
-1.26964e-16
-8.26662e-16
-1.13825e-16
-8.57416e-16
1.83152e-16
-1.22193e-15
7.32928e-12
-1.52385e-11
2.2815e-11
-4.61993e-11
1.44117e-13
-1.35994e-11
-2.60224e-15
-2.45009e-14
7.70268e-14
-3.06716e-13
2.34848e-11
-2.40262e-11
1.99682e-09
-2.319e-09
3.58518e-09
-1.47839e-08
6.5049e-09
-2.00051e-08
3.52751e-09
-2.42963e-08
-1.84746e-09
3.71548e-09
-2.99918e-27
5.07048e-27
-1.24292e-23
-1.77164e-24
-1.22105e-20
-1.02106e-21
-3.56269e-18
-5.25933e-19
-8.41873e-17
-2.37846e-17
-2.9125e-16
-1.72849e-16
-2.15166e-16
-3.60743e-16
-2.76444e-17
-3.63727e-16
7.88008e-17
-3.87315e-16
1.45845e-16
-8.94097e-16
2.0853e-16
-9.20263e-16
1.63826e-14
-1.73964e-14
7.39916e-12
-4.50812e-15
8.20072e-12
-3.19576e-16
4.46674e-14
-3.29769e-16
2.20119e-14
-3.51872e-15
5.90731e-13
-2.47522e-12
7.23017e-12
-3.07771e-11
6.72482e-12
-4.98824e-12
-7.37329e-10
-6.01415e-10
-1.48458e-09
-1.47623e-08
-1.04245e-09
-1.64505e-08
-3.743e-09
3.6993e-10
-1.51335e-25
-1.42114e-25
-1.72118e-24
-2.01803e-25
-2.17771e-21
-1.52429e-22
-8.1875e-19
-1.14934e-19
-2.07805e-17
-6.01757e-18
-7.75085e-17
-4.59654e-17
-5.16298e-17
-1.03969e-16
-8.63211e-18
-1.09014e-16
5.12094e-17
-2.19524e-16
2.37962e-16
-1.06369e-15
2.50153e-16
-9.88036e-16
4.25632e-15
-6.66767e-16
2.32922e-17
-1.6046e-16
1.11603e-17
-1.98998e-16
2.49489e-18
-2.17846e-16
-3.24921e-15
-1.71256e-16
-3.05406e-12
-8.59249e-16
-2.19076e-14
-3.76219e-15
-4.97305e-12
-3.79937e-14
-6.01261e-10
-4.58248e-12
-3.01398e-10
-3.34648e-10
-3.96501e-09
-1.90572e-09
-1.83597e-08
-9.91857e-09
-1.09388e-26
-2.55757e-25
-1.86063e-25
-2.66787e-26
-3.24277e-22
-2.83147e-23
-1.59059e-19
-2.02849e-20
-4.24967e-18
-1.23231e-18
-1.79266e-17
-9.46807e-18
-1.45379e-17
-2.2236e-17
-9.22831e-18
-2.63661e-17
-1.891e-18
-1.04873e-16
8.65288e-17
-5.36183e-16
7.94779e-17
-6.26577e-16
3.27504e-17
-5.69846e-16
2.23493e-18
-1.239e-16
-5.43864e-18
-1.82476e-16
-1.60639e-17
-1.91885e-16
-2.495e-18
-8.90736e-17
-8.52669e-16
-8.48421e-18
-7.23632e-16
-8.70699e-18
-3.8658e-14
-6.12812e-17
-4.60908e-12
-1.22298e-14
-3.38587e-10
-6.79858e-13
-2.92231e-09
-2.19245e-11
-9.21476e-10
-1.70442e-08
-1.05538e-27
-1.59953e-25
-1.88734e-26
-8.86071e-27
-4.36013e-23
-1.40058e-23
-2.83514e-20
-2.93333e-21
-7.79218e-19
-2.04283e-19
-3.3083e-18
-1.57425e-18
-3.54412e-18
-3.73673e-18
-4.62359e-18
-5.17143e-18
-7.68341e-17
-1.54696e-17
-4.59804e-17
-7.38636e-17
-4.17767e-17
-1.3036e-16
-1.36853e-17
-1.74142e-16
-2.49898e-17
-1.43464e-16
-3.54727e-17
-1.35567e-16
-2.68577e-17
-1.09241e-16
-1.65604e-18
-2.67913e-17
-2.18582e-18
-7.37208e-18
-4.82844e-18
-5.50615e-18
-5.86931e-17
-6.88433e-18
-1.22697e-14
-1.89058e-17
-6.92086e-13
-4.2326e-17
-2.26165e-11
-6.33105e-17
-1.03432e-16
-9.44092e-10
-2.72856e-28
-9.72798e-26
-6.03257e-27
-4.30908e-27
-6.4351e-24
-5.39652e-24
-4.42996e-21
-3.50583e-22
-1.27449e-19
-2.60496e-20
-5.20806e-19
-2.02392e-19
-7.23847e-19
-5.12699e-19
-1.22382e-18
-8.98614e-19
-6.68348e-18
-2.34549e-18
-1.65349e-17
-8.50731e-18
-2.67706e-17
-3.19845e-17
-3.704e-17
-6.35221e-17
-3.91442e-17
-5.94413e-17
-3.45429e-17
-4.16531e-17
-9.52126e-18
-1.37362e-17
-4.18002e-18
-3.92582e-18
-2.73358e-18
-2.3783e-18
-3.80763e-18
-3.8658e-18
-5.03243e-18
-6.15431e-18
-7.09519e-18
-1.73395e-17
-1.00663e-17
-4.00886e-17
-1.45314e-17
-5.98128e-17
-9.24326e-17
-2.74805e-17
-6.39313e-29
-7.01786e-26
-3.38372e-26
2.94642e-26
-1.09876e-24
-1.39361e-24
-5.6998e-22
-3.41946e-23
-1.63548e-20
-2.53463e-21
-6.77762e-20
-2.02779e-20
-1.29384e-19
-5.85922e-20
-2.74156e-19
-1.45475e-19
-8.68043e-19
-4.94532e-19
-4.56291e-18
-2.09426e-18
-1.27332e-17
-6.41458e-18
-2.38839e-17
-9.29198e-18
-1.5491e-17
-9.24844e-18
-5.69583e-18
-2.2138e-18
-1.67711e-18
-1.13196e-18
-8.17229e-19
-5.05857e-19
-1.26551e-18
-1.63146e-19
-2.87375e-18
-1.20014e-19
-8.77165e-18
-1.24912e-18
-2.99772e-17
-1.16376e-17
-6.79735e-17
-3.66682e-17
-1.22892e-16
-8.23176e-17
-1.7461e-16
-3.68807e-16
6.92222e-28
-5.47629e-26
-9.15545e-26
6.27537e-26
-2.00271e-25
-2.26385e-25
-5.78587e-23
-2.69274e-24
-1.61408e-21
-1.77263e-22
-7.21194e-21
-1.57055e-21
-1.96738e-20
-6.30569e-21
-6.11646e-20
-2.51114e-20
-2.98987e-19
-9.864e-20
-1.52125e-18
-3.28016e-19
-2.66478e-18
-6.56816e-19
-3.09307e-18
-6.98264e-19
-1.04113e-18
-4.91753e-19
-5.5191e-19
-2.47759e-19
-2.93573e-19
-1.12302e-19
-9.00808e-20
-4.84356e-20
-5.55238e-20
-1.66565e-20
-1.14067e-19
-1.10977e-20
-2.70619e-18
-6.65369e-20
-2.48968e-17
-1.06163e-18
-8.06202e-17
-9.56849e-18
-2.12249e-16
-4.46641e-17
-1.22506e-16
-7.88151e-16
1.65943e-27
-3.98773e-26
-1.48191e-26
4.18327e-26
-2.91309e-26
-1.2628e-26
-4.11558e-24
-1.80728e-25
-1.0875e-22
-8.5388e-24
-6.60223e-22
-9.76275e-23
-3.19119e-21
-7.43377e-22
-1.56518e-20
-4.52808e-21
-7.38855e-20
-1.90746e-20
-2.32613e-19
-5.14201e-20
-2.70768e-19
-8.28778e-20
-2.47014e-19
-8.95498e-20
-1.4832e-19
-6.6037e-20
-7.28944e-20
-2.98828e-20
-3.48304e-20
-9.78079e-21
-1.19278e-20
-3.20883e-21
-6.86383e-21
-1.28796e-21
-1.02661e-20
-1.16542e-21
-1.43957e-19
-1.42143e-20
-2.75795e-18
-2.77609e-19
-2.52593e-17
-2.96539e-18
-1.41657e-16
-1.47569e-17
-4.71542e-17
-8.06264e-16
1.26983e-27
-2.50517e-26
-4.84667e-28
2.00443e-26
-1.34838e-27
5.82596e-27
-1.87295e-25
-8.42892e-27
-4.86891e-24
-2.81585e-25
-5.95407e-23
-6.03784e-24
-5.74447e-22
-9.32399e-23
-3.90107e-21
-7.22075e-22
-1.65245e-20
-3.34153e-21
-3.80995e-20
-9.25541e-21
-4.44211e-20
-1.45824e-20
-4.40188e-20
-1.55145e-20
-2.46965e-20
-1.13729e-20
-8.84931e-21
-4.82397e-21
-2.95173e-21
-1.18726e-21
-9.63796e-22
-2.51471e-22
-9.41703e-22
-1.08967e-22
-1.69521e-21
-1.45098e-22
-4.34698e-20
-2.87414e-21
-1.13132e-18
-7.36883e-20
-1.18374e-17
-1.02113e-18
-5.97325e-17
-5.58352e-18
-1.42595e-17
-3.26314e-16
6.93627e-28
-1.31474e-26
8.99214e-28
7.53544e-27
-1.503e-27
5.40989e-27
-4.89731e-27
1.15066e-29
-1.8972e-25
-5.46299e-27
-6.17181e-24
-4.43885e-25
-9.45412e-23
-9.73432e-24
-7.66439e-22
-9.12801e-23
-3.60684e-21
-4.85355e-22
-8.41829e-21
-1.45543e-21
-9.76969e-21
-2.38685e-21
-9.64018e-21
-2.54413e-21
-5.28653e-21
-1.86709e-21
-1.51301e-21
-7.93235e-22
-3.0871e-22
-1.80932e-22
-9.80662e-23
-2.81631e-23
-1.1379e-22
-1.06228e-23
-3.08378e-22
-2.36689e-23
-1.16237e-20
-6.20745e-22
-4.47405e-19
-1.91173e-20
-6.77127e-18
-3.21611e-19
-3.75748e-17
-1.88066e-18
-3.27471e-18
-1.42647e-16
2.91768e-28
-5.60827e-27
9.68453e-28
2.10541e-27
4.62592e-30
2.28219e-27
-1.63024e-27
4.19939e-28
-9.04742e-27
-9.99914e-29
-6.03813e-25
-2.71822e-26
-1.21439e-23
-6.74156e-25
-1.21032e-22
-8.56995e-24
-6.48255e-22
-5.35839e-23
-1.6571e-21
-1.71068e-22
-1.92957e-21
-2.84513e-22
-1.93494e-21
-3.01379e-22
-1.08521e-21
-2.22956e-22
-3.03351e-22
-9.67422e-23
-4.71304e-23
-2.15018e-23
-1.25186e-23
-2.45084e-24
-1.47349e-23
-6.72083e-25
-7.28415e-23
-4.06345e-24
-3.47846e-21
-1.27267e-22
-1.74788e-19
-4.23566e-21
-3.63354e-18
-7.08653e-20
-2.51964e-17
-2.57448e-19
1.24492e-18
-8.26735e-17
8.94633e-29
-1.88066e-27
4.76615e-28
3.98928e-28
2.02922e-28
5.27247e-28
-4.18514e-29
1.29717e-28
-5.04884e-28
-4.01094e-30
-3.86504e-26
-7.52611e-28
-1.12466e-24
-2.91055e-26
-1.4804e-23
-5.75411e-25
-8.9694e-23
-4.10674e-24
-2.37573e-22
-1.35895e-23
-2.80136e-22
-2.23567e-23
-2.83158e-22
-2.32868e-23
-1.65219e-22
-1.73126e-23
-4.70228e-23
-7.73664e-24
-5.78453e-24
-1.74896e-24
-1.10637e-24
-1.74425e-25
-1.43642e-24
-5.04577e-26
-1.89277e-23
-6.19486e-25
-1.08725e-21
-1.92948e-23
-6.55641e-20
-5.11608e-22
-1.58425e-18
7.1457e-23
-1.27114e-17
2.25118e-19
2.64047e-18
-5.54632e-17
1.82902e-29
-4.76441e-28
1.29342e-28
4.44458e-29
7.69712e-29
5.86791e-29
-6.28179e-31
1.35367e-29
-1.01067e-29
2.80232e-30
-1.32086e-27
-2.75894e-30
-7.60523e-26
-8.70823e-28
-1.3226e-24
-2.58789e-26
-8.81149e-24
-1.99115e-25
-2.34963e-23
-6.62779e-25
-2.77922e-23
-1.05847e-24
-2.8321e-23
-1.07224e-24
-1.74071e-23
-7.98066e-25
-5.28093e-24
-3.73578e-25
-5.98769e-25
-9.22664e-26
-1.37209e-25
-1.15227e-26
-2.0361e-25
-4.43676e-27
-4.97594e-24
-5.09532e-26
-3.19621e-22
-1.8576e-25
-2.23186e-20
1.33805e-22
-6.09432e-19
1.08167e-20
-5.61029e-18
2.47269e-19
2.3099e-18
-3.60887e-17
2.17326e-30
-8.75236e-29
1.70891e-29
2.40262e-30
1.01979e-29
2.9267e-30
2.87393e-30
5.91637e-31
-2.46744e-30
1.22022e-31
-2.51572e-29
-5.42772e-32
-3.82585e-27
-1.91473e-29
-8.10384e-26
-6.43977e-28
-5.72097e-25
-5.26753e-27
-1.50986e-24
-1.72898e-26
-1.78919e-24
-2.60276e-26
-1.84846e-24
-2.47852e-26
-1.23339e-24
-1.77162e-26
-4.35325e-25
-7.99134e-27
-6.32881e-26
-1.77276e-27
-2.64497e-26
-1.86983e-28
-4.1522e-26
1.00186e-28
-1.23928e-24
1.33381e-26
-8.48117e-23
1.30934e-24
-7.22798e-21
1.26101e-22
-2.53986e-19
7.80081e-21
-2.65146e-18
1.66589e-19
1.2961e-18
-1.4756e-17
1.24073e-31
-1.12863e-29
1.02857e-30
-1.52894e-42
5.98543e-31
-8.64356e-40
1.70437e-31
-1.89178e-37
-6.91833e-32
-4.01807e-36
-6.65265e-31
-1.18295e-34
-1.22003e-28
-6.46137e-32
-3.0104e-27
-5.01842e-30
-2.25717e-26
-5.07993e-29
-5.83802e-26
-1.68035e-28
-6.95513e-26
-2.3022e-28
-7.32703e-26
-1.67404e-28
-5.35877e-26
-6.06674e-29
-2.13781e-26
3.68838e-29
-3.88841e-27
5.10305e-29
-3.51068e-27
3.44397e-29
-6.94707e-27
1.31763e-28
-2.81517e-25
8.21628e-27
-2.0571e-23
6.2211e-25
-2.12273e-21
5.50351e-23
-9.68911e-20
3.65929e-21
-1.15581e-18
8.39047e-20
6.3066e-19
-5.45647e-18
-8.24883e-44
-9.97514e-31
-1.61142e-42
-3.08187e-48
-1.32577e-38
-1.5233e-45
-1.51849e-36
-4.16223e-43
-1.11667e-35
-2.43758e-40
-1.59027e-33
-1.29044e-37
-1.15433e-30
-6.08566e-35
-4.76351e-29
-3.66646e-33
-4.2981e-28
-1.46292e-32
-1.23727e-27
2.63617e-31
-1.55328e-27
1.53181e-30
-1.68368e-27
3.10629e-30
-1.33833e-27
4.52279e-30
-5.64024e-28
4.20795e-30
-1.43133e-28
2.38626e-30
-1.67403e-28
2.05787e-30
-1.21911e-27
4.3171e-29
-5.74875e-26
2.61569e-27
-4.35287e-24
1.92323e-25
-5.13007e-22
1.70418e-23
-2.97649e-20
1.26827e-21
-4.18883e-19
3.36669e-20
2.78961e-19
-2.15891e-18
-1.69746e-49
-6.57448e-32
-8.34765e-48
5.09604e-48
-1.68556e-45
-2.14634e-48
-2.03611e-42
8.5058e-47
-1.83382e-39
1.2572e-43
-4.14379e-36
1.87296e-40
-3.52609e-33
1.78872e-37
-1.51255e-31
3.13783e-35
-1.37877e-30
6.2295e-34
-4.76219e-30
4.06567e-33
-7.29766e-30
1.38781e-32
-8.14704e-30
2.78107e-32
-7.29737e-30
3.87689e-32
-4.06277e-30
4.40105e-32
-4.4916e-30
4.86183e-32
-7.37052e-30
1.79462e-31
-2.05504e-28
1.03495e-29
-1.08136e-26
6.58313e-28
-8.45177e-25
4.96026e-26
-1.11477e-22
4.55538e-24
-8.14607e-21
3.84295e-22
-1.32162e-19
1.18249e-20
1.05428e-19
-7.36126e-19
2.7166e-49
-3.46829e-33
-1.77036e-48
1.74255e-46
-4.38813e-48
-2.15566e-51
-4.59943e-45
2.61187e-48
-4.13519e-42
2.0084e-45
-6.46279e-39
1.13938e-42
-8.46039e-36
6.61653e-40
-5.7846e-34
1.61741e-37
-6.9605e-33
5.10935e-36
-3.41892e-32
5.2192e-35
-8.93714e-32
2.75613e-34
-1.26326e-31
8.10628e-34
-1.38895e-31
1.28709e-33
-1.26576e-31
1.80534e-33
-1.44597e-31
2.51221e-33
-7.7568e-31
3.31958e-32
-3.30714e-29
2.14967e-30
-1.87866e-27
1.40637e-28
-1.52275e-25
1.1175e-26
-2.21705e-23
1.07917e-24
-2.06343e-21
1.04239e-22
-3.85595e-20
3.79693e-21
3.65459e-20
-2.27625e-19
8.21663e-48
-1.53583e-34
-2.84499e-51
5.23928e-45
-7.42261e-51
4.50222e-55
-8.60783e-48
8.84943e-51
-6.83943e-45
5.0959e-48
-4.75915e-42
1.98982e-45
-2.38127e-39
5.03408e-43
-3.0117e-37
6.97883e-41
-1.29762e-35
4.96879e-39
-1.58067e-34
1.7438e-37
-7.55347e-34
1.72074e-36
-1.4353e-33
6.93342e-36
-1.64678e-33
1.26621e-35
-1.86823e-33
1.64938e-35
-3.17341e-33
7.17992e-35
-9.1205e-32
5.34391e-33
-4.82748e-30
3.67959e-31
-2.96558e-28
2.56194e-29
-2.50411e-26
2.1674e-27
-3.95542e-24
2.2173e-25
-4.77492e-22
2.46524e-23
-1.04872e-20
1.09431e-21
1.15599e-20
-6.50592e-20
1.66857e-46
-5.88226e-36
-5.04017e-54
1.12488e-43
-1.4056e-53
1.10446e-55
-1.743e-50
2.40564e-52
-1.24928e-47
2.13074e-50
-6.77196e-45
5.73132e-48
-2.29368e-42
1.32961e-45
-2.98678e-40
1.68872e-43
-2.62296e-38
1.13091e-41
-4.81272e-37
4.45129e-40
-2.85346e-36
4.50992e-39
-6.22615e-36
1.8268e-38
-7.84867e-36
3.75996e-38
-1.15056e-35
1.43388e-37
-1.96493e-34
8.95898e-36
-1.08732e-32
8.14242e-34
-6.15135e-31
5.22407e-32
-4.04669e-29
3.82112e-30
-3.55876e-27
3.41598e-28
-6.0072e-25
3.74389e-26
-9.64038e-23
4.81274e-24
-2.56944e-21
2.70073e-22
3.19769e-21
-1.66048e-20
2.9007e-46
-1.98373e-37
-1.03796e-56
3.36703e-43
-5.24899e-55
1.71895e-57
-2.81145e-52
2.53657e-54
-3.37604e-50
4.4341e-52
-1.20037e-47
1.9396e-50
-3.56702e-45
3.71917e-48
-4.30518e-43
4.54324e-46
-3.08895e-41
2.60357e-44
-7.04993e-40
7.55794e-43
-5.18269e-39
8.09543e-42
-1.05464e-38
3.88141e-41
-2.30513e-38
2.12915e-40
-3.16332e-37
1.21782e-38
-1.90445e-35
1.39256e-36
-1.11027e-33
9.13588e-35
-6.60228e-32
6.08483e-33
-4.50999e-30
4.51867e-31
-4.08491e-28
4.1511e-29
-7.24724e-26
4.88823e-27
-1.60244e-23
7.32094e-25
-5.44239e-22
5.43665e-23
7.39157e-22
-3.55192e-21
-5.88695e-41
-5.94384e-39
-2.05641e-59
1.23209e-44
-4.15867e-57
9.79632e-60
-2.10705e-54
1.1825e-56
-3.33555e-52
2.50928e-54
-2.79128e-50
1.20741e-52
-6.70919e-48
1.10706e-50
-8.31998e-46
1.33357e-48
-6.12069e-44
7.89538e-47
-1.32648e-42
2.32456e-45
-6.9999e-42
2.60153e-44
-2.53237e-41
2.55966e-43
-3.66695e-40
1.29949e-41
-2.44234e-38
1.70049e-39
-1.60162e-36
1.26716e-37
-9.79123e-35
8.75236e-36
-5.94216e-33
5.9338e-34
-4.0084e-31
4.30794e-32
-3.61727e-29
3.87129e-30
-6.56228e-27
4.804e-28
-2.06472e-24
8.34298e-26
-9.53261e-23
8.58212e-24
1.38741e-22
-6.05856e-22
-3.37798e-42
-1.5881e-40
-4.05882e-62
2.45181e-46
-1.59052e-59
4.01067e-62
-7.82057e-57
4.37879e-59
-1.42475e-54
1.05951e-56
-1.06422e-52
7.23593e-55
-1.45815e-50
3.52509e-53
-1.84106e-48
4.23158e-51
-1.32706e-46
2.59974e-49
-2.25346e-45
8.52467e-48
-1.67894e-44
1.73101e-46
-3.23231e-43
1.12105e-44
-2.17267e-41
1.39205e-42
-1.63768e-39
1.23116e-40
-1.1582e-37
9.61557e-39
-7.54623e-36
7.17543e-37
-4.64591e-34
5.04636e-35
-2.97409e-32
3.57475e-33
-2.52434e-30
3.00944e-31
-4.46851e-28
3.74142e-29
-2.01161e-25
7.32432e-27
-1.35028e-23
1.06362e-24
2.11722e-23
-8.12113e-23
-1.28548e-43
-3.77952e-42
-8.2218e-65
1.26296e-48
-5.0147e-62
1.43015e-64
-2.48128e-59
1.47357e-61
-5.05586e-57
1.5103e-59
-3.92781e-55
6.04041e-58
-3.62033e-53
1.26946e-55
-4.47485e-51
1.56929e-53
-2.62628e-49
1.09364e-51
-5.19821e-48
5.97472e-50
-1.63884e-46
4.8173e-48
-1.20145e-44
6.42068e-46
-1.12415e-42
7.12984e-44
-9.48951e-41
7.29638e-42
-7.37182e-39
6.24032e-40
-5.22985e-37
5.09135e-38
-3.34155e-35
3.85182e-36
-2.04947e-33
2.77795e-34
-1.55834e-31
2.231e-32
-2.53442e-29
2.64427e-30
-1.56103e-26
5.54757e-28
-1.5786e-24
1.09536e-25
2.68314e-24
-8.7654e-24
-3.75859e-45
-7.9806e-44
-1.78676e-67
-4.47475e-48
-1.54037e-64
3.51153e-68
-8.03763e-62
4.51717e-64
-7.17941e-60
8.39955e-63
-4.3668e-58
3.42705e-60
-1.05366e-55
6.47351e-58
-1.19736e-53
9.22547e-56
-7.49489e-52
9.95409e-54
-4.5311e-50
1.24328e-51
-4.48316e-48
1.79779e-49
-4.70608e-46
2.74137e-47
-5.13516e-44
3.11894e-45
-4.83975e-42
3.56756e-43
-4.07992e-40
3.39267e-41
-3.21169e-38
3.0017e-39
-2.22732e-36
2.55394e-37
-1.40097e-34
2.01527e-35
-9.76855e-33
1.67108e-33
-1.43183e-30
1.92757e-31
-1.11021e-27
4.16742e-29
-1.62075e-25
1.01228e-26
2.88607e-25
-8.1701e-25
-9.01848e-47
-1.48578e-45
-4.25362e-69
-2.43165e-49
-1.37725e-68
3.40203e-68
-3.12376e-64
1.42644e-66
-4.84326e-63
4.03186e-64
-1.80587e-60
2.36404e-62
-4.15474e-58
4.9969e-60
-5.64738e-56
9.22772e-58
-6.88295e-54
1.57968e-55
-8.86278e-52
2.9015e-53
-1.25593e-49
5.23309e-51
-1.55651e-47
7.86488e-49
-1.92567e-45
1.03915e-46
-2.0864e-43
1.3254e-44
-1.90631e-41
1.44451e-42
-1.66475e-39
1.4056e-40
-1.31715e-37
1.36844e-38
-9.18704e-36
1.26649e-36
-6.50048e-34
1.17893e-34
-9.0268e-32
1.4323e-32
-8.0388e-29
3.16523e-30
-1.52911e-26
8.49644e-28
2.61729e-26
-7.07714e-26
-1.76596e-48
-2.42341e-47
-4.43384e-71
-7.6651e-51
-1.15075e-70
1.57519e-71
-1.20085e-66
4.58884e-69
-2.39184e-65
3.4013e-67
-9.36921e-63
1.28303e-64
-2.34581e-60
3.62016e-62
-4.70353e-58
8.37567e-60
-8.54839e-56
2.01469e-57
-1.563e-53
4.32869e-55
-2.58636e-51
8.83988e-53
-3.76524e-49
1.46693e-50
-5.43488e-47
2.3557e-48
-6.6704e-45
3.42686e-46
-6.91981e-43
4.24061e-44
-6.74082e-41
4.90761e-42
-6.29598e-39
5.51243e-40
-5.15457e-37
6.14125e-38
-4.09887e-35
6.76471e-36
-5.92332e-33
9.3347e-34
-5.76931e-30
2.14199e-31
-1.28527e-27
5.9779e-29
1.89494e-27
-5.61452e-27
-2.85419e-50
-3.44398e-49
-8.94001e-74
-1.77723e-52
-2.5031e-73
3.52543e-74
-3.28721e-69
2.20594e-71
-8.96691e-68
6.36697e-69
-3.96337e-65
5.30884e-67
-1.19085e-62
1.72429e-64
-3.16006e-60
4.89111e-62
-7.41804e-58
1.35795e-59
-1.70978e-55
3.45191e-57
-3.30051e-53
8.07453e-55
-6.12218e-51
1.6787e-52
-1.01957e-48
3.28633e-50
-1.39776e-46
5.34781e-48
-1.73878e-44
7.95641e-46
-2.02123e-42
1.169e-43
-2.21367e-40
1.58425e-41
-2.15353e-38
2.03237e-39
-2.05932e-36
2.71219e-37
-3.26067e-34
4.39846e-35
-3.39659e-31
1.05702e-32
-8.50724e-29
3.07342e-30
1.00276e-28
-3.63354e-28
-3.76993e-52
-4.25382e-51
-1.93357e-76
-3.2272e-54
-2.16632e-75
1.69513e-76
-1.11426e-71
9.22601e-74
-1.84988e-69
3.87676e-71
-1.30914e-67
4.8928e-69
-4.54461e-65
7.0809e-67
-1.35217e-62
2.13406e-64
-3.91727e-60
6.15501e-62
-1.0047e-57
1.74554e-59
-2.54565e-55
4.43025e-57
-5.59304e-53
1.13963e-54
-1.02774e-50
2.38125e-52
-1.66698e-48
4.50669e-50
-2.72176e-46
8.59683e-48
-4.0125e-44
1.61699e-45
-5.01873e-42
2.6412e-43
-5.80486e-40
3.9659e-41
-6.93052e-38
6.60983e-39
-1.24571e-35
1.3168e-36
-1.42424e-32
3.4524e-34
-4.00351e-30
1.07624e-31
3.48379e-30
-1.62439e-29
-3.81158e-54
-4.60068e-53
-4.34147e-79
-4.54252e-56
-7.08658e-78
4.1273e-77
-3.20672e-74
3.77617e-76
-9.43915e-72
1.73896e-73
-1.08117e-69
3.72362e-71
-1.6109e-67
7.81083e-69
-5.23167e-65
1.9441e-66
-1.6071e-62
3.64151e-64
-4.5402e-60
8.53207e-62
-1.20339e-57
2.26757e-59
-2.84981e-55
5.63068e-57
-5.82568e-53
1.2566e-54
-1.12633e-50
2.63874e-52
-2.10578e-48
5.4332e-50
-3.62636e-46
1.07545e-47
-5.47943e-44
2.03458e-45
-8.21226e-42
4.00324e-43
-1.32577e-39
8.98497e-41
-2.91329e-37
2.34495e-38
-4.21734e-34
7.55184e-36
-1.29391e-31
2.59032e-33
7.01634e-32
-4.14081e-31
-3.01142e-56
-4.42592e-55
4.69223e-81
-5.13227e-58
-1.19005e-78
-1.0799e-78
-8.19692e-77
1.36522e-78
-2.8912e-74
7.00994e-76
-6.10588e-72
1.99744e-73
-1.32534e-69
5.81598e-71
-3.54554e-67
1.75037e-68
-6.97731e-65
4.8691e-66
-1.72585e-62
1.20279e-63
-4.88134e-60
2.62156e-61
-1.21323e-57
4.59369e-59
-2.66925e-55
7.15049e-57
-5.50877e-53
1.56346e-54
-1.07078e-50
3.24512e-52
-1.89475e-48
6.48126e-50
-3.2292e-46
1.27745e-47
-6.13178e-44
2.90219e-45
-1.31599e-41
8.12845e-43
-3.97202e-39
2.61262e-40
-9.27476e-36
1.05548e-37
-2.65566e-33
3.61312e-35
7.04808e-34
-4.97282e-33
-1.77157e-58
-3.87642e-57
-3.74941e-63
-4.72769e-60
-2.27785e-81
-2.5555e-65
-1.43727e-79
3.48832e-81
-6.10352e-77
2.07251e-78
-1.80646e-74
7.37151e-76
-5.73942e-72
2.56801e-73
-1.9532e-69
8.73589e-71
-6.01753e-67
2.77834e-68
-1.49843e-64
7.66764e-66
-3.33999e-62
1.93893e-63
-5.53722e-60
4.41324e-61
-8.83093e-58
9.43621e-59
-1.93164e-55
1.8963e-56
-3.98339e-53
4.00182e-54
-7.36637e-51
9.42476e-52
-1.37549e-48
2.3238e-49
-3.09437e-46
4.86124e-47
-8.23764e-44
6.1335e-45
-2.97583e-41
2.11212e-42
-6.66345e-38
7.68205e-40
-1.69166e-35
1.96875e-37
3.96472e-36
-2.72348e-35
-5.98532e-61
-1.86145e-64
-1.42348e-84
-9.08469e-83
-5.04117e-80
-1.80797e-77
-6.52479e-75
-2.76631e-72
-9.4511e-70
-2.77853e-67
-7.37389e-65
-1.67656e-62
-3.58303e-60
-7.34333e-58
-1.59781e-55
-3.60579e-53
-1.03298e-50
-2.37103e-48
-1.85543e-46
-7.48093e-44
-1.30412e-40
-2.00902e-38
-1.03029e-37
9.73567e-05
1.30633e-05
8.90461e-05
8.31056e-06
8.55061e-05
3.53999e-06
-2.62156e-06
8.81277e-05
0.000115195
4.04187e-06
0.000122689
8.16551e-07
0.000128697
-2.46793e-06
-5.94735e-06
0.000132023
9.29568e-05
-2.29281e-06
9.79663e-05
-4.19301e-06
0.000101738
-6.23991e-06
-8.47573e-06
0.000104267
8.40479e-05
-4.02284e-06
8.49151e-05
-5.06009e-06
8.46594e-05
-5.98405e-06
-7.59426e-06
8.3778e-05
8.06844e-05
-3.86045e-06
8.42331e-05
-3.56685e-06
8.47883e-05
-3.25958e-06
-4.61675e-06
8.3569e-05
3.96243e-06
-1.28968e-09
7.91318e-06
-8.1273e-10
1.51807e-05
-6.54255e-08
-9.83957e-07
3.38946e-05
2.03599e-09
4.82501e-10
-4.56468e-10
1.68092e-09
-6.81804e-08
2.20428e-09
2.43404e-09
-1.05422e-06
5.46986e-09
8.83761e-10
5.05777e-09
2.09666e-09
4.68014e-09
2.58097e-09
2.81282e-09
4.30365e-09
4.73523e-09
-1.32405e-10
5.77237e-09
1.06085e-09
6.56212e-09
1.79039e-09
2.28229e-09
7.09122e-09
1.14599e-09
-9.11449e-10
2.21351e-09
-7.20405e-12
3.37541e-09
6.27044e-10
1.33418e-09
4.32281e-09
-8.90727e-09
-5.4777e-09
-5.10027e-09
-4.06397e-09
-2.0924e-09
-1.41857e-09
4.31066e-10
-4.01988e-12
-2.01656e-08
-1.67712e-09
-1.94194e-08
-4.13768e-09
-1.52725e-08
-4.8929e-09
-2.34195e-09
-1.1827e-08
-2.60951e-09
-2.18278e-16
-1.37407e-08
-1.08226e-15
-2.88869e-08
-2.80839e-15
-3.85545e-15
-1.3264e-08
-9.05412e-17
-1.58174e-16
-2.31458e-16
-9.56626e-16
-4.00693e-16
-2.70063e-15
-3.8861e-15
-5.07686e-16
-1.25332e-15
-1.34534e-16
-7.53043e-15
-2.214e-16
-2.20009e-14
-2.15601e-16
-1.73148e-16
-3.45932e-14
-1.44367e-15
-1.43738e-16
-2.01172e-15
-3.00147e-16
-2.28952e-15
-4.12966e-16
-2.94112e-16
-2.47249e-15
-2.0798e-15
-5.57057e-17
-5.08114e-15
-1.40277e-16
-9.36965e-15
-1.75768e-16
-2.97501e-17
-1.38401e-14
-9.9482e-16
-1.02822e-17
-3.8841e-15
-1.65545e-17
-1.00144e-14
4.03588e-17
3.64338e-16
-1.80667e-14
-3.32122e-16
2.36062e-19
-1.43732e-15
8.20855e-18
-4.80708e-15
6.6772e-17
3.10178e-16
-1.00251e-14
-1.41035e-16
3.57742e-18
-4.53779e-16
1.43434e-17
-2.03421e-15
7.55154e-17
3.39335e-16
-5.73089e-15
-1.21993e-16
5.55734e-18
-7.07903e-16
3.45536e-17
-4.13082e-15
2.59803e-16
1.12523e-15
-1.18793e-14
-1.11359e-16
5.70298e-18
-1.05636e-15
5.3465e-17
-6.38991e-15
4.1119e-16
1.6134e-15
-1.68326e-14
-3.59496e-17
2.03697e-18
-3.05475e-16
9.19707e-18
-2.85897e-15
9.21452e-17
7.10399e-16
-1.0846e-14
-9.89316e-18
8.51869e-19
-3.61528e-17
1.89687e-18
-4.36459e-16
8.10388e-18
1.10419e-16
-3.67017e-15
-3.9544e-18
4.01586e-19
-7.50658e-18
8.37216e-19
-2.47994e-17
1.8429e-18
1.27628e-17
-4.0705e-16
-1.47843e-18
1.59364e-19
-3.04248e-18
4.03619e-19
-7.19168e-18
1.01001e-18
6.86128e-18
-6.37736e-17
-4.92213e-19
5.68937e-20
-1.18903e-18
1.65837e-19
-2.93831e-18
4.90905e-19
3.82003e-18
-2.4347e-17
-1.50354e-19
1.83522e-20
-4.45487e-19
5.91724e-20
-1.04277e-18
1.85495e-19
2.17419e-18
-2.9317e-19
-4.08979e-20
5.10672e-21
-1.34691e-19
1.79134e-20
-3.06006e-19
5.81242e-20
7.96677e-19
8.06895e-19
-9.02604e-21
1.1545e-21
-3.34531e-20
4.30045e-21
-7.60993e-20
1.53059e-20
2.54681e-19
3.94437e-19
-1.5189e-21
2.07486e-22
-6.4004e-21
7.77838e-22
-1.43814e-20
3.05412e-21
5.77036e-20
1.6679e-19
-1.91618e-22
3.00833e-23
-9.13135e-22
1.07471e-22
-1.92176e-21
4.66066e-22
8.14306e-21
4.5049e-20
-1.87638e-23
3.64662e-24
-1.03767e-22
1.25382e-23
-1.95331e-22
6.3002e-23
7.89864e-22
6.83794e-21
-1.61262e-24
3.79786e-25
-1.1945e-23
1.4036e-24
-1.48637e-23
8.72532e-24
6.53996e-23
6.86018e-22
-1.34253e-25
3.35903e-26
-1.48596e-24
1.56824e-25
-1.30793e-24
1.26794e-24
5.14556e-24
5.73275e-23
-1.14291e-26
2.39669e-27
-2.22786e-25
1.71254e-26
-1.48387e-25
1.59796e-25
4.08339e-25
4.46125e-24
-8.95272e-28
1.24375e-28
-2.80562e-26
1.41336e-27
-1.58078e-26
1.31921e-26
3.2828e-26
3.49109e-25
-4.84978e-29
3.93408e-30
-1.7488e-27
5.41687e-29
-1.04968e-27
4.92882e-28
2.4076e-27
2.8599e-26
-1.11629e-30
5.94042e-32
-3.24306e-29
5.83038e-31
-2.8859e-29
5.97797e-30
1.24809e-28
2.21746e-27
-9.77646e-33
4.20076e-34
-2.90971e-31
3.55193e-33
-3.93861e-31
4.82812e-32
2.08799e-30
1.21497e-28
-5.0241e-35
1.14063e-35
-1.0193e-33
2.80033e-35
-2.66282e-33
2.93152e-34
8.22281e-33
2.06533e-30
-2.32089e-37
-1.38819e-36
-7.57492e-36
4.98479e-33
6.83083e-05
-5.65138e-05
4.07805e-05
-9.37677e-05
-2.57967e-06
-0.000102845
-5.77772e-09
-6.02649e-06
-8.86217e-11
-6.146e-09
-1.24446e-10
5.08347e-11
-4.81595e-11
2.05365e-10
1.13377e-09
1.29326e-09
3.12486e-08
1.36951e-08
1.49995e-07
4.74229e-08
3.60975e-07
-1.95401e-09
-3.87677e-09
-7.46074e-10
-1.73356e-09
-5.73193e-09
6.12071e-10
-1.14737e-09
1.33373e-10
-7.55386e-11
4.30742e-11
-1.99428e-11
3.85171e-11
-5.5354e-11
5.38369e-09
-6.35427e-09
-0.000281415
0.000112696
-3.71867e-05
8.19428e-05
-6.30144e-05
2.79038e-05
-9.48494e-05
2.99077e-08
-1.2822e-05
-1.17927e-12
2.37412e-08
-2.46252e-11
4.37411e-11
1.03557e-11
1.41207e-10
1.03021e-09
1.35688e-10
1.11387e-08
1.3282e-09
4.4779e-08
3.54989e-09
3.73991e-08
-1.18577e-10
1.17226e-08
-6.80634e-10
1.26797e-09
-3.33039e-10
1.7709e-10
-1.57892e-10
6.8242e-11
-1.64949e-11
1.88709e-11
-2.03767e-11
3.37553e-10
-4.23838e-10
5.61867e-08
-6.22909e-08
-0.000263097
9.80739e-05
-3.09941e-05
7.6589e-05
-4.15294e-05
3.24551e-05
-6.4972e-05
-2.46211e-08
-1.60056e-05
2.57685e-09
-6.72154e-09
1.92913e-10
2.39845e-09
5.08566e-11
1.85765e-10
2.40675e-10
1.73801e-10
1.24968e-09
1.62453e-10
3.41659e-09
3.13744e-10
2.87559e-09
-7.0154e-11
7.24662e-10
-8.14334e-11
1.99709e-10
-9.89367e-12
2.97502e-10
-5.0541e-10
1.06349e-10
1.02722e-10
7.87345e-11
-4.25673e-11
6.46719e-09
-6.88424e-09
8.85854e-07
-9.4243e-07
-0.000263685
7.86077e-05
-2.58238e-05
6.5574e-05
-2.84957e-05
3.47202e-05
-3.41183e-05
-8.85101e-09
-3.25587e-05
6.65725e-10
-1.90846e-08
2.67146e-10
2.63048e-09
1.08169e-10
3.16616e-10
7.63022e-11
1.53347e-10
1.86043e-10
1.36035e-10
3.46232e-10
3.47299e-11
2.12803e-10
1.47833e-11
9.24861e-11
2.50634e-12
2.63387e-10
-1.13985e-12
5.01336e-09
-9.72883e-09
1.49459e-09
-5.03672e-09
1.23938e-09
1.40865e-10
-7.37638e-09
1.32167e-09
6.50992e-06
-7.47772e-06
-0.000262199
7.58254e-05
-1.80755e-05
6.36914e-05
-1.63611e-05
3.99637e-05
-1.03908e-05
-2.7751e-06
-1.92979e-05
1.46374e-08
-2.82231e-06
2.88466e-09
1.37206e-08
3.11094e-10
2.78144e-09
8.78853e-11
3.03279e-10
5.16552e-11
2.13203e-10
2.40074e-11
3.92602e-11
1.4024e-11
9.15272e-12
8.885e-12
1.58248e-12
1.68278e-11
-8.50011e-13
2.99683e-08
2.17838e-09
2.53322e-08
5.9356e-09
2.68253e-09
6.91496e-09
2.74133e-09
1.55479e-10
1.84923e-05
-4.57357e-05
-0.00024606
7.19518e-05
-1.04123e-05
6.94623e-05
-1.0563e-05
5.59093e-05
3.16299e-06
1.54779e-05
2.11364e-05
-2.41779e-06
1.443e-05
-2.35259e-07
-2.18231e-06
1.90899e-07
-4.24039e-07
1.33196e-08
1.00699e-07
4.56583e-10
9.38289e-09
2.98127e-11
4.07405e-10
5.6549e-12
2.4541e-11
2.36898e-12
4.09334e-12
1.92389e-13
5.51219e-13
-4.899e-10
9.21941e-09
-1.06679e-09
1.46452e-08
-1.51038e-08
2.57558e-08
3.64177e-06
-3.65821e-06
4.10983e-05
-8.32594e-05
-0.000204962
-3.96758e-07
-5.7443e-08
3.69095e-05
-2.51721e-06
6.62848e-05
-5.05694e-06
6.26649e-05
2.47601e-05
3.01252e-05
4.72424e-05
-1.04753e-05
4.73936e-05
-3.01073e-08
2.49448e-05
-2.58064e-10
7.01819e-08
2.25261e-11
9.03666e-09
7.34955e-12
4.1559e-10
1.54788e-12
3.40445e-11
1.42288e-12
2.53104e-12
2.52808e-05
4.88053e-05
3.88077e-05
4.28654e-05
3.15548e-05
2.4941e-05
2.44392e-05
9.14067e-06
4.61354e-05
-1.519e-05
5.59787e-05
-8.51636e-05
-0.000148983
-5.16773e-08
-1.46533e-09
-2.56088e-06
-8.14423e-09
8.3471e-06
-6.2796e-07
6.22541e-05
-3.29986e-06
8.22445e-05
2.74308e-05
7.24333e-05
5.71767e-05
4.13437e-05
6.56652e-05
8.83728e-06
6.59372e-05
3.51755e-06
5.77855e-05
9.36985e-06
5.12385e-05
4.20902e-05
6.60847e-05
0.000105391
7.149e-05
0.000143211
5.0214e-05
0.000153873
2.91796e-05
0.000156096
1.91599e-05
0.000149778
1.75982e-05
0.000128974
6.23163e-06
7.71946e-05
-3.32683e-05
-7.07194e-05
2.5816e-09
3.04261e-09
-4.17382e-09
-1.38269e-09
-6.25932e-07
-6.33125e-09
4.68483e-07
-3.54e-08
3.31025e-05
-5.40799e-09
8.5183e-05
4.88885e-06
0.000105375
3.80956e-05
0.000103161
6.08574e-05
0.000111412
5.89229e-05
0.000128582
6.28974e-05
0.000155992
5.69509e-05
0.000177725
4.76932e-05
0.00018935
3.57756e-05
0.00019637
1.92359e-05
0.000195864
1.65338e-05
0.000187578
2.59696e-05
0.000148135
4.57911e-05
8.19574e-05
3.30218e-05
1.15374e-05
4.85846e-09
2.50691e-09
3.55603e-09
-8.19373e-11
1.89611e-09
-4.79078e-09
9.31699e-11
-3.37981e-08
5.63978e-10
-6.18229e-09
4.2365e-06
-1.07035e-09
3.34258e-05
5.83252e-08
7.57766e-05
8.52105e-07
0.000105065
1.03448e-05
0.000125512
2.18823e-05
0.000131643
2.07034e-05
0.000128212
1.41104e-05
0.000102363
6.00701e-06
6.33472e-05
6.30372e-06
6.32649e-05
8.03197e-06
8.24197e-05
1.1674e-05
0.000118935
3.00702e-05
6.71672e-05
8.71481e-05
7.87381e-05
1.49921e-09
1.00291e-09
5.48345e-09
-3.5228e-09
1.69186e-08
-1.05249e-08
2.67387e-09
-1.70443e-08
1.09276e-09
-2.26342e-09
1.26888e-11
-4.46431e-12
6.18974e-08
-3.54105e-09
7.83291e-07
-7.96484e-09
5.94143e-06
-8.75048e-08
1.31261e-05
-1.30672e-07
1.36101e-05
-3.21473e-07
7.09084e-06
-4.94322e-08
4.83362e-07
3.03134e-08
-3.64129e-07
-2.1754e-07
1.75296e-07
9.29115e-08
2.91772e-06
1.56286e-06
2.83659e-05
2.17991e-05
3.25361e-05
9.31529e-05
0.000115695
-2.37772e-10
-2.8823e-09
2.82539e-09
-8.66959e-10
4.24574e-10
-2.40504e-09
-5.53397e-09
-1.5872e-10
-1.48818e-10
-8.12327e-11
-1.54184e-10
-6.61238e-14
-3.70672e-09
-5.55812e-12
-1.17452e-08
-2.22341e-10
-9.91366e-08
-3.14092e-09
-2.44135e-07
-3.87236e-09
-6.43495e-07
8.69606e-09
-1.05885e-06
4.72358e-08
-2.89561e-06
8.95765e-07
-1.71179e-05
-6.30536e-06
-1.13286e-05
-3.74461e-05
-5.41481e-06
-1.96116e-05
-1.94984e-06
2.86198e-05
3.70633e-06
9.38089e-05
0.000120754
-4.82612e-09
-6.757e-15
-1.22782e-09
-1.49135e-14
-6.53687e-12
-3.03364e-13
-1.64883e-10
-2.0333e-13
-2.70067e-12
2.39509e-13
-2.84723e-12
6.49334e-15
-9.35065e-12
-2.2099e-14
-2.46793e-10
-2.26898e-12
-3.63519e-09
-2.86758e-11
-1.14238e-08
3.02616e-10
-3.7809e-08
1.06731e-08
-2.30605e-07
1.70806e-07
-3.91946e-07
7.38434e-07
-3.67981e-05
-1.98138e-05
-6.2426e-05
-7.4442e-05
-4.82299e-05
-6.20215e-05
-2.0903e-05
4.94339e-06
-8.11744e-06
8.31945e-05
0.000112636
-1.08817e-15
-6.58538e-15
-1.61716e-14
-1.66276e-16
-3.18893e-13
-8.64305e-16
-3.90006e-13
1.00323e-14
-1.40796e-13
-1.53655e-14
-1.4681e-13
8.33688e-15
-2.59594e-13
1.8576e-14
-4.15992e-12
2.89297e-13
-6.63067e-11
1.16489e-11
-6.74358e-10
6.31052e-10
-5.592e-09
1.22272e-08
-4.08213e-08
1.88048e-07
7.01928e-08
5.00497e-07
-2.77645e-05
-1.34305e-06
-7.04439e-05
-2.12258e-05
-5.39411e-05
-7.83373e-05
-2.54185e-05
-2.42557e-05
-7.0828e-06
6.52213e-05
0.000105553
-4.07211e-14
-2.58479e-16
-3.30088e-14
1.95777e-15
-5.07965e-14
3.82107e-15
-5.45675e-14
6.07236e-15
-8.30793e-14
5.94092e-15
-8.06026e-14
1.29525e-14
-9.81543e-14
3.00808e-14
-2.15183e-13
2.01766e-13
8.67196e-13
6.73734e-12
1.37624e-10
4.36304e-10
4.06452e-09
7.52307e-09
-3.68287e-07
2.26054e-07
-5.98928e-08
1.2107e-08
-1.36704e-06
-1.59191e-07
-2.04016e-05
-2.32063e-06
-4.75104e-05
-5.24629e-05
-1.96921e-05
-5.2864e-05
-2.51952e-06
4.71315e-05
5.29087e-05
-7.14432e-15
6.79968e-17
-1.99233e-14
1.38456e-15
-3.95976e-14
5.08916e-15
-7.60298e-14
9.30182e-15
-1.51219e-13
1.48565e-14
-1.63229e-13
3.67996e-14
-7.32138e-14
6.43638e-14
-1.04147e-14
1.9829e-13
3.5192e-12
2.06489e-12
3.59278e-10
5.96216e-11
-1.84638e-08
7.49359e-09
-2.93998e-09
2.6556e-09
-1.9849e-09
4.65436e-09
-2.09278e-07
-4.01102e-08
5.26776e-07
-3.17997e-06
-2.17028e-05
-5.34792e-05
-1.54058e-05
-6.99972e-05
-3.17272e-06
3.34689e-05
7.04304e-05
-2.30378e-14
1.88502e-15
-3.15117e-14
6.14164e-15
-3.61671e-14
9.02838e-15
-3.69474e-14
9.04713e-15
-1.61061e-13
1.18143e-14
-1.00512e-12
7.39905e-14
-7.30416e-13
2.43852e-13
1.83622e-13
4.83614e-13
3.0819e-12
1.66251e-12
-1.99263e-10
2.6082e-11
-2.21216e-11
-3.25071e-10
1.02045e-09
2.83629e-10
8.65635e-10
1.64668e-10
9.38165e-08
-1.3452e-07
-1.01259e-06
-7.68462e-06
-1.03908e-05
-5.10449e-05
-2.35232e-05
-5.08986e-05
-9.21844e-06
2.16164e-05
8.32673e-05
-3.55952e-14
3.60247e-15
-4.54552e-14
9.39083e-15
-4.99773e-14
1.66662e-14
-5.49977e-14
1.87049e-14
-6.40473e-14
1.42272e-14
-6.98091e-14
1.13619e-14
-1.80157e-13
2.43228e-14
-7.20518e-14
2.38191e-13
1.56094e-12
2.95237e-12
-7.38693e-12
7.24922e-12
-1.5198e-11
1.00466e-11
-4.69177e-12
7.32498e-11
-1.29639e-09
5.85676e-10
-5.35571e-08
-8.47114e-08
-6.99148e-06
-5.76905e-06
-8.67642e-06
-3.41305e-05
-1.19551e-05
-3.4361e-05
-1.98052e-05
-1.40219e-06
6.34622e-05
-2.46298e-14
3.2169e-15
-4.67762e-14
1.04394e-14
-9.20522e-14
2.25297e-14
-1.31338e-13
3.99465e-14
-1.1997e-13
3.84608e-14
-9.10637e-14
3.09248e-14
-1.14971e-13
3.49288e-14
-1.25368e-12
2.9343e-13
-1.75551e-12
5.44401e-12
-2.78064e-12
1.33599e-11
-6.02324e-12
1.67981e-11
-5.2545e-11
1.09738e-10
-1.58531e-09
1.99309e-09
-2.11987e-08
-6.93053e-08
-5.177e-06
-4.4628e-06
-2.61857e-06
-4.16919e-05
-6.42174e-06
-3.1209e-05
-2.28136e-05
-6.22744e-06
5.08991e-06
-1.83347e-14
3.51696e-15
-3.81234e-14
1.04845e-14
-9.01426e-14
2.34402e-14
-1.46834e-13
4.2068e-14
-8.69297e-14
4.87718e-14
-8.76067e-14
2.07475e-14
-1.56046e-13
9.29458e-14
-1.26059e-12
1.38467e-12
-1.854e-12
2.94021e-12
1.15098e-12
1.88842e-11
-7.86456e-12
3.34818e-11
-1.37141e-10
2.34268e-10
-1.92137e-09
3.42442e-09
-6.29163e-08
-1.67855e-08
-8.31531e-06
-8.22882e-07
-2.2634e-05
-2.87453e-05
-4.76307e-06
-3.23098e-05
-1.85759e-06
-1.02216e-05
-4.08414e-07
-3.10677e-14
8.37068e-15
-4.24529e-14
1.66741e-14
-4.32471e-14
1.97728e-14
-2.22218e-14
1.94296e-14
-5.3121e-13
5.7362e-14
-1.52994e-11
3.70835e-12
-1.40003e-11
7.19277e-12
-3.18895e-12
1.68597e-11
-6.59693e-12
3.40059e-12
-1.73824e-12
2.3716e-11
-2.28359e-11
6.36206e-11
7.94099e-11
1.38794e-10
2.04188e-09
1.51497e-09
-7.29888e-09
-4.87936e-09
-7.41093e-07
-8.46438e-08
-1.31682e-05
-2.07516e-06
-1.06414e-05
-1.78728e-05
-2.88669e-06
-3.03234e-05
-1.86704e-05
-3.59936e-14
1.02812e-14
-3.83764e-14
1.80667e-14
-3.60082e-14
1.98969e-14
-8.18827e-14
2.06863e-14
-3.7372e-13
1.03939e-13
-3.2873e-11
4.70828e-12
-3.50178e-11
1.0175e-11
-6.78409e-12
3.50745e-11
-1.15523e-11
5.34649e-12
-1.46282e-11
4.19089e-11
1.81978e-11
3.34363e-10
-2.07909e-11
4.27915e-10
-2.58811e-09
3.44808e-09
-5.40243e-09
2.35114e-10
-6.91968e-08
-1.40667e-08
-1.85528e-06
-2.82225e-07
-1.60266e-05
-1.83918e-06
4.10414e-06
-4.90762e-05
-3.35449e-05
-3.00552e-14
7.62467e-15
-3.21398e-14
1.60054e-14
-2.433e-14
1.81235e-14
-2.45833e-14
1.82807e-14
-2.91602e-12
2.31109e-13
-3.64339e-11
3.6937e-12
-3.57148e-11
1.02933e-11
-2.10276e-11
2.50091e-11
2.3464e-12
3.22071e-11
-2.21525e-12
3.91235e-11
2.55403e-11
2.42645e-10
-4.31961e-10
5.98946e-10
-1.40672e-10
8.44156e-10
-3.36908e-09
1.20344e-09
2.31114e-08
-3.5075e-08
-1.74299e-07
-7.86142e-08
-8.92226e-07
-1.09682e-06
-1.66366e-05
-1.29155e-05
-3.18042e-05
-1.87875e-14
3.63524e-15
-2.51023e-14
1.13159e-14
-2.24558e-14
1.54087e-14
-1.84797e-14
1.41351e-14
1.93366e-13
1.66041e-14
-1.00214e-11
3.78211e-14
-3.17626e-11
2.80389e-12
-2.73357e-11
2.25944e-11
-1.48901e-11
4.33071e-11
-1.37629e-11
4.178e-11
-2.16878e-11
1.53945e-12
2.2374e-11
9.57411e-11
-1.01586e-10
5.3834e-10
-2.1292e-08
2.11183e-08
4.44134e-09
-5.86245e-09
7.91974e-09
-2.91875e-08
1.25423e-07
-9.94086e-07
-4.70978e-06
-3.20491e-06
-1.32519e-05
-9.27384e-15
1.62342e-15
-1.91373e-14
7.53039e-15
-2.01924e-14
1.29833e-14
-2.04104e-14
1.42816e-14
-1.59271e-14
1.19513e-14
-2.23642e-15
2.05811e-14
-9.48346e-12
3.05968e-13
-2.35962e-11
4.83186e-12
-9.91194e-12
3.68472e-11
-4.04445e-12
3.92418e-11
3.98609e-13
-9.55036e-13
5.40133e-11
3.86069e-11
-3.12732e-09
4.42473e-09
-4.1111e-09
3.16117e-08
-2.29851e-09
-5.9189e-09
1.45379e-08
-5.64342e-09
8.44937e-08
-1.81567e-08
-1.62227e-06
-1.92787e-06
-3.67046e-05
-5.58986e-15
1.06153e-15
-1.23642e-14
5.13817e-15
-1.09294e-14
8.11207e-15
-1.9302e-15
6.74924e-15
-1.16054e-13
3.06946e-14
1.84773e-13
5.65528e-13
4.73001e-13
8.18919e-13
-2.28984e-11
1.38165e-12
-1.44984e-11
3.56891e-11
-4.94142e-12
3.1919e-11
1.29759e-15
2.71412e-12
3.12666e-11
7.25265e-12
6.4409e-10
1.84618e-08
9.67997e-09
3.25301e-08
1.49678e-09
-1.45932e-08
3.66858e-10
-6.86255e-09
-8.21731e-09
-1.2069e-08
1.97448e-06
-2.50888e-06
-0.000105057
-3.12919e-15
6.0686e-16
-6.30409e-15
2.87987e-15
-4.35669e-15
4.36577e-15
-3.71968e-15
3.92577e-15
-6.01311e-14
1.77285e-14
-8.3839e-13
5.03229e-13
-1.1991e-12
7.51258e-13
-6.30767e-12
3.06081e-13
-1.0192e-11
-5.47016e-13
-2.50008e-12
6.23947e-12
1.31914e-13
2.60125e-12
3.9153e-12
3.29043e-12
1.14062e-08
4.13014e-08
2.59696e-08
2.80346e-08
6.00302e-09
-1.11375e-08
1.85983e-09
-5.06842e-09
1.2186e-08
-2.50728e-08
-1.51209e-06
-9.05097e-07
-0.000117343
-1.3569e-15
2.55127e-16
-3.17924e-15
1.44241e-15
-3.39058e-15
2.84969e-15
-5.1942e-15
3.98995e-15
-8.9194e-14
2.9098e-14
-4.4713e-13
2.12729e-14
-1.30565e-12
4.6425e-15
-5.92272e-13
8.15831e-15
-6.72787e-13
-2.06791e-14
-2.85662e-13
1.50828e-13
9.60279e-14
1.94347e-12
6.08218e-13
2.49896e-12
2.23209e-08
1.52378e-08
1.81989e-08
2.86131e-09
2.00379e-09
-5.57361e-10
2.87495e-09
-8.65215e-09
1.6696e-08
-4.3152e-08
2.628e-07
-3.02445e-07
-5.30161e-05
-4.06235e-16
8.53229e-17
-1.27799e-15
6.83796e-16
-2.60271e-15
2.15035e-15
-1.46675e-14
5.78543e-15
-1.69421e-14
1.31518e-14
-1.91763e-14
5.28516e-15
-2.49077e-14
2.69411e-15
-2.52749e-14
5.47666e-15
-2.00331e-14
1.67233e-14
2.91443e-14
1.4048e-13
1.26471e-12
9.42255e-12
1.63894e-10
1.82382e-10
2.00534e-09
2.96257e-10
7.58596e-10
9.26724e-11
1.54982e-10
-1.33499e-10
1.23422e-08
-2.11081e-08
1.23104e-07
-6.82772e-07
4.37481e-07
-8.10461e-07
-2.81354e-05
-1.35278e-16
2.90616e-17
-6.98765e-16
3.56616e-16
-1.61876e-15
1.54824e-15
-8.6546e-15
3.81248e-15
-2.08402e-14
1.34523e-14
-2.12998e-14
1.34046e-14
-1.96043e-14
5.48697e-15
-1.65052e-14
1.77729e-14
1.61002e-14
2.68042e-14
8.88572e-14
1.10367e-13
-8.87867e-12
1.32764e-11
1.45562e-11
2.02483e-10
3.65189e-11
1.52072e-10
7.75773e-11
-1.01554e-11
2.13731e-09
-2.28402e-09
6.03265e-07
-1.163e-06
2.06725e-06
-3.66006e-06
2.0593e-06
-6.47062e-07
-1.77734e-05
-3.50616e-17
7.57159e-18
-3.51229e-16
1.33804e-16
-8.30238e-16
8.81163e-16
-4.46272e-15
1.79414e-15
-5.35208e-15
7.08103e-15
-6.62305e-15
1.10046e-14
-7.29839e-15
2.48824e-15
-1.70336e-14
2.38341e-14
1.18691e-14
3.99908e-14
4.28189e-13
2.16856e-13
-7.36646e-12
4.78849e-12
-5.91485e-12
3.81429e-11
5.38968e-12
1.81332e-11
4.6918e-10
-5.96168e-10
4.49075e-08
-4.67028e-08
1.5715e-06
-3.35787e-06
3.03564e-06
-3.52759e-06
2.92723e-06
-4.56313e-07
-1.35015e-05
-4.98109e-18
1.45029e-18
-1.25112e-16
2.42417e-17
-2.46074e-16
2.77236e-16
5.0875e-16
4.56155e-16
-3.97926e-15
1.13738e-14
-3.66618e-12
1.11627e-12
-3.20419e-12
8.07848e-12
-4.47623e-14
6.12122e-12
-4.97656e-14
8.89423e-14
8.09799e-14
1.2891e-13
2.11576e-12
2.70086e-12
-1.17418e-09
3.20937e-10
3.92485e-09
5.52377e-10
1.37638e-08
-1.04135e-08
3.52789e-07
-4.19615e-07
2.33576e-06
-3.59863e-06
3.2287e-06
-2.63814e-06
3.01239e-06
-2.19733e-07
-3.40509e-06
-3.60548e-19
2.14377e-19
-1.19147e-17
2.03308e-18
-3.29398e-17
3.50598e-17
1.14091e-17
1.00812e-16
1.1516e-14
3.47049e-16
-2.60655e-12
3.90422e-13
-1.10602e-11
9.11202e-12
-7.24854e-12
1.23624e-11
-4.1178e-14
9.31938e-12
-2.83007e-13
3.56306e-13
-5.47596e-12
1.25062e-12
3.75011e-11
1.147e-12
5.89579e-10
-2.89488e-14
3.19879e-07
-1.25561e-07
1.53418e-06
-1.73191e-06
1.03593e-06
-2.07128e-06
5.3293e-07
-4.75825e-07
3.87427e-07
-9.57666e-08
5.4737e-06
-2.13517e-20
2.24921e-20
-3.43247e-19
1.89479e-19
1.10342e-19
2.74069e-18
5.08668e-18
9.78581e-18
8.55455e-16
8.39844e-17
3.8594e-13
5.51384e-15
1.67943e-13
7.77912e-13
-1.24071e-12
1.47106e-11
5.95169e-13
8.43587e-12
1.41233e-12
1.2326e-11
3.11761e-13
8.14914e-13
1.31566e-12
-2.04025e-14
1.23293e-12
-2.67459e-14
5.99911e-07
-8.3642e-07
9.58824e-07
-2.01644e-06
2.24797e-07
-1.96693e-06
1.86771e-07
-4.60161e-07
7.81001e-08
-1.31191e-08
2.06467e-05
-1.09965e-21
1.81409e-21
3.8107e-21
2.36268e-20
2.93569e-19
3.73117e-19
1.95884e-18
1.36158e-18
3.62292e-17
1.98191e-17
5.39859e-15
1.19235e-16
7.79964e-13
2.88339e-15
8.43571e-12
7.98921e-14
1.27121e-11
3.10028e-12
1.39817e-11
9.8521e-12
4.20356e-13
2.97812e-12
3.13258e-13
6.16387e-15
2.56964e-13
-2.653e-14
7.83537e-07
-1.36896e-06
1.00325e-06
-2.18743e-06
8.60896e-07
-1.79352e-06
2.97064e-07
-4.22245e-07
1.90558e-07
7.1024e-08
2.83385e-05
-6.77864e-23
1.40038e-22
1.21381e-21
2.89694e-21
6.57533e-20
7.08735e-20
4.11529e-19
2.19965e-19
4.23643e-18
3.09274e-18
2.19845e-16
1.77352e-16
3.13668e-15
2.35729e-16
8.22474e-14
9.30119e-17
1.45529e-12
6.77682e-15
3.41999e-12
5.21596e-14
4.9211e-13
1.75517e-13
1.37474e-13
-2.06104e-16
9.82512e-14
-4.86623e-14
8.83774e-07
-9.64803e-14
8.31747e-07
-2.10435e-06
7.25906e-07
-1.64444e-06
2.76465e-07
-2.41331e-07
-6.63396e-07
6.30156e-07
1.5569e-05
-6.28754e-24
1.11498e-23
1.19388e-22
2.99859e-22
9.73431e-21
9.06051e-21
4.58823e-20
1.77601e-20
2.78735e-18
1.89369e-18
2.29053e-16
1.95029e-16
3.72292e-16
1.82642e-16
4.41178e-16
8.09801e-18
6.18369e-15
9.853e-16
2.31902e-14
2.59548e-14
3.91681e-14
6.51635e-14
4.4263e-14
-9.08752e-14
1.09429e-13
-1.68702e-13
5.55279e-14
-1.00965e-13
9.67052e-07
-1.07981e-06
5.20572e-07
-1.41212e-06
1.11264e-09
-2.13149e-07
-8.99502e-07
5.23984e-07
7.74844e-08
-7.38311e-25
8.3146e-25
6.17595e-24
2.1869e-23
5.88357e-22
3.00823e-22
3.32503e-21
1.11965e-21
7.67524e-19
3.59676e-19
3.78131e-17
1.12577e-17
4.66944e-17
5.13707e-18
2.14706e-17
1.27952e-18
1.00282e-15
3.95237e-18
5.4874e-13
3.06846e-13
1.13629e-12
1.03626e-13
1.58029e-12
-3.32949e-12
7.34795e-13
-1.88283e-12
7.30632e-13
-1.27282e-13
6.37902e-07
-1.62011e-14
1.93261e-07
-1.46738e-06
-5.27634e-08
1.29955e-08
-9.99852e-08
1.54321e-08
-2.25008e-08
-7.07731e-26
4.03908e-26
8.13989e-26
8.89766e-25
1.77061e-23
6.72454e-24
2.47555e-22
8.53421e-23
1.57089e-19
5.67964e-20
6.54291e-19
1.47025e-20
2.24531e-19
2.52034e-21
9.48896e-20
4.79227e-23
-3.614e-17
9.28711e-18
5.09259e-12
-5.93653e-13
9.00136e-12
-1.01634e-12
8.93299e-12
-5.816e-12
1.56302e-13
-8.6041e-13
5.87382e-14
-3.19845e-14
4.30763e-14
-4.92868e-16
5.26041e-07
-5.91628e-07
1.46872e-08
1.87851e-07
-4.49181e-08
7.88182e-08
-6.7419e-08
-2.7477e-27
6.64011e-28
-5.90554e-27
1.44248e-26
2.94745e-25
1.2053e-25
1.38696e-23
3.67846e-24
1.70111e-21
4.60094e-21
1.11274e-21
2.35725e-21
1.26524e-21
3.16385e-22
-2.07171e-22
2.69996e-23
-1.39826e-17
3.78313e-18
4.61695e-12
-1.58168e-12
7.28521e-12
-8.93868e-13
1.21077e-12
-5.98959e-13
3.93943e-14
-8.43157e-15
7.50592e-15
-9.12407e-17
7.01335e-15
-2.34445e-19
3.11239e-07
-1.44907e-20
6.87083e-07
4.19752e-08
7.28058e-07
4.49709e-08
1.86361e-05
-1.75821e-29
2.49276e-30
-1.17238e-28
5.95869e-29
1.76557e-27
8.63931e-28
5.01581e-26
5.43252e-25
-2.75109e-23
-1.18758e-22
-2.95777e-23
-4.45327e-23
-3.73631e-23
-3.25544e-24
-2.7195e-23
3.4839e-24
-1.86933e-18
3.57855e-23
3.93153e-13
2.18013e-23
6.07483e-13
8.52066e-24
8.52306e-15
3.07981e-24
9.14909e-17
7.72828e-25
2.5021e-19
1.60826e-25
1.57649e-20
5.32721e-26
1.27415e-21
2.5177e-26
2.23744e-07
8.07483e-29
2.60701e-07
8.60569e-09
8.1677e-05
-3.69257e-32
-1.48334e-30
2.82842e-30
-7.82988e-28
-4.76595e-24
-1.56079e-24
-1.14856e-24
-9.78065e-25
-4.6197e-24
-4.76409e-24
-2.5386e-24
-6.08751e-25
-8.47125e-26
-1.2105e-26
-7.38568e-27
-7.83951e-27
-1.30536e-27
8.60569e-09
)
;

boundaryField
{
    leftWall
    {
        type            calculated;
        value           uniform 0;
    }
    rightWall
    {
        type            calculated;
        value           uniform 0;
    }
    lowerWall
    {
        type            calculated;
        value           uniform 0;
    }
    atmosphere
    {
        type            calculated;
        value           nonuniform List<scalar> 
46
(
-3.1813e-59
-3.53916e-62
-1.46718e-66
1.79554e-82
1.51479e-79
7.07117e-77
2.64396e-74
8.86089e-72
2.91648e-69
9.20667e-67
2.69219e-64
7.31995e-62
1.79515e-59
4.09783e-57
8.89365e-55
1.852e-52
3.78414e-50
8.78364e-48
2.58686e-45
8.65587e-43
3.01728e-40
7.54777e-38
1.67825e-36
2.48314e-36
1.32469e-35
1.37197e-34
1.39239e-33
9.31438e-31
2.08258e-29
2.32569e-28
-2.68085e-26
-6.09747e-23
-6.5825e-24
0
0
0
0
0
0
0
0
0
0
0
0
0.000104505
)
;
    }
    defaultFaces
    {
        type            empty;
        value           nonuniform 0();
    }
}


// ************************************************************************* //
