/*--------------------------------*- C++ -*----------------------------------*\
| =========                 |                                                 |
| \\      /  F ield         | OpenFOAM: The Open Source CFD Toolbox           |
|  \\    /   O peration     | Version:  5.x                                   |
|   \\  /    A nd           | Web:      www.OpenFOAM.org                      |
|    \\/     M anipulation  |                                                 |
\*---------------------------------------------------------------------------*/
FoamFile
{
    version     2.0;
    format      ascii;
    class       surfaceScalarField;
    location    "0.5";
    object      phi;
}
// * * * * * * * * * * * * * * * * * * * * * * * * * * * * * * * * * * * * * //

dimensions      [0 3 -1 0 0 0 0];

internalField   nonuniform List<scalar> 
4432
(
-3.77815e-06
3.77815e-06
-5.26674e-06
1.48859e-06
-3.28606e-06
-1.98068e-06
9.37822e-07
-4.22388e-06
6.41316e-06
-5.47534e-06
1.20082e-05
-5.59503e-06
1.68162e-05
-4.808e-06
2.04125e-05
-3.59628e-06
2.27998e-05
-2.38736e-06
2.41775e-05
-1.37772e-06
2.47652e-05
-5.87696e-07
2.46965e-05
6.87531e-08
2.39868e-05
7.09668e-07
2.25919e-05
1.3949e-06
2.02797e-05
2.31223e-06
1.66253e-05
3.65438e-06
1.11687e-05
5.4566e-06
4.08279e-06
7.0859e-06
-1.82207e-06
5.90486e-06
-6.905e-06
5.08293e-06
-1.60521e-05
9.14713e-06
-1.52646e-05
-7.87508e-07
-1.52646e-05
-4.05845e-06
7.83661e-06
-4.93747e-06
2.3676e-06
-2.79183e-06
-4.12632e-06
1.40937e-06
-8.42508e-06
6.81136e-06
-1.08773e-05
1.23358e-05
-1.11195e-05
1.70627e-05
-9.53489e-06
2.05747e-05
-7.10829e-06
2.29014e-05
-4.71403e-06
2.42657e-05
-2.74208e-06
2.49079e-05
-1.22982e-06
2.50666e-05
-8.99756e-08
2.49518e-05
8.24509e-07
2.46586e-05
1.68805e-06
2.42182e-05
2.7526e-06
2.34447e-05
4.42792e-06
2.16416e-05
7.25972e-06
1.73343e-05
1.13932e-05
9.19642e-06
1.40427e-05
-1.89467e-06
1.6174e-05
-1.00004e-05
1.72529e-05
-8.87846e-06
-1.90947e-06
-2.41431e-05
-3.43241e-06
1.1269e-05
-4.00656e-06
2.94175e-06
-1.90005e-06
-6.23283e-06
2.04077e-06
-1.23659e-05
7.20371e-06
-1.60403e-05
1.25707e-05
-1.64864e-05
1.71329e-05
-1.40971e-05
2.04516e-05
-1.0427e-05
2.26078e-05
-6.87023e-06
2.38728e-05
-4.0071e-06
2.44949e-05
-1.8519e-06
2.46416e-05
-2.36682e-07
2.44299e-05
1.03627e-06
2.39451e-05
2.17278e-06
2.32972e-05
3.40057e-06
2.26865e-05
5.03859e-06
2.23852e-05
7.56096e-06
2.18068e-05
1.19716e-05
1.83325e-05
1.7517e-05
1.05512e-05
2.39553e-05
1.96743e-06
2.58367e-05
-2.1368e-07
2.71637e-07
-2.43568e-05
-2.52018e-06
1.37892e-05
-2.66453e-06
3.0861e-06
-6.967e-07
-8.20066e-06
2.73507e-06
-1.57977e-05
7.51142e-06
-2.08166e-05
1.26677e-05
-2.16428e-05
1.7046e-05
-1.84754e-05
2.01564e-05
-1.35374e-05
2.21327e-05
-8.84656e-06
2.33008e-05
-5.17524e-06
2.39244e-05
-2.47542e-06
2.41595e-05
-4.71788e-07
2.40934e-05
1.10238e-06
2.37679e-05
2.49829e-06
2.32125e-05
3.9559e-06
2.25113e-05
5.73983e-06
2.19593e-05
8.11295e-06
2.21404e-05
1.17905e-05
2.23522e-05
1.73053e-05
2.08314e-05
2.54761e-05
1.7161e-05
2.9507e-05
9.19242e-06
8.24026e-06
-1.51643e-05
-1.31106e-06
1.51003e-05
-7.50517e-07
2.52555e-06
1.03148e-06
-9.98265e-06
4.02153e-06
-1.87877e-05
8.28897e-06
-2.50841e-05
1.29838e-05
-2.63376e-05
1.69416e-05
-2.24331e-05
1.97105e-05
-1.63063e-05
2.14806e-05
-1.06166e-05
2.25861e-05
-6.28081e-06
2.32626e-05
-3.15183e-06
2.36316e-05
-8.40801e-07
2.3754e-05
9.79907e-07
2.36563e-05
2.59601e-06
2.33574e-05
4.25484e-06
2.29036e-05
6.19362e-06
2.23986e-05
8.61796e-06
2.22995e-05
1.18896e-05
2.32839e-05
1.63209e-05
2.52123e-05
2.35478e-05
2.49343e-05
2.9785e-05
1.58649e-05
1.73097e-05
7.00507e-07
2.70194e-07
1.48301e-05
2.06105e-06
7.34693e-07
4.19379e-06
-1.21154e-05
7.18539e-06
-2.17793e-05
1.08012e-05
-2.86999e-05
1.44348e-05
-2.99712e-05
1.73763e-05
-2.53747e-05
1.9417e-05
-1.8347e-05
2.07995e-05
-1.19991e-05
2.18022e-05
-7.28353e-06
2.25647e-05
-3.91439e-06
2.31249e-05
-1.40102e-06
2.34883e-05
6.16503e-07
2.36323e-05
2.45202e-06
2.3572e-05
4.31514e-06
2.33692e-05
6.39649e-06
2.31488e-05
8.8383e-06
2.30651e-05
1.19732e-05
2.36076e-05
1.57785e-05
2.58514e-05
2.1304e-05
2.71789e-05
2.84574e-05
1.90957e-05
2.53929e-05
1.97962e-05
2.58999e-06
1.22401e-05
6.04024e-06
-2.71556e-06
9.7658e-06
-1.5841e-05
1.32799e-05
-2.52934e-05
1.582e-05
-3.124e-05
1.75331e-05
-3.16843e-05
1.87995e-05
-2.6641e-05
1.97601e-05
-1.93076e-05
2.05548e-05
-1.27937e-05
2.13037e-05
-8.03245e-06
2.20346e-05
-4.64533e-06
2.27002e-05
-2.06656e-06
2.32917e-05
2.49686e-08
2.36958e-05
2.04791e-06
2.389e-05
4.12097e-06
2.39103e-05
6.37616e-06
2.39206e-05
8.82799e-06
2.40481e-05
1.18458e-05
2.43303e-05
1.54962e-05
2.57418e-05
1.98926e-05
2.72063e-05
2.69929e-05
2.17066e-05
3.08925e-05
4.15029e-05
4.93582e-06
7.30425e-06
1.12729e-05
-9.05264e-06
1.76891e-05
-2.22571e-05
2.14939e-05
-2.90982e-05
2.20733e-05
-3.18194e-05
2.12199e-05
-3.0831e-05
2.06722e-05
-2.60933e-05
2.07249e-05
-1.93603e-05
2.11333e-05
-1.32022e-05
2.17033e-05
-8.60241e-06
2.2335e-05
-5.27706e-06
2.29545e-05
-2.68604e-06
2.33827e-05
-4.03187e-07
2.38553e-05
1.57528e-06
2.41709e-05
3.80541e-06
2.44043e-05
6.14269e-06
2.46826e-05
8.54973e-06
2.50682e-05
1.14601e-05
2.54921e-05
1.50723e-05
2.63508e-05
1.90338e-05
2.73417e-05
2.6002e-05
2.30885e-05
3.51457e-05
6.45914e-05
0.00011857
-0.00011857
0.000202856
-8.42858e-05
0.000189057
1.37988e-05
0.000171131
1.79255e-05
0.000158847
1.22845e-05
0.000108898
4.99492e-05
3.77155e-05
7.11822e-05
1.74871e-05
2.02285e-05
7.42112e-05
-5.67242e-05
8.23577e-05
-8.14633e-06
-3.4718e-05
0.000117076
-0.000205459
0.000170741
-0.000357469
0.00015201
-0.00042022
6.27514e-05
-0.00036603
-5.41897e-05
-0.000280371
-8.56598e-05
-0.000193993
-8.63772e-05
-8.23272e-05
-0.000111666
-8.23272e-05
3.95829e-05
-0.000158153
7.88983e-05
-0.000123601
9.67576e-05
-4.06066e-06
0.000103115
1.15681e-05
0.000133834
-1.84343e-05
0.000157006
2.67773e-05
0.000106616
0.000121572
5.05695e-05
7.62751e-05
7.04686e-05
-7.66233e-05
-1.07366e-05
7.3059e-05
-0.000209375
0.000315715
-0.000380014
0.00034138
-0.000402535
0.000174531
-0.000304967
-3.48172e-05
-0.000221149
-0.000138008
-0.000192916
-0.000113893
-0.000134757
-0.000144536
-4.92972e-05
-0.000197126
-0.000131624
1.2269e-05
-0.000170422
5.20359e-05
-0.000163368
8.44526e-05
-3.64772e-05
9.14882e-05
4.53244e-06
0.000102811
-2.97573e-05
0.000126651
2.93707e-06
0.00010565
0.000142574
5.20943e-05
0.00012983
-1.85943e-05
-5.93419e-06
-0.00019065
0.000245114
-0.000352799
0.000477864
-0.000413616
0.000402197
-0.000350973
0.000111888
-0.000297573
-8.82167e-05
-0.000276063
-0.000159518
-0.000218567
-0.000171388
-0.00014209
-0.000221013
-4.08162e-05
-0.0002984
-0.000172441
-2.71465e-05
-0.000143276
-3.28426e-05
-0.000157672
3.98124e-05
-0.000109132
9.29684e-05
-4.86235e-05
0.000103457
-4.02457e-05
9.91161e-05
7.27758e-06
7.31452e-05
0.000168545
-1.5617e-05
0.000218593
-0.000180462
0.000158911
-0.000352689
0.000417341
-0.000430487
0.000555661
-0.00040309
0.000374801
-0.000323021
3.18184e-05
-0.00027509
-0.000136148
-0.000246519
-0.000188089
-0.000226065
-0.000191842
-0.000178912
-0.000268166
-5.09764e-05
-0.000426336
-0.000223417
-3.98067e-05
-0.000103469
-3.61858e-05
-0.000161293
1.16322e-05
-0.000156951
5.37161e-05
-9.07076e-05
6.8789e-05
-5.53184e-05
5.9744e-05
1.63226e-05
2.18486e-05
0.00020644
-0.000108207
0.000348648
-0.000304313
0.000355016
-0.000413653
0.000526681
-0.000420214
0.000562222
-0.000339058
0.000293645
-0.000256746
-5.0493e-05
-0.000201806
-0.000191089
-0.000162031
-0.000227863
-0.000158781
-0.000195093
-0.000175185
-0.000251762
-0.000107146
-0.000494375
-0.000330563
-3.09661e-05
-7.25032e-05
-3.21859e-05
-0.000160073
-1.14432e-05
-0.000177694
2.21803e-05
-0.000124331
3.36319e-05
-6.67698e-05
1.86504e-05
3.13041e-05
-2.62398e-05
0.000251331
-0.000153418
0.000475826
-0.000322598
0.000524196
-0.000388686
0.000592769
-0.000366444
0.00053998
-0.000290532
0.000217734
-0.000203083
-0.000137942
-0.000121507
-0.000272665
-7.50121e-05
-0.000274358
-5.1079e-05
-0.000219026
-6.69723e-05
-0.000235868
-4.55333e-05
-0.000515814
-0.000376096
-6.65617e-06
-6.5847e-05
-3.01387e-05
-0.00013659
-1.39982e-05
-0.000193834
-1.65482e-06
-0.000136675
-2.08528e-06
-6.63396e-05
-1.79341e-05
4.7153e-05
-5.4853e-05
0.000288249
-0.000138132
0.000559105
-0.000258355
0.000644419
-0.000302335
0.00063675
-0.000257145
0.00049479
-0.000157602
0.000118191
-7.58293e-05
-0.000219715
-1.94119e-05
-0.000329082
-1.05399e-06
-0.000292716
2.92071e-05
-0.000249287
2.42095e-05
-0.000230871
-1.03098e-05
-0.000481295
-0.000386406
1.07206e-05
-7.65676e-05
-4.8214e-06
-0.000121049
-9.66103e-06
-0.000188994
-9.77006e-06
-0.000136566
-2.0416e-05
-5.56938e-05
-4.37605e-05
7.04974e-05
-6.0368e-05
0.000304857
-8.11625e-05
0.000579899
-0.000136775
0.000700032
-0.000172957
0.000672931
-0.000110074
0.000431907
-4.26152e-06
1.23779e-05
4.69305e-05
-0.000270907
6.25419e-05
-0.000344693
6.24784e-05
-0.000292653
6.28351e-05
-0.000249644
6.69975e-05
-0.000235034
-2.58276e-06
-0.000411715
-0.000388989
1.8775e-05
-1.14708e-05
4.26543e-05
-3.29319e-05
6.03317e-05
-3.99346e-05
6.28244e-05
-3.15908e-05
5.57527e-05
-2.47476e-05
4.7846e-05
-2.29244e-05
4.35828e-05
-2.18301e-05
4.32265e-05
-1.9004e-05
4.52041e-05
-1.51798e-05
4.80388e-05
-1.14371e-05
5.07802e-05
-8.01848e-06
5.28831e-05
-4.78893e-06
5.42065e-05
-1.72662e-06
5.44542e-05
1.32765e-06
5.41632e-05
4.09639e-06
5.3829e-05
6.47689e-06
5.43447e-05
8.03401e-06
5.55764e-05
1.02285e-05
5.74875e-05
1.31611e-05
6.06247e-05
1.58967e-05
6.70648e-05
1.95619e-05
7.99155e-05
2.2295e-05
3.38576e-05
0.000110649
2.87734e-05
-4.02442e-05
5.76057e-05
-6.17641e-05
6.59123e-05
-4.82412e-05
4.97996e-05
-1.54781e-05
3.46026e-05
-9.55072e-06
2.59109e-05
-1.42327e-05
2.13797e-05
-1.72988e-05
2.17743e-05
-1.93986e-05
2.77739e-05
-2.11794e-05
3.68901e-05
-2.05533e-05
4.59104e-05
-1.70388e-05
5.32259e-05
-1.21044e-05
5.78071e-05
-6.30785e-06
5.98881e-05
-7.5339e-07
5.93445e-05
4.64001e-06
5.82764e-05
7.54498e-06
5.87115e-05
7.59886e-06
5.94345e-05
9.50553e-06
6.1235e-05
1.13607e-05
6.54957e-05
1.16359e-05
7.30089e-05
1.20487e-05
8.3816e-05
1.14879e-05
1.18009e-05
0.000105873
4.05405e-05
-8.07847e-05
2.76544e-05
-4.8878e-05
-1.89795e-05
-1.60729e-06
-5.35951e-05
1.91375e-05
-5.50153e-05
-8.13047e-06
-6.25966e-05
-6.65133e-06
-7.9829e-05
-6.63975e-08
-8.78415e-05
-1.13862e-05
-7.65166e-05
-3.25044e-05
-4.62306e-05
-5.08393e-05
-2.20792e-05
-4.11902e-05
-3.04463e-07
-3.38792e-05
1.97952e-05
-2.64075e-05
3.50078e-05
-1.5966e-05
4.67161e-05
-7.06822e-06
5.7678e-05
-3.41695e-06
6.43415e-05
9.35359e-07
6.39729e-05
9.87415e-06
6.27004e-05
1.26332e-05
6.4851e-05
9.48538e-06
6.89743e-05
7.92533e-06
7.45958e-05
5.86645e-06
3.12774e-08
8.63654e-05
-1.82292e-05
-6.25555e-05
-2.86107e-05
-3.84965e-05
-4.18674e-05
1.16494e-05
-2.8664e-05
5.93415e-06
-2.24001e-05
-1.43943e-05
-2.45829e-05
-4.46858e-06
-2.84304e-05
3.78113e-06
-3.65208e-05
-3.29585e-06
-5.49205e-05
-1.41048e-05
-8.49602e-05
-2.07996e-05
-0.000112302
-1.38489e-05
-0.000132163
-1.40178e-05
-0.000135934
-2.26367e-05
-0.000115419
-3.64815e-05
-7.53553e-05
-4.71316e-05
-1.68328e-05
-6.19394e-05
1.82773e-05
-3.41748e-05
3.95378e-05
-1.13863e-05
5.40836e-05
-1.91271e-06
6.6426e-05
-2.85699e-06
7.27576e-05
1.59379e-06
7.73953e-05
1.22865e-06
-4.61653e-06
8.20431e-05
-3.34462e-05
-2.91092e-05
-3.90357e-05
-3.2907e-05
-1.69923e-05
-1.0394e-05
-5.74792e-06
-5.31016e-06
-1.06119e-05
-9.53033e-06
-1.09095e-05
-4.17093e-06
-6.23148e-06
-8.96889e-07
-5.84459e-06
-3.6828e-06
-1.05106e-05
-9.43884e-06
-1.96644e-05
-1.1646e-05
-3.10914e-05
-2.42214e-06
-4.97796e-05
4.67024e-06
-6.93839e-05
-3.03244e-06
-7.90156e-05
-2.68498e-05
-7.45323e-05
-5.16148e-05
-8.11497e-05
-5.5322e-05
-8.19009e-05
-3.34236e-05
-4.53797e-05
-4.79075e-05
2.71351e-06
-5.00059e-05
2.61886e-05
-2.63321e-05
4.02022e-05
-1.24198e-05
5.69644e-05
-1.55335e-05
-2.34952e-05
7.58431e-05
-1.45225e-05
-1.45867e-05
-1.67505e-05
-3.0679e-05
-1.32992e-05
-1.38452e-05
-1.02385e-05
-8.37087e-06
-1.19558e-05
-7.81295e-06
-1.17186e-05
-4.40812e-06
-1.03514e-05
-2.26412e-06
-1.02955e-05
-3.73872e-06
-1.12323e-05
-8.50207e-06
-1.05246e-05
-1.23538e-05
-3.93586e-06
-9.01093e-06
-1.44377e-06
2.17811e-06
-1.01517e-05
5.67547e-06
-1.61386e-05
-2.08628e-05
-1.45614e-05
-5.3192e-05
-1.73765e-05
-5.25068e-05
-1.53405e-05
-3.54597e-05
-1.97243e-05
-4.35237e-05
-2.6098e-05
-4.36323e-05
-3.03114e-05
-2.21187e-05
-2.61245e-05
-1.66067e-05
7.09015e-06
-4.87482e-05
-4.78511e-05
3.1446e-05
-7.89987e-06
-6.68681e-06
-1.15342e-05
-2.70446e-05
-1.09936e-05
-1.43857e-05
-9.79338e-06
-9.57108e-06
-1.00157e-05
-7.59055e-06
-9.07551e-06
-5.3483e-06
-7.84817e-06
-3.49144e-06
-7.75969e-06
-3.82721e-06
-9.40725e-06
-6.85454e-06
-1.12389e-05
-1.05222e-05
-9.27119e-06
-1.09787e-05
-2.73018e-07
-6.82002e-06
8.45699e-06
-3.05445e-06
7.19535e-06
-1.96011e-05
-1.52075e-06
-4.44758e-05
-6.00525e-06
-4.80223e-05
8.74259e-08
-4.15524e-05
6.52126e-06
-4.99577e-05
2.04891e-05
-5.76003e-05
5.347e-05
-5.50996e-05
8.37024e-05
-4.68391e-05
8.4439e-05
-4.94848e-05
-1.84826e-05
5.50705e-05
-5.79094e-06
-8.95858e-07
-8.30454e-06
-2.4531e-05
-8.13709e-06
-1.45532e-05
-7.67183e-06
-1.00363e-05
-7.13675e-06
-8.12559e-06
-6.0463e-06
-6.43871e-06
-4.79061e-06
-4.74711e-06
-4.35757e-06
-4.26024e-06
-5.30826e-06
-5.90384e-06
-6.78869e-06
-9.0417e-06
-6.0379e-06
-1.17294e-05
-1.25681e-07
-1.27321e-05
9.71322e-06
-1.28932e-05
1.34436e-05
-2.33313e-05
7.19898e-06
-3.82312e-05
2.23288e-06
-4.30562e-05
4.42704e-06
-4.37466e-05
7.90052e-06
-5.34313e-05
1.5811e-05
-6.55108e-05
3.54903e-05
-7.4779e-05
6.31145e-05
-7.44633e-05
7.99938e-05
-6.6364e-05
-2.40236e-05
8.55351e-05
-4.13537e-06
3.23951e-06
-5.92473e-06
-2.27417e-05
-5.9999e-06
-1.4478e-05
-5.85904e-06
-1.01772e-05
-5.3611e-06
-8.62352e-06
-4.37154e-06
-7.42826e-06
-2.9652e-06
-6.15343e-06
-1.73765e-06
-5.48778e-06
-1.32457e-06
-6.31689e-06
-1.64745e-06
-8.71875e-06
-1.47474e-06
-1.1902e-05
1.17753e-06
-1.53843e-05
7.64592e-06
-1.93615e-05
1.11341e-05
-2.68194e-05
8.69933e-06
-3.57965e-05
6.81389e-06
-4.11709e-05
8.28156e-06
-4.52144e-05
8.81393e-06
-5.39638e-05
1.10498e-05
-6.77468e-05
1.7165e-05
-8.08942e-05
2.63359e-05
-8.36341e-05
3.50182e-05
-7.50463e-05
-4.35489e-05
5.45436e-05
-2.63174e-06
5.87123e-06
-4.08124e-06
-2.12922e-05
-4.48716e-06
-1.40721e-05
-4.50584e-06
-1.01585e-05
-4.14213e-06
-8.98724e-06
-3.31142e-06
-8.259e-06
-1.93212e-06
-7.53276e-06
-2.70058e-07
-7.14985e-06
1.16667e-06
-7.7536e-06
2.15011e-06
-9.70215e-06
3.02258e-06
-1.27744e-05
4.31828e-06
-1.66799e-05
6.42673e-06
-2.147e-05
7.00391e-06
-2.73966e-05
5.17179e-06
-3.39644e-05
3.07093e-06
-3.90701e-05
2.03114e-06
-4.41748e-05
6.60429e-07
-5.25931e-05
-2.20212e-06
-6.48842e-05
-5.4015e-06
-7.76948e-05
-6.38335e-06
-8.26522e-05
-5.55902e-06
-7.58705e-05
-5.51996e-05
6.09169e-06
-1.63172e-06
7.50292e-06
-2.85887e-06
-2.00651e-05
-3.38496e-06
-1.3546e-05
-3.53298e-06
-1.00105e-05
-3.33434e-06
-9.18592e-06
-2.75012e-06
-8.84326e-06
-1.68837e-06
-8.59456e-06
-2.13883e-07
-8.62438e-06
1.34824e-06
-9.31574e-06
2.63659e-06
-1.09905e-05
3.56559e-06
-1.37034e-05
4.14149e-06
-1.72558e-05
4.17646e-06
-2.15049e-05
3.13642e-06
-2.63566e-05
6.68438e-07
-3.14965e-05
-2.25882e-06
-3.6143e-05
-5.30356e-06
-4.11301e-05
-9.3007e-06
-4.8596e-05
-1.47097e-05
-5.94752e-05
-2.23289e-05
-7.00754e-05
-3.04478e-05
-7.45332e-05
-3.72557e-05
-6.90626e-05
-5.4892e-05
-3.75632e-05
-1.00108e-06
8.50398e-06
-2.07195e-06
-1.89942e-05
-2.6568e-06
-1.29612e-05
-2.91984e-06
-9.74748e-06
-2.90667e-06
-9.19914e-06
-2.61361e-06
-9.1364e-06
-1.99599e-06
-9.21228e-06
-1.05881e-06
-9.56164e-06
1.66245e-08
-1.03912e-05
9.41816e-07
-1.19157e-05
1.4339e-06
-1.41955e-05
1.33991e-06
-1.71618e-05
5.01935e-07
-2.0667e-05
-1.30756e-06
-2.45472e-05
-4.0638e-06
-2.87404e-05
-7.27318e-06
-3.29337e-05
-1.11021e-05
-3.73012e-05
-1.64531e-05
-4.3245e-05
-2.42757e-05
-5.16526e-05
-3.42248e-05
-6.01262e-05
-4.41743e-05
-6.45836e-05
-5.07569e-05
-6.248e-05
-5.49669e-05
-5.06821e-05
-6.31228e-07
9.1352e-06
-1.58776e-06
-1.80377e-05
-2.22614e-06
-1.23228e-05
-2.59436e-06
-9.37927e-06
-2.75232e-06
-9.04124e-06
-2.72714e-06
-9.16166e-06
-2.51959e-06
-9.41993e-06
-2.14943e-06
-9.9319e-06
-1.71424e-06
-1.08265e-05
-1.42408e-06
-1.22059e-05
-1.50089e-06
-1.41187e-05
-2.12389e-06
-1.65389e-05
-3.4105e-06
-1.93804e-05
-5.39488e-06
-2.25629e-05
-8.09622e-06
-2.60391e-05
-1.13696e-05
-2.96603e-05
-1.52271e-05
-3.34437e-05
-2.06622e-05
-3.781e-05
-2.92518e-05
-4.30629e-05
-4.08596e-05
-4.85184e-05
-5.31247e-05
-5.23185e-05
-6.26078e-05
-5.29968e-05
-4.95102e-05
-6.80645e-05
-4.50896e-07
9.58611e-06
-1.32404e-06
-1.71644e-05
-2.00264e-06
-1.16441e-05
-2.4691e-06
-8.91281e-06
-2.78199e-06
-8.7284e-06
-2.98211e-06
-8.96161e-06
-3.09731e-06
-9.30483e-06
-3.16455e-06
-9.86475e-06
-3.25996e-06
-1.07312e-05
-3.51148e-06
-1.19545e-05
-4.06879e-06
-1.35614e-05
-5.06948e-06
-1.55382e-05
-6.59766e-06
-1.78523e-05
-8.71483e-06
-2.04457e-05
-1.15047e-05
-2.32492e-05
-1.49589e-05
-2.62061e-05
-1.90889e-05
-2.93138e-05
-2.43247e-05
-3.25741e-05
-3.15901e-05
-3.57975e-05
-4.15425e-05
-3.85659e-05
-5.36476e-05
-4.02134e-05
-6.66315e-05
-4.00128e-05
-3.7317e-05
-7.88247e-05
-3.88255e-07
9.97443e-06
-1.21215e-06
-1.63404e-05
-1.92859e-06
-1.09276e-05
-2.48135e-06
-8.36002e-06
-2.93004e-06
-8.27973e-06
-3.31584e-06
-8.57585e-06
-3.67233e-06
-8.9484e-06
-4.04486e-06
-9.49228e-06
-4.49943e-06
-1.02766e-05
-5.1213e-06
-1.13326e-05
-6.01307e-06
-1.26697e-05
-7.27027e-06
-1.4281e-05
-8.98482e-06
-1.61377e-05
-1.12368e-05
-1.81937e-05
-1.41108e-05
-2.03752e-05
-1.7706e-05
-2.26108e-05
-2.21497e-05
-2.48701e-05
-2.75853e-05
-2.71385e-05
-3.41438e-05
-2.9239e-05
-4.20075e-05
-3.07022e-05
-5.13133e-05
-3.09075e-05
-6.19203e-05
-2.94058e-05
-2.60016e-05
-7.32358e-05
-3.88503e-07
1.0363e-05
-1.19498e-06
-1.55338e-05
-1.94992e-06
-1.01726e-05
-2.57779e-06
-7.73212e-06
-3.14135e-06
-7.71615e-06
-3.68133e-06
-8.03587e-06
-4.2265e-06
-8.40324e-06
-4.81839e-06
-8.90038e-06
-5.51393e-06
-9.58109e-06
-6.38144e-06
-1.04651e-05
-7.49663e-06
-1.15544e-05
-8.9384e-06
-1.28391e-05
-1.07833e-05
-1.42927e-05
-1.31037e-05
-1.58732e-05
-1.59622e-05
-1.75167e-05
-1.94265e-05
-1.91465e-05
-2.35987e-05
-2.0698e-05
-2.86309e-05
-2.21064e-05
-3.46297e-05
-2.32402e-05
-4.15393e-05
-2.37926e-05
-4.91361e-05
-2.33106e-05
-5.71007e-05
-2.14412e-05
-1.80233e-05
-6.5079e-05
-4.16326e-07
1.07794e-05
-1.23017e-06
-1.47199e-05
-2.02577e-06
-9.37698e-06
-2.71801e-06
-7.03985e-06
-3.37687e-06
-7.05726e-06
-4.04159e-06
-7.37111e-06
-4.73699e-06
-7.7078e-06
-5.49695e-06
-8.14036e-06
-6.36867e-06
-8.70931e-06
-7.40922e-06
-9.42444e-06
-8.68038e-06
-1.02831e-05
-1.02445e-05
-1.12749e-05
-1.2168e-05
-1.23691e-05
-1.45109e-05
-1.35303e-05
-1.73273e-05
-1.47001e-05
-2.06663e-05
-1.58076e-05
-2.4585e-05
-1.67793e-05
-2.9154e-05
-1.75374e-05
-3.44342e-05
-1.79601e-05
-4.03981e-05
-1.78286e-05
-4.68529e-05
-1.68558e-05
-5.34573e-05
-1.48367e-05
-1.16563e-05
-5.98242e-05
-4.53719e-07
1.12332e-05
-1.29152e-06
-1.38821e-05
-2.12554e-06
-8.54297e-06
-2.87187e-06
-6.29351e-06
-3.60651e-06
-6.32256e-06
-4.36865e-06
-6.6089e-06
-5.17944e-06
-6.89692e-06
-6.06678e-06
-7.25294e-06
-7.06867e-06
-7.70734e-06
-8.2307e-06
-8.26232e-06
-9.60285e-06
-8.91087e-06
-1.12387e-05
-9.63891e-06
-1.31871e-05
-1.04205e-05
-1.54964e-05
-1.12209e-05
-1.82104e-05
-1.19861e-05
-2.13652e-05
-1.26528e-05
-2.49972e-05
-1.31475e-05
-2.91355e-05
-1.33991e-05
-3.37791e-05
-1.33165e-05
-3.88665e-05
-1.27413e-05
-4.42553e-05
-1.14669e-05
-4.97224e-05
-9.36962e-06
-6.39666e-06
-5.4982e-05
-4.88774e-07
1.1722e-05
-1.3591e-06
-1.30119e-05
-2.22831e-06
-7.67379e-06
-3.01812e-06
-5.50368e-06
-3.81115e-06
-5.52946e-06
-4.64522e-06
-5.77473e-06
-5.53884e-06
-6.00321e-06
-6.51538e-06
-6.27631e-06
-7.60602e-06
-6.61664e-06
-8.84682e-06
-7.02145e-06
-1.02751e-05
-7.48247e-06
-1.19345e-05
-7.97944e-06
-1.38641e-05
-8.49074e-06
-1.60996e-05
-8.98536e-06
-1.86726e-05
-9.4131e-06
-2.16083e-05
-9.71712e-06
-2.49183e-05
-9.83751e-06
-2.86165e-05
-9.70113e-06
-3.26876e-05
-9.24547e-06
-3.70685e-05
-8.36047e-06
-4.1637e-05
-6.89837e-06
-4.6225e-05
-4.78167e-06
-2.00565e-06
-5.0616e-05
-5.13698e-07
1.22356e-05
-1.42156e-06
-1.21041e-05
-2.31969e-06
-6.7757e-06
-3.14211e-06
-4.68123e-06
-3.97694e-06
-4.69456e-06
-4.86146e-06
-4.89012e-06
-5.81021e-06
-5.05439e-06
-6.84287e-06
-5.2436e-06
-7.98473e-06
-5.47474e-06
-9.26391e-06
-5.74224e-06
-1.07124e-05
-6.0339e-06
-1.23607e-05
-6.33104e-06
-1.42393e-05
-6.61207e-06
-1.63771e-05
-6.84749e-06
-1.87944e-05
-6.99582e-06
-2.14993e-05
-7.01233e-06
-2.45056e-05
-6.83126e-06
-2.78055e-05
-6.4014e-06
-3.13749e-05
-5.67613e-06
-3.51534e-05
-4.582e-06
-3.90405e-05
-3.01131e-06
-4.29192e-05
-9.0292e-07
1.68488e-06
-4.66098e-05
-5.25624e-07
1.27612e-05
-1.47149e-06
-1.11584e-05
-2.39163e-06
-5.85559e-06
-3.23526e-06
-3.83756e-06
-4.0976e-06
-3.83214e-06
-5.0132e-06
-3.97445e-06
-5.99385e-06
-4.07371e-06
-7.05568e-06
-4.18178e-06
-8.21935e-06
-4.31111e-06
-9.50779e-06
-4.45381e-06
-1.09458e-05
-4.59589e-06
-1.25577e-05
-4.71905e-06
-1.43621e-05
-4.80762e-06
-1.63826e-05
-4.82688e-06
-1.86308e-05
-4.74762e-06
-2.11167e-05
-4.52654e-06
-2.38349e-05
-4.11314e-06
-2.67708e-05
-3.46568e-06
-2.98983e-05
-2.5487e-06
-3.317e-05
-1.31027e-06
-3.64841e-05
3.02743e-07
-3.97775e-05
2.39044e-06
4.85176e-06
-4.29444e-05
-5.24161e-07
1.32852e-05
-1.50322e-06
-1.01794e-05
-2.43686e-06
-4.92194e-06
-3.29164e-06
-2.98273e-06
-4.16847e-06
-2.95525e-06
-5.099e-06
-3.04389e-06
-6.0924e-06
-3.08033e-06
-7.16187e-06
-3.11237e-06
-8.3245e-06
-3.14855e-06
-9.59921e-06
-3.17914e-06
-1.10044e-05
-3.19064e-06
-1.25541e-05
-3.1693e-06
-1.42703e-05
-3.09141e-06
-1.61638e-05
-2.93332e-06
-1.82436e-05
-2.66785e-06
-2.05105e-05
-2.25973e-06
-2.29552e-05
-1.66849e-06
-2.55663e-05
-8.54719e-07
-2.83134e-05
1.98386e-07
-3.11472e-05
1.52347e-06
-3.4017e-05
3.17253e-06
-3.68408e-05
5.21425e-06
7.56407e-06
-3.95532e-05
-5.11443e-07
1.37966e-05
-1.51293e-06
-9.17793e-06
-2.45031e-06
-3.98453e-06
-3.30647e-06
-2.12651e-06
-4.18651e-06
-2.07516e-06
-5.11883e-06
-2.11158e-06
-6.11016e-06
-2.08906e-06
-7.17115e-06
-2.05147e-06
-8.31502e-06
-2.00476e-06
-9.55584e-06
-1.93838e-06
-1.09072e-05
-1.83929e-06
-1.23847e-05
-1.69173e-06
-1.40006e-05
-1.47545e-06
-1.57632e-05
-1.17073e-06
-1.76765e-05
-7.54652e-07
-1.97381e-05
-1.98138e-07
-2.19354e-05
5.28653e-07
-2.42504e-05
1.4603e-06
-2.66656e-05
2.61354e-06
-2.91424e-05
4.00023e-06
-3.1627e-05
5.65708e-06
-3.40631e-05
7.65032e-06
9.90582e-06
-3.64049e-05
-4.88657e-07
1.42853e-05
-1.49643e-06
-8.17014e-06
-2.42463e-06
-3.05629e-06
-3.27466e-06
-1.27644e-06
-4.1473e-06
-1.2025e-06
-5.06881e-06
-1.19008e-06
-6.04391e-06
-1.11402e-06
-7.08144e-06
-1.01402e-06
-8.19251e-06
-8.9377e-07
-9.38827e-06
-7.42653e-07
-1.06797e-05
-5.47898e-07
-1.20778e-05
-2.93581e-07
-1.35883e-05
3.5135e-08
-1.52149e-05
4.55785e-07
-1.6963e-05
9.93416e-07
-1.88267e-05
1.66547e-06
-2.07972e-05
2.49907e-06
-2.28591e-05
3.52214e-06
-2.49891e-05
4.7436e-06
-2.71579e-05
6.16891e-06
-2.93241e-05
7.82325e-06
-3.14286e-05
9.75488e-06
1.19438e-05
-3.34667e-05
-4.56358e-07
1.47416e-05
-1.45118e-06
-7.17528e-06
-2.35884e-06
-2.1486e-06
-3.19419e-06
-4.41057e-07
-4.05064e-06
-3.46064e-07
-4.9516e-06
-2.89146e-07
-5.90059e-06
-1.65073e-07
-6.905e-06
-9.64708e-09
-7.97343e-06
1.74616e-07
-9.11475e-06
3.98664e-07
-1.03371e-05
6.74464e-07
-1.16468e-05
1.01613e-06
-1.30479e-05
1.43625e-06
-1.45431e-05
1.95096e-06
-1.61369e-05
2.58719e-06
-1.78219e-05
3.35039e-06
-1.95893e-05
4.26645e-06
-2.14163e-05
5.34915e-06
-2.32944e-05
6.62167e-06
-2.51966e-05
8.07105e-06
-2.70894e-05
9.71604e-06
-2.89311e-05
1.15966e-05
1.37276e-05
-3.07149e-05
-4.11231e-07
1.51529e-05
-1.3757e-06
-6.21078e-06
-2.25267e-06
-1.2716e-06
-3.06527e-06
3.71561e-07
-3.89632e-06
4.85001e-07
-4.7673e-06
5.81814e-07
-5.68059e-06
7.48218e-07
-6.64305e-06
9.52805e-07
-7.66113e-06
1.19268e-06
-8.74159e-06
1.47914e-06
-9.89034e-06
1.82324e-06
-1.11091e-05
2.23496e-06
-1.2403e-05
2.73011e-06
-1.37763e-05
3.32429e-06
-1.52227e-05
4.03351e-06
-1.67389e-05
4.86653e-06
-1.83157e-05
5.84323e-06
-1.99464e-05
6.97983e-06
-2.16039e-05
8.27914e-06
-2.32818e-05
9.74889e-06
-2.49378e-05
1.13721e-05
-2.65483e-05
1.3207e-05
1.52962e-05
-2.81169e-05
-3.46864e-07
1.54998e-05
-1.2719e-06
-5.28575e-06
-2.11168e-06
-4.31807e-07
-2.89275e-06
1.15265e-06
-3.68885e-06
1.28113e-06
-4.52125e-06
1.41422e-06
-5.38815e-06
1.61514e-06
-6.3004e-06
1.86507e-06
-7.26031e-06
2.1526e-06
-8.27401e-06
2.49286e-06
-9.3433e-06
2.89255e-06
-1.04725e-05
3.36418e-06
-1.16633e-05
3.92093e-06
-1.29128e-05
4.57376e-06
-1.42207e-05
5.34139e-06
-1.55834e-05
6.22915e-06
-1.69923e-05
7.25208e-06
-1.8436e-05
8.42357e-06
-1.98999e-05
9.74297e-06
-2.13795e-05
1.12285e-05
-2.28472e-05
1.28398e-05
-2.42688e-05
1.46286e-05
1.66807e-05
-2.56532e-05
-2.6347e-07
1.57632e-05
-1.14786e-06
-4.40138e-06
-1.94389e-06
3.64231e-07
-2.6857e-06
1.89447e-06
-3.43683e-06
2.03228e-06
-4.21902e-06
2.19644e-06
-5.03706e-06
2.43321e-06
-5.88696e-06
2.71499e-06
-6.78046e-06
3.04611e-06
-7.71597e-06
3.42838e-06
-8.69979e-06
3.87638e-06
-9.73697e-06
4.40137e-06
-1.08171e-05
5.00106e-06
-1.19502e-05
5.70686e-06
-1.31262e-05
6.51735e-06
-1.43425e-05
7.4455e-06
-1.5591e-05
8.50061e-06
-1.68659e-05
9.69846e-06
-1.81667e-05
1.10437e-05
-1.94617e-05
1.25237e-05
-2.0766e-05
1.4144e-05
-2.20345e-05
1.58971e-05
1.79085e-05
-2.32623e-05
-1.50141e-07
1.59133e-05
-1.00931e-06
-3.54225e-06
-1.76236e-06
1.11728e-06
-2.45788e-06
2.59001e-06
-3.15498e-06
2.72939e-06
-3.88121e-06
2.9227e-06
-4.63349e-06
3.1855e-06
-5.41709e-06
3.49859e-06
-6.22939e-06
3.85842e-06
-7.07995e-06
4.27896e-06
-7.97392e-06
4.77038e-06
-8.90289e-06
5.33036e-06
-9.87305e-06
5.97124e-06
-1.08799e-05
6.7137e-06
-1.19204e-05
7.55785e-06
-1.2988e-05
8.51306e-06
-1.40838e-05
9.59645e-06
-1.51969e-05
1.08116e-05
-1.63239e-05
1.21707e-05
-1.74622e-05
1.36621e-05
-1.85996e-05
1.52815e-05
-1.9717e-05
1.70145e-05
1.89967e-05
-2.08051e-05
-1.06981e-08
1.5924e-05
-8.63156e-07
-2.68982e-06
-1.57899e-06
1.83312e-06
-2.22084e-06
3.23187e-06
-2.86319e-06
3.37172e-06
-3.52655e-06
3.58606e-06
-4.20603e-06
3.86496e-06
-4.91306e-06
4.20561e-06
-5.64809e-06
4.59344e-06
-6.40734e-06
5.03823e-06
-7.19246e-06
5.55555e-06
-8.01065e-06
6.14858e-06
-8.85825e-06
6.81886e-06
-9.7299e-06
7.58535e-06
-1.0624e-05
8.45198e-06
-1.15393e-05
9.42834e-06
-1.24678e-05
1.0525e-05
-1.34065e-05
1.17504e-05
-1.43473e-05
1.31115e-05
-1.52952e-05
1.46101e-05
-1.62458e-05
1.62322e-05
-1.71897e-05
1.79584e-05
1.9905e-05
-1.8098e-05
1.52754e-07
1.57712e-05
-7.19435e-07
-1.81764e-06
-1.40445e-06
2.51814e-06
-1.99426e-06
3.82168e-06
-2.57742e-06
3.95486e-06
-3.1787e-06
4.18731e-06
-3.79625e-06
4.48246e-06
-4.42487e-06
4.8342e-06
-5.07049e-06
5.23906e-06
-5.73729e-06
5.70506e-06
-6.42049e-06
6.23879e-06
-7.1203e-06
6.84844e-06
-7.8396e-06
7.53817e-06
-8.57148e-06
8.31726e-06
-9.31396e-06
9.19448e-06
-1.00648e-05
1.01792e-05
-1.08178e-05
1.12781e-05
-1.15597e-05
1.24923e-05
-1.22914e-05
1.38432e-05
-1.30089e-05
1.53277e-05
-1.3712e-05
1.69352e-05
-1.44058e-05
1.86524e-05
2.05424e-05
-1.50431e-05
3.2221e-07
1.5449e-05
-5.83906e-07
-9.11523e-07
-1.25094e-06
3.18519e-06
-1.79292e-06
4.36364e-06
-2.32829e-06
4.4902e-06
-2.87549e-06
4.73447e-06
-3.43077e-06
5.03769e-06
-3.99382e-06
5.39723e-06
-4.56522e-06
5.81047e-06
-5.14397e-06
6.28386e-06
-5.73155e-06
6.82642e-06
-6.32661e-06
7.44354e-06
-6.92806e-06
8.13964e-06
-7.52434e-06
8.91356e-06
-8.11805e-06
9.78821e-06
-8.70496e-06
1.07661e-05
-9.27265e-06
1.18458e-05
-9.81885e-06
1.30386e-05
-1.03243e-05
1.43487e-05
-1.07822e-05
1.57857e-05
-1.11911e-05
1.73442e-05
-1.15465e-05
1.90078e-05
2.08333e-05
-1.18374e-05
4.98467e-07
1.49505e-05
-4.62172e-07
4.91332e-08
-1.12374e-06
3.84677e-06
-1.62737e-06
4.86723e-06
-2.12567e-06
4.98847e-06
-2.63874e-06
5.24749e-06
-3.1406e-06
5.53952e-06
-3.65282e-06
5.90944e-06
-4.16572e-06
6.3234e-06
-4.67871e-06
6.79692e-06
-5.18782e-06
7.33559e-06
-5.69704e-06
7.9528e-06
-6.19932e-06
8.64193e-06
-6.6974e-06
9.41164e-06
-7.17693e-06
1.02677e-05
-7.62636e-06
1.12155e-05
-8.03837e-06
1.22578e-05
-8.39886e-06
1.33991e-05
-8.6928e-06
1.46427e-05
-8.90242e-06
1.59953e-05
-9.00944e-06
1.74513e-05
-9.01796e-06
1.90164e-05
2.07179e-05
-8.90253e-06
6.60223e-07
1.42903e-05
-3.61145e-07
1.07052e-06
-1.02336e-06
4.50896e-06
-1.49618e-06
5.34001e-06
-1.97294e-06
5.46518e-06
-2.45253e-06
5.72705e-06
-2.93338e-06
6.02037e-06
-3.40729e-06
6.38339e-06
-3.87922e-06
6.79541e-06
-4.34181e-06
7.25961e-06
-4.80994e-06
7.8038e-06
-5.26735e-06
8.41026e-06
-5.70059e-06
9.07517e-06
-6.12497e-06
9.83601e-06
-6.52002e-06
1.06628e-05
-6.87412e-06
1.15696e-05
-7.17489e-06
1.25586e-05
-7.40563e-06
1.36299e-05
-7.53614e-06
1.47733e-05
-7.56852e-06
1.60278e-05
-7.47057e-06
1.73533e-05
-7.2126e-06
1.87584e-05
2.02518e-05
-6.74656e-06
8.0201e-07
1.34883e-05
-2.7857e-07
2.1511e-06
-9.33748e-07
5.16409e-06
-1.385e-06
5.79123e-06
-1.84877e-06
5.92893e-06
-2.3079e-06
6.18619e-06
-2.76599e-06
6.4785e-06
-3.21391e-06
6.83139e-06
-3.65702e-06
7.23862e-06
-4.10167e-06
7.70436e-06
-4.53269e-06
8.23488e-06
-4.9522e-06
8.82979e-06
-5.36222e-06
9.48518e-06
-5.74118e-06
1.02149e-05
-6.08795e-06
1.10095e-05
-6.38737e-06
1.1869e-05
-6.62666e-06
1.27979e-05
-6.78367e-06
1.3787e-05
-6.85392e-06
1.48436e-05
-6.78837e-06
1.59622e-05
-6.56984e-06
1.71348e-05
-6.16629e-06
1.83548e-05
1.96296e-05
-5.54417e-06
8.97534e-07
1.25908e-05
-2.10842e-07
3.25944e-06
-8.41883e-07
5.79508e-06
-1.2727e-06
6.22201e-06
-1.72243e-06
6.37865e-06
-2.16126e-06
6.62504e-06
-2.59276e-06
6.91006e-06
-3.02079e-06
7.2595e-06
-3.44071e-06
7.65864e-06
-3.8606e-06
8.12434e-06
-4.26743e-06
8.64176e-06
-4.66643e-06
9.22881e-06
-5.04598e-06
9.86471e-06
-5.40161e-06
1.05705e-05
-5.72432e-06
1.13322e-05
-5.99606e-06
1.21408e-05
-6.21436e-06
1.30162e-05
-6.3429e-06
1.39155e-05
-6.39005e-06
1.48907e-05
-6.3081e-06
1.58803e-05
-6.07545e-06
1.69021e-05
-5.65655e-06
1.79359e-05
1.89836e-05
-5.01062e-06
9.42997e-07
1.16478e-05
-1.50936e-07
4.35334e-06
-7.44525e-07
6.38862e-06
-1.14097e-06
6.61842e-06
-1.56848e-06
6.80616e-06
-1.97862e-06
7.0352e-06
-2.37175e-06
7.30325e-06
-2.77919e-06
7.66702e-06
-3.1598e-06
8.03935e-06
-3.55972e-06
8.52435e-06
-3.92713e-06
9.00923e-06
-4.3085e-06
9.61017e-06
-4.64915e-06
1.02053e-05
-4.98119e-06
1.09026e-05
-5.28769e-06
1.16387e-05
-5.52634e-06
1.23795e-05
-5.73901e-06
1.32289e-05
-5.856e-06
1.40325e-05
-5.90822e-06
1.49429e-05
-5.83896e-06
1.5811e-05
-5.62795e-06
1.6691e-05
-5.25753e-06
1.75654e-05
1.84122e-05
-4.68617e-06
9.26359e-07
1.07214e-05
-1.07069e-07
5.38672e-06
-6.23917e-07
6.90543e-06
-9.95459e-07
6.98992e-06
-1.36621e-06
7.17688e-06
-1.71365e-06
7.38267e-06
-2.0942e-06
7.68387e-06
-2.4285e-06
8.00142e-06
-2.79141e-06
8.40237e-06
-3.12766e-06
8.86067e-06
-3.47452e-06
9.35612e-06
-3.78944e-06
9.92508e-06
-4.122e-06
1.05379e-05
-4.39356e-06
1.11741e-05
-4.66045e-06
1.19056e-05
-4.89217e-06
1.26112e-05
-5.07123e-06
1.3408e-05
-5.19671e-06
1.41581e-05
-5.2389e-06
1.49851e-05
-5.20507e-06
1.57771e-05
-5.04527e-06
1.65312e-05
-4.72532e-06
1.72454e-05
1.79259e-05
-4.23916e-06
7.99819e-07
9.92159e-06
-7.29906e-08
6.25948e-06
-4.83708e-07
7.31609e-06
-7.88417e-07
7.29458e-06
-1.10274e-06
7.4912e-06
-1.40642e-06
7.68637e-06
-1.69502e-06
7.97253e-06
-1.99024e-06
8.29671e-06
-2.27101e-06
8.6832e-06
-2.56101e-06
9.15069e-06
-2.83263e-06
9.62775e-06
-3.11251e-06
1.0205e-05
-3.35869e-06
1.07841e-05
-3.61772e-06
1.14331e-05
-3.81491e-06
1.21028e-05
-4.03697e-06
1.28333e-05
-4.16746e-06
1.35386e-05
-4.29764e-06
1.42882e-05
-4.34217e-06
1.50296e-05
-4.30542e-06
1.57403e-05
-4.18441e-06
1.64101e-05
-3.95757e-06
1.70185e-05
1.75609e-05
-3.59258e-06
6.14927e-07
9.30663e-06
-3.10396e-08
6.9054e-06
-3.19861e-07
7.60488e-06
-5.4495e-07
7.51965e-06
-7.72242e-07
7.71849e-06
-9.9207e-07
7.90622e-06
-1.21096e-06
8.19144e-06
-1.41735e-06
8.50314e-06
-1.62878e-06
8.89466e-06
-1.8328e-06
9.35474e-06
-2.03394e-06
9.82892e-06
-2.23109e-06
1.04021e-05
-2.42251e-06
1.09755e-05
-2.61156e-06
1.16222e-05
-2.77103e-06
1.22623e-05
-2.92115e-06
1.29835e-05
-3.03459e-06
1.3652e-05
-3.13241e-06
1.43861e-05
-3.19456e-06
1.50918e-05
-3.18915e-06
1.57349e-05
-3.1211e-06
1.63421e-05
-2.98179e-06
1.68792e-05
1.7341e-05
-2.76195e-06
3.95529e-07
8.91107e-06
5.99984e-09
7.29491e-06
-1.65981e-07
7.77683e-06
-2.84596e-07
7.63823e-06
-4.18931e-07
7.85281e-06
-5.50926e-07
8.03822e-06
-6.7778e-07
8.31832e-06
-7.91836e-07
8.61722e-06
-9.2314e-07
9.02598e-06
-1.03045e-06
9.46207e-06
-1.15924e-06
9.95772e-06
-1.26618e-06
1.05091e-05
-1.3897e-06
1.1099e-05
-1.48791e-06
1.17204e-05
-1.59515e-06
1.23696e-05
-1.69364e-06
1.3082e-05
-1.77374e-06
1.37322e-05
-1.83775e-06
1.445e-05
-1.88669e-06
1.51407e-05
-1.89975e-06
1.57479e-05
-1.88199e-06
1.63243e-05
-1.82696e-06
1.68242e-05
1.72549e-05
-1.74089e-06
1.60067e-07
3.7606e-08
-2.9427e-08
-7.41896e-08
-1.21472e-07
-1.52687e-07
-1.76959e-07
-2.24857e-07
-2.52957e-07
-2.91503e-07
-3.28428e-07
-3.63496e-07
-3.9504e-07
-4.32733e-07
-4.75161e-07
-4.88136e-07
-5.33263e-07
-5.51277e-07
-5.5052e-07
-5.68257e-07
-5.79485e-07
-5.80785e-07
-5.34206e-07
9.78855e-05
1.27638e-05
8.98984e-05
7.98711e-06
8.66645e-05
3.23394e-06
-2.89524e-06
8.95597e-05
0.000114953
3.6831e-06
0.000122635
3.05723e-07
0.000128744
-2.87514e-06
-6.39789e-06
0.000132247
9.26309e-05
-2.58241e-06
9.74847e-05
-4.5481e-06
0.000101236
-6.62681e-06
-8.8868e-06
0.000103725
8.38386e-05
-4.37782e-06
8.47395e-05
-5.44906e-06
8.44768e-05
-6.36407e-06
-7.92903e-06
8.3519e-05
8.26706e-05
-1.12053e-05
8.57628e-05
-8.54129e-06
8.55566e-05
-6.1578e-06
-6.19332e-06
8.38209e-05
3.90175e-05
-1.87768e-05
3.95634e-05
-9.08721e-06
3.83189e-05
-4.91329e-06
-1.69701e-05
4.90957e-05
2.83537e-05
7.94019e-06
-5.95519e-06
2.52217e-05
-3.99017e-05
2.90332e-05
1.41651e-05
-7.10368e-05
8.07307e-05
1.27447e-05
7.51514e-05
3.08011e-05
6.64646e-05
3.77201e-05
3.61033e-05
4.45264e-05
6.95539e-05
-2.26545e-06
8.50782e-05
1.52768e-05
9.68478e-05
2.59506e-05
2.92906e-05
0.00010366
1.65e-05
-1.26737e-05
3.21244e-05
-3.47672e-07
4.94379e-05
8.63712e-06
1.49064e-05
6.38221e-05
-3.41575e-05
-1.60794e-05
-2.51151e-05
-9.3902e-06
-1.33838e-05
-3.09421e-06
1.82759e-06
-3.05004e-07
-4.69532e-05
-1.98084e-05
-4.05526e-05
-1.57908e-05
-3.21322e-05
-1.15147e-05
-7.20174e-06
-2.31029e-05
-6.73073e-05
-2.05656e-05
-6.48128e-05
-1.82853e-05
-6.14518e-05
-1.48758e-05
-1.06405e-05
-5.8013e-05
-8.34443e-05
-1.5946e-05
-8.76436e-05
-1.40861e-05
-9.10921e-05
-1.14274e-05
-8.50903e-06
-9.32235e-05
-7.86407e-05
-1.0541e-05
-8.37702e-05
-8.95657e-06
-8.81161e-05
-7.08146e-06
-5.05708e-06
-9.1568e-05
-6.87899e-05
-6.82996e-06
-7.2352e-05
-5.3945e-06
-7.5652e-05
-3.7814e-06
-2.07027e-06
-7.86388e-05
-6.26391e-05
-4.01503e-06
-6.52489e-05
-2.78464e-06
-6.76213e-05
-1.40904e-06
4.68949e-08
-6.97385e-05
-5.73084e-05
-1.68865e-06
-5.94777e-05
-6.15359e-07
-6.14413e-05
5.54521e-07
1.84503e-06
-6.32395e-05
-5.25567e-05
2.51996e-07
-5.43824e-05
1.2103e-06
-5.60855e-05
2.25752e-06
3.37745e-06
-5.7618e-05
-4.82605e-05
1.90271e-06
-4.982e-05
2.76965e-06
-5.12701e-05
3.70759e-06
4.69292e-06
-5.25857e-05
-4.43468e-05
3.30507e-06
-4.56767e-05
4.09943e-06
-4.6926e-05
4.95689e-06
5.83914e-06
-4.80723e-05
-4.076e-05
4.51182e-06
-4.19097e-05
5.249e-06
-4.29975e-05
6.04469e-06
6.84774e-06
-4.40062e-05
-3.74565e-05
5.56335e-06
-3.84638e-05
6.25624e-06
-3.94219e-05
7.00276e-06
7.74108e-06
-4.03153e-05
-3.43944e-05
6.49096e-06
-3.5289e-05
7.15077e-06
-3.61417e-05
7.85546e-06
8.53633e-06
-3.6937e-05
-3.15392e-05
7.31524e-06
-3.23392e-05
7.95069e-06
-3.31006e-05
8.61688e-06
9.2452e-06
-3.38095e-05
-2.88504e-05
8.04875e-06
-2.95677e-05
8.66795e-06
-3.02508e-05
9.30001e-06
9.87778e-06
-3.08834e-05
-2.63083e-05
8.70379e-06
-2.69521e-05
9.31178e-06
-2.75664e-05
9.91429e-06
1.04439e-05
-2.81324e-05
-2.38425e-05
9.28406e-06
-2.4416e-05
9.88529e-06
-2.4969e-05
1.04673e-05
1.09598e-05
-2.54849e-05
-2.13162e-05
9.79524e-06
-2.18191e-05
1.03882e-05
-2.23069e-05
1.09552e-05
1.14257e-05
-2.27728e-05
-1.85184e-05
1.02157e-05
-1.89256e-05
1.07955e-05
-1.93163e-05
1.13458e-05
1.18135e-05
-1.97041e-05
-1.53308e-05
1.05034e-05
-1.56015e-05
1.10662e-05
-1.58598e-05
1.1604e-05
1.20613e-05
-1.61077e-05
-1.19369e-05
1.0603e-05
-1.20042e-05
1.11335e-05
-1.20427e-05
1.16425e-05
1.20944e-05
-1.20758e-05
-8.7909e-06
1.04913e-05
-8.62882e-06
1.09713e-05
-8.41732e-06
1.14309e-05
1.18491e-05
-8.17203e-06
-6.45761e-06
1.02023e-05
-6.10329e-06
1.0617e-05
-5.67323e-06
1.10008e-05
1.13554e-05
-5.17967e-06
-5.15848e-06
9.81651e-06
-4.69399e-06
1.01524e-05
-4.14635e-06
1.04531e-05
1.07326e-05
-3.5236e-06
-4.61146e-06
9.41727e-06
-4.13478e-06
9.67562e-06
-3.57642e-06
9.8946e-06
1.00975e-05
-2.94147e-06
-4.32413e-06
9.05513e-06
-3.88633e-06
9.23774e-06
-3.37925e-06
9.38745e-06
9.52406e-06
-2.80589e-06
-3.9277e-06
8.74361e-06
-3.55435e-06
8.86433e-06
-3.12097e-06
8.95398e-06
9.04254e-06
-2.63958e-06
-3.35244e-06
8.50343e-06
-3.06563e-06
8.57744e-06
-2.73826e-06
8.62651e-06
8.66092e-06
-2.35673e-06
-2.60232e-06
8.34372e-06
-2.40897e-06
8.38403e-06
-2.17487e-06
8.39236e-06
8.37309e-06
-1.8871e-06
-1.65287e-06
8.25567e-06
-1.5291e-06
8.26024e-06
-1.39291e-06
8.2561e-06
8.23442e-06
-1.2543e-06
-4.91383e-07
-4.63814e-07
-4.31947e-07
-3.80912e-07
7.01063e-05
-5.71142e-05
4.31038e-05
-9.4046e-05
-1.07732e-05
-0.000135117
2.54069e-06
-0.00014988
-4.97463e-05
-3.40637e-06
-9.79867e-05
0.000118738
-8.62991e-05
0.00029317
6.39414e-06
0.000487206
0.000103854
0.000602572
0.000170497
0.000606288
0.000262041
0.000340363
0.000313545
-3.91259e-05
0.000306942
-0.000264304
0.000261363
-0.000299114
0.000220257
-0.000251547
0.000185172
-0.00021456
0.000182875
-0.000232736
3.07602e-05
-0.000259599
-0.000358228
0.00011336
-3.82281e-05
8.29997e-05
-6.36853e-05
4.55039e-05
-9.76215e-05
2.44628e-05
-0.000128839
-5.74357e-06
2.68001e-05
-3.60507e-05
0.000149045
5.88731e-06
0.000251232
0.000123973
0.000369121
0.000297561
0.000428983
0.000483564
0.000420285
0.00057174
0.000252187
0.000524845
7.76962e-06
0.000418008
-0.000157467
0.000322787
-0.000203893
0.000252371
-0.000181131
0.000197804
-0.000159992
0.000145242
-0.000180175
2.71053e-05
-0.000141462
-0.000331123
9.76409e-05
-3.21436e-05
7.66136e-05
-4.2658e-05
4.42484e-05
-6.52563e-05
1.77856e-05
-0.000102376
4.19638e-05
2.62229e-06
4.24938e-05
0.000148515
8.03699e-05
0.000213356
0.000169287
0.000280204
0.000284614
0.000313656
0.00041179
0.000293109
0.000473922
0.000190055
0.000439436
4.22547e-05
0.000371939
-8.997e-05
0.00030468
-0.000136634
0.000231506
-0.000107956
0.000152385
-8.08708e-05
7.54638e-05
-0.000103254
2.61945e-05
-9.21935e-05
-0.000304929
7.81573e-05
-2.67819e-05
6.52892e-05
-2.97899e-05
3.50768e-05
-3.50439e-05
7.35777e-06
-7.46567e-05
4.74652e-05
-3.74841e-05
8.6621e-05
0.000109358
0.000144271
0.000155706
0.000196413
0.000228062
0.000254866
0.000255203
0.000321629
0.000226346
0.000354591
0.000157093
0.000330231
6.66156e-05
0.000319191
-7.89296e-05
0.000283445
-0.000100888
0.000212818
-3.73296e-05
0.000106474
2.54736e-05
-1.55062e-05
1.87263e-05
2.72553e-05
-0.000134955
-0.000277673
7.56604e-05
-1.86215e-05
6.33007e-05
-1.74302e-05
3.98051e-05
-1.15483e-05
-1.46762e-05
-2.01754e-05
1.50997e-05
-6.72599e-05
8.6175e-05
3.82832e-05
0.000194544
4.73369e-05
0.000228072
0.000194535
0.00024409
0.000239184
0.000266489
0.000203947
0.000268375
0.000155207
0.000236971
9.80195e-05
0.00023471
-7.66684e-05
0.000170854
-3.7032e-05
0.000124223
9.30157e-06
6.17214e-05
8.79748e-05
3.22167e-05
4.82311e-05
3.08851e-05
-0.000133624
-0.000246788
7.10865e-05
-4.06122e-05
6.8857e-05
-1.52007e-05
5.5259e-05
2.04965e-06
1.50069e-05
2.00767e-05
-7.47454e-05
2.24921e-05
-2.88728e-05
-7.58978e-06
9.51644e-05
-7.67001e-05
0.000149526
0.000140173
0.000166561
0.000222149
0.000181771
0.000188736
0.000178576
0.000158403
0.000105944
0.000170651
4.05584e-05
-1.12829e-05
-5.65137e-05
6.004e-05
-6.78529e-05
2.06408e-05
-7.17917e-06
2.73006e-05
5.62739e-05
-1.52218e-05
4.13008e-05
-0.000118651
-0.000205487
-1.17849e-05
-9.98642e-05
5.03128e-05
-7.72984e-05
6.77842e-05
-1.54217e-05
6.23089e-05
2.5552e-05
3.45617e-05
5.02394e-05
-3.10038e-05
5.79757e-05
-0.000159736
5.20316e-05
-8.3137e-05
6.35745e-05
2.88359e-05
0.000110177
7.58211e-05
0.000141751
9.35221e-05
0.000140702
0.000137259
0.000126914
4.96646e-05
7.63114e-05
6.08405e-05
4.88642e-05
5.52859e-05
2.61955e-05
7.11655e-05
1.14208e-05
7.93914e-05
-2.34477e-05
5.49533e-05
-9.42126e-05
-0.000150534
-3.39695e-05
-2.13683e-05
-4.08668e-05
-7.04011e-05
2.60302e-05
-8.23187e-05
7.12387e-05
-1.96565e-05
8.44861e-05
3.6992e-05
7.63945e-05
6.60672e-05
4.94378e-05
7.89884e-05
2.51729e-05
8.78391e-05
3.24699e-05
0.00010288
6.06509e-05
0.00011357
9.60592e-05
0.000105294
0.000135985
8.69887e-05
0.000153476
5.88198e-05
0.000166891
3.54489e-05
0.000170928
2.2159e-05
0.000165833
1.65156e-05
0.000137036
5.34913e-06
7.8837e-05
-3.60133e-05
-7.16971e-05
3.82253e-05
4.40669e-05
-1.2966e-05
-1.92098e-05
-5.69085e-05
-3.83761e-05
3.87299e-06
-8.0438e-05
7.47493e-05
-3.38842e-05
0.00010451
3.63069e-05
0.000118281
6.52172e-05
0.000123565
8.25545e-05
0.000131844
9.46022e-05
0.000150484
9.4929e-05
0.000171981
8.37973e-05
0.00019315
6.5819e-05
0.000207662
4.4308e-05
0.000214883
2.8228e-05
0.000213384
2.36578e-05
0.000197681
3.22191e-05
0.000156068
4.69621e-05
8.63142e-05
3.37404e-05
1.46171e-05
7.1309e-05
3.65799e-05
5.27023e-05
-6.03059e-07
2.70035e-05
-1.26773e-05
-6.743e-07
-5.27602e-05
4.4332e-06
-3.89917e-05
6.86451e-05
-2.7905e-05
0.000116486
1.73765e-05
0.000142354
5.66867e-05
0.000159167
7.7789e-05
0.000177167
7.69291e-05
0.000193103
6.78614e-05
0.000206763
5.2159e-05
0.000217762
3.33084e-05
0.000222991
2.29994e-05
0.000218364
2.82842e-05
0.000185762
6.48216e-05
0.000132733
9.99912e-05
7.03568e-05
9.61165e-05
8.49739e-05
2.17434e-05
1.45315e-05
2.88055e-05
-7.66523e-06
3.71537e-05
-2.10255e-05
2.28406e-05
-3.8447e-05
1.18461e-05
-2.79972e-05
2.16232e-05
-3.76822e-05
5.73587e-05
-1.83591e-05
9.68839e-05
1.71614e-05
0.000142433
3.22396e-05
0.000173603
4.57597e-05
0.0001872
5.42641e-05
0.000142121
9.72378e-05
1.80175e-05
0.000157412
-1.46833e-05
5.57001e-05
1.24824e-05
1.11856e-06
4.71249e-05
3.01791e-05
5.13423e-05
9.57738e-05
3.22224e-05
0.000115236
0.000117196
-8.26234e-07
-7.74511e-06
5.46709e-06
-1.39585e-05
6.9595e-08
-1.56279e-05
-2.11385e-05
-1.7239e-05
-4.27704e-05
-6.36534e-06
-7.17161e-05
-8.73648e-06
-8.59478e-05
-4.12746e-06
-8.78112e-05
1.90248e-05
-0.000107363
5.17916e-05
-0.000163485
0.000101881
-0.000262186
0.000152966
-0.00034462
0.000179671
-0.000333916
0.000146709
-0.00022361
-5.46063e-05
-0.00013533
-8.71616e-05
-5.73249e-05
-4.78256e-05
-3.96574e-06
4.24146e-05
3.4965e-06
0.000107774
0.000120693
-5.15043e-05
-1.42539e-05
-5.78406e-05
-7.62219e-06
-7.3497e-05
2.84583e-08
-9.69186e-05
6.18267e-06
-0.000111115
7.83103e-06
-0.000123626
3.774e-06
-0.000134286
6.53332e-06
-0.000141303
2.60413e-05
-0.000160888
7.13763e-05
-0.000204198
0.000145192
-0.000259826
0.000208594
-0.000275567
0.000195412
-0.000189208
6.03504e-05
-0.000119783
-0.000124032
-9.15717e-05
-0.000115373
-6.5139e-05
-7.42583e-05
-2.78943e-05
5.16981e-06
-8.63323e-06
8.85131e-05
0.00011206
-9.69089e-05
-1.05685e-05
-0.000105623
1.09202e-06
-0.000113018
7.42344e-06
-0.000117412
1.05763e-05
-0.000120588
1.10075e-05
-0.000126392
9.57811e-06
-0.000134251
1.43916e-05
-0.000143086
3.48768e-05
-0.000157604
8.5894e-05
-0.000184081
0.000171669
-0.000217834
0.000242347
-0.000228776
0.000206354
-0.000229694
6.12683e-05
-0.000128004
-0.000225721
-8.80819e-05
-0.000155296
-5.93565e-05
-0.000102984
-2.80202e-05
-2.61664e-05
-7.25831e-06
6.77512e-05
0.000104801
-9.78578e-05
-4.27878e-06
-0.000101802
5.03646e-06
-0.000105715
1.13365e-05
-0.00010807
1.29312e-05
-0.000109115
1.20523e-05
-0.000112038
1.25007e-05
-0.000117548
1.99014e-05
-0.000124093
4.14221e-05
-0.000128077
8.98787e-05
-0.000127994
0.000171586
-0.000127912
0.000242265
-0.000127153
0.000205595
-8.85215e-05
2.26369e-05
-8.99747e-05
-0.000224268
-8.85924e-05
-0.000156678
-5.44685e-05
-0.000137108
-2.21901e-05
-5.84448e-05
-3.64969e-06
4.92107e-05
0.000101152
-8.45586e-05
1.64097e-06
-8.90556e-05
9.53348e-06
-9.20337e-05
1.43145e-05
-9.42387e-05
1.51362e-05
-9.57923e-05
1.36058e-05
-9.72164e-05
1.39249e-05
-9.89757e-05
2.16608e-05
-9.98295e-05
4.2276e-05
-9.28967e-05
8.29459e-05
-6.93632e-05
0.000148052
-3.48462e-05
0.000207748
-6.99081e-06
0.000177739
-8.13354e-06
2.37797e-05
-5.94487e-05
-0.000172952
-5.02444e-05
-0.000165882
-3.74337e-05
-0.000149918
-1.75723e-05
-7.83062e-05
-4.81252e-06
3.6451e-05
9.63391e-05
-7.4021e-05
5.92342e-06
-7.76828e-05
1.31953e-05
-8.08111e-05
1.74427e-05
-8.3241e-05
1.75661e-05
-8.45013e-05
1.48661e-05
-8.43505e-05
1.37742e-05
-8.30704e-05
2.03808e-05
-7.99715e-05
3.91771e-05
-6.92681e-05
7.22426e-05
-4.10311e-05
0.000119815
1.24576e-06
0.000165471
2.93358e-05
0.000149649
2.18536e-05
3.12619e-05
-3.07625e-05
-0.000120336
-3.61912e-05
-0.000160453
-3.98787e-05
-0.000146231
-2.51904e-05
-9.29945e-05
-1.07308e-05
2.19914e-05
8.56083e-05
-6.67447e-05
9.42858e-06
-6.95781e-05
1.60286e-05
-7.21382e-05
2.00028e-05
-7.41148e-05
1.95427e-05
-7.47426e-05
1.5494e-05
-7.35999e-05
1.26315e-05
-7.10808e-05
1.78618e-05
-6.73332e-05
3.54295e-05
-5.95417e-05
6.44512e-05
-4.19855e-05
0.000102259
-1.55741e-05
0.00013906
-3.14207e-06
0.000137217
-2.4702e-05
5.28219e-05
-6.11652e-05
-8.38728e-05
-5.85275e-05
-0.000163091
-6.25358e-05
-0.000142223
-4.70751e-05
-0.000108455
-2.07404e-05
-4.34331e-06
6.48679e-05
-6.06004e-05
1.2411e-05
-6.28677e-05
1.82959e-05
-6.47984e-05
2.19334e-05
-6.62987e-05
2.1043e-05
-6.6651e-05
1.58463e-05
-6.53626e-05
1.13431e-05
-6.30455e-05
1.55448e-05
-6.08171e-05
3.32012e-05
-5.86898e-05
6.2324e-05
-5.59297e-05
9.94992e-05
-5.38762e-05
0.000137006
-6.06568e-05
0.000143998
-8.09914e-05
7.31564e-05
-9.9919e-05
-6.49451e-05
-8.59638e-05
-0.000177046
-7.87699e-05
-0.000149416
-8.25585e-05
-0.000104667
-4.26636e-05
-4.42382e-05
2.22042e-05
-5.51221e-05
1.49473e-05
-5.69412e-05
2.01149e-05
-5.8404e-05
2.33962e-05
-5.96439e-05
2.22829e-05
-6.01293e-05
1.63318e-05
-5.93797e-05
1.05936e-05
-5.80801e-05
1.42452e-05
-5.78226e-05
3.29438e-05
-6.03395e-05
6.48409e-05
-6.7848e-05
0.000107008
-8.15353e-05
0.000150694
-0.000100704
0.000163167
-0.000127285
9.97379e-05
-0.000143678
-4.85524e-05
-0.000117752
-0.000202972
-7.5791e-05
-0.000191378
-7.4703e-05
-0.000105755
-5.70298e-05
-6.19114e-05
-3.48255e-05
-5.02658e-05
1.71407e-05
-5.17647e-05
2.16138e-05
-5.28991e-05
2.45305e-05
-5.40105e-05
2.33943e-05
-5.47957e-05
1.71171e-05
-5.47919e-05
1.05898e-05
-5.45256e-05
1.3979e-05
-5.54621e-05
3.38803e-05
-5.94861e-05
6.88649e-05
-6.98233e-05
0.000117345
-9.00572e-05
0.000170928
-0.000120783
0.000193893
-0.000154126
0.000133081
-0.000171279
-3.13996e-05
-0.000170034
-0.000204217
-0.000100429
-0.000260983
-3.90778e-05
-0.000167106
-1.99399e-05
-8.10493e-05
-5.47655e-05
-4.59383e-05
1.90728e-05
-4.72196e-05
2.28951e-05
-4.81524e-05
2.54633e-05
-4.91616e-05
2.44035e-05
-5.01155e-05
1.80711e-05
-5.05816e-05
1.10559e-05
-5.07805e-05
1.4178e-05
-5.155e-05
3.46498e-05
-5.39135e-05
7.12285e-05
-6.04585e-05
0.00012389
-7.49364e-05
0.000185406
-9.67209e-05
0.000215677
-0.000120378
0.000156739
-0.000153032
1.25431e-06
-0.000175476
-0.000181773
-0.000153086
-0.000283372
-7.37497e-05
-0.000246443
3.81463e-06
-0.000158614
-5.09508e-05
-4.20382e-05
2.07957e-05
-4.31667e-05
2.40235e-05
-4.39672e-05
2.62638e-05
-4.48945e-05
2.53307e-05
-4.58308e-05
1.90074e-05
-4.6365e-05
1.15902e-05
-4.62752e-05
1.40882e-05
-4.56344e-05
3.4009e-05
-4.46655e-05
7.02597e-05
-4.48081e-05
0.000124032
-4.98763e-05
0.000190474
-6.31117e-05
0.000228912
-8.71303e-05
0.000180757
-0.000124348
3.84716e-05
-0.000168657
-0.000137464
-0.000181984
-0.000270045
-0.000125508
-0.000302919
-3.23773e-05
-0.000251745
-8.33281e-05
-3.84826e-05
2.23413e-05
-3.9515e-05
2.50559e-05
-4.02688e-05
2.70176e-05
-4.11364e-05
2.61984e-05
-4.2096e-05
1.99669e-05
-4.25877e-05
1.20819e-05
-4.19577e-05
1.34583e-05
-3.96132e-05
3.16645e-05
-3.55123e-05
6.61587e-05
-3.04464e-05
0.000118967
-2.7702e-05
0.000187729
-3.27242e-05
0.000233935
-4.81339e-05
0.000196167
-7.98978e-05
7.02354e-05
-0.000108339
-0.000109023
-0.000121874
-0.00025651
-9.40025e-05
-0.00033079
-4.57961e-05
-0.000299951
-0.000129124
-3.52009e-05
2.37328e-05
-3.61706e-05
2.60255e-05
-3.69422e-05
2.77891e-05
-3.79105e-05
2.71667e-05
-3.90378e-05
2.10942e-05
-3.9621e-05
1.26651e-05
-3.87745e-05
1.26118e-05
-3.55553e-05
2.84452e-05
-2.97033e-05
6.03068e-05
-2.12895e-05
0.000110553
-1.20443e-05
0.000178484
-7.53468e-06
0.000229425
-1.15758e-05
0.000200208
-2.61233e-05
8.47828e-05
-4.34049e-05
-9.17415e-05
-6.02142e-05
-0.0002397
-5.729e-05
-0.000333714
-4.10773e-05
-0.000316164
-0.000170202
-3.21518e-05
2.50011e-05
-3.31122e-05
2.69859e-05
-3.39244e-05
2.86013e-05
-3.5061e-05
2.83032e-05
-3.63228e-05
2.2356e-05
-3.67996e-05
1.3142e-05
-3.60563e-05
1.18686e-05
-3.33521e-05
2.57411e-05
-2.74575e-05
5.44122e-05
-1.69053e-05
0.0001
-1.64092e-06
0.00016322
1.46466e-05
0.000213137
2.10768e-05
0.000193777
2.56922e-05
8.01675e-05
2.50288e-05
-9.10781e-05
1.5803e-05
-0.000230475
-8.50516e-07
-0.000317061
1.01062e-05
-0.000327121
-0.000160095
-2.92846e-05
2.61531e-05
-3.02371e-05
2.79383e-05
-3.1163e-05
2.95272e-05
-3.25238e-05
2.9664e-05
-3.3788e-05
2.36201e-05
-3.36802e-05
1.30342e-05
-3.28536e-05
1.10421e-05
-3.14895e-05
2.4377e-05
-2.69329e-05
4.98556e-05
-1.55214e-05
8.85888e-05
5.57096e-06
0.000142127
3.02648e-05
0.000188443
4.915e-05
0.000174892
6.29341e-05
6.63833e-05
6.39624e-05
-9.21064e-05
4.56303e-05
-0.000212142
4.92574e-06
-0.000276356
-3.04488e-06
-0.00031915
-0.00016314
-2.65569e-05
2.72251e-05
-2.75273e-05
2.89086e-05
-2.863e-05
3.06297e-05
-3.02986e-05
3.13325e-05
-3.17462e-05
2.50677e-05
-3.11062e-05
1.23943e-05
-2.98031e-05
9.73908e-06
-2.96258e-05
2.41997e-05
-2.6938e-05
4.71678e-05
-1.66825e-05
7.83333e-05
6.77332e-06
0.000118671
3.87622e-05
0.000156455
6.86673e-05
0.000144987
9.06187e-05
4.44319e-05
8.72199e-05
-8.87074e-05
6.3601e-05
-0.000188524
1.81162e-05
-0.000230871
2.60383e-06
-0.000303638
-0.000160536
-2.37743e-05
2.82267e-05
-2.48096e-05
2.99438e-05
-2.61495e-05
3.19695e-05
-2.82724e-05
3.34553e-05
-3.06405e-05
2.74358e-05
-3.03882e-05
1.2142e-05
-2.8145e-05
7.49594e-06
-2.83466e-05
2.44015e-05
-2.79269e-05
4.67481e-05
-2.05993e-05
7.10057e-05
-1.08144e-06
9.91537e-05
3.12471e-05
0.000124126
6.65009e-05
0.000109733
8.90696e-05
2.18633e-05
9.35224e-05
-9.31601e-05
8.22144e-05
-0.000177215
5.46615e-05
-0.000203318
2.54428e-05
-0.000274419
-0.000135094
-2.06232e-05
2.91457e-05
-2.16604e-05
3.09809e-05
-2.30902e-05
3.33991e-05
-2.53719e-05
3.57371e-05
-2.90362e-05
3.11001e-05
-3.09593e-05
1.40652e-05
-2.88291e-05
5.36574e-06
-2.81107e-05
2.36832e-05
-2.98638e-05
4.85013e-05
-2.67413e-05
6.78833e-05
-1.51049e-05
8.75173e-05
8.84841e-06
0.000100173
3.35488e-05
8.50331e-05
6.39435e-05
-8.53123e-06
8.55285e-05
-0.000114745
0.000102864
-0.000194551
8.573e-05
-0.000186185
3.33938e-05
-0.000222083
-0.0001017
-1.67523e-05
2.97902e-05
-1.75648e-05
3.17934e-05
-1.87506e-05
3.45848e-05
-2.05313e-05
3.75178e-05
-2.50265e-05
3.55953e-05
-3.09877e-05
2.00264e-05
-3.28179e-05
7.19605e-06
-3.07332e-05
2.15986e-05
-3.15845e-05
4.93526e-05
-3.24558e-05
6.87547e-05
-2.95099e-05
8.45714e-05
-1.9033e-05
8.9696e-05
1.46647e-05
5.13354e-05
6.09404e-05
-5.48068e-05
9.78066e-05
-0.000151611
0.000101524
-0.000198268
9.34241e-05
-0.000178085
4.31527e-05
-0.000171811
-5.85471e-05
-1.22068e-05
2.9921e-05
-1.24228e-05
3.20092e-05
-1.28873e-05
3.50492e-05
-1.35622e-05
3.81927e-05
-1.74661e-05
3.94992e-05
-2.73786e-05
2.9939e-05
-3.68181e-05
1.66356e-05
-3.63877e-05
2.11683e-05
-3.34683e-05
4.64332e-05
-3.40975e-05
6.93839e-05
-3.19381e-05
8.24121e-05
-1.23052e-05
7.0063e-05
3.22121e-05
6.81822e-06
7.79417e-05
-0.000100536
0.000101228
-0.000174897
0.000102653
-0.000199693
0.000103334
-0.000178766
4.13624e-05
-0.000109839
-1.71848e-05
-7.51289e-06
2.92618e-05
-6.8275e-06
3.13237e-05
-6.0136e-06
3.42352e-05
-5.03584e-06
3.72149e-05
-5.76899e-06
4.02323e-05
-1.3257e-05
3.74271e-05
-2.60472e-05
2.94259e-05
-3.15905e-05
2.67117e-05
-2.63127e-05
4.11553e-05
-1.90771e-05
6.21484e-05
-7.40481e-06
7.07397e-05
2.34677e-05
3.91906e-05
5.83127e-05
-2.80269e-05
9.35784e-05
-0.000135802
0.000105251
-0.00018657
9.40925e-05
-0.000188535
9.06332e-05
-0.000175307
3.31877e-05
-5.23939e-05
1.60029e-05
-3.79255e-06
2.78745e-05
-2.13937e-06
2.96704e-05
1.4155e-07
3.19542e-05
2.92794e-06
3.44284e-05
6.26414e-06
3.68961e-05
5.92167e-06
3.77696e-05
4.21827e-07
3.49257e-05
-3.25212e-06
3.03856e-05
1.39752e-06
3.65057e-05
1.48804e-05
4.86655e-05
3.73438e-05
4.82762e-05
5.98072e-05
1.67272e-05
7.03016e-05
-3.85212e-05
9.53684e-05
-0.000160869
9.81053e-05
-0.000189306
7.91774e-05
-0.000169607
7.24451e-05
-0.000168575
3.08375e-05
-1.07864e-05
4.68405e-05
-1.71584e-06
2.60666e-05
5.39454e-07
2.7415e-05
3.59705e-06
2.88965e-05
7.55341e-06
3.0472e-05
1.31299e-05
3.13196e-05
1.82432e-05
3.26563e-05
2.13052e-05
3.18638e-05
2.46116e-05
2.70792e-05
3.40341e-05
2.70831e-05
4.92836e-05
3.3416e-05
6.76103e-05
2.99494e-05
7.86403e-05
5.69716e-06
8.49583e-05
-4.48391e-05
9.42791e-05
-0.00017019
8.79259e-05
-0.000182953
7.63371e-05
-0.000158018
6.77292e-05
-0.000159967
2.49061e-05
3.20367e-05
7.17466e-05
-1.1001e-06
2.42251e-05
1.26918e-06
2.50456e-05
4.38765e-06
2.57779e-05
8.46771e-06
2.63919e-05
1.39349e-05
2.58523e-05
2.03924e-05
2.61988e-05
2.75714e-05
2.46848e-05
3.44826e-05
2.01679e-05
4.43986e-05
1.71671e-05
5.63941e-05
2.14205e-05
6.6495e-05
1.98485e-05
7.18435e-05
3.48599e-07
8.78928e-05
-6.08884e-05
9.68002e-05
-0.000179097
8.57682e-05
-0.000171921
6.53165e-05
-0.000137567
2.94297e-05
-0.00012408
-2.32415e-06
6.37907e-05
6.94225e-05
-1.16376e-06
2.25829e-05
9.66265e-07
2.29154e-05
3.72e-06
2.3024e-05
7.34148e-06
2.27703e-05
1.1788e-05
2.14057e-05
1.75123e-05
2.04745e-05
2.46996e-05
1.74975e-05
3.23108e-05
1.25566e-05
4.13425e-05
8.13523e-06
4.96969e-05
1.30662e-05
5.56402e-05
1.39052e-05
6.50466e-05
-9.05791e-06
8.45743e-05
-8.04162e-05
8.62377e-05
-0.000180761
8.53589e-05
-0.000171042
5.31003e-05
-0.000105308
-3.10479e-06
-6.78748e-05
-1.13115e-05
7.19974e-05
5.8111e-05
-1.27699e-06
2.12201e-05
4.79687e-07
2.11586e-05
2.78865e-06
2.07149e-05
5.78611e-06
1.97727e-05
9.26578e-06
1.79259e-05
1.43193e-05
1.54209e-05
1.96874e-05
1.21295e-05
2.81884e-05
4.05548e-06
3.98128e-05
-3.48922e-06
4.73319e-05
5.54695e-06
5.45342e-05
6.70297e-06
7.23608e-05
-2.68846e-05
8.93839e-05
-9.74393e-05
8.12953e-05
-0.000172672
8.58359e-05
-0.000175583
6.02304e-05
-7.97025e-05
-7.9109e-06
2.66552e-07
-6.81937e-05
0.00013228
-1.00828e-05
-1.28741e-06
2.01507e-05
8.31223e-08
1.97879e-05
1.86512e-06
1.89327e-05
4.26462e-06
1.73731e-05
7.10142e-06
1.50891e-05
1.1557e-05
1.09653e-05
1.615e-05
7.53642e-06
2.36046e-05
-3.39916e-06
3.42389e-05
-1.41235e-05
4.49572e-05
-5.17151e-06
5.79669e-05
-6.30677e-06
7.7525e-05
-4.64427e-05
8.97278e-05
-0.000109642
7.98043e-05
-0.000162748
7.04891e-05
-0.000166268
7.08646e-05
-8.0078e-05
1.74128e-05
5.37183e-05
-4.7532e-05
0.000197225
-5.76147e-05
-1.18157e-06
1.94451e-05
-2.55854e-07
1.88621e-05
1.00053e-06
1.76763e-05
2.7322e-06
1.56414e-05
4.96632e-06
1.2855e-05
8.03111e-06
7.90042e-06
1.21477e-05
3.41978e-06
1.6244e-05
-7.49548e-06
2.14864e-05
-1.93659e-05
3.35442e-05
-1.72294e-05
5.00041e-05
-2.27667e-05
6.32084e-05
-5.96471e-05
6.69229e-05
-0.000113357
5.88655e-05
-0.000154691
5.89051e-05
-0.000166308
9.05463e-05
-0.000111719
9.50438e-05
4.92208e-05
0.000115601
0.000176667
5.79866e-05
-8.72473e-07
1.90632e-05
-3.41554e-07
1.83311e-05
3.7908e-07
1.69556e-05
1.3124e-06
1.47081e-05
2.58195e-06
1.15854e-05
4.02126e-06
6.46108e-06
6.4888e-06
9.52201e-07
7.92205e-06
-8.92877e-06
9.62953e-06
-2.10734e-05
1.76613e-05
-2.52613e-05
2.96249e-05
-3.47304e-05
3.76934e-05
-6.77157e-05
3.72892e-05
-0.000112953
2.93026e-05
-0.000146705
2.08605e-05
-0.000157866
4.63116e-05
-0.00013717
0.000112563
-1.7031e-05
0.000184234
0.000104997
0.00024222
-2.71029e-07
-1.10417e-07
1.07546e-07
4.05228e-07
8.3721e-07
1.32191e-06
2.07903e-06
2.62284e-06
2.76483e-06
5.55913e-06
1.04398e-05
1.35345e-05
1.25737e-05
1.12538e-05
2.25874e-05
4.00302e-05
0.000205713
0.000444086
)
;

boundaryField
{
    leftWall
    {
        type            calculated;
        value           uniform 0;
    }
    rightWall
    {
        type            calculated;
        value           uniform 0;
    }
    lowerWall
    {
        type            calculated;
        value           uniform 0;
    }
    atmosphere
    {
        type            calculated;
        value           nonuniform List<scalar> 
46
(
8.751e-06
7.41735e-06
7.84383e-06
7.68297e-06
7.90009e-06
8.06945e-06
8.34261e-06
8.66514e-06
9.05411e-06
9.50065e-06
9.99467e-06
1.05441e-05
1.11306e-05
1.17581e-05
1.2412e-05
1.3095e-05
1.37773e-05
1.4468e-05
1.51399e-05
1.57657e-05
1.63355e-05
1.68254e-05
1.72083e-05
8.21284e-06
8.23263e-06
8.22417e-06
8.18337e-06
1.89533e-05
1.81704e-05
1.67376e-05
1.44104e-05
1.11534e-05
5.97637e-06
1.95068e-07
-9.47257e-06
-2.12155e-05
-2.80556e-05
-3.96111e-05
-7.08103e-05
-0.000111992
-0.000145385
-0.000169199
-0.000154613
-0.000182714
-0.000133376
0.000686306
)
;
    }
    defaultFaces
    {
        type            empty;
        value           nonuniform 0();
    }
}


// ************************************************************************* //
