/*--------------------------------*- C++ -*----------------------------------*\
| =========                 |                                                 |
| \\      /  F ield         | OpenFOAM: The Open Source CFD Toolbox           |
|  \\    /   O peration     | Version:  5.x                                   |
|   \\  /    A nd           | Web:      www.OpenFOAM.org                      |
|    \\/     M anipulation  |                                                 |
\*---------------------------------------------------------------------------*/
FoamFile
{
    version     2.0;
    format      ascii;
    class       volVectorField;
    location    "0.5";
    object      U;
}
// * * * * * * * * * * * * * * * * * * * * * * * * * * * * * * * * * * * * * //

dimensions      [0 1 -1 0 0 0 0];

internalField   nonuniform List<vector> 
2268
(
(-0.0316124 0.0103542 0)
(-0.0610102 0.00471984 0)
(-0.0557158 -0.00525593 0)
(-0.0166971 -0.011354 0)
(0.0406334 -0.0147818 0)
(0.104802 -0.0151141 0)
(0.165462 -0.0129783 0)
(0.214767 -0.00968387 0)
(0.24948 -0.00638677 0)
(0.270723 -0.00362087 0)
(0.281366 -0.00145748 0)
(0.284322 0.000530175 0)
(0.279734 0.00250416 0)
(0.268139 0.00490452 0)
(0.24815 0.00836704 0)
(0.216455 0.0134771 0)
(0.166399 0.0201157 0)
(0.0958815 0.0252131 0)
(-0.00720013 0.0130664 0)
(-0.0266462 0.00555464 0)
(-0.150504 0.0290326 0)
(-0.233579 -0.000820821 0)
(-0.0798365 -0.0532247 0)
(-0.041107 0.0312632 0)
(-0.0584014 0.0106296 0)
(-0.0506989 -0.0167016 0)
(-0.0108598 -0.0345646 0)
(0.045872 -0.044567 0)
(0.109295 -0.0454889 0)
(0.169023 -0.0390826 0)
(0.2172 -0.0292576 0)
(0.250921 -0.019475 0)
(0.271668 -0.0113303 0)
(0.282595 -0.00501568 0)
(0.286281 5.41084e-05 0)
(0.286238 0.00441483 0)
(0.283696 0.00889157 0)
(0.279653 0.0147227 0)
(0.274245 0.0235743 0)
(0.262833 0.0367274 0)
(0.236457 0.0540237 0)
(0.156927 0.0567487 0)
(0.0689489 0.0552278 0)
(-0.116884 0.0652074 0)
(-0.140607 -0.0112141 0)
(-0.0302826 -0.123309 0)
(-0.036614 0.0514979 0)
(-0.0482697 0.0142611 0)
(-0.0399784 -0.0285375 0)
(-0.00193348 -0.0569367 0)
(0.0517019 -0.0733024 0)
(0.113068 -0.0749423 0)
(0.171051 -0.0641777 0)
(0.217032 -0.0477579 0)
(0.248444 -0.0316477 0)
(0.26752 -0.0184466 0)
(0.277731 -0.00836536 0)
(0.281728 -0.000837681 0)
(0.281133 0.00503723 0)
(0.277028 0.0102623 0)
(0.270335 0.0161881 0)
(0.262711 0.0250073 0)
(0.256642 0.0396108 0)
(0.257589 0.0642681 0)
(0.240691 0.0889219 0)
(0.191268 0.112347 0)
(0.0572774 0.115126 0)
(-0.0282159 -0.015107 0)
(0.0295406 -0.146466 0)
(-0.0291693 0.067944 0)
(-0.0342178 0.0164798 0)
(-0.0242215 -0.03989 0)
(0.00881101 -0.0768168 0)
(0.0571209 -0.100143 0)
(0.115357 -0.103408 0)
(0.171294 -0.0883227 0)
(0.214967 -0.0650504 0)
(0.243936 -0.0427407 0)
(0.261269 -0.0250012 0)
(0.270916 -0.011751 0)
(0.275498 -0.00183588 0)
(0.276359 0.00597178 0)
(0.274159 0.0128775 0)
(0.269233 0.0201342 0)
(0.262025 0.0292982 0)
(0.253582 0.0423077 0)
(0.250336 0.0641252 0)
(0.256375 0.0963078 0)
(0.262364 0.139904 0)
(0.214986 0.157404 0)
(0.142794 0.0206177 0)
(0.097537 -0.10902 0)
(-0.0205103 0.0785066 0)
(-0.0139308 0.0155328 0)
(-0.00210171 -0.0496013 0)
(0.0264954 -0.0941634 0)
(0.0693276 -0.125015 0)
(0.121699 -0.130691 0)
(0.172343 -0.111456 0)
(0.211584 -0.0812418 0)
(0.237334 -0.0527884 0)
(0.253095 -0.0308593 0)
(0.26275 -0.0149863 0)
(0.268499 -0.00332363 0)
(0.271279 0.0058309 0)
(0.271499 0.0140149 0)
(0.269375 0.0225118 0)
(0.265175 0.0326296 0)
(0.259507 0.0455618 0)
(0.254225 0.0638991 0)
(0.256114 0.0909057 0)
(0.27921 0.135922 0)
(0.2961 0.167486 0)
(0.245162 0.0751891 0)
(0.150964 -0.0444125 0)
(-0.0103631 0.0824576 0)
(0.0147286 0.0109892 0)
(0.0321838 -0.0598563 0)
(0.064646 -0.110691 0)
(0.104424 -0.147127 0)
(0.144908 -0.15416 0)
(0.182295 -0.130994 0)
(0.211463 -0.0951707 0)
(0.230964 -0.0621231 0)
(0.24407 -0.0369753 0)
(0.253851 -0.0188373 0)
(0.261398 -0.00550261 0)
(0.266793 0.00478721 0)
(0.269843 0.0139862 0)
(0.270476 0.0233739 0)
(0.268963 0.0342429 0)
(0.266364 0.0475567 0)
(0.264206 0.0648565 0)
(0.263486 0.0863065 0)
(0.27617 0.120581 0)
(0.313098 0.158227 0)
(0.286801 0.117787 0)
(0.180579 0.0556399 0)
(0.00288437 0.0752575 0)
(0.0496394 -0.00423279 0)
(0.0869869 -0.0748978 0)
(0.136384 -0.126188 0)
(0.17298 -0.162999 0)
(0.191668 -0.168658 0)
(0.206248 -0.142021 0)
(0.219992 -0.102763 0)
(0.230487 -0.0681086 0)
(0.239051 -0.0426233 0)
(0.247419 -0.0242201 0)
(0.255591 -0.00989214 0)
(0.26303 0.00260437 0)
(0.269007 0.0128584 0)
(0.272704 0.0232989 0)
(0.273961 0.0344463 0)
(0.273763 0.0472915 0)
(0.274189 0.0640119 0)
(0.276044 0.0841396 0)
(0.279348 0.109832 0)
(0.307247 0.148182 0)
(0.301197 0.152204 0)
(0.21596 0.156241 0)
(0.0170444 0.0574042 0)
(0.0869272 -0.0249572 0)
(0.165137 -0.0953299 0)
(0.237349 -0.144248 0)
(0.260784 -0.172215 0)
(0.246966 -0.172014 0)
(0.234943 -0.144035 0)
(0.234488 -0.103699 0)
(0.238492 -0.0682028 0)
(0.244237 -0.0431475 0)
(0.251221 -0.0262858 0)
(0.2586 -0.0138695 0)
(0.264802 -0.0028611 0)
(0.270167 0.00866969 0)
(0.274958 0.0218651 0)
(0.278219 0.0358204 0)
(0.280947 0.0494364 0)
(0.28421 0.0647656 0)
(0.289438 0.0833432 0)
(0.293409 0.104263 0)
(0.307018 0.141091 0)
(0.316167 0.184674 0)
(0.210985 0.311899 0)
(0.508841 -0.382823 0)
(1.70672 -0.345941 0)
(2.53091 0.124237 0)
(1.9961 0.153545 0)
(1.97012 0.171587 0)
(1.62893 0.231456 0)
(0.945232 0.285453 0)
(0.00550334 -0.00917828 0)
(0.437443 -0.203589 0)
(0.935392 -0.084295 0)
(0.733071 0.0380588 0)
(-1.37049 0.552746 0)
(-3.35366 0.606655 0)
(-4.74373 0.273251 0)
(-4.84111 -0.18826 0)
(-3.94133 -0.357192 0)
(-2.78239 -0.403405 0)
(-1.31822 -0.490414 0)
(-0.249283 -0.340039 0)
(0.079395 -0.744219 0)
(0.616626 -0.566906 0)
(1.09521 -0.104902 0)
(1.12256 -0.0178527 0)
(1.19727 -0.0936072 0)
(1.90276 0.175723 0)
(1.78194 0.478011 0)
(0.729744 0.249909 0)
(0.549794 -0.400512 0)
(0.67429 -0.117153 0)
(-0.879995 1.05438 0)
(-3.74574 1.21155 0)
(-4.9803 0.543692 0)
(-4.23714 -0.0986033 0)
(-2.77542 -0.512522 0)
(-2.35835 -0.572536 0)
(-2.04547 -0.666478 0)
(-0.909342 -0.904218 0)
(0.0179062 -0.589408 0)
(0.0189536 -0.842116 0)
(0.214697 -0.806102 0)
(0.939881 0.044368 0)
(1.03969 0.102327 0)
(1.0101 -0.112557 0)
(1.3024 0.0338631 0)
(1.68378 0.562688 0)
(0.982779 0.512758 0)
(0.316906 -0.335831 0)
(-1.06292 0.755669 0)
(-3.21092 2.00396 0)
(-4.88437 1.8372 0)
(-4.65349 0.831177 0)
(-3.31698 -0.229674 0)
(-3.46031 -0.678459 0)
(-3.12433 -0.61504 0)
(-2.20598 -0.911384 0)
(-0.755847 -1.18201 0)
(0.176993 -0.789887 0)
(-0.0144925 -0.767191 0)
(-0.702676 -0.712964 0)
(0.0764094 -0.342664 0)
(0.85826 -0.0435399 0)
(1.18047 -0.123203 0)
(1.04773 0.0152212 0)
(1.29793 0.759486 0)
(0.703247 0.828737 0)
(-0.972898 0.323173 0)
(-3.31649 1.77877 0)
(-4.81355 2.58542 0)
(-5.15046 1.96728 0)
(-4.01249 0.402775 0)
(-3.24743 -0.515302 0)
(-3.00849 -0.843324 0)
(-2.89879 -0.866441 0)
(-2.7434 -1.12473 0)
(-1.05306 -1.72463 0)
(0.213269 -1.02792 0)
(-0.0533811 -0.57706 0)
(-0.707882 -0.821621 0)
(-0.221561 -0.646293 0)
(0.44322 -0.400484 0)
(0.732071 -0.279484 0)
(0.677672 0.0318132 0)
(0.657304 0.908509 0)
(0.106344 1.33328 0)
(-2.52338 1.30566 0)
(-4.45538 2.33892 0)
(-5.17527 2.73715 0)
(-4.55721 1.598 0)
(-3.03331 -0.147211 0)
(-2.66228 -0.785785 0)
(-1.97242 -1.01859 0)
(-1.86306 -0.957905 0)
(-2.40359 -1.41704 0)
(-1.62091 -2.21443 0)
(-0.101227 -1.28121 0)
(-0.0361909 -0.396896 0)
(-0.43867 -0.794147 0)
(-0.437705 -0.859876 0)
(0.114424 -0.5492 0)
(0.348611 -0.305692 0)
(0.267434 0.117763 0)
(0.0562551 1.1107 0)
(-0.442695 1.98428 0)
(-2.95433 2.12787 0)
(-4.43086 2.7052 0)
(-4.71473 2.67674 0)
(-3.77067 1.28075 0)
(-2.66594 -0.455013 0)
(-1.71713 -1.163 0)
(-1.05637 -1.23934 0)
(-0.751832 -1.00757 0)
(-1.03821 -1.07448 0)
(-0.651181 -2.54889 0)
(0.248162 -1.70985 0)
(0.0548596 -0.337547 0)
(-0.156136 -0.691305 0)
(-0.343331 -0.965451 0)
(-0.110482 -0.653522 0)
(0.0343665 -0.332779 0)
(-0.124786 0.190656 0)
(-0.328797 1.3333 0)
(-0.663268 2.55584 0)
(-2.3419 2.82859 0)
(-3.57074 2.95915 0)
(-3.72511 2.48033 0)
(-2.26801 0.826342 0)
(-1.11353 -0.942285 0)
(-0.411717 -1.50171 0)
(-0.0611982 -1.40264 0)
(-0.00355888 -1.1808 0)
(0.530954 -1.03027 0)
(-0.288219 -2.56151 0)
(0.342387 -1.87765 0)
(0.212348 -0.363084 0)
(0.0736209 -0.612811 0)
(-0.107438 -0.879682 0)
(-0.171315 -0.671411 0)
(-0.116739 -0.280901 0)
(-0.43041 0.320828 0)
(-0.560004 1.49229 0)
(-0.599659 2.87025 0)
(-1.04918 3.38174 0)
(-2.10596 3.2239 0)
(-2.32539 2.35171 0)
(-0.449107 0.192411 0)
(0.604152 -1.12777 0)
(0.726806 -1.63049 0)
(0.722434 -1.43633 0)
(0.548935 -1.22077 0)
(1.04288 -1.14795 0)
(-0.118695 -2.1907 0)
(0.346762 -1.89462 0)
(0.0345751 -0.00104411 0)
(0.158405 -0.0888693 0)
(0.286418 -0.161218 0)
(0.355645 -0.181288 0)
(0.331197 -0.171375 0)
(0.272193 -0.157787 0)
(0.236594 -0.138318 0)
(0.229178 -0.107269 0)
(0.235953 -0.0743035 0)
(0.249721 -0.0473722 0)
(0.265645 -0.0263496 0)
(0.279193 -0.00968 0)
(0.288473 0.00263477 0)
(0.292412 0.0106346 0)
(0.292426 0.0164065 0)
(0.290425 0.0236962 0)
(0.290324 0.0347831 0)
(0.294902 0.0525942 0)
(0.303493 0.0751019 0)
(0.318295 0.0974147 0)
(0.338651 0.128242 0)
(0.407644 0.163701 0)
(0.486166 0.317122 0)
(0.063872 -0.110429 0)
(0.231653 -0.259758 0)
(0.369388 -0.287597 0)
(0.329005 -0.18599 0)
(0.224944 -0.117535 0)
(0.15363 -0.107306 0)
(0.118293 -0.113825 0)
(0.108491 -0.11431 0)
(0.126932 -0.104834 0)
(0.171885 -0.0893662 0)
(0.222749 -0.0716109 0)
(0.268466 -0.0508175 0)
(0.302694 -0.0263493 0)
(0.320194 0.00138568 0)
(0.322312 0.0299404 0)
(0.31639 0.0505923 0)
(0.313571 0.0553615 0)
(0.316637 0.0605102 0)
(0.322859 0.0652238 0)
(0.338861 0.0708663 0)
(0.366972 0.0842935 0)
(0.414835 0.0921745 0)
(0.497063 0.104765 0)
(0.0963513 -0.314561 0)
(0.205571 -0.432172 0)
(0.187676 -0.258281 0)
(-0.321382 0.0537613 0)
(-0.296975 0.0240502 0)
(-0.292909 -0.0271763 0)
(-0.380166 -0.0377404 0)
(-0.483003 -0.08098 0)
(-0.489801 -0.143725 0)
(-0.308278 -0.148255 0)
(-0.177611 -0.117564 0)
(-0.0590467 -0.0848117 0)
(0.0551302 -0.0479333 0)
(0.15491 -0.0128077 0)
(0.220019 0.0125532 0)
(0.285115 0.0235318 0)
(0.339096 0.0245088 0)
(0.353238 0.0457121 0)
(0.340569 0.0624271 0)
(0.336447 0.0536875 0)
(0.354584 0.0476545 0)
(0.382599 0.03906 0)
(0.42986 0.0193635 0)
(-0.0298856 -0.51061 0)
(-0.155405 -0.118249 0)
(-0.183532 0.240626 0)
(-0.21921 0.11186 0)
(-0.105301 -0.114401 0)
(-0.125856 -0.0501875 0)
(-0.140137 0.0296066 0)
(-0.163493 -0.0535269 0)
(-0.235328 -0.17978 0)
(-0.369941 -0.301638 0)
(-0.532772 -0.247189 0)
(-0.671338 -0.217723 0)
(-0.761135 -0.187126 0)
(-0.754907 -0.14746 0)
(-0.542475 -0.112468 0)
(-0.200582 -0.0659606 0)
(0.0359031 -0.00996912 0)
(0.180455 0.0577248 0)
(0.259585 0.0793689 0)
(0.329307 0.060838 0)
(0.378689 0.0475085 0)
(0.404892 0.0228991 0)
(0.426442 -0.0225273 0)
(-0.130509 -0.212407 0)
(-0.226351 -0.201003 0)
(-0.171813 -0.0813758 0)
(-0.0280093 -0.0296426 0)
(-0.0341698 -0.0402773 0)
(-0.0690172 -0.0062881 0)
(-0.0426711 0.0133365 0)
(-0.0266229 0.00699019 0)
(-0.0439929 -0.00326282 0)
(-0.0802059 0.00177301 0)
(-0.117001 0.0398836 0)
(-0.205006 0.0188108 0)
(-0.355963 -0.106994 0)
(-0.416968 -0.245553 0)
(-0.373259 -0.355986 0)
(-0.427081 -0.497292 0)
(-0.510541 -0.286907 0)
(-0.372276 -0.174704 0)
(-0.0662101 -0.0960543 0)
(0.100448 -0.0850704 0)
(0.188418 -0.0227214 0)
(0.26303 -0.0017528 0)
(0.358474 -0.0144995 0)
(-0.0814935 -0.117491 0)
(-0.0796309 -0.190794 0)
(-0.0936024 -0.0578306 0)
(-0.0540942 -0.0371876 0)
(-0.058176 -0.0520628 0)
(-0.0640668 -0.0286925 0)
(-0.0585456 -0.0167972 0)
(-0.0553897 -0.0315169 0)
(-0.0599391 -0.0681296 0)
(-0.0632003 -0.0904198 0)
(-0.042804 -0.0507745 0)
(0.00583728 0.0477479 0)
(-0.0273532 0.0812815 0)
(-0.0933688 -0.0665444 0)
(-0.0584594 -0.234103 0)
(-0.0970115 -0.20927 0)
(-0.096756 -0.156265 0)
(-0.0725319 -0.325617 0)
(-0.123059 -0.367525 0)
(-0.144145 -0.160353 0)
(-0.230611 -0.122623 0)
(-0.0210375 -0.198678 0)
(0.107744 -0.235142 0)
(-0.0425266 -0.0513407 0)
(-0.0459874 -0.147523 0)
(-0.0700582 -0.076582 0)
(-0.0541167 -0.0492607 0)
(-0.0531806 -0.0389472 0)
(-0.0506036 -0.0245981 0)
(-0.045216 -0.0139113 0)
(-0.0412532 -0.0186456 0)
(-0.0454947 -0.0396124 0)
(-0.0568278 -0.0620247 0)
(-0.0614348 -0.0593434 0)
(-0.0354757 -0.0272455 0)
(0.0334967 -0.00857185 0)
(0.0480064 -0.130554 0)
(0.0340548 -0.29039 0)
(-0.0454579 -0.30162 0)
(-0.019439 -0.201645 0)
(0.0191185 -0.185202 0)
(0.0556132 -0.19006 0)
(0.184144 -0.126315 0)
(0.359517 -0.0641377 0)
(0.498176 -0.261256 0)
(0.439365 -0.231622 0)
(-0.0265544 -0.0176171 0)
(-0.0368827 -0.138862 0)
(-0.0483636 -0.0782408 0)
(-0.0425977 -0.0537097 0)
(-0.0402208 -0.0427518 0)
(-0.035245 -0.0316259 0)
(-0.0288576 -0.0212839 0)
(-0.0237917 -0.0200322 0)
(-0.0250239 -0.0323337 0)
(-0.0329954 -0.0514537 0)
(-0.0384581 -0.0611929 0)
(-0.0244466 -0.050906 0)
(0.0238034 -0.0301843 0)
(0.0736294 -0.0963724 0)
(0.0680082 -0.204797 0)
(0.0153203 -0.237 0)
(0.00932519 -0.23682 0)
(0.0332073 -0.313696 0)
(0.0579534 -0.37923 0)
(0.123582 -0.42101 0)
(0.264269 -0.417456 0)
(0.375983 -0.330121 0)
(0.466126 -0.020583 0)
(-0.016407 0.00782052 0)
(-0.0269266 -0.12796 0)
(-0.0345342 -0.0792248 0)
(-0.0320928 -0.0548373 0)
(-0.0307735 -0.0455708 0)
(-0.0265294 -0.0375729 0)
(-0.0200218 -0.0291095 0)
(-0.0123574 -0.025206 0)
(-0.00748271 -0.0311385 0)
(-0.00771977 -0.0461458 0)
(-0.00988916 -0.064307 0)
(-0.00527013 -0.0825276 0)
(0.0189715 -0.102371 0)
(0.0591485 -0.148135 0)
(0.058029 -0.202029 0)
(0.0395195 -0.225969 0)
(0.0368474 -0.240188 0)
(0.0483158 -0.282925 0)
(0.0539785 -0.356182 0)
(0.0671517 -0.420448 0)
(0.117509 -0.425088 0)
(0.144114 -0.395873 0)
(0.220193 -0.219377 0)
(-0.00910778 0.0265545 0)
(-0.0177613 -0.11845 0)
(-0.0249886 -0.0772385 0)
(-0.0246471 -0.0551008 0)
(-0.0238332 -0.0477354 0)
(-0.0206446 -0.0425451 0)
(-0.0147716 -0.0370801 0)
(-0.00618889 -0.0338382 0)
(0.00277547 -0.0369624 0)
(0.00932723 -0.0481566 0)
(0.0135532 -0.0652985 0)
(0.0190396 -0.0868205 0)
(0.0284749 -0.113131 0)
(0.0387886 -0.149029 0)
(0.0356546 -0.189943 0)
(0.022164 -0.217832 0)
(0.0125306 -0.243829 0)
(0.0107392 -0.292741 0)
(-0.0013784 -0.363592 0)
(-0.0237507 -0.435012 0)
(-0.0316593 -0.455687 0)
(-0.0453485 -0.40723 0)
(-0.0201629 -0.268023 0)
(-0.00457089 0.0374171 0)
(-0.0118955 -0.111229 0)
(-0.0182603 -0.0744646 0)
(-0.0190863 -0.0545389 0)
(-0.0189716 -0.0492552 0)
(-0.0169195 -0.0464955 0)
(-0.0126102 -0.0440324 0)
(-0.00561414 -0.0431085 0)
(0.0030414 -0.0462988 0)
(0.0110886 -0.0556726 0)
(0.0171467 -0.0712521 0)
(0.0214839 -0.0916929 0)
(0.0234356 -0.116868 0)
(0.021515 -0.146714 0)
(0.0123641 -0.177865 0)
(-0.00442738 -0.203173 0)
(-0.0188996 -0.230465 0)
(-0.0349101 -0.274598 0)
(-0.0606469 -0.337584 0)
(-0.0985505 -0.401039 0)
(-0.145849 -0.425537 0)
(-0.193225 -0.387829 0)
(-0.218845 -0.288783 0)
(-0.00183624 0.0438463 0)
(-0.00818167 -0.105114 0)
(-0.0138064 -0.0714953 0)
(-0.0154012 -0.0533547 0)
(-0.0160647 -0.0497596 0)
(-0.015249 -0.0488142 0)
(-0.0128825 -0.048572 0)
(-0.00863827 -0.0498282 0)
(-0.00285625 -0.0540128 0)
(0.00294853 -0.0625454 0)
(0.00711739 -0.0758979 0)
(0.00848295 -0.0934514 0)
(0.00615811 -0.114287 0)
(-0.000434792 -0.137823 0)
(-0.0131541 -0.162612 0)
(-0.0295975 -0.186279 0)
(-0.0467549 -0.211226 0)
(-0.0687819 -0.247602 0)
(-0.104005 -0.300974 0)
(-0.156359 -0.353778 0)
(-0.217594 -0.378426 0)
(-0.266874 -0.357286 0)
(-0.286069 -0.292528 0)
(-0.000366246 0.0480195 0)
(-0.00590974 -0.0996545 0)
(-0.0110624 -0.0681356 0)
(-0.0133021 -0.0516328 0)
(-0.0146514 -0.0493287 0)
(-0.0149892 -0.0495972 0)
(-0.0143745 -0.0506694 0)
(-0.0127709 -0.053209 0)
(-0.0103802 -0.0580429 0)
(-0.00805358 -0.065923 0)
(-0.00710686 -0.0771379 0)
(-0.00877218 -0.0915066 0)
(-0.0136729 -0.10844 0)
(-0.0223252 -0.127237 0)
(-0.0349075 -0.147861 0)
(-0.0511465 -0.168809 0)
(-0.0693299 -0.190645 0)
(-0.0915421 -0.217688 0)
(-0.127669 -0.253711 0)
(-0.185628 -0.291652 0)
(-0.256814 -0.315645 0)
(-0.319881 -0.317301 0)
(-0.360089 -0.298651 0)
(0.000190881 0.0506516 0)
(-0.00468215 -0.0947831 0)
(-0.00952984 -0.0646005 0)
(-0.0122864 -0.0493626 0)
(-0.0142956 -0.0480288 0)
(-0.0156462 -0.0490606 0)
(-0.016447 -0.0507787 0)
(-0.0168626 -0.0537967 0)
(-0.0171501 -0.0586674 0)
(-0.0178341 -0.0657367 0)
(-0.0197318 -0.0751773 0)
(-0.0236986 -0.086905 0)
(-0.0303274 -0.100676 0)
(-0.0399392 -0.116179 0)
(-0.0530201 -0.132976 0)
(-0.0697354 -0.15074 0)
(-0.0897408 -0.169464 0)
(-0.113847 -0.189464 0)
(-0.146271 -0.210623 0)
(-0.19318 -0.231623 0)
(-0.255247 -0.247472 0)
(-0.325247 -0.250109 0)
(-0.392782 -0.235684 0)
(0.000241444 0.052789 0)
(-0.00415625 -0.0902659 0)
(-0.00886589 -0.0608487 0)
(-0.0120533 -0.0466045 0)
(-0.0146458 -0.0459477 0)
(-0.0168615 -0.0474343 0)
(-0.018801 -0.0494192 0)
(-0.0206725 -0.0524529 0)
(-0.0227747 -0.0569544 0)
(-0.0255089 -0.0631203 0)
(-0.0293795 -0.0710237 0)
(-0.0349739 -0.0806251 0)
(-0.0427869 -0.0917806 0)
(-0.0532962 -0.104208 0)
(-0.0669258 -0.117538 0)
(-0.0840747 -0.131418 0)
(-0.105379 -0.145818 0)
(-0.131811 -0.160651 0)
(-0.164145 -0.174593 0)
(-0.203235 -0.18477 0)
(-0.249962 -0.188311 0)
(-0.303769 -0.183445 0)
(-0.362544 -0.168005 0)
(7.76717e-05 0.054834 0)
(-0.00406236 -0.0859125 0)
(-0.0087713 -0.0568909 0)
(-0.0123123 -0.0434122 0)
(-0.0154167 -0.0431959 0)
(-0.0183545 -0.0449012 0)
(-0.0212236 -0.0469344 0)
(-0.0242003 -0.0497687 0)
(-0.0275613 -0.0537337 0)
(-0.0316432 -0.058961 0)
(-0.0368246 -0.0654743 0)
(-0.0435503 -0.0732311 0)
(-0.0522443 -0.0820814 0)
(-0.0633164 -0.0917908 0)
(-0.0771273 -0.101994 0)
(-0.0939915 -0.112264 0)
(-0.114333 -0.122284 0)
(-0.138912 -0.131959 0)
(-0.168678 -0.140753 0)
(-0.203925 -0.146641 0)
(-0.243617 -0.146183 0)
(-0.285802 -0.136616 0)
(-0.328405 -0.117052 0)
(-0.000146668 0.056978 0)
(-0.00419315 -0.0815728 0)
(-0.00901299 -0.0527145 0)
(-0.0128429 -0.0398454 0)
(-0.016386 -0.039879 0)
(-0.0199127 -0.0416191 0)
(-0.0235329 -0.0435449 0)
(-0.0273811 -0.0460691 0)
(-0.0316855 -0.049442 0)
(-0.0367236 -0.0537398 0)
(-0.0428182 -0.0589583 0)
(-0.0503269 -0.065048 0)
(-0.0595891 -0.0718471 0)
(-0.0709589 -0.0791539 0)
(-0.0847401 -0.086653 0)
(-0.101205 -0.0939413 0)
(-0.120642 -0.100626 0)
(-0.143402 -0.106247 0)
(-0.169946 -0.110032 0)
(-0.200498 -0.110706 0)
(-0.234408 -0.106645 0)
(-0.269952 -0.096532 0)
(-0.304792 -0.0793419 0)
(-0.000362003 0.0593371 0)
(-0.00442222 -0.0771382 0)
(-0.00942822 -0.0483219 0)
(-0.0134833 -0.0359595 0)
(-0.0173914 -0.0361036 0)
(-0.0213819 -0.0377423 0)
(-0.0255809 -0.0394429 0)
(-0.0300942 -0.0415784 0)
(-0.0351065 -0.0443355 0)
(-0.0408386 -0.0477416 0)
(-0.0475661 -0.0517728 0)
(-0.0555612 -0.0563601 0)
(-0.0650973 -0.0613517 0)
(-0.0764746 -0.0665658 0)
(-0.089914 -0.0716909 0)
(-0.105634 -0.0763611 0)
(-0.123859 -0.080206 0)
(-0.144752 -0.0828396 0)
(-0.168445 -0.0837371 0)
(-0.194824 -0.0818671 0)
(-0.223297 -0.0758273 0)
(-0.252779 -0.0647163 0)
(-0.28162 -0.0481388 0)
(-0.000517935 0.0618948 0)
(-0.0046614 -0.0725482 0)
(-0.00990173 -0.043729 0)
(-0.0141196 -0.0318103 0)
(-0.0183174 -0.0319697 0)
(-0.0226585 -0.0334144 0)
(-0.0272789 -0.0348138 0)
(-0.0322638 -0.0365112 0)
(-0.0377657 -0.0386463 0)
(-0.0439643 -0.0412155 0)
(-0.0510755 -0.0441782 0)
(-0.0593033 -0.0474339 0)
(-0.0688814 -0.0508588 0)
(-0.0800308 -0.054286 0)
(-0.0929036 -0.0574238 0)
(-0.107678 -0.0599672 0)
(-0.124468 -0.0615437 0)
(-0.143326 -0.0617545 0)
(-0.164283 -0.0602023 0)
(-0.187167 -0.0561923 0)
(-0.21144 -0.0488107 0)
(-0.236253 -0.0375225 0)
(-0.260403 -0.0221201 0)
(-0.000594757 0.0646156 0)
(-0.00485841 -0.0677628 0)
(-0.0103519 -0.0389636 0)
(-0.0146759 -0.0274564 0)
(-0.0190897 -0.0275692 0)
(-0.0236794 -0.0287625 0)
(-0.0285868 -0.0298221 0)
(-0.0338767 -0.0310641 0)
(-0.0396777 -0.0325939 0)
(-0.0461414 -0.0343886 0)
(-0.0534228 -0.036388 0)
(-0.0616799 -0.0384844 0)
(-0.0711185 -0.0405744 0)
(-0.0818797 -0.0424842 0)
(-0.0940742 -0.0439764 0)
(-0.107837 -0.0447816 0)
(-0.1232 -0.0445476 0)
(-0.140171 -0.0429632 0)
(-0.158701 -0.0397389 0)
(-0.17857 -0.0343834 0)
(-0.199322 -0.026211 0)
(-0.22032 -0.0148384 0)
(-0.240673 -0.000333172 0)
(-0.000589614 0.0674335 0)
(-0.00499102 -0.062766 0)
(-0.0107245 -0.0340594 0)
(-0.0150996 -0.0229583 0)
(-0.0196625 -0.0229842 0)
(-0.0244098 -0.0238962 0)
(-0.0294917 -0.0246037 0)
(-0.0349519 -0.0253977 0)
(-0.0409 -0.0263562 0)
(-0.0474578 -0.0274415 0)
(-0.0547393 -0.0285801 0)
(-0.0628805 -0.0296797 0)
(-0.0720362 -0.0306387 0)
(-0.0822994 -0.0312758 0)
(-0.093755 -0.0314137 0)
(-0.106471 -0.0308067 0)
(-0.120449 -0.0291542 0)
(-0.135664 -0.026209 0)
(-0.152021 -0.0217491 0)
(-0.169324 -0.0154407 0)
(-0.187133 -0.00675861 0)
(-0.20495 0.00450254 0)
(-0.222306 0.0181579 0)
(-0.000512606 0.070277 0)
(-0.00505 -0.0575693 0)
(-0.0109801 -0.0290549 0)
(-0.0153534 -0.0183758 0)
(-0.0200066 -0.0182881 0)
(-0.0248326 -0.0189088 0)
(-0.0299932 -0.0192689 0)
(-0.0355134 -0.0196373 0)
(-0.0414859 -0.0200695 0)
(-0.048007 -0.0205163 0)
(-0.0551661 -0.0209057 0)
(-0.063077 -0.0211553 0)
(-0.0718412 -0.0211451 0)
(-0.081528 -0.0207301 0)
(-0.0922006 -0.0197597 0)
(-0.103882 -0.0180226 0)
(-0.116552 -0.0152791 0)
(-0.130166 -0.0113101 0)
(-0.144601 -0.00595879 0)
(-0.159666 0.00098381 0)
(-0.175075 0.00991166 0)
(-0.190391 0.0209524 0)
(-0.205238 0.0338467 0)
(-0.000386737 0.073074 0)
(-0.00502896 -0.052216 0)
(-0.0110852 -0.0240018 0)
(-0.0154086 -0.0137615 0)
(-0.0200973 -0.0135476 0)
(-0.0249357 -0.0138803 0)
(-0.0300953 -0.0139103 0)
(-0.0355873 -0.0138853 0)
(-0.0414881 -0.0138436 0)
(-0.0478762 -0.01373 0)
(-0.0548243 -0.0134745 0)
(-0.0624063 -0.0129911 0)
(-0.0707043 -0.0121637 0)
(-0.0797781 -0.0108851 0)
(-0.0896552 -0.00901535 0)
(-0.100332 -0.00638421 0)
(-0.111774 -0.00279336 0)
(-0.123932 0.00193753 0)
(-0.136686 0.00792043 0)
(-0.149876 0.015254 0)
(-0.163269 0.0242248 0)
(-0.176483 0.0350425 0)
(-0.189258 0.0473936 0)
(-0.00024453 0.0757716 0)
(-0.00491632 -0.046781 0)
(-0.0110079 -0.0189663 0)
(-0.0152411 -0.009161 0)
(-0.0199148 -0.00882181 0)
(-0.0247071 -0.00888076 0)
(-0.0298004 -0.00860732 0)
(-0.0351941 -0.0082264 0)
(-0.0409524 -0.00776338 0)
(-0.0471368 -0.00716183 0)
(-0.0537995 -0.00634967 0)
(-0.0609948 -0.00523934 0)
(-0.0687924 -0.00374733 0)
(-0.0772285 -0.00176739 0)
(-0.0863107 0.000832327 0)
(-0.0960264 0.00417251 0)
(-0.106335 0.00841153 0)
(-0.11719 0.0137042 0)
(-0.128479 0.0201282 0)
(-0.14006 0.0277253 0)
(-0.151734 0.036695 0)
(-0.163182 0.0472319 0)
(-0.17423 0.0591554 0)
(-0.000109136 0.0783164 0)
(-0.00469331 -0.0413647 0)
(-0.0107295 -0.0140132 0)
(-0.0148338 -0.00461743 0)
(-0.0194481 -0.00415969 0)
(-0.0241396 -0.00396646 0)
(-0.0291113 -0.00341953 0)
(-0.0343491 -0.00272164 0)
(-0.0399093 -0.00188905 0)
(-0.0458377 -0.000863932 0)
(-0.0521681 0.000423696 0)
(-0.0589517 0.00205005 0)
(-0.0662382 0.00408699 0)
(-0.0740268 0.00664883 0)
(-0.0823321 0.00982306 0)
(-0.0911464 0.0137211 0)
(-0.100407 0.0184562 0)
(-0.110084 0.0241557 0)
(-0.120074 0.0308967 0)
(-0.130247 0.0386589 0)
(-0.140507 0.047574 0)
(-0.150494 0.0578397 0)
(-0.160071 0.0694573 0)
(2.16579e-05 0.0806577 0)
(-0.00433648 -0.0360711 0)
(-0.010255 -0.00919973 0)
(-0.0141863 -0.000172909 0)
(-0.0186984 0.000394094 0)
(-0.023236 0.000815303 0)
(-0.0280352 0.00160455 0)
(-0.0330672 0.00258323 0)
(-0.0383826 0.00373629 0)
(-0.0440132 0.00512619 0)
(-0.0499854 0.00681113 0)
(-0.0563418 0.0088564 0)
(-0.0630999 0.0113433 0)
(-0.0702665 0.0143696 0)
(-0.0778439 0.0180013 0)
(-0.0858098 0.0223322 0)
(-0.0941266 0.0274481 0)
(-0.102737 0.0334413 0)
(-0.111582 0.0403875 0)
(-0.120544 0.0482572 0)
(-0.129566 0.0570621 0)
(-0.13833 0.0670887 0)
(-0.146671 0.0784806 0)
(0.000189347 0.0827495 0)
(-0.00383308 -0.030979 0)
(-0.00961795 -0.00457426 0)
(-0.0133234 0.00412877 0)
(-0.0176903 0.00478817 0)
(-0.0220223 0.00541491 0)
(-0.0265983 0.00642718 0)
(-0.0313728 0.00764219 0)
(-0.0363961 0.00907283 0)
(-0.0416909 0.0107727 0)
(-0.0472838 0.0127874 0)
(-0.0531941 0.015184 0)
(-0.0594262 0.0180364 0)
(-0.0659786 0.0214358 0)
(-0.0728569 0.025417 0)
(-0.0800408 0.0300718 0)
(-0.0874903 0.0354739 0)
(-0.0951683 0.0417103 0)
(-0.10298 0.0488057 0)
(-0.110885 0.0567437 0)
(-0.118864 0.0654554 0)
(-0.126602 0.0752379 0)
(-0.133909 0.0864269 0)
(0.000438558 0.084456 0)
(-0.00320442 -0.0261243 0)
(-0.00887759 -0.000170679 0)
(-0.0122907 0.00823784 0)
(-0.0164735 0.00896303 0)
(-0.0205366 0.00977026 0)
(-0.0248529 0.0109745 0)
(-0.0293274 0.0124095 0)
(-0.0339983 0.0140782 0)
(-0.0389109 0.0160377 0)
(-0.0440774 0.0183371 0)
(-0.0495071 0.0210282 0)
(-0.0551814 0.0241854 0)
(-0.0611336 0.0278533 0)
(-0.0673555 0.0321079 0)
(-0.0737843 0.0370103 0)
(-0.0804012 0.0426368 0)
(-0.0871964 0.0490243 0)
(-0.0941147 0.0562567 0)
(-0.101085 0.0642686 0)
(-0.108126 0.0729263 0)
(-0.115003 0.0824812 0)
(-0.121476 0.0934576 0)
(0.00083304 0.0855831 0)
(-0.00244931 -0.0214676 0)
(-0.00809774 0.00400524 0)
(-0.01115 0.0121112 0)
(-0.0151259 0.0128787 0)
(-0.0188727 0.0138342 0)
(-0.0228695 0.0151901 0)
(-0.0269908 0.0168241 0)
(-0.031276 0.01871 0)
(-0.0357437 0.0208863 0)
(-0.0404299 0.0234053 0)
(-0.0453254 0.0263313 0)
(-0.0504366 0.0297301 0)
(-0.0557513 0.0335987 0)
(-0.0612584 0.038074 0)
(-0.0669255 0.0431703 0)
(-0.072747 0.0489569 0)
(-0.0786868 0.0554559 0)
(-0.084673 0.0627635 0)
(-0.0907581 0.070835 0)
(-0.0969301 0.0795296 0)
(-0.102986 0.088937 0)
(-0.108662 0.0997092 0)
(0.00143659 0.0860214 0)
(-0.00157278 -0.0169014 0)
(-0.00734345 0.00795556 0)
(-0.00996331 0.0157163 0)
(-0.0137347 0.0164902 0)
(-0.0171364 0.0175814 0)
(-0.0207819 0.019072 0)
(-0.0244992 0.0208335 0)
(-0.0283642 0.0228814 0)
(-0.0323808 0.0252353 0)
(-0.0365407 0.0279367 0)
(-0.0408368 0.0310427 0)
(-0.0453201 0.0346017 0)
(-0.0499492 0.0386655 0)
(-0.0546991 0.04329 0)
(-0.0595666 0.0485287 0)
(-0.0645258 0.0544041 0)
(-0.0695535 0.0609995 0)
(-0.0746019 0.0683643 0)
(-0.0796618 0.0764451 0)
(-0.0847823 0.0852074 0)
(-0.0898854 0.0945526 0)
(-0.0946003 0.105162 0)
(0.0021681 0.0856285 0)
(-0.000681232 -0.0122345 0)
(-0.0066566 0.0117201 0)
(-0.00880833 0.0190457 0)
(-0.0124035 0.0197872 0)
(-0.0154283 0.0209932 0)
(-0.0187586 0.0225709 0)
(-0.0220987 0.0244263 0)
(-0.0255215 0.0265729 0)
(-0.0290475 0.0290509 0)
(-0.0326783 0.031893 0)
(-0.0363982 0.0351319 0)
(-0.0402178 0.0388036 0)
(-0.0441194 0.0429809 0)
(-0.0480844 0.0476976 0)
(-0.0521111 0.0530144 0)
(-0.0561556 0.0589518 0)
(-0.0601586 0.0655753 0)
(-0.0641377 0.0729074 0)
(-0.0680421 0.0809786 0)
(-0.0718724 0.0897354 0)
(-0.0756416 0.0990849 0)
(-0.0789137 0.109534 0)
(0.00301405 0.0843679 0)
(0.000197883 -0.00747827 0)
(-0.00608658 0.0153516 0)
(-0.00775096 0.022097 0)
(-0.0112538 0.0227884 0)
(-0.0139261 0.0240923 0)
(-0.0169746 0.0256951 0)
(-0.0199681 0.0276199 0)
(-0.023009 0.0298332 0)
(-0.0261024 0.0323729 0)
(-0.0292464 0.0352804 0)
(-0.0324273 0.0385998 0)
(-0.035653 0.0423589 0)
(-0.0388799 0.0466034 0)
(-0.0420862 0.0513415 0)
(-0.0452727 0.05663 0)
(-0.0483911 0.0625209 0)
(-0.0513985 0.0690485 0)
(-0.0542454 0.0762248 0)
(-0.0568355 0.0841399 0)
(-0.0591412 0.0927448 0)
(-0.0612255 0.101967 0)
(-0.0626589 0.112149 0)
(0.00399719 0.0821892 0)
(0.00103625 -0.00250124 0)
(-0.00564961 0.0189032 0)
(-0.00683661 0.0248667 0)
(-0.0103456 0.0255211 0)
(-0.0127099 0.0269025 0)
(-0.0155677 0.0285378 0)
(-0.0182762 0.0304637 0)
(-0.0210313 0.0326926 0)
(-0.0237907 0.0352484 0)
(-0.0265455 0.0381948 0)
(-0.0292862 0.0415126 0)
(-0.0320135 0.0452514 0)
(-0.0347165 0.0494735 0)
(-0.0373528 0.0541555 0)
(-0.039861 0.05934 0)
(-0.0421941 0.0650734 0)
(-0.0442966 0.0713766 0)
(-0.0460923 0.0782945 0)
(-0.0474653 0.0858953 0)
(-0.0483341 0.0941291 0)
(-0.0487036 0.102921 0)
(-0.0480495 0.112496 0)
(0.00498439 0.0789982 0)
(0.00174237 0.00282273 0)
(-0.00532156 0.022434 0)
(-0.00607112 0.0274351 0)
(-0.00967558 0.0280927 0)
(-0.0117534 0.0295026 0)
(-0.0145191 0.0311403 0)
(-0.0170613 0.0330553 0)
(-0.0196075 0.0352791 0)
(-0.0221173 0.0378398 0)
(-0.0246263 0.0407482 0)
(-0.0271252 0.0440315 0)
(-0.029527 0.0477176 0)
(-0.031847 0.0517998 0)
(-0.0340674 0.05634 0)
(-0.0361006 0.0613467 0)
(-0.0378879 0.0668403 0)
(-0.039347 0.0728314 0)
(-0.0403482 0.0793459 0)
(-0.0408135 0.0863767 0)
(-0.0406557 0.0939595 0)
(-0.0398091 0.102038 0)
(-0.0375006 0.110735 0)
(0.00590843 0.0750533 0)
(0.00231303 0.00865341 0)
(-0.00504805 0.0260964 0)
(-0.0053804 0.0300455 0)
(-0.00914208 0.0307437 0)
(-0.0109884 0.0321475 0)
(-0.013686 0.0337412 0)
(-0.016086 0.0356525 0)
(-0.0184891 0.0378603 0)
(-0.0208774 0.0403999 0)
(-0.0232355 0.043255 0)
(-0.025526 0.0464942 0)
(-0.0277693 0.0501051 0)
(-0.0299082 0.0540715 0)
(-0.0318756 0.0584336 0)
(-0.0336354 0.0631931 0)
(-0.0351104 0.0683622 0)
(-0.0362071 0.0739252 0)
(-0.0368552 0.0799105 0)
(-0.0369018 0.0862386 0)
(-0.036184 0.0929726 0)
(-0.0346537 0.100065 0)
(-0.0315497 0.107626 0)
(0.00658945 0.0706232 0)
(0.00267753 0.0147217 0)
(-0.00474024 0.0297581 0)
(-0.00469851 0.0325927 0)
(-0.00858708 0.0333845 0)
(-0.0102155 0.0347406 0)
(-0.0128347 0.0362964 0)
(-0.0150997 0.0381926 0)
(-0.0173843 0.0403592 0)
(-0.0196434 0.042873 0)
(-0.0218708 0.0456926 0)
(-0.0240447 0.0488782 0)
(-0.0261493 0.0523556 0)
(-0.0281394 0.0562244 0)
(-0.0299777 0.0604095 0)
(-0.0315977 0.0649001 0)
(-0.032943 0.0697511 0)
(-0.0339001 0.0748635 0)
(-0.0344094 0.0802889 0)
(-0.0343562 0.0859574 0)
(-0.033561 0.0918526 0)
(-0.0319445 0.09792 0)
(-0.0287863 0.104142 0)
(0.0069337 0.0654286 0)
(0.00286644 0.0206186 0)
(-0.00434529 0.03293 0)
(-0.00401247 0.0347357 0)
(-0.00786491 0.0355823 0)
(-0.00929169 0.0368554 0)
(-0.0117528 0.0384474 0)
(-0.0138502 0.0402685 0)
(-0.0159735 0.042455 0)
(-0.0180724 0.0449129 0)
(-0.0201379 0.0477184 0)
(-0.0221613 0.0508067 0)
(-0.0241111 0.0542352 0)
(-0.0259298 0.057909 0)
(-0.0276638 0.0619363 0)
(-0.0291435 0.066213 0)
(-0.0303847 0.0707278 0)
(-0.0312924 0.0754677 0)
(-0.031782 0.0803606 0)
(-0.0317745 0.0854147 0)
(-0.0310614 0.0904851 0)
(-0.0296623 0.0955266 0)
(-0.0268841 0.10057 0)
(0.00677409 0.0597722 0)
(0.0027687 0.0261492 0)
(-0.00377196 0.0355817 0)
(-0.00330943 0.036433 0)
(-0.00695847 0.037444 0)
(-0.00802751 0.0386164 0)
(-0.0102859 0.0401381 0)
(-0.0121583 0.0419373 0)
(-0.014035 0.0440722 0)
(-0.0159167 0.046507 0)
(-0.0177541 0.0492744 0)
(-0.0195397 0.0523097 0)
(-0.021295 0.0556385 0)
(-0.0229214 0.059228 0)
(-0.0243892 0.0630464 0)
(-0.0257467 0.0671699 0)
(-0.0268671 0.0713354 0)
(-0.0277039 0.075752 0)
(-0.0281781 0.0801565 0)
(-0.0282448 0.0846397 0)
(-0.0277648 0.0890658 0)
(-0.0265772 0.0932861 0)
(-0.024209 0.0973556 0)
(0.00584192 0.0551964 0)
(0.00235126 0.0316165 0)
(-0.00301689 0.0383459 0)
(-0.00250213 0.038455 0)
(-0.00560778 0.0396271 0)
(-0.00652745 0.0407146 0)
(-0.00838288 0.0421721 0)
(-0.00990525 0.043969 0)
(-0.0114562 0.0460389 0)
(-0.0129909 0.0484591 0)
(-0.0145016 0.0511676 0)
(-0.0159901 0.05418 0)
(-0.0174124 0.057414 0)
(-0.018777 0.0609503 0)
(-0.0200036 0.064611 0)
(-0.0211508 0.0684991 0)
(-0.0221182 0.0724803 0)
(-0.022837 0.0765826 0)
(-0.0233245 0.0806611 0)
(-0.023365 0.0846431 0)
(-0.0229801 0.0885002 0)
(-0.0221191 0.0920707 0)
(-0.0203857 0.0952764 0)
(0.00445239 0.0518402 0)
(0.00181525 0.0359867 0)
(-0.00207997 0.0405543 0)
(-0.00160548 0.0401393 0)
(-0.0039575 0.0413588 0)
(-0.00457056 0.0423681 0)
(-0.0059533 0.0438568 0)
(-0.00706172 0.0456095 0)
(-0.00818668 0.0477111 0)
(-0.00930547 0.0500772 0)
(-0.0103933 0.0527949 0)
(-0.0114677 0.0557333 0)
(-0.0125129 0.0589657 0)
(-0.0135461 0.0623634 0)
(-0.0144857 0.0660181 0)
(-0.015334 0.0697419 0)
(-0.0160491 0.0736266 0)
(-0.0166352 0.0774774 0)
(-0.0170875 0.0813411 0)
(-0.0172442 0.0850423 0)
(-0.0170635 0.0884711 0)
(-0.0165386 0.0914886 0)
(-0.0155061 0.0940229 0)
(0.00282203 0.0495029 0)
(0.00123646 0.0390485 0)
(-0.00115269 0.0422538 0)
(-0.000764903 0.0415411 0)
(-0.0021352 0.0427463 0)
(-0.00250326 0.0436475 0)
(-0.00332384 0.0451033 0)
(-0.00394386 0.0469298 0)
(-0.00460698 0.049007 0)
(-0.00524863 0.0514311 0)
(-0.00588122 0.0541344 0)
(-0.00651638 0.0570869 0)
(-0.00713591 0.0602798 0)
(-0.00774208 0.0636824 0)
(-0.00829637 0.0672848 0)
(-0.00885659 0.0709413 0)
(-0.00933397 0.0747716 0)
(-0.00973771 0.0784836 0)
(-0.0100513 0.0821854 0)
(-0.0102104 0.0857884 0)
(-0.0102157 0.0890608 0)
(-0.0100521 0.0918331 0)
(-0.00963938 0.0939878 0)
(0.00109022 0.0472106 0)
(0.000609588 0.0400142 0)
(-0.000215366 0.042316 0)
(-0.000128379 0.0414478 0)
(-0.000621016 0.0426193 0)
(-0.000713554 0.0435334 0)
(-0.000881648 0.0450068 0)
(-0.0010712 0.0467468 0)
(-0.00129056 0.0488451 0)
(-0.00145923 0.0512542 0)
(-0.00166524 0.0539193 0)
(-0.00185965 0.0568837 0)
(-0.00203766 0.0600474 0)
(-0.00222288 0.0634327 0)
(-0.00245012 0.0669604 0)
(-0.00258494 0.0706446 0)
(-0.00273671 0.0743254 0)
(-0.00293249 0.0780523 0)
(-0.00296613 0.0816769 0)
(-0.00300748 0.0850519 0)
(-0.00309813 0.0881254 0)
(-0.0031488 0.0907686 0)
(-0.00303308 0.0928348 0)
(0.572564 0.27816 0)
(0.532126 0.199341 0)
(0.469563 0.117692 0)
(0.441468 0.0207451 0)
(0.593058 0.0720028 0)
(0.643524 0.0308847 0)
(0.675546 -0.0137995 0)
(0.703483 -0.0614333 0)
(0.478084 -0.00861562 0)
(0.51048 -0.0336017 0)
(0.535208 -0.0632055 0)
(0.553619 -0.0963561 0)
(0.444304 -0.0577586 0)
(0.453603 -0.0775186 0)
(0.455927 -0.0956447 0)
(0.452271 -0.115715 0)
(0.426477 -0.027228 0)
(0.456592 -0.0327284 0)
(0.463694 -0.0365978 0)
(0.456663 -0.0563357 0)
(0.193341 -0.208864 0)
(0.217438 -0.148203 0)
(0.204292 -0.094244 0)
(0.226719 -0.0736922 0)
(0.246984 -0.154553 0)
(0.0200063 0.00551784 0)
(-0.0750699 0.0304095 0)
(-0.406077 -0.251923 0)
(0.479905 0.267841 0)
(0.414082 0.433532 0)
(0.365039 0.486872 0)
(0.371934 0.476143 0)
(0.334066 0.0442065 0)
(0.428875 0.283586 0)
(0.477946 0.422988 0)
(0.590658 0.445615 0)
(0.0475724 -0.0993178 0)
(0.139554 0.0612628 0)
(0.222905 0.194568 0)
(0.322831 0.263123 0)
(-0.19992 -0.156804 0)
(-0.159794 -0.0649996 0)
(-0.102386 0.0190409 0)
(-0.0492594 0.0771734 0)
(-0.264997 -0.20097 0)
(-0.235735 -0.146518 0)
(-0.197708 -0.0914871 0)
(-0.147631 -0.0336917 0)
(-0.367537 -0.256008 0)
(-0.357799 -0.220075 0)
(-0.338968 -0.176486 0)
(-0.315817 -0.134313 0)
(-0.436484 -0.213295 0)
(-0.461371 -0.190015 0)
(-0.481805 -0.151951 0)
(-0.493297 -0.104098 0)
(-0.407944 -0.148663 0)
(-0.43672 -0.131323 0)
(-0.462301 -0.109873 0)
(-0.483274 -0.0853916 0)
(-0.359378 -0.0956936 0)
(-0.378982 -0.0777731 0)
(-0.39751 -0.0574136 0)
(-0.414626 -0.0357443 0)
(-0.328862 -0.0612308 0)
(-0.343408 -0.0462834 0)
(-0.356879 -0.0294397 0)
(-0.369027 -0.0113359 0)
(-0.30149 -0.0317918 0)
(-0.313535 -0.0187543 0)
(-0.324742 -0.00419115 0)
(-0.335068 0.0115101 0)
(-0.27697 -0.00747775 0)
(-0.287036 0.00404301 0)
(-0.296629 0.0166864 0)
(-0.305579 0.0302148 0)
(-0.254658 0.0128794 0)
(-0.263232 0.0232178 0)
(-0.271414 0.034437 0)
(-0.279096 0.0463183 0)
(-0.234304 0.0301697 0)
(-0.241589 0.0395832 0)
(-0.248601 0.0497538 0)
(-0.255264 0.0603129 0)
(-0.215568 0.0449303 0)
(-0.221831 0.0536199 0)
(-0.227911 0.0630057 0)
(-0.233764 0.0725701 0)
(-0.19825 0.0577643 0)
(-0.203708 0.0658876 0)
(-0.209046 0.0746618 0)
(-0.214221 0.0834342 0)
(-0.182143 0.0690243 0)
(-0.186959 0.0767189 0)
(-0.191709 0.0849901 0)
(-0.196336 0.0930729 0)
(-0.167094 0.0790158 0)
(-0.171373 0.0863938 0)
(-0.175623 0.0942195 0)
(-0.179774 0.101685 0)
(-0.15291 0.0879065 0)
(-0.156714 0.0950569 0)
(-0.160535 0.10246 0)
(-0.164279 0.109351 0)
(-0.139466 0.0958251 0)
(-0.142875 0.102827 0)
(-0.146321 0.10986 0)
(-0.149682 0.116193 0)
(-0.126456 0.102874 0)
(-0.129468 0.109782 0)
(-0.132556 0.116527 0)
(-0.135576 0.122351 0)
(-0.113094 0.109141 0)
(-0.115741 0.115977 0)
(-0.118473 0.122537 0)
(-0.121103 0.128004 0)
(-0.0983446 0.114553 0)
(-0.100495 0.121292 0)
(-0.102694 0.127726 0)
(-0.104786 0.133038 0)
(-0.0816053 0.118747 0)
(-0.0830492 0.125308 0)
(-0.0845248 0.131614 0)
(-0.0858305 0.136947 0)
(-0.0639368 0.121054 0)
(-0.064308 0.127331 0)
(-0.0646081 0.133377 0)
(-0.0648145 0.138742 0)
(-0.0476373 0.120916 0)
(-0.0468333 0.12677 0)
(-0.0458142 0.13234 0)
(-0.0446688 0.137435 0)
(-0.0356153 0.118374 0)
(-0.0338304 0.123556 0)
(-0.0316829 0.128409 0)
(-0.0293333 0.132909 0)
(-0.0289224 0.11429 0)
(-0.0265805 0.118599 0)
(-0.0238133 0.122529 0)
(-0.0208158 0.126188 0)
(-0.0260619 0.109758 0)
(-0.0236397 0.113132 0)
(-0.0207805 0.116072 0)
(-0.0177188 0.118809 0)
(-0.0243762 0.105163 0)
(-0.0221643 0.10766 0)
(-0.0195752 0.109718 0)
(-0.0168086 0.111619 0)
(-0.0220974 0.100965 0)
(-0.0201983 0.102668 0)
(-0.0179738 0.103983 0)
(-0.0156444 0.105118 0)
(-0.0187815 0.0979023 0)
(-0.0173032 0.0989311 0)
(-0.0156239 0.0996409 0)
(-0.0138203 0.100131 0)
(-0.0145057 0.0958104 0)
(-0.0134976 0.0963772 0)
(-0.0123456 0.0967053 0)
(-0.0109506 0.0967746 0)
(-0.00917375 0.0952834 0)
(-0.00855529 0.0956986 0)
(-0.00785189 0.0958298 0)
(-0.00717726 0.0956124 0)
(-0.00277262 0.0937514 0)
(-0.00254868 0.0939766 0)
(-0.00241292 0.0938791 0)
(-0.00219207 0.0934128 0)
(0.477376 -0.29419 0)
(0.346058 -0.505648 0)
(0.153498 -0.702244 0)
(-0.126582 -0.694208 0)
(-0.0152229 -0.116075 0)
(-0.478526 0.493103 0)
(-0.517542 1.50457 0)
(-0.228667 2.69894 0)
(0.444334 3.40018 0)
(0.803015 3.39916 0)
(0.333886 2.05324 0)
(1.9142 0.148443 0)
(2.04305 -1.21149 0)
(1.61187 -1.54782 0)
(1.28597 -1.32019 0)
(0.976889 -1.11252 0)
(1.20454 -1.1358 0)
(0.230999 -1.25268 0)
(0.322015 -1.80167 0)
(0.693945 -0.205433 0)
(0.567138 -0.355958 0)
(0.344088 -0.524906 0)
(0.17906 -0.661597 0)
(0.0992575 0.0306878 0)
(-0.186426 0.612696 0)
(-0.158223 1.29985 0)
(0.278716 2.08003 0)
(1.10069 2.53482 0)
(2.10839 2.56732 0)
(2.7822 1.3835 0)
(3.10945 -0.176641 0)
(2.655 -1.04228 0)
(2.01664 -1.21437 0)
(1.54909 -1.03649 0)
(1.18894 -0.896771 0)
(1.07381 -1.00609 0)
(0.139467 -1.02931 0)
(0.290666 -1.66906 0)
(0.55674 -0.175996 0)
(0.507145 -0.253943 0)
(0.333834 -0.385603 0)
(0.159038 -0.570659 0)
(0.0950283 0.280619 0)
(0.255434 0.767603 0)
(0.276719 1.09658 0)
(0.628148 1.52976 0)
(1.18943 1.74193 0)
(1.86814 1.62553 0)
(2.42697 0.92975 0)
(2.51719 0.050737 0)
(2.20398 -0.566917 0)
(1.83534 -0.786125 0)
(1.47133 -0.698375 0)
(1.15408 -0.599673 0)
(0.584664 -0.703452 0)
(0.0768752 -0.494074 0)
(0.262972 -1.54562 0)
(0.436599 -0.152602 0)
(0.410879 -0.166116 0)
(0.313637 -0.230816 0)
(0.0865655 -0.457262 0)
(0.0205392 -0.296405 0)
(0.422848 0.535849 0)
(0.613683 0.872707 0)
(0.889575 1.17861 0)
(1.19807 1.31002 0)
(1.54765 1.18805 0)
(1.84134 0.785027 0)
(1.88376 0.209729 0)
(1.72226 -0.363104 0)
(1.61274 -0.513885 0)
(1.38204 -0.330959 0)
(1.10068 -0.167359 0)
(-0.117951 -0.216744 0)
(0.0136026 -0.508843 0)
(0.239082 -1.42313 0)
(0.433049 -0.112745 0)
(0.375531 -0.126482 0)
(0.327878 -0.0992126 0)
(0.129934 -0.209779 0)
(-0.234456 -0.310944 0)
(0.341258 0.64535 0)
(0.749151 0.815747 0)
(1.15495 1.17991 0)
(1.29537 1.18164 0)
(1.37166 0.991867 0)
(1.45099 0.728029 0)
(1.43097 0.408474 0)
(1.21571 -0.4942 0)
(1.07032 -0.542611 0)
(0.821519 -0.0463641 0)
(0.682306 0.408979 0)
(0.0932787 0.348512 0)
(0.147779 -0.620376 0)
(0.221505 -1.28901 0)
(0.345349 -0.0498124 0)
(0.400293 -0.0379805 0)
(0.346703 -0.0165235 0)
(0.285982 0.034685 0)
(-0.111308 -0.0246986 0)
(-0.449486 -0.271496 0)
(-0.00904599 -0.558675 0)
(0.836373 0.57281 0)
(0.940163 1.13274 0)
(0.901731 0.995487 0)
(0.927534 0.72658 0)
(1.02051 0.653032 0)
(0.335889 -0.359633 0)
(-0.0979309 0.243914 0)
(-0.395932 0.0909102 0)
(-0.193302 0.277816 0)
(0.186501 0.0394866 0)
(0.284349 -0.622982 0)
(0.218868 -1.10788 0)
(-0.272418 -0.328136 0)
(0.173885 -0.0977036 0)
(0.357505 0.0405362 0)
(0.391345 0.144333 0)
(0.297941 0.234133 0)
(0.0473606 0.240841 0)
(-0.343166 0.0951542 0)
(-1.08695 0.447972 0)
(-0.0221066 0.746272 0)
(0.359427 0.801097 0)
(0.372049 0.798648 0)
(0.924504 0.808257 0)
(0.235045 0.364003 0)
(0.317659 0.231974 0)
(0.33113 0.134469 0)
(0.296623 0.0554406 0)
(0.399246 -0.147215 0)
(0.432708 -0.535819 0)
(0.241381 -0.866743 0)
(-0.187145 -0.536276 0)
(-0.30432 -0.509362 0)
(0.00196981 -0.174715 0)
(0.319826 0.0984196 0)
(0.453046 0.252315 0)
(0.464013 0.348044 0)
(0.357575 0.394793 0)
(0.180435 0.44019 0)
(0.104417 0.552586 0)
(0.243286 0.625846 0)
(0.39707 0.571287 0)
(0.642617 0.481092 0)
(0.778334 0.351349 0)
(0.879925 0.221647 0)
(0.923439 0.131613 0)
(0.904658 0.0769388 0)
(0.839308 -0.0337688 0)
(0.647247 -0.304533 0)
(0.284219 -0.530624 0)
(0.316574 0.264309 0)
(0.190071 -0.310109 0)
(-0.37953 -0.499322 0)
(-0.217402 -0.264205 0)
(0.300046 0.121799 0)
(0.515879 0.281661 0)
(0.606156 0.366359 0)
(0.672816 0.411456 0)
(0.669459 0.457771 0)
(0.74075 0.480962 0)
(0.861484 0.446628 0)
(0.982155 0.368279 0)
(1.08462 0.253569 0)
(1.14197 0.158292 0)
(1.15792 0.114417 0)
(1.12245 0.12138 0)
(0.998277 0.114095 0)
(0.716566 -0.00848485 0)
(0.283874 -0.132147 0)
(0.372951 0.233906 0)
(0.371169 0.0855222 0)
(0.182246 0.0175305 0)
(0.143795 -0.471933 0)
(-0.181502 -0.376864 0)
(0.259211 0.0857489 0)
(0.547433 0.272238 0)
(0.719093 0.365287 0)
(0.812183 0.417874 0)
(0.900409 0.418198 0)
(0.994807 0.372917 0)
(1.07544 0.291798 0)
(1.1409 0.191943 0)
(1.18264 0.111075 0)
(1.18665 0.0931521 0)
(1.10809 0.155239 0)
(0.911068 0.299097 0)
(0.597058 0.309912 0)
(0.21108 0.253032 0)
(0.114323 0.0967759 0)
(0.109727 -0.0845657 0)
(0.194214 -0.123708 0)
(0.186293 -0.130153 0)
(0.0706807 -0.102813 0)
(0.0380607 -0.319235 0)
(0.179155 -0.10067 0)
(0.389526 0.167816 0)
(0.700776 0.341642 0)
(0.872638 0.35239 0)
(0.972294 0.303087 0)
(0.970143 0.231882 0)
(0.400362 0.250349 0)
(-0.112617 0.281607 0)
(-0.0865829 0.29587 0)
(0.187658 0.406284 0)
(0.347834 0.57872 0)
(0.296498 0.548817 0)
(0.0943159 0.506172 0)
(-0.038895 0.0256344 0)
(0.0270675 -0.0101403 0)
(0.0394979 -0.0932273 0)
(-0.0420477 -0.199534 0)
(-0.169341 -0.118426 0)
(-0.327189 -0.0943611 0)
(-0.458715 -0.0647638 0)
(-0.462136 0.0325309 0)
(-0.464698 0.0661152 0)
(-0.582237 0.208296 0)
(-1.23482 0.408993 0)
(-1.8763 0.803535 0)
(-1.98883 0.834297 0)
(-1.34356 -0.0406081 0)
(-0.811963 -0.342447 0)
(-0.579712 -0.139101 0)
(-0.0573287 0.379172 0)
(0.02761 0.577203 0)
(0.0241028 0.607358 0)
(-0.284828 -0.102672 0)
(-0.274443 -0.102593 0)
(-0.342043 -0.0432249 0)
(-0.470321 0.015417 0)
(-0.561323 0.0396042 0)
(-0.635184 0.00436518 0)
(-0.70028 0.0174931 0)
(-0.73854 0.119913 0)
(-0.779516 0.320725 0)
(-0.904332 0.61505 0)
(-1.23969 0.852318 0)
(-1.51445 0.892596 0)
(-1.42943 0.588175 0)
(-0.734304 -0.431768 0)
(-0.586874 -0.432182 0)
(-0.424709 -0.248663 0)
(-0.223351 0.0979956 0)
(-0.0978509 0.502314 0)
(0.0172097 0.588646 0)
(-0.508196 -0.0442865 0)
(-0.542908 0.0120447 0)
(-0.588849 0.0404478 0)
(-0.621542 0.0471152 0)
(-0.640596 0.0471816 0)
(-0.66198 0.035104 0)
(-0.695885 0.050158 0)
(-0.738873 0.148317 0)
(-0.789741 0.402265 0)
(-0.87264 0.817365 0)
(-1.05415 1.13576 0)
(-1.31251 0.962508 0)
(-1.42139 0.276086 0)
(-0.753799 -0.641646 0)
(-0.544032 -0.598168 0)
(-0.378727 -0.403054 0)
(-0.218179 -0.0367597 0)
(-0.110569 0.386295 0)
(0.0377803 0.540256 0)
(-0.508942 -0.0460974 0)
(-0.536829 0.00323752 0)
(-0.561067 0.0423645 0)
(-0.577416 0.0571381 0)
(-0.583324 0.0546146 0)
(-0.590701 0.054157 0)
(-0.610935 0.0853948 0)
(-0.644315 0.188586 0)
(-0.672474 0.43915 0)
(-0.664959 0.865182 0)
(-0.653932 1.20904 0)
(-0.730724 0.998095 0)
(-0.71084 0.157704 0)
(-0.479722 -1.38655 0)
(-0.470964 -0.84888 0)
(-0.332129 -0.629832 0)
(-0.185375 -0.215908 0)
(-0.0838172 0.284314 0)
(0.0493014 0.479854 0)
(-0.439169 -0.00152391 0)
(-0.467961 0.0391748 0)
(-0.488532 0.0608526 0)
(-0.502388 0.0659527 0)
(-0.511342 0.0611648 0)
(-0.517095 0.0648759 0)
(-0.523337 0.103725 0)
(-0.532206 0.206844 0)
(-0.523248 0.423895 0)
(-0.438705 0.790331 0)
(-0.261256 1.13028 0)
(-0.169381 0.988031 0)
(0.0973671 0.144599 0)
(-0.254472 -0.925177 0)
(-0.286331 -0.765852 0)
(-0.21477 -0.736594 0)
(-0.125798 -0.376197 0)
(-0.08852 0.180445 0)
(0.0493603 0.467618 0)
(-0.386503 0.0182627 0)
(-0.408122 0.0556654 0)
(-0.426902 0.0773901 0)
(-0.442671 0.0792023 0)
(-0.452523 0.0691464 0)
(-0.453482 0.0678026 0)
(-0.447223 0.103245 0)
(-0.437285 0.198702 0)
(-0.410205 0.374106 0)
(-0.315812 0.643824 0)
(-0.105968 0.913731 0)
(0.102424 0.822722 0)
(0.243467 0.142801 0)
(-0.0740065 -0.700427 0)
(-0.190933 -0.762302 0)
(-0.214948 -0.700782 0)
(-0.182974 -0.395985 0)
(-0.124565 0.139234 0)
(0.0359195 0.460174 0)
(-0.349558 0.0375821 0)
(-0.366454 0.070984 0)
(-0.38141 0.0911676 0)
(-0.394932 0.0901958 0)
(-0.401979 0.0735756 0)
(-0.398516 0.063878 0)
(-0.386372 0.0922864 0)
(-0.370091 0.179196 0)
(-0.346955 0.32572 0)
(-0.293705 0.521601 0)
(-0.169306 0.709218 0)
(-0.0070267 0.669693 0)
(-0.00517705 0.188303 0)
(-0.299007 -0.48857 0)
(-0.310177 -0.740012 0)
(-0.338828 -0.691618 0)
(-0.340736 -0.502595 0)
(-0.20517 0.0965643 0)
(0.0204747 0.405699 0)
(-0.318018 0.0531825 0)
(-0.331989 0.0833475 0)
(-0.343456 0.101817 0)
(-0.35391 0.0982977 0)
(-0.358908 0.0754422 0)
(-0.354295 0.0572497 0)
(-0.342463 0.0795642 0)
(-0.329763 0.163425 0)
(-0.320639 0.301372 0)
(-0.316929 0.475484 0)
(-0.30432 0.642298 0)
(-0.274125 0.646323 0)
(-0.343957 0.284333 0)
(-0.50601 -0.34149 0)
(-0.53938 -0.803443 0)
(-0.438562 -0.699377 0)
(-0.419299 -0.556945 0)
(-0.422087 -0.113915 0)
(-0.000580248 0.302495 0)
(-0.289807 0.0664412 0)
(-0.301426 0.0932192 0)
(-0.310154 0.110022 0)
(-0.318319 0.104879 0)
(-0.322885 0.0772437 0)
(-0.320185 0.0518926 0)
(-0.312869 0.0705744 0)
(-0.30803 0.158255 0)
(-0.311862 0.305455 0)
(-0.338746 0.495231 0)
(-0.406386 0.686264 0)
(-0.480216 0.729006 0)
(-0.570459 0.412411 0)
(-0.809305 -0.280969 0)
(-0.756246 -0.884317 0)
(-0.48086 -0.731776 0)
(-0.30672 -0.440939 0)
(-0.406756 -0.400878 0)
(-0.11879 -0.0982191 0)
(-0.264618 0.0778456 0)
(-0.274509 0.101166 0)
(-0.281238 0.116246 0)
(-0.287821 0.110592 0)
(-0.292839 0.0804041 0)
(-0.293145 0.0501732 0)
(-0.290872 0.067192 0)
(-0.292377 0.161479 0)
(-0.301678 0.324963 0)
(-0.333881 0.545544 0)
(-0.423401 0.779352 0)
(-0.549167 0.85696 0)
(-0.716108 0.533133 0)
(-0.970294 -0.249798 0)
(-1.00682 -1.0953 0)
(-0.722237 -1.08602 0)
(-0.31449 -0.557473 0)
(-0.109177 -0.212724 0)
(-0.0493333 -0.29616 0)
(-0.242059 0.0878979 0)
(-0.250683 0.107937 0)
(-0.256045 0.121245 0)
(-0.261603 0.115855 0)
(-0.266931 0.0849738 0)
(-0.269133 0.051788 0)
(-0.269529 0.0679373 0)
(-0.272355 0.167085 0)
(-0.277352 0.342668 0)
(-0.291724 0.59067 0)
(-0.35046 0.870908 0)
(-0.456584 0.995818 0)
(-0.584729 0.695507 0)
(-0.726271 -0.0879024 0)
(-0.956425 -0.960106 0)
(-1.06335 -1.39911 0)
(-0.571909 -1.00569 0)
(-0.0787832 -0.515954 0)
(0.107089 -0.19505 0)
(-0.221625 0.0968598 0)
(-0.229291 0.113884 0)
(-0.233775 0.125468 0)
(-0.238699 0.120592 0)
(-0.243854 0.0898029 0)
(-0.246392 0.0545475 0)
(-0.246569 0.068751 0)
(-0.245038 0.167642 0)
(-0.238621 0.345385 0)
(-0.228013 0.606082 0)
(-0.239725 0.920203 0)
(-0.300379 1.08937 0)
(-0.399522 0.831813 0)
(-0.561544 0.121577 0)
(-0.846225 -0.73392 0)
(-1.07588 -1.39192 0)
(-0.870999 -1.4346 0)
(-0.394264 -1.03643 0)
(0.08828 -0.240517 0)
(-0.20296 0.104798 0)
(-0.209824 0.119125 0)
(-0.213859 0.129276 0)
(-0.218658 0.124979 0)
(-0.223731 0.0944498 0)
(-0.22641 0.057113 0)
(-0.225593 0.0666882 0)
(-0.218212 0.159442 0)
(-0.199641 0.331618 0)
(-0.169217 0.591687 0)
(-0.142796 0.924092 0)
(-0.153548 1.13467 0)
(-0.209548 0.925938 0)
(-0.360193 0.245008 0)
(-0.534832 -0.60505 0)
(-0.665447 -1.29015 0)
(-0.611845 -1.53782 0)
(-0.462368 -1.36721 0)
(0.0638309 -0.522025 0)
(-0.1857 0.111968 0)
(-0.191916 0.12403 0)
(-0.195773 0.133018 0)
(-0.200864 0.129473 0)
(-0.207023 0.0995611 0)
(-0.210717 0.0600382 0)
(-0.209191 0.0634706 0)
(-0.199317 0.146586 0)
(-0.175182 0.308369 0)
(-0.133111 0.560172 0)
(-0.0802157 0.895961 0)
(-0.0445772 1.13569 0)
(-0.0182391 0.975055 0)
(-0.154451 0.390951 0)
(-0.161772 -0.508159 0)
(-0.296094 -1.23905 0)
(-0.337285 -1.62957 0)
(-0.448359 -1.5528 0)
(0.196724 -0.844652 0)
(-0.169605 0.118495 0)
(-0.175342 0.128837 0)
(-0.179233 0.13699 0)
(-0.184924 0.134688 0)
(-0.192913 0.105781 0)
(-0.196354 0.0635065 0)
(-0.193247 0.0596916 0)
(-0.186 0.131769 0)
(-0.165611 0.280735 0)
(-0.120944 0.516855 0)
(-0.0449113 0.840932 0)
(0.0309619 1.08973 0)
(0.13876 0.96862 0)
(0.0431774 0.42039 0)
(0.199973 -0.426707 0)
(0.105223 -1.12199 0)
(0.111088 -1.64263 0)
(-0.132598 -1.60701 0)
(0.224388 -0.723053 0)
(-0.154465 0.124384 0)
(-0.15984 0.13347 0)
(-0.163865 0.141243 0)
(-0.170582 0.140867 0)
(-0.180837 0.112275 0)
(-0.181959 0.0654318 0)
(-0.174407 0.0572694 0)
(-0.171413 0.12161 0)
(-0.1614 0.253615 0)
(-0.122395 0.462016 0)
(-0.0320645 0.753399 0)
(0.0943386 0.995281 0)
(0.233219 0.924001 0)
(0.241093 0.397682 0)
(0.390436 -0.396275 0)
(0.34297 -1.05064 0)
(0.197814 -1.41996 0)
(-0.18084 -1.5129 0)
(0.17324 -0.745449 0)
(-0.139951 0.129753 0)
(-0.145205 0.138077 0)
(-0.14943 0.145986 0)
(-0.157597 0.148041 0)
(-0.170575 0.118452 0)
(-0.170785 0.0628668 0)
(-0.158347 0.051787 0)
(-0.156386 0.117951 0)
(-0.158397 0.234921 0)
(-0.129479 0.404956 0)
(-0.0437943 0.637238 0)
(0.121077 0.85386 0)
(0.287947 0.814601 0)
(0.412058 0.306532 0)
(0.515986 -0.428851 0)
(0.440834 -0.950072 0)
(0.25663 -1.25319 0)
(-0.0967031 -1.57646 0)
(0.139535 -0.798026 0)
(-0.125052 0.134861 0)
(-0.130449 0.143004 0)
(-0.135005 0.151908 0)
(-0.145163 0.157131 0)
(-0.161948 0.12657 0)
(-0.167941 0.0595112 0)
(-0.153884 0.0445571 0)
(-0.144205 0.120225 0)
(-0.159015 0.226816 0)
(-0.144494 0.359975 0)
(-0.0815219 0.52391 0)
(0.0743328 0.683646 0)
(0.269702 0.627934 0)
(0.426954 0.153079 0)
(0.497435 -0.404565 0)
(0.452544 -0.88345 0)
(0.413614 -1.07009 0)
(0.14969 -1.48436 0)
(0.165001 -0.754125 0)
(-0.108168 0.139703 0)
(-0.113672 0.148258 0)
(-0.11789 0.159084 0)
(-0.128869 0.16851 0)
(-0.147514 0.140615 0)
(-0.165802 0.0596464 0)
(-0.163002 0.0295492 0)
(-0.142874 0.119593 0)
(-0.159095 0.230625 0)
(-0.165585 0.333511 0)
(-0.131532 0.443343 0)
(-0.0351497 0.525774 0)
(0.141335 0.45301 0)
(0.235377 0.0763514 0)
(0.409412 -0.48088 0)
(0.506411 -0.922315 0)
(0.560035 -0.885105 0)
(0.268699 -1.11277 0)
(0.174739 -0.587989 0)
(-0.0879106 0.143736 0)
(-0.0924795 0.153021 0)
(-0.0952113 0.166064 0)
(-0.104447 0.179303 0)
(-0.120019 0.16146 0)
(-0.150838 0.0763447 0)
(-0.179867 0.0216777 0)
(-0.169433 0.106721 0)
(-0.159062 0.237657 0)
(-0.181522 0.326427 0)
(-0.176863 0.408684 0)
(-0.145757 0.451762 0)
(-0.042646 0.34546 0)
(0.209546 -0.184785 0)
(0.456657 -0.71502 0)
(0.538992 -0.922874 0)
(0.561815 -0.841829 0)
(0.360758 -0.93558 0)
(0.185778 -0.383283 0)
(-0.0648343 0.145897 0)
(-0.0664979 0.156034 0)
(-0.0661857 0.17072 0)
(-0.070305 0.186097 0)
(-0.0787124 0.185328 0)
(-0.112431 0.119266 0)
(-0.181519 0.0503516 0)
(-0.208437 0.106049 0)
(-0.175735 0.244536 0)
(-0.180845 0.34329 0)
(-0.188617 0.409914 0)
(-0.165838 0.392154 0)
(0.0299223 0.118955 0)
(0.318175 -0.404021 0)
(0.518002 -0.807453 0)
(0.558965 -0.95591 0)
(0.57102 -0.854726 0)
(0.384765 -0.780295 0)
(0.185986 -0.17393 0)
(-0.0419847 0.144601 0)
(-0.0388655 0.155192 0)
(-0.0343791 0.170261 0)
(-0.0287662 0.185719 0)
(-0.0269278 0.199807 0)
(-0.0379096 0.172193 0)
(-0.105788 0.112958 0)
(-0.167326 0.108687 0)
(-0.160569 0.219331 0)
(-0.119592 0.337013 0)
(-0.091264 0.383721 0)
(0.00532141 0.274593 0)
(0.216471 -0.0503738 0)
(0.426649 -0.53617 0)
(0.588202 -0.855466 0)
(0.53583 -0.949887 0)
(0.516973 -0.892502 0)
(0.280444 -0.430108 0)
(0.197522 -0.0101416 0)
(-0.0243543 0.139307 0)
(-0.0162139 0.149102 0)
(-0.0070069 0.162295 0)
(0.00891585 0.176275 0)
(0.0222515 0.192561 0)
(0.0416426 0.19359 0)
(0.0177332 0.170205 0)
(-0.0120594 0.143738 0)
(-0.0196132 0.183229 0)
(0.0378247 0.269661 0)
(0.105614 0.295558 0)
(0.285069 0.116751 0)
(0.311917 -0.200398 0)
(0.475676 -0.760859 0)
(0.573678 -0.922374 0)
(0.456452 -0.886575 0)
(0.461112 -0.849609 0)
(0.179369 0.0494123 0)
(0.229258 0.149504 0)
(-0.0146872 0.131146 0)
(-0.00368916 0.139021 0)
(0.00934508 0.148408 0)
(0.0300935 0.158749 0)
(0.051758 0.167273 0)
(0.087253 0.176352 0)
(0.105475 0.173048 0)
(0.121994 0.149703 0)
(0.154671 0.158077 0)
(0.213845 0.196775 0)
(0.299428 0.183525 0)
(0.42185 0.0449777 0)
(0.400356 -0.192025 0)
(0.505401 -0.808596 0)
(0.528257 -0.913835 0)
(0.418466 -0.787849 0)
(0.487296 -0.799853 0)
(0.0743318 -0.155966 0)
(0.282615 0.330158 0)
(-0.0115227 0.122005 0)
(-0.000309035 0.127282 0)
(0.013754 0.132577 0)
(0.0335262 0.137834 0)
(0.0582147 0.13761 0)
(0.0905581 0.142117 0)
(0.128351 0.139748 0)
(0.165917 0.116639 0)
(0.211304 0.106466 0)
(0.262011 0.129541 0)
(0.341323 0.114113 0)
(0.367427 0.0157364 0)
(0.408502 -0.242638 0)
(0.507542 -0.821029 0)
(0.546328 -0.85608 0)
(0.377919 -0.724885 0)
(0.457983 -0.720819 0)
(-0.294861 0.37899 0)
(0.317677 0.426638 0)
(-0.0112294 0.113119 0)
(-0.00126924 0.115837 0)
(0.0115416 0.117644 0)
(0.0280146 0.118382 0)
(0.0519738 0.112885 0)
(0.0739576 0.111261 0)
(0.114629 0.0985042 0)
(0.153056 0.0790881 0)
(0.195298 0.0628528 0)
(0.240573 0.0777783 0)
(0.301645 0.0755839 0)
(0.296594 -0.0149942 0)
(0.426599 -0.344389 0)
(0.41601 -0.888964 0)
(0.541326 -0.802717 0)
(0.396263 -0.590187 0)
(0.279124 -0.456925 0)
(-0.36848 0.361362 0)
(0.313683 0.331905 0)
(-0.0109569 0.105236 0)
(-0.00279806 0.105883 0)
(0.00808147 0.104995 0)
(0.0210277 0.102121 0)
(0.0428538 0.0938796 0)
(0.0551274 0.0859441 0)
(0.0989306 0.0686884 0)
(0.120212 0.0410444 0)
(0.177541 0.0141367 0)
(0.246103 0.0442631 0)
(0.271912 0.051933 0)
(0.319371 -0.0853638 0)
(0.478933 -0.446164 0)
(0.417736 -0.884317 0)
(0.470213 -0.836576 0)
(0.46714 -0.431211 0)
(0.287653 -0.168287 0)
(-0.410897 0.439868 0)
(-0.143497 0.420973 0)
(-0.0100773 0.0994149 0)
(-0.00380294 0.0982924 0)
(0.00479128 0.0950915 0)
(0.014437 0.0888292 0)
(0.033251 0.0787956 0)
(0.0407988 0.0624235 0)
(0.082702 0.0481821 0)
(0.0993633 -0.000967258 0)
(0.146897 -0.045479 0)
(0.220311 0.0109878 0)
(0.271993 0.0152342 0)
(0.363754 -0.169947 0)
(0.473101 -0.499094 0)
(0.469502 -0.810385 0)
(0.291429 -0.866393 0)
(0.533098 -0.345618 0)
(0.37346 0.194309 0)
(-0.299023 0.966062 0)
(-0.0472747 -0.714911 0)
(-0.00839112 0.0954779 0)
(-0.00437277 0.0929763 0)
(0.00165889 0.0877779 0)
(0.00865046 0.0788771 0)
(0.0221507 0.0663313 0)
(0.0292164 0.0431545 0)
(0.0560984 0.0248933 0)
(0.0819243 -0.029735 0)
(0.0843897 -0.0857593 0)
(0.139847 -0.0551126 0)
(0.234101 -0.0662256 0)
(0.319466 -0.254536 0)
(0.3563 -0.541291 0)
(0.362887 -0.767624 0)
(0.203223 -0.796974 0)
(0.46149 -0.426452 0)
(0.567403 0.192903 0)
(0.681837 0.711393 0)
(0.314522 0.380903 0)
(-0.0058116 0.0941625 0)
(-0.00358135 0.0908633 0)
(-7.90474e-05 0.0845881 0)
(0.00398217 0.0740792 0)
(0.010965 0.059054 0)
(0.0157433 0.0341661 0)
(0.0281567 0.00870374 0)
(0.0460689 -0.040064 0)
(0.0340906 -0.0997462 0)
(0.0633085 -0.113194 0)
(0.138815 -0.154097 0)
(0.196082 -0.319333 0)
(0.200609 -0.550441 0)
(0.194304 -0.723553 0)
(0.0769609 -0.775321 0)
(0.118349 -0.627869 0)
(0.440208 0.427608 0)
(1.15092 1.24624 0)
(0.394816 0.253777 0)
(-0.00179301 0.0920275 0)
(-0.00114811 0.0882238 0)
(-3.12424e-05 0.0812619 0)
(0.00116024 0.0699543 0)
(0.00351605 0.0541283 0)
(0.00529746 0.0289802 0)
(0.00978803 0.000867918 0)
(0.0139969 -0.0460607 0)
(0.0125369 -0.103151 0)
(0.0176633 -0.136307 0)
(0.0483938 -0.192438 0)
(0.0707272 -0.344474 0)
(0.0691979 -0.545326 0)
(0.067651 -0.707297 0)
(0.021741 -0.815213 0)
(0.321142 -0.753173 0)
(-0.0855558 -0.755807 0)
(3.24069 -0.558376 0)
(0.419928 2.94725 0)
)
;

boundaryField
{
    leftWall
    {
        type            noSlip;
    }
    rightWall
    {
        type            noSlip;
    }
    lowerWall
    {
        type            noSlip;
    }
    atmosphere
    {
        type            pressureInletOutletVelocity;
        value           nonuniform List<vector> 
46
(
(0.00109022 0.0472106 0)
(0.000609588 0.0400142 0)
(-0.000215366 0.042316 0)
(-0.000128379 0.0414478 0)
(-0.000621016 0.0426193 0)
(-0.000713554 0.0435334 0)
(-0.000881648 0.0450068 0)
(-0.0010712 0.0467468 0)
(-0.00129056 0.0488451 0)
(-0.00145923 0.0512542 0)
(-0.00166524 0.0539193 0)
(-0.00185965 0.0568837 0)
(-0.00203766 0.0600474 0)
(-0.00222288 0.0634327 0)
(-0.00245012 0.0669604 0)
(-0.00258494 0.0706446 0)
(-0.00273671 0.0743254 0)
(-0.00293249 0.0780523 0)
(-0.00296613 0.0816769 0)
(-0.00300748 0.0850519 0)
(-0.00309813 0.0881254 0)
(-0.0031488 0.0907686 0)
(-0.00303308 0.0928348 0)
(-0.00277262 0.0937514 0)
(-0.00254868 0.0939766 0)
(-0.00241292 0.0938791 0)
(-0.00219207 0.0934128 0)
(-0.00179301 0.0920275 0)
(-0.00114811 0.0882238 0)
(-3.12424e-05 0.0812619 0)
(0.00116024 0.0699543 0)
(0.00351605 0.0541283 0)
(0.00529746 0.0289802 0)
(0.00978803 0.000867918 0)
(0 -0.0460607 0)
(0 -0.103151 0)
(0 -0.136307 0)
(0 -0.192438 0)
(0 -0.344474 0)
(0 -0.545326 0)
(0 -0.707297 0)
(0 -0.815213 0)
(0 -0.753173 0)
(0 -0.755807 0)
(0 -0.558376 0)
(0.419928 2.94725 0)
)
;
    }
    defaultFaces
    {
        type            empty;
    }
}


// ************************************************************************* //
