/*--------------------------------*- C++ -*----------------------------------*\
| =========                 |                                                 |
| \\      /  F ield         | OpenFOAM: The Open Source CFD Toolbox           |
|  \\    /   O peration     | Version:  5.x                                   |
|   \\  /    A nd           | Web:      www.OpenFOAM.org                      |
|    \\/     M anipulation  |                                                 |
\*---------------------------------------------------------------------------*/
FoamFile
{
    version     2.0;
    format      ascii;
    class       surfaceScalarField;
    location    "0.65";
    object      phi;
}
// * * * * * * * * * * * * * * * * * * * * * * * * * * * * * * * * * * * * * //

dimensions      [0 3 -1 0 0 0 0];

internalField   nonuniform List<scalar> 
4432
(
-3.21047e-06
3.21047e-06
-6.25329e-06
3.04281e-06
-7.64399e-06
1.3907e-06
-7.94112e-06
2.97131e-07
-7.20966e-06
-7.31467e-07
-5.10483e-06
-2.10482e-06
-1.78025e-06
-3.32458e-06
1.63908e-06
-3.41933e-06
4.11859e-06
-2.47951e-06
5.33415e-06
-1.21556e-06
5.40155e-06
-6.74048e-08
4.53146e-06
8.70091e-07
3.02015e-06
1.51132e-06
1.04144e-06
1.97871e-06
-1.41989e-06
2.46133e-06
-4.66142e-06
3.24154e-06
-8.42917e-06
3.76775e-06
-1.11497e-05
2.72059e-06
-1.34727e-05
2.32294e-06
-1.95848e-05
6.11208e-06
-2.31482e-05
3.56342e-06
-1.58491e-05
-7.29908e-06
-1.58491e-05
-3.91055e-06
7.12103e-06
-6.26045e-06
5.3927e-06
-7.11361e-06
2.24386e-06
-7.53713e-06
7.20645e-07
-7.18534e-06
-1.08326e-06
-5.33858e-06
-3.95158e-06
-2.01721e-06
-6.64596e-06
1.55787e-06
-6.9944e-06
4.16519e-06
-5.08683e-06
5.44549e-06
-2.49586e-06
5.73701e-06
-3.58915e-07
5.47053e-06
1.13657e-06
4.85258e-06
2.12927e-06
3.9979e-06
2.8334e-06
2.86698e-06
3.59224e-06
1.21184e-06
4.89669e-06
-1.64181e-06
6.62138e-06
-6.27462e-06
7.35342e-06
-1.21962e-05
8.24451e-06
-1.69278e-05
1.08436e-05
-1.77609e-05
4.39653e-06
-1.13072e-05
-1.37528e-05
-2.71563e-05
-2.98494e-06
1.0106e-05
-4.75771e-06
7.16546e-06
-5.79357e-06
3.27972e-06
-6.71679e-06
1.64386e-06
-6.90169e-06
-8.9836e-07
-5.40755e-06
-5.44572e-06
-2.31792e-06
-9.73559e-06
1.15258e-06
-1.04649e-05
3.74382e-06
-7.67808e-06
4.99982e-06
-3.75185e-06
5.16346e-06
-5.22552e-07
4.68963e-06
1.6104e-06
3.9619e-06
2.857e-06
3.27385e-06
3.52146e-06
2.84888e-06
4.01721e-06
2.76965e-06
4.97594e-06
2.64102e-06
6.75e-06
1.0086e-06
8.98585e-06
-1.92583e-06
1.11789e-05
-5.50106e-06
1.44189e-05
-7.08606e-06
5.98155e-06
-4.13099e-06
-1.67079e-05
-3.12873e-05
-1.54497e-06
1.16509e-05
-2.51829e-06
8.13878e-06
-3.47552e-06
4.23695e-06
-4.32235e-06
2.49069e-06
-4.32057e-06
-9.00145e-07
-2.91772e-06
-6.84856e-06
-6.47227e-07
-1.20061e-05
1.6653e-06
-1.27774e-05
3.43529e-06
-9.44807e-06
4.32127e-06
-4.63783e-06
4.37373e-06
-5.75012e-07
3.85084e-06
2.13329e-06
3.06573e-06
3.64211e-06
2.34679e-06
4.2404e-06
1.96007e-06
4.40392e-06
2.05854e-06
4.87749e-06
2.89982e-06
5.9087e-06
3.98028e-06
7.9054e-06
4.96328e-06
1.01959e-05
5.7846e-06
1.35975e-05
4.6836e-06
7.08257e-06
3.15424e-06
-1.51785e-05
-2.8133e-05
3.56205e-07
1.12947e-05
7.82903e-07
7.71208e-06
6.69094e-07
4.35076e-06
9.19489e-07
2.2403e-06
2.02834e-06
-2.009e-06
3.40036e-06
-8.22058e-06
4.14376e-06
-1.27495e-05
4.23708e-06
-1.28707e-05
3.98912e-06
-9.20011e-06
3.72761e-06
-4.37632e-06
3.40013e-06
-2.47527e-07
2.85409e-06
2.67933e-06
2.14488e-06
4.35133e-06
1.55989e-06
4.82539e-06
1.35409e-06
4.60972e-06
1.50038e-06
4.73121e-06
2.22395e-06
5.18512e-06
3.90568e-06
6.22367e-06
6.84041e-06
7.26121e-06
1.06982e-05
9.73979e-06
1.15787e-05
6.20202e-06
7.33167e-06
-1.09315e-05
-2.08013e-05
2.7648e-06
8.52993e-06
5.23964e-06
5.23724e-06
7.04942e-06
2.54098e-06
9.30594e-06
-1.62207e-08
1.17128e-05
-4.41583e-06
1.24865e-05
-8.99428e-06
1.11093e-05
-1.13723e-05
8.44726e-06
-1.02087e-05
5.6676e-06
-6.42045e-06
3.62346e-06
-2.33218e-06
2.51944e-06
8.56497e-07
1.76861e-06
3.43016e-06
1.1199e-06
5.00004e-06
7.17738e-07
5.22756e-06
8.2002e-07
4.50743e-06
1.21517e-06
4.33606e-06
1.92835e-06
4.47193e-06
3.33219e-06
4.81985e-06
5.89118e-06
4.70221e-06
1.02312e-05
5.39978e-06
1.24772e-05
3.95605e-06
8.70977e-06
-7.1641e-06
-1.20916e-05
4.69226e-06
3.83767e-06
1.03199e-05
-3.90409e-07
1.57827e-05
-2.9218e-06
2.03981e-05
-4.63169e-06
2.23178e-05
-6.33551e-06
2.06467e-05
-7.32314e-06
1.6588e-05
-7.31363e-06
1.18972e-05
-5.51794e-06
7.58568e-06
-2.10889e-06
4.17175e-06
1.08175e-06
2.10832e-06
2.91993e-06
8.33283e-07
4.7052e-06
5.54776e-08
5.77784e-06
-1.55717e-07
5.43876e-06
2.77472e-07
4.07423e-06
9.84372e-07
3.62917e-06
1.87009e-06
3.5862e-06
3.18901e-06
3.50093e-06
4.97228e-06
2.91894e-06
8.16883e-06
2.20323e-06
1.0685e-05
1.43987e-06
8.82388e-06
-5.30298e-06
-3.26768e-06
8.90552e-06
-5.06785e-06
1.84239e-05
-9.90882e-06
2.45119e-05
-9.00978e-06
2.69735e-05
-7.09333e-06
2.54802e-05
-4.84215e-06
2.10395e-05
-2.88247e-06
1.59074e-05
-2.18153e-06
1.13891e-05
-9.99661e-07
7.79033e-06
1.48992e-06
4.89871e-06
3.97337e-06
2.72826e-06
5.09038e-06
8.3617e-07
6.59729e-06
-5.29713e-07
7.14372e-06
-1.01737e-06
5.92642e-06
-4.23104e-07
3.47997e-06
5.45922e-07
2.66015e-06
1.63656e-06
2.49556e-06
3.11548e-06
2.02202e-06
4.83896e-06
1.19547e-06
6.90561e-06
1.36575e-07
8.4413e-06
-9.5815e-08
7.22025e-06
-4.08193e-06
3.95258e-06
-4.0437e-05
4.0437e-05
-5.18269e-05
1.13898e-05
-3.80392e-05
-1.37876e-05
-1.70377e-05
-2.10015e-05
3.34734e-06
-2.0385e-05
2.3636e-05
-2.02887e-05
4.35264e-05
-1.98903e-05
1.05586e-05
3.29678e-05
-6.70048e-05
7.75633e-05
-0.000124133
5.71285e-05
-0.000144821
2.06879e-05
-0.000149967
5.14532e-06
-0.000148154
-1.8125e-06
-0.00014031
-7.8441e-06
-0.000126315
-1.39951e-05
-0.000104877
-2.14381e-05
-6.67553e-05
-3.81215e-05
-1.42214e-05
-5.25338e-05
-1.42214e-05
-3.88749e-05
7.9312e-05
-3.6356e-05
8.8709e-06
-1.83015e-05
-3.18421e-05
-1.49942e-06
-3.78036e-05
1.58135e-05
-3.7698e-05
3.28989e-05
-3.73741e-05
2.84083e-05
-1.53998e-05
-4.89142e-05
0.00011029
-0.000143203
0.000171852
-0.000182462
9.63877e-05
-0.000181342
1.95675e-05
-0.000175543
-6.5381e-07
-0.000168456
-8.89892e-06
-0.000157013
-1.92872e-05
-0.000140188
-3.08207e-05
-0.000118251
-4.33744e-05
-8.34138e-05
-7.2959e-05
-3.00588e-05
-0.000105889
-4.42803e-05
-1.92618e-05
9.85737e-05
-1.44589e-05
4.06805e-06
8.40381e-07
-4.71414e-05
1.69247e-05
-5.38879e-05
2.99915e-05
-5.07648e-05
3.56547e-05
-4.30373e-05
8.44021e-06
1.18147e-05
-8.15141e-05
0.000200245
-0.000158903
0.000249241
-0.000189107
0.000126592
-0.000185524
1.59846e-05
-0.000176074
-1.01045e-05
-0.000172427
-1.25453e-05
-0.000170675
-2.10394e-05
-0.000160092
-4.14037e-05
-0.000137856
-6.56108e-05
-9.97402e-05
-0.000111075
-4.32703e-05
-0.000162359
-8.75506e-05
4.88984e-06
9.36839e-05
8.30663e-06
6.51269e-07
1.82595e-05
-5.70943e-05
3.30766e-05
-6.87051e-05
4.12317e-05
-5.89198e-05
4.01642e-05
-4.19699e-05
1.46282e-05
3.73507e-05
-5.11403e-05
0.000266013
-0.00011312
0.000311221
-0.000102196
0.000115669
-6.09039e-05
-2.53078e-05
-5.02026e-05
-2.08059e-05
-8.46967e-05
2.19486e-05
-0.00014175
3.60143e-05
-0.000176495
-6.65916e-06
-0.000168894
-7.32113e-05
-0.000117726
-0.000162243
-4.97975e-05
-0.000230287
-0.000137348
2.06915e-05
7.29924e-05
2.39883e-05
-2.64556e-06
3.46208e-05
-6.77267e-05
4.70427e-05
-8.1127e-05
5.20479e-05
-6.3925e-05
4.85166e-05
-3.84386e-05
2.87373e-05
5.71299e-05
3.2313e-05
0.000262437
-4.0926e-06
0.000347626
3.00729e-05
8.15031e-05
3.59948e-05
-3.12296e-05
5.83716e-06
9.35188e-06
2.08569e-06
2.57e-05
-1.39811e-05
5.20811e-05
-8.09028e-05
6.02625e-05
-0.000150677
-3.4375e-06
-0.000121859
-0.000191061
-4.87637e-05
-0.000303382
-0.000186112
2.17781e-05
5.12142e-05
3.56553e-05
-1.65227e-05
4.77547e-05
-7.98261e-05
5.74076e-05
-9.07798e-05
6.16091e-05
-6.81265e-05
5.76309e-05
-3.44603e-05
3.77939e-05
7.69669e-05
4.7337e-05
0.000252894
5.78486e-05
0.000337115
4.40767e-05
9.5275e-05
-1.34202e-05
2.62672e-05
-3.19932e-05
2.79248e-05
-2.12881e-05
1.4995e-05
7.45636e-06
2.33367e-05
-4.97765e-06
7.26965e-05
-6.5795e-05
5.73798e-05
-9.13119e-05
-0.000165544
-4.29921e-05
-0.000351702
-0.000229104
2.28024e-05
2.84118e-05
4.56523e-05
-3.93726e-05
5.61722e-05
-9.0346e-05
6.31456e-05
-9.77532e-05
6.81936e-05
-7.31745e-05
6.57571e-05
-3.20238e-05
4.83546e-05
9.43694e-05
5.61406e-05
0.000245108
7.87881e-05
0.000314467
2.91475e-05
0.000144916
-2.73516e-05
8.27664e-05
-3.06403e-05
3.12135e-05
-1.48047e-05
-8.40577e-07
6.40644e-06
2.12578e-06
2.94256e-05
4.96774e-05
-3.12018e-06
8.99253e-05
-5.19099e-05
-0.000116754
-3.39806e-05
-0.000369631
-0.000263084
3.00067e-05
-1.59487e-06
5.20621e-05
-6.1428e-05
5.83025e-05
-9.65864e-05
6.47069e-05
-0.000104158
7.06404e-05
-7.9108e-05
7.07214e-05
-3.21048e-05
6.35838e-05
0.000101507
6.74576e-05
0.000241234
8.96396e-05
0.000292285
3.55054e-05
0.00019905
-5.08076e-06
0.000123353
-4.58747e-06
3.07202e-05
-2.11766e-06
-3.31049e-06
1.79392e-05
-1.79312e-05
4.95328e-05
1.80839e-05
6.12007e-05
7.82572e-05
-4.85134e-06
-5.07017e-05
-2.32476e-05
-0.000351235
-0.000286332
1.60105e-05
-2.10784e-05
1.75433e-05
-1.14416e-05
9.18271e-06
-6.49217e-07
4.85336e-06
-2.76398e-06
3.1889e-06
-3.17769e-06
2.4674e-06
-2.16097e-06
2.52751e-06
-2.24164e-06
2.96397e-06
-1.43612e-06
3.6471e-06
8.0679e-07
4.59897e-06
3.0215e-06
4.8043e-06
4.88505e-06
2.98543e-06
8.41616e-06
-6.86855e-08
1.01978e-05
-1.25954e-06
7.11727e-06
4.26739e-07
1.79369e-06
2.1961e-06
8.90788e-07
3.64826e-06
1.04341e-06
5.9882e-06
-3.17925e-07
9.73719e-06
-2.55352e-06
1.40099e-05
-4.13611e-06
1.85841e-05
-4.67004e-06
2.18611e-05
-7.35895e-06
-4.45116e-06
3.02649e-05
-8.06026e-05
5.95243e-05
-0.000135684
4.36397e-05
-0.000125366
-1.09665e-05
-9.3657e-05
-3.44732e-05
-7.702e-05
-1.98147e-05
-7.26824e-05
-6.49855e-06
-7.00314e-05
-4.89266e-06
-6.16345e-05
-9.83299e-06
-4.73078e-05
-1.35199e-05
-3.40724e-05
-1.02139e-05
-2.16455e-05
-7.54186e-06
-1.17676e-05
-1.46171e-06
-4.8386e-06
3.26879e-06
1.14226e-06
1.13642e-06
5.40155e-06
-2.4656e-06
6.55249e-06
-2.60158e-07
6.37201e-06
1.2239e-06
7.82242e-06
-1.76834e-06
1.18396e-05
-6.57068e-06
1.56841e-05
-7.98066e-06
1.78522e-05
-6.83805e-06
1.68906e-05
-6.39744e-06
-6.48683e-06
1.89263e-05
-3.23956e-05
9.192e-05
-7.59068e-05
8.71512e-05
-0.000108208
2.13347e-05
-0.00014251
-1.71172e-07
-0.000173739
1.14146e-05
-0.000195664
1.54262e-05
-0.000205471
4.91446e-06
-0.000203106
-1.21979e-05
-0.000190651
-2.59754e-05
-0.000166028
-3.48367e-05
-0.000142961
-3.06094e-05
-9.58132e-05
-4.86091e-05
-6.5547e-05
-2.69973e-05
-4.79538e-05
-1.64568e-05
-3.2481e-05
-1.79384e-05
-1.65693e-05
-1.61718e-05
-5.30318e-06
-1.00422e-05
3.57844e-06
-1.065e-05
1.29975e-05
-1.59897e-05
2.03492e-05
-1.53324e-05
2.42768e-05
-1.07656e-05
2.2839e-05
-4.95969e-06
-4.923e-07
1.68445e-05
7.63535e-06
8.42849e-05
-7.98844e-06
0.000102775
-3.83037e-05
5.16502e-05
-6.97475e-05
3.12727e-05
-8.57867e-05
2.74538e-05
-9.4025e-05
2.36645e-05
-9.68701e-05
7.75934e-06
-9.8876e-05
-1.01921e-05
-0.000108263
-1.6589e-05
-0.000128979
-1.41201e-05
-0.000143503
-1.60856e-05
-0.000165453
-2.66594e-05
-0.000172233
-2.02172e-05
-0.000168904
-1.9786e-05
-0.000158645
-2.81967e-05
-0.000142177
-3.264e-05
-0.000109779
-4.24397e-05
-8.92186e-05
-3.12108e-05
-6.73095e-05
-3.78989e-05
-4.55629e-05
-3.7079e-05
-3.10816e-05
-2.52469e-05
-3.1537e-05
-4.50428e-06
2.50455e-05
-5.70749e-05
1.39317e-05
7.03533e-05
2.37823e-05
9.29249e-05
8.96322e-06
6.64694e-05
3.31641e-06
3.69196e-05
-8.13475e-07
3.15836e-05
-4.50274e-06
2.73536e-05
-4.39557e-06
7.65204e-06
-5.60165e-06
-8.98615e-06
-9.7734e-06
-1.24173e-05
-1.68548e-05
-7.03866e-06
-3.59583e-05
3.01787e-06
-6.15062e-05
-1.11134e-06
-7.59942e-05
-5.72913e-06
-8.74091e-05
-8.37104e-06
-0.00011005
-5.5558e-06
-0.000137026
-5.66428e-06
-0.000170597
-8.86861e-06
-0.000195727
-6.08113e-06
-0.000217587
-1.60383e-05
-0.000225131
-2.95351e-05
-0.000204558
-4.58198e-05
-0.000185214
-2.38489e-05
2.056e-05
-0.000180728
4.07569e-06
6.62777e-05
2.52748e-05
7.17259e-05
2.91714e-05
6.25729e-05
2.62692e-05
3.98218e-05
2.48642e-05
3.29885e-05
2.11144e-05
3.11034e-05
9.71081e-06
1.90555e-05
-6.88821e-06
7.61277e-06
-2.05874e-05
1.28183e-06
-2.669e-05
-9.36022e-07
-2.50967e-05
1.42471e-06
-3.2518e-05
6.30999e-06
-4.56446e-05
7.39759e-06
-5.44945e-05
4.79045e-07
-6.03192e-05
2.68879e-07
-7.25431e-05
6.55958e-06
-9.15545e-05
1.01427e-05
-0.000111591
1.39551e-05
-0.000143811
1.61816e-05
-0.00018527
1.19244e-05
-0.000229433
-1.65707e-06
-0.000264786
1.15043e-05
3.04692e-05
-0.000274696
8.59776e-07
6.54181e-05
1.74134e-05
5.51725e-05
2.56707e-05
5.43157e-05
2.27558e-05
4.27367e-05
1.88261e-05
3.69182e-05
1.62415e-05
3.36879e-05
8.87892e-06
2.6418e-05
-2.85053e-06
1.93422e-05
-1.60012e-05
1.44325e-05
-2.72365e-05
1.02994e-05
-3.55254e-05
9.71369e-06
-4.2127e-05
1.29117e-05
-4.99814e-05
1.52521e-05
-5.949e-05
9.98777e-06
-6.71073e-05
7.88627e-06
-7.15027e-05
1.0955e-05
-7.61975e-05
1.48374e-05
-8.17321e-05
1.94895e-05
-8.95118e-05
2.39613e-05
-0.000101455
2.38673e-05
-0.000126725
2.36131e-05
-0.000162233
4.70123e-05
8.4515e-05
-0.000216279
1.45384e-06
6.39643e-05
1.00337e-05
4.65928e-05
1.49652e-05
4.93842e-05
1.35804e-05
4.41214e-05
1.06977e-05
3.98008e-05
7.93388e-06
3.64516e-05
2.02895e-06
3.23228e-05
-6.86535e-06
2.82364e-05
-1.60311e-05
2.35983e-05
-2.46496e-05
1.89179e-05
-3.14876e-05
1.65518e-05
-3.52618e-05
1.6686e-05
-3.8107e-05
1.80975e-05
-4.41224e-05
1.60033e-05
-5.25825e-05
1.63464e-05
-6.14646e-05
1.98373e-05
-6.92056e-05
2.25785e-05
-7.50516e-05
2.53355e-05
-8.01916e-05
2.91014e-05
-8.69191e-05
3.05947e-05
-9.10142e-05
2.77083e-05
-8.6639e-05
4.2637e-05
9.88163e-05
-0.000100941
8.61849e-07
6.31026e-05
4.97364e-06
4.24811e-05
7.65186e-06
4.6706e-05
7.2344e-06
4.45388e-05
5.51437e-06
4.15208e-05
3.23991e-06
3.8726e-05
-5.28311e-07
3.60909e-05
-5.66087e-06
3.33689e-05
-1.21994e-05
3.01369e-05
-2.03003e-05
2.70189e-05
-2.8072e-05
2.43236e-05
-3.38862e-05
2.25003e-05
-3.77276e-05
2.1939e-05
-4.31142e-05
2.139e-05
-4.97518e-05
2.29841e-05
-5.61002e-05
2.61858e-05
-6.18749e-05
2.83533e-05
-6.58839e-05
2.93445e-05
-6.75715e-05
3.07891e-05
-6.81327e-05
3.11559e-05
-6.80195e-05
2.75952e-05
-5.88116e-05
3.34292e-05
9.1749e-05
-5.17442e-05
-4.51907e-08
6.31478e-05
2.09295e-06
4.03431e-05
3.75197e-06
4.5047e-05
3.55556e-06
4.47352e-05
2.37422e-06
4.27021e-05
6.31768e-07
4.04684e-05
-1.87176e-06
3.85944e-05
-5.35875e-06
3.68559e-05
-1.01077e-05
3.48859e-05
-1.56803e-05
3.25915e-05
-2.15613e-05
3.02047e-05
-2.74537e-05
2.83927e-05
-3.33089e-05
2.77942e-05
-3.99501e-05
2.80312e-05
-4.69356e-05
2.99696e-05
-5.33739e-05
3.26243e-05
-5.88986e-05
3.3878e-05
-6.28929e-05
3.33387e-05
-6.44372e-05
3.23333e-05
-6.3744e-05
3.04628e-05
-6.22657e-05
2.61169e-05
-6.38127e-05
3.4976e-05
9.77482e-05
-6.98123e-05
-4.04226e-07
6.35521e-05
5.63611e-07
3.93754e-05
1.42336e-06
4.41873e-05
1.13589e-06
4.50227e-05
1.41572e-07
4.36964e-05
-1.40058e-06
4.20105e-05
-3.43553e-06
4.06293e-05
-6.05279e-06
3.94732e-05
-9.39384e-06
3.8227e-05
-1.34977e-05
3.66954e-05
-1.84334e-05
3.51405e-05
-2.4113e-05
3.40723e-05
-3.02964e-05
3.39777e-05
-3.70533e-05
3.47882e-05
-4.38425e-05
3.6759e-05
-5.02565e-05
3.90383e-05
-5.63833e-05
4.00049e-05
-6.22176e-05
3.9173e-05
-6.77996e-05
3.79153e-05
-7.45611e-05
3.72244e-05
-8.5721e-05
3.72768e-05
-0.000102931
5.21856e-05
0.000113965
-0.000119147
-4.40611e-07
6.39928e-05
-2.47036e-07
3.91819e-05
-7.6182e-08
4.40166e-05
-5.04518e-07
4.54511e-05
-1.47728e-06
4.46692e-05
-2.92636e-06
4.34595e-05
-4.78278e-06
4.24857e-05
-7.0147e-06
4.17051e-05
-9.77497e-06
4.09872e-05
-1.32939e-05
4.02143e-05
-1.76881e-05
3.95347e-05
-2.29103e-05
3.92944e-05
-2.8748e-05
3.98153e-05
-3.5041e-05
4.10812e-05
-4.1354e-05
4.30722e-05
-4.7651e-05
4.53354e-05
-5.44745e-05
4.68284e-05
-6.2207e-05
4.69053e-05
-7.13201e-05
4.70285e-05
-8.43146e-05
5.02189e-05
-0.000105835
5.87974e-05
-0.000133646
7.99966e-05
0.000133487
-0.000153168
-3.56723e-07
6.43496e-05
-6.6403e-07
3.94893e-05
-9.10862e-07
4.42635e-05
-1.54349e-06
4.60838e-05
-2.54886e-06
4.56746e-05
-3.97122e-06
4.48819e-05
-5.76212e-06
4.42765e-05
-7.89865e-06
4.38415e-05
-1.04708e-05
4.35593e-05
-1.36564e-05
4.33998e-05
-1.75841e-05
4.34624e-05
-2.22371e-05
4.39473e-05
-2.74426e-05
4.50208e-05
-3.30513e-05
4.66899e-05
-3.88867e-05
4.89077e-05
-4.5106e-05
5.15547e-05
-5.23278e-05
5.40501e-05
-6.10201e-05
5.55977e-05
-7.13224e-05
5.73308e-05
-8.51509e-05
6.40474e-05
-0.000107312
8.09588e-05
-0.000136358
0.000109043
0.000153389
-0.000156261
-2.57465e-07
6.46071e-05
-8.67161e-07
4.00989e-05
-1.39849e-06
4.47948e-05
-2.15919e-06
4.68446e-05
-3.18733e-06
4.67027e-05
-4.56578e-06
4.62603e-05
-6.28682e-06
4.59976e-05
-8.34446e-06
4.58991e-05
-1.07791e-05
4.59939e-05
-1.36965e-05
4.63172e-05
-1.71752e-05
4.69409e-05
-2.12131e-05
4.79852e-05
-2.57332e-05
4.95409e-05
-3.06889e-05
5.16456e-05
-3.61016e-05
5.43203e-05
-4.21404e-05
5.75934e-05
-4.93744e-05
6.12839e-05
-5.86349e-05
6.48581e-05
-7.0046e-05
6.8742e-05
-8.34788e-05
7.748e-05
-0.000101176
9.86558e-05
-0.000125553
0.00013342
0.000176147
-0.000148311
-1.98805e-07
6.48059e-05
-9.33391e-07
4.08334e-05
-1.64172e-06
4.55031e-05
-2.47113e-06
4.76739e-05
-3.48991e-06
4.77214e-05
-4.7903e-06
4.75606e-05
-6.38371e-06
4.7591e-05
-8.28216e-06
4.77976e-05
-1.0508e-05
4.82197e-05
-1.31062e-05
4.89154e-05
-1.61195e-05
4.99542e-05
-1.95508e-05
5.14164e-05
-2.33973e-05
5.33873e-05
-2.77003e-05
5.59486e-05
-3.25624e-05
5.91822e-05
-3.813e-05
6.31607e-05
-4.48233e-05
6.79771e-05
-5.36445e-05
7.36793e-05
-6.5238e-05
8.03355e-05
-7.81776e-05
9.04195e-05
-9.12381e-05
0.000111716
-0.000107982
0.000150164
0.000199391
-0.000131226
-1.78776e-07
6.49846e-05
-9.35743e-07
4.15902e-05
-1.72061e-06
4.62878e-05
-2.55912e-06
4.85123e-05
-3.53103e-06
4.86934e-05
-4.7187e-06
4.87484e-05
-6.13948e-06
4.90118e-05
-7.81066e-06
4.94688e-05
-9.74849e-06
5.01574e-05
-1.19709e-05
5.11377e-05
-1.44946e-05
5.24779e-05
-1.733e-05
5.42518e-05
-2.04937e-05
5.65509e-05
-2.40366e-05
5.94913e-05
-2.80487e-05
6.31942e-05
-3.26604e-05
6.77723e-05
-3.811e-05
7.34266e-05
-4.50331e-05
8.06023e-05
-5.43796e-05
8.9682e-05
-6.54272e-05
0.000101467
-7.47275e-05
0.000121017
-8.17004e-05
0.000157137
0.000210686
-9.29953e-05
-1.69478e-07
6.5154e-05
-9.00086e-07
4.23205e-05
-1.68649e-06
4.7074e-05
-2.47964e-06
4.93054e-05
-3.37016e-06
4.95838e-05
-4.42077e-06
4.9799e-05
-5.64568e-06
5.02367e-05
-7.05805e-06
5.08812e-05
-8.66916e-06
5.17685e-05
-1.04862e-05
5.29546e-05
-1.25134e-05
5.45051e-05
-1.47565e-05
5.64949e-05
-1.72233e-05
5.90177e-05
-1.99259e-05
6.2194e-05
-2.29001e-05
6.61683e-05
-2.62169e-05
7.10891e-05
-2.99661e-05
7.71758e-05
-3.42875e-05
8.49237e-05
-3.96391e-05
9.50336e-05
-4.62008e-05
0.000108029
-5.10023e-05
0.000125818
-4.84923e-05
0.000154626
0.000200423
-3.823e-05
-1.46588e-07
6.53004e-05
-8.31702e-07
4.30053e-05
-1.56607e-06
4.78082e-05
-2.27832e-06
5.00176e-05
-3.05833e-06
5.03638e-05
-3.95424e-06
5.0695e-05
-4.97154e-06
5.1254e-05
-6.11896e-06
5.20285e-05
-7.39796e-06
5.30473e-05
-8.80838e-06
5.43651e-05
-1.03457e-05
5.60424e-05
-1.20017e-05
5.81508e-05
-1.37619e-05
6.07778e-05
-1.56053e-05
6.40373e-05
-1.75052e-05
6.80682e-05
-1.94405e-05
7.30245e-05
-2.13723e-05
7.91076e-05
-2.3135e-05
8.66864e-05
-2.45049e-05
9.64034e-05
-2.54104e-05
0.000108934
-2.44188e-05
0.000124826
-1.57587e-05
0.000145966
0.000175647
9.01744e-06
-1.08388e-07
6.54086e-05
-7.31248e-07
4.3628e-05
-1.38128e-06
4.84581e-05
-1.98805e-06
5.06243e-05
-2.6376e-06
5.10134e-05
-3.36569e-06
5.14231e-05
-4.17289e-06
5.20613e-05
-5.0569e-06
5.29124e-05
-6.01315e-06
5.40034e-05
-7.03125e-06
5.5383e-05
-8.09514e-06
5.71063e-05
-9.18156e-06
5.92372e-05
-1.02557e-05
6.18518e-05
-1.12651e-05
6.50468e-05
-1.21376e-05
6.89407e-05
-1.27741e-05
7.36613e-05
-1.30285e-05
7.9362e-05
-1.2613e-05
8.62709e-05
-1.09915e-05
9.47819e-05
-7.46167e-06
0.000105404
-1.04867e-06
0.000118413
1.12616e-05
0.000133656
0.00015111
3.57982e-05
-5.96796e-08
6.54681e-05
-6.03076e-07
4.41713e-05
-1.14965e-06
4.90046e-05
-1.63602e-06
5.11106e-05
-2.14393e-06
5.15213e-05
-2.69886e-06
5.1978e-05
-3.29479e-06
5.26572e-05
-3.92315e-06
5.35406e-05
-4.57086e-06
5.4651e-05
-5.2189e-06
5.6031e-05
-5.84048e-06
5.77278e-05
-6.3981e-06
5.97948e-05
-6.83891e-06
6.22927e-05
-7.09e-06
6.52981e-05
-7.04724e-06
6.88982e-05
-6.57016e-06
7.31843e-05
-5.45287e-06
7.82449e-05
-3.36058e-06
8.41786e-05
2.52572e-07
9.11686e-05
6.2266e-06
9.94299e-05
1.55502e-05
0.00010909
2.94552e-05
0.000119751
0.000129925
5.06403e-05
1.49825e-09
6.54665e-05
-4.56011e-07
4.46288e-05
-8.88437e-07
4.94371e-05
-1.24728e-06
5.14694e-05
-1.61015e-06
5.18842e-05
-1.99164e-06
5.23594e-05
-2.38222e-06
5.30476e-05
-2.76748e-06
5.39257e-05
-3.12731e-06
5.50108e-05
-3.43538e-06
5.63391e-05
-3.65667e-06
5.79491e-05
-3.74389e-06
5.98821e-05
-3.63377e-06
6.21826e-05
-3.23974e-06
6.49042e-05
-2.44241e-06
6.8101e-05
-1.08604e-06
7.18281e-05
1.08045e-06
7.60783e-05
4.28627e-06
8.09728e-05
9.00865e-06
8.64463e-05
1.59206e-05
9.2518e-05
2.59323e-05
9.90782e-05
3.99768e-05
0.000105706
0.000111291
5.8611e-05
7.63524e-08
6.53902e-05
-2.96343e-07
4.50015e-05
-6.12034e-07
4.97527e-05
-8.42984e-07
5.17002e-05
-1.06205e-06
5.21031e-05
-1.27779e-06
5.2575e-05
-1.47474e-06
5.32444e-05
-1.63376e-06
5.40846e-05
-1.73246e-06
5.51095e-05
-1.73775e-06
5.63444e-05
-1.61081e-06
5.78222e-05
-1.29818e-06
5.95694e-05
-7.29874e-07
6.16143e-05
1.86359e-07
6.3988e-05
1.56909e-06
6.67184e-05
3.57409e-06
6.98232e-05
6.33613e-06
7.33164e-05
1.0195e-05
7.7114e-05
1.54465e-05
8.11948e-05
2.25613e-05
8.54033e-05
3.2122e-05
8.95176e-05
4.47377e-05
9.30908e-05
9.53902e-05
6.06388e-05
1.5966e-07
6.52306e-05
-1.31252e-07
4.52924e-05
-3.31117e-07
4.99525e-05
-4.39195e-07
5.18081e-05
-5.22186e-07
5.21859e-05
-5.83754e-07
5.26365e-05
-6.0354e-07
5.3264e-05
-5.60244e-07
5.40412e-05
-4.29903e-07
5.49792e-05
-1.72425e-07
5.60869e-05
2.51656e-07
5.73982e-05
8.93373e-07
5.89277e-05
1.81746e-06
6.06902e-05
3.11177e-06
6.26938e-05
4.88559e-06
6.49445e-05
7.27406e-06
6.74346e-05
1.0445e-05
7.01455e-05
1.459e-05
7.29689e-05
1.99656e-05
7.58193e-05
2.68476e-05
7.85214e-05
3.55335e-05
8.08318e-05
4.62985e-05
8.23257e-05
8.25094e-05
5.91793e-05
2.48541e-07
6.49821e-05
4.10916e-08
4.54998e-05
-5.15168e-08
5.00449e-05
-4.74446e-08
5.18039e-05
-5.38425e-09
5.21437e-05
7.24649e-08
5.25586e-05
2.13268e-07
5.31231e-05
4.32421e-07
5.38222e-05
7.67454e-07
5.46442e-05
1.22895e-06
5.56254e-05
1.88321e-06
5.67438e-05
2.77358e-06
5.80372e-05
3.96424e-06
5.94994e-05
5.53037e-06
6.11277e-05
7.56411e-06
6.29108e-05
1.01785e-05
6.48203e-05
1.35153e-05
6.68087e-05
1.77124e-05
6.8772e-05
2.29341e-05
7.05977e-05
2.9337e-05
7.21185e-05
3.70676e-05
7.31013e-05
4.61701e-05
7.32232e-05
7.2133e-05
5.65466e-05
3.35612e-07
6.46464e-05
2.0579e-07
4.56295e-05
2.11751e-07
5.00388e-05
3.25647e-07
5.169e-05
4.77748e-07
5.19915e-05
6.80083e-07
5.23562e-05
9.48378e-07
5.28549e-05
1.31347e-06
5.34572e-05
1.79679e-06
5.4161e-05
2.44331e-06
5.49788e-05
3.27362e-06
5.59135e-05
4.3469e-06
5.69638e-05
5.71861e-06
5.81277e-05
7.45604e-06
5.93903e-05
9.63742e-06
6.07294e-05
1.2352e-05
6.21058e-05
1.56984e-05
6.34623e-05
1.97715e-05
6.46991e-05
2.46799e-05
6.56894e-05
3.05094e-05
6.6289e-05
3.73009e-05
6.63097e-05
4.5018e-05
6.55061e-05
6.36458e-05
5.35054e-05
4.19991e-07
6.42264e-05
3.64359e-07
4.5685e-05
4.72645e-07
4.99304e-05
6.69886e-07
5.14928e-05
9.17066e-07
5.17444e-05
1.22002e-06
5.20533e-05
1.60024e-06
5.24746e-05
2.0837e-06
5.29738e-05
2.69024e-06
5.35545e-05
3.45777e-06
5.42112e-05
4.42079e-06
5.49504e-05
5.6208e-06
5.57638e-05
7.1072e-06
5.66413e-05
8.93493e-06
5.75626e-05
1.1167e-05
5.84972e-05
1.38716e-05
5.94012e-05
1.71181e-05
6.02159e-05
2.09717e-05
6.08455e-05
2.54872e-05
6.1174e-05
3.0708e-05
6.10682e-05
3.66303e-05
6.03874e-05
4.31775e-05
5.8959e-05
5.66315e-05
5.01921e-05
5.02811e-07
6.37235e-05
5.17044e-07
4.56707e-05
7.13139e-07
4.97344e-05
9.85733e-07
5.12202e-05
1.31375e-06
5.14165e-05
1.70062e-06
5.16665e-05
2.16745e-06
5.20078e-05
2.73711e-06
5.24042e-05
3.4368e-06
5.28547e-05
4.29292e-06
5.33551e-05
5.3389e-06
5.39044e-05
6.6106e-06
5.44921e-05
8.14949e-06
5.51025e-05
1.00008e-05
5.57112e-05
1.22124e-05
5.62853e-05
1.48334e-05
5.678e-05
1.79137e-05
5.71356e-05
2.14845e-05
5.72746e-05
2.55768e-05
5.70817e-05
3.02016e-05
5.64434e-05
3.53325e-05
5.52567e-05
4.08811e-05
5.34106e-05
5.08115e-05
4.67013e-05
5.8732e-07
6.31362e-05
6.59435e-07
4.55985e-05
9.31347e-07
4.94626e-05
1.26884e-06
5.08828e-05
1.66471e-06
5.10208e-05
2.11622e-06
5.1215e-05
2.65196e-06
5.14719e-05
3.28757e-06
5.17685e-05
4.04768e-06
5.20946e-05
4.95881e-06
5.2444e-05
6.04681e-06
5.28165e-05
7.34574e-06
5.31933e-05
8.8886e-06
5.35597e-05
1.07111e-05
5.38886e-05
1.28479e-05
5.41483e-05
1.53325e-05
5.42952e-05
1.8197e-05
5.4271e-05
2.14588e-05
5.40127e-05
2.51229e-05
5.34177e-05
2.91804e-05
5.23861e-05
3.35978e-05
5.08395e-05
3.82892e-05
4.87193e-05
4.59799e-05
4.3121e-05
6.79944e-07
6.24562e-05
7.87752e-07
4.54908e-05
1.12333e-06
4.91271e-05
1.51619e-06
5.049e-05
1.96685e-06
5.05702e-05
2.47153e-06
5.07102e-05
3.05562e-06
5.08878e-05
3.73633e-06
5.10878e-05
4.53431e-06
5.12966e-05
5.47088e-06
5.15075e-05
6.57429e-06
5.17133e-05
7.86734e-06
5.19003e-05
9.37896e-06
5.2048e-05
1.11327e-05
5.21347e-05
1.31544e-05
5.21263e-05
1.54692e-05
5.19802e-05
1.80928e-05
5.16474e-05
2.10346e-05
5.10711e-05
2.42811e-05
5.01713e-05
2.78067e-05
4.88606e-05
3.15816e-05
4.70648e-05
3.55307e-05
4.47704e-05
4.19824e-05
3.95282e-05
7.88608e-07
6.16676e-05
9.00969e-07
4.53786e-05
1.28074e-06
4.87474e-05
1.71861e-06
5.00523e-05
2.21178e-06
5.00771e-05
2.75652e-06
5.01654e-05
3.37699e-06
5.02673e-05
4.08775e-06
5.0377e-05
4.90744e-06
5.0477e-05
5.8535e-06
5.05616e-05
6.94825e-06
5.06187e-05
8.21175e-06
5.06369e-05
9.66436e-06
5.05953e-05
1.13276e-05
5.04712e-05
1.32174e-05
5.02362e-05
1.53477e-05
4.98499e-05
1.77262e-05
4.92689e-05
2.03501e-05
4.84474e-05
2.31996e-05
4.7322e-05
2.62433e-05
4.5817e-05
2.94416e-05
4.38667e-05
3.27374e-05
4.14747e-05
3.86891e-05
3.60308e-05
9.16587e-07
6.0751e-05
9.99209e-07
4.5296e-05
1.39954e-06
4.83471e-05
1.8729e-06
4.9579e-05
2.39541e-06
4.95547e-05
2.96602e-06
4.95948e-05
3.60914e-06
4.96242e-05
4.33711e-06
4.9649e-05
5.16483e-06
4.96494e-05
6.10814e-06
4.96183e-05
7.18191e-06
4.95449e-05
8.4041e-06
4.94146e-05
9.79063e-06
4.92086e-05
1.13542e-05
4.89075e-05
1.31082e-05
4.8482e-05
1.50573e-05
4.79007e-05
1.72012e-05
4.71251e-05
1.95325e-05
4.61161e-05
2.20275e-05
4.48271e-05
2.46476e-05
4.31971e-05
2.73513e-05
4.11631e-05
3.00941e-05
3.87321e-05
3.59821e-05
3.28013e-05
1.05057e-06
5.97005e-05
1.08413e-06
4.52625e-05
1.47839e-06
4.7953e-05
1.96928e-06
4.90882e-05
2.50569e-06
4.90184e-05
3.08663e-06
4.9014e-05
3.73767e-06
4.89732e-05
4.46792e-06
4.89188e-05
5.29028e-06
4.88271e-05
6.21824e-06
4.86904e-05
7.26428e-06
4.84988e-05
8.44042e-06
4.82384e-05
9.75788e-06
4.78911e-05
1.12258e-05
4.74394e-05
1.28504e-05
4.68573e-05
1.4634e-05
4.6117e-05
1.65721e-05
4.5187e-05
1.86539e-05
4.40342e-05
2.08533e-05
4.26278e-05
2.31343e-05
4.09163e-05
2.54494e-05
3.88482e-05
2.77607e-05
3.6421e-05
3.37201e-05
3.00228e-05
1.17341e-06
5.85272e-05
1.15026e-06
4.52858e-05
1.5115e-06
4.75917e-05
1.99904e-06
4.86008e-05
2.52742e-06
4.849e-05
3.10035e-06
4.84411e-05
3.73823e-06
4.83353e-05
4.45144e-06
4.82056e-05
5.25242e-06
4.80262e-05
6.1496e-06
4.77932e-05
7.15384e-06
4.74946e-05
8.27464e-06
4.71176e-05
9.51761e-06
4.6648e-05
1.08913e-05
4.60656e-05
1.23985e-05
4.535e-05
1.40384e-05
4.44769e-05
1.58048e-05
4.34205e-05
1.76836e-05
4.21554e-05
1.96566e-05
4.0655e-05
2.16887e-05
3.88845e-05
2.37371e-05
3.68e-05
2.5763e-05
3.43952e-05
3.17389e-05
2.77444e-05
1.281e-06
5.72462e-05
1.1903e-06
4.53766e-05
1.49246e-06
4.72895e-05
1.95348e-06
4.81399e-05
2.44936e-06
4.79942e-05
2.98844e-06
4.79021e-05
3.59149e-06
4.77322e-05
4.264e-06
4.75332e-05
5.01714e-06
4.72731e-05
5.86038e-06
4.69499e-05
6.80099e-06
4.65539e-05
7.84639e-06
4.60722e-05
9.00305e-06
4.54913e-05
1.02748e-05
4.47938e-05
1.16634e-05
4.39613e-05
1.31672e-05
4.2973e-05
1.47802e-05
4.18076e-05
1.64923e-05
4.04435e-05
1.8289e-05
3.88587e-05
2.01462e-05
3.70275e-05
2.20245e-05
3.49219e-05
2.3893e-05
3.25266e-05
2.98915e-05
2.57405e-05
1.36798e-06
5.58783e-05
1.20062e-06
4.55438e-05
1.4219e-06
4.70682e-05
1.83093e-06
4.77309e-05
2.26882e-06
4.75564e-05
2.75159e-06
4.74193e-05
3.29241e-06
4.71914e-05
3.89653e-06
4.69292e-05
4.57591e-06
4.65937e-05
5.33693e-06
4.61889e-05
6.18605e-06
4.57048e-05
7.12921e-06
4.5129e-05
8.17229e-06
4.44482e-05
9.31824e-06
4.36478e-05
1.05694e-05
4.27101e-05
1.19251e-05
4.16173e-05
1.33801e-05
4.03525e-05
1.49293e-05
3.88945e-05
1.65631e-05
3.7225e-05
1.82637e-05
3.5327e-05
2.00097e-05
3.31758e-05
2.17762e-05
3.07601e-05
2.81122e-05
2.35557e-05
1.41908e-06
5.44592e-05
1.17834e-06
4.57843e-05
1.30694e-06
4.69397e-05
1.64247e-06
4.73954e-05
2.00075e-06
4.71983e-05
2.40527e-06
4.70148e-05
2.86137e-06
4.67353e-05
3.37663e-06
4.64139e-05
3.95843e-06
4.60118e-05
4.61114e-06
4.55361e-05
5.34187e-06
4.4974e-05
6.15386e-06
4.43171e-05
7.05495e-06
4.35472e-05
8.04631e-06
4.26565e-05
9.1306e-06
4.16258e-05
1.031e-05
4.04379e-05
1.158e-05
3.90824e-05
1.29389e-05
3.75357e-05
1.43813e-05
3.57826e-05
1.58977e-05
3.38106e-05
1.74774e-05
3.15961e-05
1.91066e-05
2.91311e-05
2.6442e-05
2.0777e-05
1.42344e-06
5.30356e-05
1.12137e-06
4.60863e-05
1.157e-06
4.69043e-05
1.40816e-06
4.71443e-05
1.67352e-06
4.69329e-05
1.98954e-06
4.66987e-05
2.34803e-06
4.63766e-05
2.75933e-06
4.60025e-05
3.22808e-06
4.5543e-05
3.75574e-06
4.50084e-05
4.3501e-06
4.43798e-05
5.01297e-06
4.36543e-05
5.7512e-06
4.28091e-05
6.56568e-06
4.1842e-05
7.4588e-06
4.07326e-05
8.43662e-06
3.946e-05
9.49169e-06
3.80274e-05
1.06271e-05
3.64004e-05
1.18385e-05
3.45713e-05
1.31224e-05
3.25268e-05
1.44698e-05
3.02489e-05
1.58794e-05
2.77215e-05
2.49821e-05
1.73393e-05
1.37167e-06
5.16638e-05
1.02964e-06
4.64285e-05
9.84231e-07
4.69497e-05
1.14935e-06
4.69791e-05
1.31921e-06
4.67629e-05
1.54549e-06
4.64722e-05
1.80426e-06
4.61177e-05
2.10921e-06
4.56974e-05
2.46084e-06
4.51914e-05
2.85918e-06
4.46101e-05
3.31282e-06
4.39261e-05
3.82305e-06
4.31441e-05
4.38987e-06
4.22423e-05
5.02501e-06
4.12069e-05
5.72185e-06
4.00357e-05
6.48401e-06
3.86978e-05
7.31411e-06
3.71973e-05
8.20929e-06
3.55053e-05
9.1669e-06
3.36139e-05
1.01872e-05
3.15065e-05
1.1262e-05
2.91741e-05
1.23865e-05
2.6597e-05
2.381e-05
1.35585e-05
1.25072e-06
5.04131e-05
9.01005e-07
4.67785e-05
7.9562e-07
4.7055e-05
8.82562e-07
4.6892e-05
9.68913e-07
4.66763e-05
1.11004e-06
4.63308e-05
1.27681e-06
4.59508e-05
1.48164e-06
4.54926e-05
1.72207e-06
4.4951e-05
2.00285e-06
4.43293e-05
2.32286e-06
4.36061e-05
2.68605e-06
4.2781e-05
3.09806e-06
4.18304e-05
3.55499e-06
4.075e-05
4.06707e-06
3.95236e-05
4.62402e-06
3.81407e-05
5.23736e-06
3.6584e-05
5.89913e-06
3.48437e-05
6.61215e-06
3.2901e-05
7.36582e-06
3.07529e-05
8.16541e-06
2.83745e-05
9.00374e-06
2.57587e-05
2.29406e-05
9.87338e-06
1.04857e-06
4.93647e-05
7.36166e-07
4.70911e-05
6.0099e-07
4.71901e-05
6.26023e-07
4.68668e-05
6.4908e-07
4.6653e-05
7.20866e-07
4.62589e-05
8.09267e-07
4.58623e-05
9.30121e-07
4.53717e-05
1.07564e-06
4.48054e-05
1.2499e-06
4.4155e-05
1.45372e-06
4.34023e-05
1.69009e-06
4.25448e-05
1.96024e-06
4.15604e-05
2.26368e-06
4.04465e-05
2.60356e-06
3.91836e-05
2.97967e-06
3.77647e-05
3.39395e-06
3.617e-05
3.84411e-06
3.43939e-05
4.32986e-06
3.24154e-05
4.84805e-06
3.02346e-05
5.39294e-06
2.78296e-05
5.96302e-06
2.51888e-05
2.235e-05
6.55381e-06
8.0425e-07
4.85606e-05
5.47653e-07
4.73477e-05
4.06978e-07
4.73307e-05
3.88318e-07
4.68853e-05
3.63422e-07
4.66778e-05
3.84253e-07
4.6238e-05
4.0806e-07
4.58384e-05
4.59021e-07
4.53207e-05
5.24109e-07
4.47402e-05
6.08609e-07
4.40705e-05
7.11115e-07
4.32999e-05
8.35857e-07
4.24202e-05
9.79004e-07
4.14173e-05
1.14784e-06
4.02776e-05
1.33543e-06
3.8996e-05
1.55103e-06
3.75492e-05
1.78671e-06
3.59345e-05
2.04937e-06
3.41312e-05
2.33314e-06
3.21314e-05
2.63701e-06
2.99307e-05
2.95616e-06
2.75107e-05
3.28546e-06
2.48596e-05
2.20081e-05
3.62714e-06
4.00402e-07
2.66536e-07
1.78955e-07
1.5097e-07
1.13814e-07
1.04387e-07
9.40293e-08
9.63886e-08
1.01916e-07
1.16087e-07
1.3559e-07
1.62977e-07
1.98261e-07
2.39971e-07
2.92281e-07
3.51806e-07
4.22622e-07
5.01861e-07
5.8683e-07
6.84945e-07
7.9005e-07
8.98675e-07
1.01888e-06
3.23143e-05
-2.04947e-06
3.56204e-05
-3.30608e-06
4.13872e-05
-5.76681e-06
-8.63407e-06
5.00213e-05
2.17441e-05
-4.86727e-06
2.58114e-05
-7.37334e-06
3.07547e-05
-1.07101e-05
-1.41099e-05
3.62305e-05
1.32835e-05
-1.30632e-06
8.85967e-06
-2.94951e-06
1.35037e-06
-3.20081e-06
-5.99343e-06
-6.76613e-06
-7.35756e-05
1.51944e-05
-8.88345e-05
1.23094e-05
-9.99699e-05
7.93458e-06
-6.4194e-07
-0.000105321
-0.000183801
1.82668e-05
-0.000190904
1.94129e-05
-0.000195331
1.23613e-05
-2.36931e-07
-0.000195736
-0.000273896
1.74672e-05
-0.000266636
1.21526e-05
-0.000253275
-9.99428e-07
-1.22831e-05
-0.000241229
-0.000233276
3.44647e-05
-0.000235951
1.48273e-05
-0.000229537
-7.41306e-06
-2.32314e-05
-0.000218589
-0.000122706
5.62296e-05
-0.000149512
4.16334e-05
-0.000168144
1.12188e-05
-1.12915e-05
-0.000180084
-6.40769e-05
6.85622e-05
-9.08632e-05
6.842e-05
-0.000124352
4.47082e-05
1.15288e-05
-0.000147173
-7.81706e-05
7.69202e-05
-9.23424e-05
8.25915e-05
-0.000114655
6.70209e-05
3.61591e-05
-0.000139286
-0.00012504
8.28134e-05
-0.000130908
8.84592e-05
-0.000142006
7.81194e-05
5.50593e-05
-0.000160907
-0.000159464
8.9109e-05
-0.000166134
9.51291e-05
-0.000178349
9.03344e-05
7.57123e-05
-0.000199002
-0.000162531
9.53797e-05
-0.000171318
0.000103915
-0.000182225
0.000101242
8.53864e-05
-0.000191899
-0.000157841
0.000104911
-0.000171623
0.000117697
-0.000188028
0.000117646
9.90233e-05
-0.000201664
-0.000143811
0.000117496
-0.000159837
0.000133723
-0.000176803
0.000134612
0.000113264
-0.000191044
-0.000100653
0.000125153
-0.000110451
0.000143522
-0.000121919
0.00014608
0.000126197
-0.000134852
-3.02599e-05
0.000117183
-2.08505e-05
0.000134113
-1.61496e-05
0.000141379
0.000128992
-1.89447e-05
2.91566e-05
9.70438e-05
5.56437e-05
0.000107626
8.27967e-05
0.000114226
0.000110222
0.000101566
5.53204e-05
7.75216e-05
8.11119e-05
8.18342e-05
0.000110656
8.4682e-05
8.3491e-05
0.000137387
6.44874e-05
6.36746e-05
8.19057e-05
6.44159e-05
0.00010241
6.41775e-05
6.23712e-05
0.00012353
6.89853e-05
5.33004e-05
8.05323e-05
5.28689e-05
9.30625e-05
5.16473e-05
4.95395e-05
0.000105894
6.89848e-05
4.49544e-05
7.76374e-05
4.42164e-05
8.63128e-05
4.2972e-05
4.11751e-05
9.46772e-05
6.57739e-05
3.83599e-05
7.25133e-05
3.74771e-05
7.91892e-05
3.62962e-05
3.47978e-05
8.55666e-05
6.17311e-05
3.31755e-05
6.69886e-05
3.22198e-05
7.22212e-05
3.10637e-05
2.97064e-05
7.73126e-05
5.7664e-05
2.90172e-05
6.1839e-05
2.80449e-05
6.59861e-05
2.69166e-05
2.5628e-05
7.00645e-05
5.35829e-05
2.56266e-05
5.69624e-05
2.46654e-05
6.03049e-05
2.35741e-05
2.23358e-05
6.35973e-05
4.94824e-05
2.28456e-05
5.22392e-05
2.19085e-05
5.49576e-05
2.08558e-05
1.96615e-05
5.76321e-05
4.54008e-05
2.05657e-05
4.76463e-05
1.9663e-05
4.98515e-05
1.86508e-05
1.7498e-05
5.20151e-05
4.13896e-05
1.87043e-05
4.32062e-05
1.78464e-05
4.49764e-05
1.68809e-05
1.57733e-05
4.6701e-05
3.7544e-05
1.71912e-05
3.90044e-05
1.63861e-05
4.04092e-05
1.54763e-05
1.44233e-05
4.17591e-05
3.4034e-05
1.59586e-05
3.52129e-05
1.52074e-05
3.63289e-05
1.43604e-05
1.33747e-05
3.73778e-05
3.10512e-05
1.49305e-05
3.20334e-05
1.42255e-05
3.29532e-05
1.34407e-05
1.25307e-05
3.37973e-05
2.86519e-05
1.40231e-05
2.95269e-05
1.33508e-05
3.03517e-05
1.26159e-05
1.17753e-05
3.11072e-05
2.6599e-05
1.31646e-05
2.74419e-05
1.2508e-05
2.82566e-05
1.18012e-05
1.10077e-05
2.90243e-05
2.43966e-05
1.23239e-05
2.52356e-05
1.1669e-05
2.607e-05
1.09669e-05
1.01931e-05
2.68848e-05
2.15762e-05
1.15247e-05
2.23843e-05
1.08608e-05
2.32033e-05
1.01479e-05
9.3739e-06
2.40227e-05
1.80431e-05
1.08208e-05
1.87604e-05
1.01435e-05
1.94939e-05
9.41452e-06
8.63421e-06
2.02339e-05
1.41262e-05
1.02533e-05
1.47084e-05
9.56132e-06
1.53032e-05
8.81981e-06
8.0357e-06
1.59018e-05
1.02971e-05
9.82977e-06
1.0734e-05
9.12431e-06
1.11773e-05
8.3765e-06
7.59307e-06
1.162e-05
6.84646e-06
9.53703e-06
7.14825e-06
8.8225e-06
7.4521e-06
8.07265e-06
7.28988e-06
7.7553e-06
3.80824e-06
9.35573e-06
3.99532e-06
8.63556e-06
4.18026e-06
7.88776e-06
7.11174e-06
4.3583e-06
1.08814e-06
1.15832e-06
1.22826e-06
1.30092e-06
8.47764e-05
-3.63499e-05
0.00010119
-7.78413e-05
0.000113197
-0.000108594
0.000136247
-0.000127208
0.000144246
-8.71067e-05
0.000147882
-3.57414e-05
0.000157438
9.19518e-05
0.000172491
0.000226181
0.000190028
0.000274748
0.000135034
0.000254043
6.65416e-05
0.000191845
-9.51762e-06
0.000106779
-2.6721e-05
1.38932e-05
7.37615e-06
-5.20292e-05
7.1455e-05
-4.59951e-05
0.000126559
2.31537e-05
6.75733e-05
8.28357e-06
-1.72008e-05
-0.000266461
-0.000303533
4.67281e-05
-4.68475e-05
5.60033e-05
-8.71165e-05
8.37245e-05
-0.000136315
0.00011032
-0.000153803
0.000118927
-9.5714e-05
8.99801e-05
-6.79467e-06
0.000107724
7.42083e-05
0.000143151
0.000190754
0.000154303
0.000263596
0.000128819
0.000279527
4.11915e-05
0.000279473
-6.06785e-05
0.000208649
-7.66753e-05
2.98901e-05
-5.4476e-05
-7.42283e-05
-1.36785e-05
-8.67926e-05
4.45133e-05
-3.50379e-05
5.91608e-05
-6.36339e-06
1.09831e-05
-0.000218283
-0.00029255
-1.8238e-05
-3.53757e-05
-2.09808e-05
-8.43737e-05
-1.18186e-05
-0.000145477
-1.26144e-05
-0.000153007
-5.40426e-05
-5.42858e-05
-7.31339e-05
1.22967e-05
3.24976e-05
-3.14231e-05
9.0013e-05
0.000133239
9.93601e-05
0.000254248
5.69162e-05
0.000321971
-5.06569e-05
0.000387046
-9.14634e-05
0.000249455
-7.99429e-05
1.83699e-05
-5.11446e-05
-0.000103027
-2.79479e-05
-0.000109989
8.63592e-06
-7.16215e-05
3.49838e-05
-3.27113e-05
2.17582e-05
-0.000205058
-0.000270792
-0.0001085
-3.21972e-05
-0.000134868
-5.80055e-05
-0.000235206
-4.51393e-05
-0.00022444
-0.000163773
-0.000163577
-0.000115149
-1.69539e-05
-0.000134326
2.73888e-05
-7.57659e-05
5.08562e-06
0.000155542
-3.82975e-05
0.000297632
-0.000130457
0.00041413
-0.000183296
0.000439885
-0.000103684
0.000169843
-3.31388e-05
-5.21755e-05
1.51805e-05
-0.000151346
3.91097e-05
-0.000133918
5.45911e-05
-8.7103e-05
6.69311e-05
-4.50514e-05
2.60333e-05
-0.00016416
-0.000244758
-0.000206172
-2.17605e-05
-0.000210741
-5.34366e-05
-0.000226469
-2.9412e-05
-0.000300301
-8.99406e-05
-0.000302366
-0.000113084
-0.00031519
-0.000121502
-0.000353882
-3.70738e-05
-0.000332374
0.000134034
-0.000358438
0.000323696
-0.00037995
0.000435642
-0.000242246
0.000302182
-8.75829e-05
1.51797e-05
1.25002e-06
-0.000141008
5.08169e-05
-0.000200913
8.39204e-05
-0.000167021
0.000111432
-0.000114615
0.000102191
-3.58105e-05
3.23348e-05
-9.43037e-05
-0.000212423
-0.0002278
-3.51898e-05
-0.000261041
-2.01958e-05
-0.000266859
-2.35931e-05
-0.000356371
-4.28781e-07
-0.000470985
1.53035e-06
-0.000570213
-2.22745e-05
-0.000640249
3.29624e-05
-0.000668592
0.000162377
-0.000616011
0.000271115
-0.000430838
0.000250469
-0.000182535
5.38789e-05
-4.27365e-05
-0.000124619
3.9133e-05
-0.000222878
5.94603e-05
-0.00022124
6.66292e-05
-0.00017419
9.42494e-05
-0.000142235
7.42212e-05
-1.57823e-05
3.91573e-05
-5.92398e-05
-0.000173266
-0.000199858
-5.39204e-05
-0.000202254
-1.78005e-05
-0.000255152
2.93055e-05
-0.000303287
4.77054e-05
-0.000430533
0.000128777
-0.000571521
0.000118713
-0.00066038
0.000121821
-0.000640686
0.000142683
-0.000482915
0.000113343
-0.000254328
2.18819e-05
-8.7863e-05
-0.000112586
2.09525e-05
-0.000233434
4.42274e-05
-0.000246153
5.03418e-05
-0.000227354
4.9097e-05
-0.000172946
3.02647e-05
-0.000123403
3.23804e-05
-1.78979e-05
4.30808e-05
-6.99403e-05
-0.000130185
-0.000180454
-5.35503e-05
-0.00017458
-2.36745e-05
-0.000182284
3.70087e-05
-0.000224508
8.99297e-05
-0.000240313
0.000144582
-0.0003417
0.000220101
-0.00040949
0.000189611
-0.000368853
0.000102046
-0.000226667
-2.88428e-05
-0.000108302
-9.64831e-05
-9.67078e-06
-0.000211217
-7.45926e-06
-0.000235646
1.18671e-05
-0.000265479
2.75526e-05
-0.00024304
4.21458e-05
-0.000187539
4.42067e-05
-0.000125464
7.26619e-05
-4.63529e-05
5.56113e-05
-5.28898e-05
-7.45738e-05
-0.000173702
-2.70211e-05
-0.000163991
-3.33856e-05
-0.000148973
2.19906e-05
-0.000138906
7.98628e-05
-0.000131889
0.000137564
-8.38035e-05
0.000172015
-0.000103956
0.000209764
-8.85742e-05
8.66643e-05
-4.27972e-05
-7.46201e-05
-1.02073e-05
-0.000129073
-4.62246e-05
-0.000175199
-5.21107e-05
-0.00022976
-2.89512e-05
-0.000288639
-1.28874e-05
-0.000259104
3.26787e-06
-0.000203694
3.13844e-05
-0.00015358
6.87755e-05
-8.3744e-05
5.47178e-05
-3.88321e-05
-1.9856e-05
-0.000168308
2.00064e-06
-0.000167091
-3.46025e-05
-0.000144861
-2.39036e-07
-0.000116488
5.14895e-05
-7.60883e-05
9.7165e-05
-3.42534e-05
0.000130181
3.18817e-05
0.000143629
-8.76831e-06
0.000127314
-4.89128e-05
-3.44757e-05
-4.02467e-05
-0.000137739
-9.08465e-05
-0.0001246
-9.44627e-05
-0.000226143
-7.22538e-05
-0.000310848
-6.39241e-05
-0.000267433
-6.23069e-05
-0.000205311
-4.23892e-05
-0.000173498
-4.10561e-06
-0.000122028
8.89909e-06
-5.18368e-05
-1.09569e-05
-0.0002014
4.24941e-05
-0.000207054
-2.89485e-05
-0.000173627
-3.36662e-05
-0.000117505
-4.63237e-06
-8.11576e-05
6.08172e-05
-3.02623e-05
7.92853e-05
2.6323e-05
8.70432e-05
8.13503e-05
7.22869e-05
4.59062e-05
9.68297e-07
-5.87856e-05
-3.30472e-05
-0.000117388
-6.59977e-05
-0.000133108
-0.000210423
-0.000115033
-0.000328923
-0.000103196
-0.00027927
-0.000108786
-0.000199722
-0.00011729
-0.000164994
-9.19021e-05
-0.000147415
-4.0428e-05
-0.000103311
-5.13849e-05
-0.000258741
0.000102233
-0.000286058
-1.63078e-06
-0.000273497
-4.62273e-05
-0.000215893
-6.22365e-05
-0.000143754
-1.13214e-05
-8.83298e-05
2.38606e-05
-4.28391e-05
4.15525e-05
-1.38754e-05
4.33233e-05
-4.51485e-05
3.22416e-05
-9.85625e-05
2.03669e-05
-0.000167194
2.63395e-06
-0.000166364
-0.000211252
-0.000149518
-0.000345769
-0.000121875
-0.000306914
-0.000100609
-0.000220987
-9.14333e-05
-0.00017417
-7.45882e-05
-0.00016426
-3.62979e-05
-0.000141601
-8.76828e-05
-0.000202358
0.000112692
-0.000215383
1.13939e-05
-0.000188439
-7.31715e-05
-0.000178889
-7.17864e-05
-0.000147446
-4.27645e-05
-0.000121172
-2.41292e-06
-0.000101444
2.18236e-05
-9.24534e-05
3.43332e-05
-0.000105592
4.53798e-05
-0.000128792
4.35669e-05
-0.000218874
9.27167e-05
-0.000211093
-0.000219034
-0.000196573
-0.000360288
-0.000155994
-0.000347493
-0.000108397
-0.000268584
-7.52877e-05
-0.000207279
-5.18143e-05
-0.000187734
-2.2996e-05
-0.00017042
-0.000110679
-0.000232317
0.000143344
-0.000265822
4.48996e-05
-0.000270211
-6.87831e-05
-0.000219464
-0.000122533
-0.000183062
-7.91664e-05
-0.000160186
-2.52893e-05
-0.000148576
1.02138e-05
-0.00014532
3.10765e-05
-0.000160194
6.02537e-05
-0.000242304
0.000125678
-0.000237319
8.77314e-05
-0.000236113
-0.000220241
-0.000248157
-0.000348244
-0.000221557
-0.000374094
-0.000155935
-0.000334205
-9.38153e-05
-0.000269399
-4.67719e-05
-0.000234777
-8.78349e-06
-0.000208408
-0.000119462
-0.000232722
0.000185023
-0.000244553
5.6731e-05
-0.000219169
-9.41675e-05
-0.000208347
-0.000133355
-0.000210972
-7.6542e-05
-0.000195812
-4.04487e-05
-0.000179787
-5.81174e-06
-0.000169147
2.04367e-05
-0.000237437
0.000128544
-0.000260618
0.000148859
-0.000211262
3.83755e-05
-0.000239287
-0.000192216
-0.000278326
-0.000309205
-0.000281793
-0.000370628
-0.000238545
-0.000377452
-0.000160708
-0.000347237
-7.75923e-05
-0.000317893
-1.50549e-05
-0.000270945
-0.000134517
-0.000161144
0.000211315
-0.000164504
6.00908e-05
-0.000187204
-7.14671e-05
-0.000207416
-0.000113143
-0.00019964
-8.43188e-05
-0.000195811
-4.42768e-05
-0.000194814
-6.80914e-06
-0.000231055
5.66772e-05
-0.000235158
0.000132646
-0.000210758
0.000124459
-0.00016897
-3.41243e-06
-0.000207376
-0.000153809
-0.000250634
-0.000265947
-0.000280622
-0.000340641
-0.000283536
-0.000374538
-0.00023247
-0.000398303
-0.000127781
-0.000422582
-4.71162e-05
-0.00035161
-0.000181633
-1.79278e-05
0.000210299
-2.04558e-05
6.26187e-05
-4.73992e-05
-4.45236e-05
-7.65199e-05
-8.40223e-05
-0.00010278
-5.80582e-05
-0.000126861
-2.01961e-05
-0.000145398
1.17274e-05
-0.000152438
6.37172e-05
-0.000133752
0.000113961
-9.86928e-05
8.93991e-05
-9.0058e-05
-1.20472e-05
-0.000117932
-0.000125935
-0.000155028
-0.000228852
-0.000187584
-0.000308084
-0.000204858
-0.000357265
-0.000200141
-0.000403019
-0.000162189
-0.000460533
-7.99049e-05
-0.000433895
-0.000261538
0.000120682
0.000191182
0.000107635
7.56659e-05
7.5628e-05
-1.25165e-05
4.2941e-05
-5.13352e-05
1.81899e-05
-3.33071e-05
-8.00226e-06
5.99603e-06
-3.17811e-05
3.55063e-05
-3.21999e-05
6.41358e-05
-4.73354e-06
8.64944e-05
2.91383e-05
5.55272e-05
2.79428e-05
-1.08515e-05
8.16769e-07
-9.88091e-05
-3.74572e-05
-0.000190578
-7.15883e-05
-0.000273953
-8.73638e-05
-0.000341489
-0.000105371
-0.000385012
-0.000128529
-0.000437375
-8.1212e-05
-0.000481212
-0.00034275
0.000170918
0.000157652
0.000165392
8.1192e-05
0.000136914
1.5961e-05
0.000102729
-1.71505e-05
8.3494e-05
-1.40718e-05
7.88073e-05
1.06829e-05
7.67221e-05
3.75916e-05
8.37811e-05
5.70768e-05
0.000108273
6.20026e-05
0.00012752
3.62805e-05
0.000127873
-1.12045e-05
0.000106902
-7.78388e-05
7.01463e-05
-0.000153822
3.19713e-05
-0.000235778
7.48006e-06
-0.000316998
-2.68947e-06
-0.000374842
-1.75489e-05
-0.000422516
-2.5689e-05
-0.000473072
-0.000368439
0.000156396
0.000124786
0.000159452
7.81359e-05
0.000141503
3.39093e-05
0.000118265
6.08779e-06
0.000106452
-2.25859e-06
0.000113008
4.12715e-06
0.000132116
1.84832e-05
0.000156686
3.25069e-05
0.000182337
3.63524e-05
0.000198337
2.02802e-05
0.00019982
-1.26881e-05
0.000184091
-6.21097e-05
0.000152372
-0.000122103
0.00010943
-0.000192836
6.94217e-05
-0.00027699
3.71839e-05
-0.000342605
1.09847e-05
-0.000396317
4.41121e-06
-0.000466498
-0.000364028
0.000129095
0.000101586
0.000135176
7.2055e-05
0.000127715
4.137e-05
0.000116447
1.73552e-05
0.000111305
2.88336e-06
0.000118434
-3.001e-06
0.00013971
-2.79324e-06
0.000171465
7.51314e-07
0.000205115
2.70248e-06
0.00022948
-4.08402e-06
0.000238896
-2.21044e-05
0.000228744
-5.19579e-05
0.000199477
-9.28371e-05
0.000154118
-0.000147476
9.97286e-05
-0.000222601
4.59193e-05
-0.000288795
1.17052e-05
-0.000362103
3.43342e-06
-0.000458226
-0.000360595
0.000110463
8.57998e-05
0.000117289
6.52292e-05
0.000116407
4.22521e-05
0.000112725
2.10364e-05
0.000111808
3.80073e-06
0.000117857
-9.05016e-06
0.000132905
-1.78411e-05
0.000156991
-2.33349e-05
0.000186576
-2.68827e-05
0.000213883
-3.13909e-05
0.000230727
-3.89483e-05
0.00022974
-5.09716e-05
0.000206812
-6.99086e-05
0.000162483
-0.000103147
0.000100514
-0.000160633
4.09766e-05
-0.000229257
6.8257e-06
-0.000327952
-2.6171e-05
-0.00042523
-0.000386766
9.80295e-05
7.33369e-05
0.000105442
5.78168e-05
0.000108156
3.95382e-05
0.000108674
2.05183e-05
0.000110342
2.13261e-06
0.00011596
-1.46683e-05
0.000126859
-2.87404e-05
0.000142697
-3.91722e-05
0.000162011
-4.61968e-05
0.00018183
-5.12102e-05
0.00019701
-5.41291e-05
0.000200609
-5.457e-05
0.00018561
-5.49099e-05
0.000148169
-6.57065e-05
8.91016e-05
-0.000101565
4.1838e-05
-0.000181994
6.97682e-06
-0.000293091
-3.23984e-05
-0.000385855
-0.000419164
8.78605e-05
6.27891e-05
9.54658e-05
5.02114e-05
0.000100071
3.49328e-05
0.000102945
1.76448e-05
0.000106126
-1.0487e-06
0.000111539
-2.00818e-05
0.000120164
-3.73653e-05
0.000131514
-5.05217e-05
0.000143942
-5.86253e-05
0.000155478
-6.27463e-05
0.000164109
-6.27601e-05
0.000166187
-5.66482e-05
0.000155842
-4.45644e-05
0.000128066
-3.79304e-05
8.05818e-05
-5.40816e-05
4.61636e-05
-0.000147576
1.10451e-05
-0.000257972
-2.38539e-05
-0.000350955
-0.000443018
7.89161e-05
5.39375e-05
8.61179e-05
4.30097e-05
9.14577e-05
2.95931e-05
9.55337e-05
1.35686e-05
9.96256e-05
-5.14045e-06
0.000105147
-2.56027e-05
0.000112628
-4.48469e-05
0.000121199
-5.90922e-05
0.000129331
-6.67577e-05
0.00013541
-6.88256e-05
0.000138376
-6.57258e-05
0.000136573
-5.48454e-05
0.000127221
-3.52125e-05
0.000109237
-1.99473e-05
7.98655e-05
-2.47097e-05
4.98317e-05
-0.000117542
2.48576e-05
-0.000232998
-1.01895e-05
-0.000315908
-0.000453208
7.09333e-05
4.66014e-05
7.73452e-05
3.65979e-05
8.26166e-05
2.43218e-05
8.70506e-05
9.13443e-06
9.16333e-05
-9.72306e-06
9.76481e-05
-3.16175e-05
0.000104927
-5.21255e-05
0.000111745
-6.59102e-05
0.000116623
-7.1636e-05
0.000118653
-7.08558e-05
0.00011711
-6.41821e-05
0.000111631
-4.93661e-05
0.000101788
-2.53698e-05
8.96912e-05
-7.85056e-06
7.56348e-05
-1.06533e-05
5.38262e-05
-9.57337e-05
4.81405e-05
-0.000227313
2.12222e-05
-0.00028899
-0.000431986
6.36576e-05
4.0576e-05
6.91003e-05
3.11552e-05
7.37805e-05
1.96415e-05
7.79589e-05
4.95611e-06
8.27352e-05
-1.44993e-05
8.93756e-05
-3.82579e-05
9.65071e-05
-5.92571e-05
0.000101595
-7.09982e-05
0.000103686
-7.37272e-05
0.000102588
-6.97579e-05
9.75903e-05
-5.91843e-05
8.84829e-05
-4.02587e-05
7.7008e-05
-1.38949e-05
6.78781e-05
1.27957e-06
6.03839e-05
-3.15914e-06
5.03307e-05
-8.56804e-05
5.64705e-05
-0.000233452
4.30014e-05
-0.000275521
-0.000388984
5.68795e-05
3.57118e-05
6.12413e-05
2.67934e-05
6.49132e-05
1.59693e-05
6.82038e-05
1.66557e-06
7.25746e-05
-1.88702e-05
7.91424e-05
-4.48257e-05
8.52749e-05
-6.53897e-05
8.8005e-05
-7.37285e-05
8.76022e-05
-7.33242e-05
8.43937e-05
-6.65492e-05
7.71442e-05
-5.19344e-05
6.54336e-05
-2.85479e-05
5.27244e-05
-1.18579e-06
4.4224e-05
9.77973e-06
4.05999e-05
4.64827e-07
4.46715e-05
-8.97518e-05
6.05886e-05
-0.000249369
6.91438e-05
-0.000284076
-0.00031984
5.05059e-05
3.19071e-05
5.37085e-05
2.35907e-05
5.59975e-05
1.36802e-05
5.76872e-05
-2.40108e-08
6.05942e-05
-2.17772e-05
6.55889e-05
-4.98204e-05
6.93853e-05
-6.91859e-05
6.92712e-05
-7.36142e-05
6.69073e-05
-7.09601e-05
6.25795e-05
-6.22213e-05
5.40913e-05
-4.34462e-05
4.09602e-05
-1.54168e-05
2.81852e-05
1.15894e-05
1.79241e-05
2.00409e-05
1.52615e-05
3.12737e-06
2.53932e-05
-9.98836e-05
3.83825e-05
-0.000262359
5.87456e-05
-0.000304438
-0.000261095
4.46229e-05
2.90432e-05
4.67215e-05
2.14921e-05
4.75219e-05
1.28799e-05
4.71855e-05
3.12427e-07
4.73048e-05
-2.18965e-05
4.8563e-05
-5.10788e-05
4.88311e-05
-6.94539e-05
4.60271e-05
-7.08102e-05
4.22584e-05
-6.71913e-05
3.7198e-05
-5.7161e-05
2.8113e-05
-3.43613e-05
1.47845e-05
-2.08831e-06
3.13054e-06
2.32436e-05
-1.00469e-05
3.32186e-05
-1.15706e-05
4.65108e-06
-6.42954e-06
-0.000105024
-2.01527e-06
-0.000266773
1.61597e-05
-0.000322613
-0.000244935
3.94824e-05
2.69387e-05
4.07591e-05
2.02154e-05
4.0523e-05
1.31164e-05
3.83046e-05
2.5308e-06
3.44472e-05
-1.8039e-05
3.02019e-05
-4.68334e-05
2.66107e-05
-6.58628e-05
2.172e-05
-6.59198e-05
1.58964e-05
-6.13677e-05
9.04219e-06
-5.03065e-05
-1.06625e-06
-2.42528e-05
-1.11817e-05
8.02724e-06
-2.05606e-05
3.26225e-05
-2.93162e-05
4.19743e-05
-2.33272e-05
-1.33793e-06
-3.16214e-05
-9.67301e-05
-3.01298e-05
-0.000268264
-2.1581e-05
-0.000331162
-0.000266516
3.54099e-05
2.53262e-05
3.63254e-05
1.93e-05
3.59936e-05
1.34485e-05
3.30688e-05
5.45524e-06
2.60084e-05
-1.09788e-05
1.60965e-05
-3.69217e-05
8.15776e-06
-5.79242e-05
1.66761e-06
-5.94294e-05
-7.19976e-06
-5.25002e-05
-1.66679e-05
-4.08383e-05
-2.51121e-05
-1.58085e-05
-2.97475e-05
1.26627e-05
-2.891e-05
3.1785e-05
-1.76934e-05
3.07578e-05
-8.5829e-06
-1.04485e-05
-2.8191e-05
-7.7122e-05
-4.65688e-05
-0.000249887
-1.08972e-05
-0.000366834
-0.000277413
3.25538e-05
2.38796e-05
3.35355e-05
1.83184e-05
3.39491e-05
1.30349e-05
3.25052e-05
6.89895e-06
2.57141e-05
-4.18764e-06
1.28594e-05
-2.40669e-05
5.29726e-08
-4.51179e-05
-8.58992e-06
-5.07863e-05
-1.85265e-05
-4.25636e-05
-2.91663e-05
-3.01988e-05
-3.32512e-05
-1.17236e-05
-2.84136e-05
7.82526e-06
-1.24921e-05
1.58633e-05
1.53417e-05
2.92389e-06
3.44221e-05
-2.95288e-05
2.94988e-05
-7.21987e-05
-2.83193e-06
-0.000217556
-5.25174e-06
-0.000364414
-0.000282665
3.05941e-05
2.23098e-05
3.18937e-05
1.70192e-05
3.31584e-05
1.17704e-05
3.38938e-05
6.16383e-06
3.10995e-05
-1.39311e-06
2.11658e-05
-1.41331e-05
6.41326e-06
-3.03654e-05
-4.172e-06
-4.02014e-05
-1.07742e-05
-3.59614e-05
-1.71279e-05
-2.38451e-05
-1.73469e-05
-1.15045e-05
-4.15087e-06
-5.37077e-06
2.22412e-05
-1.05287e-05
5.3409e-05
-2.82439e-05
8.26762e-05
-5.87958e-05
0.000106244
-9.57664e-05
7.53404e-05
-0.000186652
1.60413e-05
-0.000305115
-0.000266623
2.86862e-05
2.05085e-05
3.03381e-05
1.53676e-05
3.21115e-05
9.99717e-06
3.39789e-05
4.29658e-06
3.47561e-05
-2.17041e-06
3.16051e-05
-1.09823e-05
2.2398e-05
-2.11583e-05
1.23526e-05
-3.01559e-05
9.19479e-06
-3.28035e-05
1.17734e-05
-2.64237e-05
1.92905e-05
-1.90214e-05
3.4534e-05
-2.06143e-05
5.44319e-05
-3.04266e-05
7.44399e-05
-4.82521e-05
9.37437e-05
-7.80995e-05
0.000111233
-0.000113256
8.84179e-05
-0.000163837
2.50572e-05
-0.000241754
-0.000241566
2.59222e-05
1.86091e-05
2.77503e-05
1.35397e-05
2.9653e-05
8.09457e-06
3.16309e-05
2.31861e-06
3.35873e-05
-4.12688e-06
3.42087e-05
-1.16037e-05
3.21909e-05
-1.91404e-05
2.82157e-05
-2.61807e-05
2.73004e-05
-3.1888e-05
3.37616e-05
-3.28849e-05
4.58858e-05
-3.11458e-05
5.94004e-05
-3.4129e-05
7.04798e-05
-4.15059e-05
7.92917e-05
-5.70642e-05
8.55791e-05
-8.4387e-05
8.87367e-05
-0.000116413
6.07445e-05
-0.000135845
1.44554e-05
-0.000195465
-0.000227111
2.19776e-05
1.68654e-05
2.36859e-05
1.18316e-05
2.53803e-05
6.40019e-06
2.70384e-05
6.6041e-07
2.87125e-05
-5.80108e-06
3.002e-05
-1.29112e-05
3.01524e-05
-1.92731e-05
2.99019e-05
-2.59304e-05
3.20235e-05
-3.40097e-05
3.90944e-05
-3.99557e-05
4.98483e-05
-4.18996e-05
5.97709e-05
-4.40519e-05
6.66283e-05
-4.83633e-05
7.0925e-05
-6.13608e-05
7.3894e-05
-8.73561e-05
7.08689e-05
-0.000113388
5.16413e-05
-0.000116617
3.3788e-05
-0.000177612
-0.000193323
1.73036e-05
1.54634e-05
1.86571e-05
1.04781e-05
1.99132e-05
5.14413e-06
2.11231e-05
-5.49647e-07
2.21253e-05
-6.80351e-06
2.29564e-05
-1.37423e-05
2.34657e-05
-1.97823e-05
2.41035e-05
-2.65682e-05
2.61756e-05
-3.60819e-05
3.10602e-05
-4.48406e-05
3.84032e-05
-4.92428e-05
4.54698e-05
-5.11184e-05
5.19817e-05
-5.48752e-05
5.63096e-05
-6.56885e-05
5.94079e-05
-9.04544e-05
5.67279e-05
-0.000110708
4.992e-05
-0.000109809
3.96124e-05
-0.000167304
-0.00015371
1.26359e-05
1.44474e-05
1.35815e-05
9.53253e-06
1.44059e-05
4.31978e-06
1.52316e-05
-1.3754e-06
1.57765e-05
-7.34829e-06
1.62588e-05
-1.42247e-05
1.69983e-05
-2.0522e-05
1.82447e-05
-2.78149e-05
1.96274e-05
-3.74648e-05
2.14071e-05
-4.662e-05
2.48762e-05
-5.27122e-05
2.93531e-05
-5.55953e-05
3.58592e-05
-6.13813e-05
4.12043e-05
-7.10337e-05
4.31338e-05
-9.23839e-05
4.24631e-05
-0.000110038
4.11858e-05
-0.000108532
3.27936e-05
-0.000158912
-0.000120917
8.41311e-06
1.37896e-05
8.99938e-06
8.94617e-06
9.51348e-06
3.80542e-06
1.00257e-05
-1.88775e-06
1.04531e-05
-7.77554e-06
1.08568e-05
-1.46287e-05
1.1688e-05
-2.13531e-05
1.29826e-05
-2.91093e-05
1.37421e-05
-3.82247e-05
1.38517e-05
-4.67297e-05
1.51229e-05
-5.39835e-05
1.80362e-05
-5.85087e-05
2.32516e-05
-6.65968e-05
2.81818e-05
-7.59641e-05
2.853e-05
-9.27322e-05
2.92217e-05
-0.000110729
3.00381e-05
-0.000109348
2.03882e-05
-0.000149262
-0.000100528
4.71497e-06
1.34329e-05
5.03148e-06
8.62978e-06
5.32735e-06
3.50959e-06
5.66166e-06
-2.22204e-06
6.04384e-06
-8.15764e-06
6.4843e-06
-1.50689e-05
7.21712e-06
-2.20859e-05
8.21885e-06
-3.01109e-05
8.7934e-06
-3.87994e-05
8.8306e-06
-4.6767e-05
9.26042e-06
-5.44136e-05
1.10298e-05
-6.02783e-05
1.36586e-05
-6.92256e-05
1.61618e-05
-7.84673e-05
1.58344e-05
-9.24048e-05
1.45701e-05
-0.000109465
1.48493e-05
-0.000109627
5.76182e-06
-0.000140175
-9.47667e-05
1.4253e-06
1.54793e-06
1.69497e-06
1.89348e-06
2.1768e-06
2.51228e-06
2.92909e-06
3.3149e-06
3.40459e-06
3.33792e-06
3.2499e-06
3.81582e-06
4.33164e-06
5.08983e-06
4.8623e-06
2.7503e-06
2.37386e-06
-7.15783e-06
)
;

boundaryField
{
    leftWall
    {
        type            calculated;
        value           uniform 0;
    }
    rightWall
    {
        type            calculated;
        value           uniform 0;
    }
    lowerWall
    {
        type            calculated;
        value           uniform 0;
    }
    atmosphere
    {
        type            calculated;
        value           nonuniform List<scalar> 
46
(
4.81604e-05
4.74817e-05
4.74183e-05
4.69132e-05
4.67148e-05
4.62474e-05
4.58488e-05
4.53183e-05
4.47347e-05
4.40564e-05
4.32805e-05
4.23928e-05
4.13819e-05
4.02357e-05
3.89435e-05
3.74896e-05
3.58636e-05
3.40518e-05
3.20464e-05
2.98328e-05
2.74056e-05
2.47508e-05
2.18877e-05
9.2865e-06
8.56536e-06
7.81776e-06
7.0389e-06
1.33085e-05
8.50731e-06
3.36248e-06
-2.42024e-06
-8.44097e-06
-1.54043e-05
-2.25027e-05
-3.04967e-05
-3.88893e-05
-4.67004e-05
-5.43257e-05
-6.08443e-05
-6.97415e-05
-7.92255e-05
-9.21772e-05
-0.000107353
-0.000109251
-0.000130643
-0.000101924
)
;
    }
    defaultFaces
    {
        type            empty;
        value           nonuniform 0();
    }
}


// ************************************************************************* //
