/*--------------------------------*- C++ -*----------------------------------*\
| =========                 |                                                 |
| \\      /  F ield         | OpenFOAM: The Open Source CFD Toolbox           |
|  \\    /   O peration     | Version:  5.x                                   |
|   \\  /    A nd           | Web:      www.OpenFOAM.org                      |
|    \\/     M anipulation  |                                                 |
\*---------------------------------------------------------------------------*/
FoamFile
{
    version     2.0;
    format      ascii;
    class       volVectorField;
    location    "0.65";
    object      U;
}
// * * * * * * * * * * * * * * * * * * * * * * * * * * * * * * * * * * * * * //

dimensions      [0 1 -1 0 0 0 0];

internalField   nonuniform List<vector> 
2268
(
(-0.019581 0.00843861 0)
(-0.0581293 0.00912469 0)
(-0.0856424 0.00441258 0)
(-0.0919122 0.000870434 0)
(-0.0895543 -0.00228334 0)
(-0.0725117 -0.00587005 0)
(-0.0400697 -0.00888059 0)
(0.000131848 -0.00903396 0)
(0.0349623 -0.00652527 0)
(0.0568463 -0.00315664 0)
(0.0649651 0.000237809 0)
(0.059554 0.00312957 0)
(0.0451702 0.00528735 0)
(0.0250882 0.00697135 0)
(-7.76065e-05 0.00883752 0)
(-0.0314649 0.0118501 0)
(-0.0746018 0.0122828 0)
(-0.116429 0.00263611 0)
(-0.128955 0.000681782 0)
(-0.18629 0.0195527 0)
(-0.281525 0.0117234 0)
(-0.242674 -0.024756 0)
(-0.0871244 -0.0520321 0)
(-0.0308674 0.0277659 0)
(-0.0634995 0.0230288 0)
(-0.0798401 0.00973197 0)
(-0.0854738 0.00210944 0)
(-0.0874071 -0.00587893 0)
(-0.0744768 -0.0167821 0)
(-0.0433194 -0.0269244 0)
(-0.00165615 -0.0280309 0)
(0.0350235 -0.0204691 0)
(0.0580082 -0.0101888 0)
(0.0661312 -0.00113528 0)
(0.065855 0.00557759 0)
(0.0603548 0.0102371 0)
(0.0517094 0.0136781 0)
(0.040762 0.0173427 0)
(0.0267617 0.023553 0)
(0.00277259 0.0307423 0)
(-0.0408203 0.0294677 0)
(-0.0941236 0.0280607 0)
(-0.176088 0.045329 0)
(-0.240676 0.0185874 0)
(-0.169286 -0.0676398 0)
(-0.0562581 -0.130998 0)
(-0.0272635 0.0468525 0)
(-0.0456237 0.0337067 0)
(-0.0623244 0.0142631 0)
(-0.0731515 0.00561336 0)
(-0.0822222 -0.00616487 0)
(-0.0736777 -0.0261719 0)
(-0.0453007 -0.0453032 0)
(-0.00593224 -0.048059 0)
(0.0301314 -0.035027 0)
(0.0530929 -0.0172074 0)
(0.0609314 -0.00258058 0)
(0.0580671 0.00711327 0)
(0.0502796 0.0131219 0)
(0.0415607 0.0168572 0)
(0.0345847 0.0203835 0)
(0.0319488 0.0270367 0)
(0.0325881 0.0377051 0)
(0.0287767 0.0474222 0)
(-0.00177413 0.0555263 0)
(-0.0385578 0.0689541 0)
(-0.106739 0.0237564 0)
(-0.0656838 -0.0920183 0)
(-0.00531252 -0.171181 0)
(-0.0176872 0.0599633 0)
(-0.0212482 0.0420084 0)
(-0.0351818 0.0201684 0)
(-0.0470589 0.0115235 0)
(-0.0549415 -0.00474663 0)
(-0.0431924 -0.0351641 0)
(-0.0196828 -0.0618708 0)
(0.00606502 -0.0656477 0)
(0.0296349 -0.0481344 0)
(0.0462494 -0.0236339 0)
(0.0521991 -0.00333187 0)
(0.0487873 0.0099719 0)
(0.0403795 0.0174976 0)
(0.0310723 0.0209559 0)
(0.0240641 0.0227852 0)
(0.0219719 0.0267474 0)
(0.0259198 0.0346062 0)
(0.0422923 0.0474955 0)
(0.0516084 0.0621384 0)
(0.0705241 0.0815505 0)
(0.0442111 0.0419581 0)
(0.0493373 -0.0835308 0)
(0.0435903 -0.164802 0)
(-0.00479001 0.0649848 0)
(0.0108173 0.0438492 0)
(0.00816443 0.0256173 0)
(0.00509314 0.0153912 0)
(0.0127461 -0.00731286 0)
(0.0348948 -0.0430455 0)
(0.049068 -0.0703519 0)
(0.0490436 -0.0727657 0)
(0.0450551 -0.0531089 0)
(0.0431841 -0.0258701 0)
(0.0416008 -0.00302943 0)
(0.0370122 0.0128982 0)
(0.0293086 0.0217971 0)
(0.0211886 0.0248903 0)
(0.016168 0.024817 0)
(0.0157892 0.0263283 0)
(0.0192349 0.0299771 0)
(0.0334875 0.0381986 0)
(0.0574997 0.0487199 0)
(0.104083 0.0683196 0)
(0.129001 0.0433278 0)
(0.116346 -0.0664478 0)
(0.0783901 -0.129375 0)
(0.00948486 0.05695 0)
(0.0487141 0.0363142 0)
(0.0689626 0.0184928 0)
(0.0873312 0.00645716 0)
(0.120711 -0.016608 0)
(0.148815 -0.047372 0)
(0.144325 -0.0673589 0)
(0.112862 -0.0649777 0)
(0.0770226 -0.0448501 0)
(0.0495733 -0.0199744 0)
(0.0333831 0.000772054 0)
(0.0244611 0.0162059 0)
(0.0168536 0.0248669 0)
(0.0102365 0.0267101 0)
(0.00814849 0.0244342 0)
(0.0112424 0.0245769 0)
(0.017047 0.0263051 0)
(0.028536 0.0298496 0)
(0.0482713 0.031794 0)
(0.0888522 0.0408883 0)
(0.13908 0.0285205 0)
(0.127978 -0.0453859 0)
(0.098424 -0.0855785 0)
(0.0211645 0.0400022 0)
(0.0823055 0.0280685 0)
(0.147247 0.0128364 0)
(0.209094 -0.0048474 0)
(0.253388 -0.0260438 0)
(0.258652 -0.0442903 0)
(0.219984 -0.0516213 0)
(0.161431 -0.0432935 0)
(0.107212 -0.0244686 0)
(0.0634789 -0.00641013 0)
(0.0328756 0.00807836 0)
(0.0151251 0.0214098 0)
(0.0043245 0.0299371 0)
(-0.00188738 0.0306451 0)
(-0.000549406 0.0249787 0)
(0.00693246 0.0224745 0)
(0.0158197 0.0218468 0)
(0.0279973 0.0219225 0)
(0.045127 0.0193167 0)
(0.0689675 0.0176976 0)
(0.114701 0.0119874 0)
(0.115128 -0.0357965 0)
(0.112463 -0.055929 0)
(0.0357485 -0.00398952 0)
(0.16058 -0.0351484 0)
(0.254551 -0.0474804 0)
(0.303946 -0.0477275 0)
(0.309946 -0.0423385 0)
(0.27452 -0.032723 0)
(0.211871 -0.0242646 0)
(0.152213 -0.012794 0)
(0.106282 0.00467152 0)
(0.0706628 0.0190316 0)
(0.0419825 0.024629 0)
(0.0189854 0.0298301 0)
(0.000220871 0.0315689 0)
(-0.011621 0.0263312 0)
(-0.0105118 0.0175752 0)
(0.000273769 0.0161718 0)
(0.0120511 0.0174997 0)
(0.0261742 0.0169509 0)
(0.0450755 0.0131827 0)
(0.0644802 0.00678185 0)
(0.0886238 0.00425951 0)
(0.0946679 -0.0186765 0)
(0.0952331 0.0245451 0)
(-0.430514 0.092066 0)
(-0.604522 0.0206968 0)
(-0.508391 -0.0562091 0)
(-0.308623 -0.0871385 0)
(-0.0657516 -0.0766272 0)
(0.108471 -0.0718651 0)
(0.514239 -0.10844 0)
(0.582198 0.0360575 0)
(-0.382143 0.262436 0)
(-1.23068 0.227647 0)
(-1.58404 0.107532 0)
(-1.69471 0.0593465 0)
(-1.71377 0.0345332 0)
(-1.67283 0.0134432 0)
(-1.56633 -0.00328448 0)
(-1.34402 -0.0282657 0)
(-0.960687 -0.0812311 0)
(-0.449688 -0.126608 0)
(0.0383852 -0.0142189 0)
(-0.529132 0.266809 0)
(-0.487275 0.0577139 0)
(-0.264033 -0.104249 0)
(-0.109371 -0.134006 0)
(0.0733331 -0.143707 0)
(0.234601 -0.150658 0)
(0.616124 -0.112438 0)
(0.118536 0.3352 0)
(-1.3501 0.525051 0)
(-2.01783 0.208879 0)
(-2.07334 0.0237459 0)
(-2.03549 -0.0306355 0)
(-1.97082 -0.060029 0)
(-1.87836 -0.0933925 0)
(-1.7304 -0.12781 0)
(-1.50157 -0.175926 0)
(-1.14904 -0.28114 0)
(-0.651593 -0.369609 0)
(-0.12282 -0.115381 0)
(-0.335884 0.414581 0)
(-0.20927 0.0163996 0)
(-0.062344 -0.208073 0)
(0.0976743 -0.227415 0)
(0.266833 -0.221757 0)
(0.358265 -0.201993 0)
(0.601913 -0.00696997 0)
(-0.3538 0.734578 0)
(-1.78333 0.887923 0)
(-2.01147 0.456061 0)
(-2.08755 0.107864 0)
(-2.05451 0.0168226 0)
(-1.96939 -0.0508743 0)
(-1.96663 -0.134305 0)
(-1.95409 -0.230345 0)
(-1.76991 -0.3424 0)
(-1.35411 -0.515993 0)
(-0.786899 -0.642804 0)
(-0.254563 -0.303592 0)
(-0.0592239 0.513331 0)
(0.0708062 0.0180493 0)
(0.169184 -0.250394 0)
(0.295298 -0.301227 0)
(0.437579 -0.269541 0)
(0.442841 -0.203716 0)
(0.661712 0.131146 0)
(-0.347954 1.14126 0)
(-1.21912 1.3318 0)
(-1.32224 0.611822 0)
(-0.660055 0.000719401 0)
(-0.617528 -0.110177 0)
(-0.598483 -0.0162023 0)
(-1.2996 -0.0107875 0)
(-2.00227 -0.179805 0)
(-2.1976 -0.405524 0)
(-1.61814 -0.728593 0)
(-0.82573 -0.977388 0)
(-0.266981 -0.542316 0)
(0.128986 0.434389 0)
(0.226544 0.000750358 0)
(0.368143 -0.300217 0)
(0.471671 -0.367314 0)
(0.586421 -0.298047 0)
(0.539477 -0.194985 0)
(0.778594 0.23897 0)
(-0.223424 1.35019 0)
(0.2091 1.74606 0)
(0.220826 0.71666 0)
(0.797496 -0.240752 0)
(0.147402 -0.0561109 0)
(-0.05731 0.228598 0)
(0.109583 0.332506 0)
(-0.390288 0.155213 0)
(-1.93902 -0.296865 0)
(-1.63237 -0.896773 0)
(-0.772087 -1.33546 0)
(-0.195732 -0.79144 0)
(0.110064 0.30162 0)
(0.310452 -0.0228266 0)
(0.525314 -0.354475 0)
(0.604288 -0.421625 0)
(0.696763 -0.316518 0)
(0.646551 -0.174621 0)
(0.861299 0.328602 0)
(-0.0895951 1.29981 0)
(0.721473 1.74898 0)
(1.04976 0.35642 0)
(0.0714708 0.065263 0)
(-0.359858 0.106891 0)
(-0.37306 -0.0189171 0)
(-0.113888 0.0997409 0)
(0.323199 0.344478 0)
(-0.613491 0.363692 0)
(-1.13694 -0.929605 0)
(-0.66236 -1.62782 0)
(-0.102763 -1.02299 0)
(0.049437 0.21489 0)
(0.409193 -0.129086 0)
(0.637072 -0.418535 0)
(0.672964 -0.460201 0)
(0.757929 -0.344311 0)
(0.743473 -0.166972 0)
(0.910938 0.409553 0)
(0.148794 1.19383 0)
(0.796185 1.57954 0)
(1.20815 0.5914 0)
(-0.416535 0.284337 0)
(-0.338988 0.153688 0)
(-0.239137 0.115453 0)
(-0.0427957 0.106313 0)
(0.213228 0.322846 0)
(0.272908 0.327785 0)
(-0.512121 -0.849595 0)
(-0.525172 -1.77994 0)
(-0.0182451 -1.21536 0)
(0.117182 0.0406436 0)
(0.516689 -0.265438 0)
(0.670429 -0.457329 0)
(0.676739 -0.487414 0)
(0.77902 -0.387036 0)
(0.791396 -0.171362 0)
(0.940359 0.477769 0)
(0.49797 1.16576 0)
(0.826238 1.45519 0)
(1.25749 0.811002 0)
(-0.376324 0.448619 0)
(0.162699 0.115144 0)
(-0.107067 -0.077846 0)
(0.0771354 -0.0471143 0)
(0.328474 0.173484 0)
(0.817454 0.408592 0)
(0.277852 -0.157975 0)
(-0.37004 -1.76692 0)
(0.0427395 -1.35598 0)
(0.0542943 -0.0700014 0)
(0.103025 -0.107889 0)
(0.0738984 -0.0731928 0)
(0.0347024 -0.0323097 0)
(0.0203 -0.00373378 0)
(0.0173182 0.00888308 0)
(0.0106517 0.00309098 0)
(0.0122548 0.00191946 0)
(0.0186209 0.00961043 0)
(0.0243481 0.0192911 0)
(0.027689 0.0286162 0)
(0.0236026 0.0459161 0)
(0.00815616 0.0566877 0)
(-0.00756216 0.0476321 0)
(-0.00487142 0.0226241 0)
(0.00722611 0.0108897 0)
(0.0153342 0.00350519 0)
(0.0244909 -0.0029496 0)
(0.0405492 -0.00820695 0)
(0.0641768 -0.0128147 0)
(0.0850822 -0.0120715 0)
(0.111624 -0.0312412 0)
(0.133129 0.00517765 0)
(-0.175328 -0.0368599 0)
(-0.815334 0.0622011 0)
(-0.67854 0.053414 0)
(-0.537861 -0.00660108 0)
(-0.428293 -0.0251073 0)
(-0.393599 -0.0247046 0)
(-0.402052 -0.0202822 0)
(-0.367538 -0.0121722 0)
(-0.287916 5.32053e-05 0)
(-0.2107 0.0118278 0)
(-0.149947 0.0217612 0)
(-0.0830688 0.0397162 0)
(-0.0419545 0.0477704 0)
(-0.00836363 0.0277427 0)
(0.0235389 -0.00196272 0)
(0.0366881 -0.00235104 0)
(0.0347259 0.00717552 0)
(0.0322933 -0.000866376 0)
(0.0516502 -0.0213058 0)
(0.0738477 -0.0330515 0)
(0.090879 -0.0349805 0)
(0.0919133 -0.0410088 0)
(0.0938894 -0.0492701 0)
(0.0140019 0.486469 0)
(-0.42547 0.295836 0)
(-0.435083 -0.120988 0)
(-0.653786 -0.276891 0)
(-0.880433 -0.123081 0)
(-1.01205 -0.0184642 0)
(-1.09369 -0.0303919 0)
(-1.09499 -0.101791 0)
(-1.07192 -0.147517 0)
(-1.01549 -0.140728 0)
(-0.833775 -0.0958437 0)
(-0.580855 -0.0495149 0)
(-0.397978 -0.0134342 0)
(-0.288135 -0.0141896 0)
(-0.21477 -0.0192972 0)
(-0.123345 0.00133741 0)
(-0.0533542 0.0111728 0)
(-0.00601242 -0.0142773 0)
(0.0460896 -0.0436958 0)
(0.0943875 -0.0514789 0)
(0.12072 -0.045184 0)
(0.127937 -0.035513 0)
(0.109118 -0.0173716 0)
(0.0645541 0.538872 0)
(-0.0125038 0.590554 0)
(-0.0952856 0.27565 0)
(-0.258149 0.242663 0)
(-0.454211 0.192022 0)
(-0.519793 0.13683 0)
(-0.517443 0.0659576 0)
(-0.499852 -0.041083 0)
(-0.536925 -0.135704 0)
(-0.631531 -0.204226 0)
(-0.736926 -0.260763 0)
(-0.837393 -0.388818 0)
(-0.918078 -0.224471 0)
(-0.920549 -0.158836 0)
(-0.912295 -0.18885 0)
(-0.833546 -0.179454 0)
(-0.64425 -0.139079 0)
(-0.53331 -0.122152 0)
(-0.420845 -0.135614 0)
(-0.289949 -0.109827 0)
(-0.197541 -0.0799197 0)
(-0.154035 -0.0426226 0)
(-0.239151 0.00059749 0)
(-0.00992925 0.405947 0)
(0.137093 0.583247 0)
(0.0936793 0.365581 0)
(0.0304695 0.159388 0)
(0.00984427 0.145358 0)
(-0.0251185 0.149698 0)
(-0.0263617 0.0390876 0)
(-0.0142684 -0.0558843 0)
(-0.0395779 -0.0433029 0)
(-0.0644025 0.0257226 0)
(-0.124759 0.104124 0)
(-0.267404 0.0249145 0)
(-0.381329 -0.0407612 0)
(-0.432815 -0.0599942 0)
(-0.510603 -0.0964873 0)
(-0.659529 -0.167373 0)
(-0.826212 -0.24188 0)
(-0.983863 -0.179698 0)
(-1.1227 -0.243926 0)
(-1.20356 -0.249425 0)
(-1.17893 -0.169083 0)
(-1.0916 0.0280714 0)
(-0.967449 0.282986 0)
(-0.0555969 0.362585 0)
(0.10037 0.433138 0)
(0.153764 0.347506 0)
(0.158641 0.206108 0)
(0.133538 0.17124 0)
(0.120683 0.155132 0)
(0.0966504 0.0644415 0)
(0.0149623 -0.0191133 0)
(-0.0857318 -0.0653957 0)
(-0.138604 -0.0814983 0)
(-0.140485 -0.0579987 0)
(-0.135747 -0.0285748 0)
(-0.206395 -0.00979593 0)
(-0.281129 -0.020917 0)
(-0.304791 0.020606 0)
(-0.354229 0.0874977 0)
(-0.432765 0.101406 0)
(-0.534615 0.0979598 0)
(-0.684852 0.0621556 0)
(-0.882191 -0.0641651 0)
(-1.09568 -0.260135 0)
(-1.34408 -0.212127 0)
(-1.47677 0.0358369 0)
(-0.0397611 0.360712 0)
(0.0515619 0.325378 0)
(0.124733 0.307669 0)
(0.145442 0.230519 0)
(0.103799 0.195801 0)
(0.0934334 0.174892 0)
(0.0761874 0.124712 0)
(0.0187199 0.0872589 0)
(-0.0483506 0.0743806 0)
(-0.121326 0.0645398 0)
(-0.173983 0.0688421 0)
(-0.208421 0.0857316 0)
(-0.241238 0.0818711 0)
(-0.294313 0.0246427 0)
(-0.342969 -0.00859124 0)
(-0.375691 -0.00372504 0)
(-0.39583 0.0233332 0)
(-0.420531 0.0631732 0)
(-0.460381 0.103715 0)
(-0.528454 0.141226 0)
(-0.592196 0.191012 0)
(-0.717917 0.282872 0)
(-0.991359 0.253739 0)
(-0.0148909 0.349777 0)
(0.0309919 0.269671 0)
(0.0720184 0.276337 0)
(0.0867998 0.233487 0)
(0.060157 0.205842 0)
(0.0503517 0.1881 0)
(0.0319944 0.159584 0)
(-0.0101453 0.128969 0)
(-0.0614678 0.0934692 0)
(-0.11112 0.0584187 0)
(-0.152718 0.0479474 0)
(-0.183856 0.0631871 0)
(-0.194682 0.0887438 0)
(-0.214812 0.0805497 0)
(-0.257961 0.0859823 0)
(-0.308794 0.109418 0)
(-0.354065 0.122736 0)
(-0.388654 0.136173 0)
(-0.416869 0.153152 0)
(-0.46108 0.144039 0)
(-0.489555 0.112961 0)
(-0.447544 0.246882 0)
(-0.452923 0.562811 0)
(-0.00609362 0.341414 0)
(0.0156398 0.237478 0)
(0.0354139 0.257355 0)
(0.0450703 0.238222 0)
(0.0326029 0.218957 0)
(0.0242758 0.20188 0)
(0.00919183 0.184374 0)
(-0.014948 0.167028 0)
(-0.0459629 0.149082 0)
(-0.0855028 0.133861 0)
(-0.131541 0.12031 0)
(-0.17065 0.109792 0)
(-0.19196 0.103773 0)
(-0.212074 0.0941969 0)
(-0.249151 0.0983909 0)
(-0.285349 0.116106 0)
(-0.318203 0.132167 0)
(-0.346184 0.145266 0)
(-0.360781 0.162561 0)
(-0.366821 0.174438 0)
(-0.374827 0.161807 0)
(-0.340983 0.195137 0)
(-0.285424 0.49533 0)
(-0.00570723 0.340502 0)
(0.00533488 0.22164 0)
(0.0159959 0.246382 0)
(0.022732 0.240983 0)
(0.0155432 0.22785 0)
(0.00855743 0.213656 0)
(-0.00259117 0.201887 0)
(-0.0179181 0.191203 0)
(-0.0396366 0.178434 0)
(-0.0682952 0.16279 0)
(-0.099805 0.147258 0)
(-0.132011 0.136541 0)
(-0.162613 0.133663 0)
(-0.194414 0.134342 0)
(-0.233395 0.144537 0)
(-0.270696 0.159705 0)
(-0.302194 0.167123 0)
(-0.329574 0.166104 0)
(-0.345217 0.16491 0)
(-0.340165 0.158735 0)
(-0.333491 0.130673 0)
(-0.350075 0.145579 0)
(-0.37543 0.456184 0)
(-0.00532454 0.342139 0)
(0.000638964 0.214372 0)
(0.00518525 0.240012 0)
(0.00900775 0.24191 0)
(0.00348192 0.232946 0)
(-0.00277672 0.222299 0)
(-0.0124551 0.213574 0)
(-0.024577 0.205864 0)
(-0.0404305 0.197064 0)
(-0.0604746 0.186532 0)
(-0.0845855 0.176065 0)
(-0.113296 0.168018 0)
(-0.144992 0.165791 0)
(-0.17965 0.169058 0)
(-0.217429 0.180165 0)
(-0.253249 0.193732 0)
(-0.285803 0.199125 0)
(-0.319098 0.193907 0)
(-0.348383 0.184882 0)
(-0.370783 0.171423 0)
(-0.420233 0.15473 0)
(-0.524347 0.235842 0)
(-0.621346 0.598085 0)
(-0.00366716 0.34442 0)
(-0.00149552 0.211385 0)
(-0.00100823 0.237385 0)
(1.21299e-05 0.243702 0)
(-0.00514548 0.238015 0)
(-0.0112362 0.230183 0)
(-0.0204068 0.223715 0)
(-0.0311748 0.218435 0)
(-0.0442449 0.213351 0)
(-0.0607205 0.207556 0)
(-0.0818443 0.201729 0)
(-0.107811 0.198105 0)
(-0.137568 0.199146 0)
(-0.170485 0.204869 0)
(-0.205173 0.215315 0)
(-0.238515 0.226994 0)
(-0.272522 0.232905 0)
(-0.312212 0.230049 0)
(-0.354247 0.226844 0)
(-0.403912 0.234478 0)
(-0.504753 0.256895 0)
(-0.65465 0.356443 0)
(-0.784589 0.680345 0)
(-0.00169289 0.346534 0)
(-0.0024401 0.211866 0)
(-0.00452511 0.237706 0)
(-0.0056625 0.24666 0)
(-0.010802 0.243459 0)
(-0.0170001 0.23801 0)
(-0.0258538 0.233662 0)
(-0.036259 0.230315 0)
(-0.0486252 0.227644 0)
(-0.0637458 0.225253 0)
(-0.0827038 0.223739 0)
(-0.105814 0.224655 0)
(-0.132388 0.22916 0)
(-0.161648 0.237115 0)
(-0.192676 0.24817 0)
(-0.224392 0.261033 0)
(-0.259296 0.271403 0)
(-0.302116 0.27521 0)
(-0.351241 0.279507 0)
(-0.407974 0.306976 0)
(-0.508712 0.378172 0)
(-0.664308 0.504776 0)
(-0.794048 0.759389 0)
(-0.000172038 0.348055 0)
(-0.00277947 0.214575 0)
(-0.00636054 0.239956 0)
(-0.00903024 0.250467 0)
(-0.014192 0.249002 0)
(-0.0204177 0.245646 0)
(-0.0288433 0.243278 0)
(-0.0389053 0.241774 0)
(-0.0508001 0.241232 0)
(-0.0649262 0.241768 0)
(-0.0819386 0.24382 0)
(-0.102127 0.248173 0)
(-0.125133 0.255387 0)
(-0.150554 0.265484 0)
(-0.178362 0.278464 0)
(-0.208672 0.294275 0)
(-0.243154 0.310864 0)
(-0.286084 0.32386 0)
(-0.341141 0.337639 0)
(-0.406042 0.380989 0)
(-0.486589 0.489742 0)
(-0.610472 0.659333 0)
(-0.738584 0.876629 0)
(0.000637904 0.349134 0)
(-0.00288395 0.218288 0)
(-0.0071391 0.243395 0)
(-0.0107698 0.254805 0)
(-0.0158488 0.254572 0)
(-0.0219204 0.25295 0)
(-0.029699 0.252332 0)
(-0.0390078 0.252615 0)
(-0.0499757 0.254026 0)
(-0.0627815 0.256867 0)
(-0.0777251 0.261511 0)
(-0.0949653 0.268392 0)
(-0.114441 0.277977 0)
(-0.136173 0.290584 0)
(-0.160573 0.306468 0)
(-0.188284 0.325958 0)
(-0.220299 0.349128 0)
(-0.259679 0.374499 0)
(-0.313498 0.402365 0)
(-0.382965 0.452576 0)
(-0.450352 0.571204 0)
(-0.52271 0.77484 0)
(-0.632783 1.0112 0)
(0.000906247 0.35007 0)
(-0.00288024 0.222295 0)
(-0.0072942 0.247488 0)
(-0.0113524 0.259357 0)
(-0.0162052 0.25999 0)
(-0.0219049 0.259723 0)
(-0.0288774 0.260539 0)
(-0.037116 0.26236 0)
(-0.0467289 0.2654 0)
(-0.0578045 0.269991 0)
(-0.0704571 0.276503 0)
(-0.0847554 0.285319 0)
(-0.10076 0.296931 0)
(-0.118627 0.311899 0)
(-0.138676 0.330757 0)
(-0.161531 0.353964 0)
(-0.188011 0.382528 0)
(-0.219506 0.418277 0)
(-0.260841 0.461863 0)
(-0.318627 0.520058 0)
(-0.37738 0.630014 0)
(-0.407501 0.8402 0)
(-0.451235 1.13235 0)
(0.000926612 0.350992 0)
(-0.00274112 0.226278 0)
(-0.00707678 0.25178 0)
(-0.0111119 0.263801 0)
(-0.0155728 0.265055 0)
(-0.0207187 0.265805 0)
(-0.026792 0.267715 0)
(-0.0338173 0.270736 0)
(-0.0418701 0.275039 0)
(-0.0510051 0.280944 0)
(-0.0612568 0.288815 0)
(-0.0726393 0.299058 0)
(-0.085195 0.312175 0)
(-0.0989816 0.328814 0)
(-0.114061 0.349738 0)
(-0.130687 0.37565 0)
(-0.149346 0.407747 0)
(-0.170362 0.448934 0)
(-0.194424 0.502573 0)
(-0.226038 0.570814 0)
(-0.263137 0.670259 0)
(-0.268316 0.847793 0)
(-0.222038 1.1371 0)
(0.000899898 0.351851 0)
(-0.0024525 0.230125 0)
(-0.00658512 0.255925 0)
(-0.0102727 0.267908 0)
(-0.0142093 0.269597 0)
(-0.0186635 0.27109 0)
(-0.0237682 0.273798 0)
(-0.0295358 0.277673 0)
(-0.0359984 0.282867 0)
(-0.0431661 0.289684 0)
(-0.0510289 0.298468 0)
(-0.0595391 0.309617 0)
(-0.0686566 0.323626 0)
(-0.0782824 0.341132 0)
(-0.0882512 0.362934 0)
(-0.0984142 0.389893 0)
(-0.108647 0.423176 0)
(-0.118506 0.465186 0)
(-0.126484 0.520057 0)
(-0.131467 0.591306 0)
(-0.134249 0.683251 0)
(-0.116698 0.815509 0)
(-0.0280418 1.02058 0)
(0.000895657 0.352545 0)
(-0.00203941 0.233683 0)
(-0.00585448 0.259688 0)
(-0.00900284 0.271498 0)
(-0.0123189 0.273484 0)
(-0.0159812 0.275502 0)
(-0.0200777 0.278757 0)
(-0.0245852 0.283178 0)
(-0.02949 0.288919 0)
(-0.0347526 0.296258 0)
(-0.0403119 0.305508 0)
(-0.0460488 0.317039 0)
(-0.0518274 0.331296 0)
(-0.057412 0.348856 0)
(-0.0624507 0.370427 0)
(-0.0664916 0.396804 0)
(-0.0689048 0.428974 0)
(-0.0686298 0.468539 0)
(-0.0635646 0.518392 0)
(-0.0499625 0.582282 0)
(-0.024085 0.662187 0)
(0.0187819 0.759419 0)
(0.112044 0.878741 0)
(0.000919335 0.353009 0)
(-0.00152966 0.236836 0)
(-0.00492811 0.262932 0)
(-0.00743549 0.274464 0)
(-0.0100687 0.276631 0)
(-0.0128885 0.278985 0)
(-0.0159651 0.282569 0)
(-0.0192293 0.28728 0)
(-0.0226325 0.293263 0)
(-0.0260921 0.300764 0)
(-0.0294874 0.310061 0)
(-0.0326395 0.321474 0)
(-0.0353284 0.33537 0)
(-0.0372112 0.352228 0)
(-0.0378119 0.372609 0)
(-0.0364927 0.397116 0)
(-0.0323534 0.426419 0)
(-0.0240196 0.461395 0)
(-0.00938116 0.503517 0)
(0.0150771 0.554777 0)
(0.0551173 0.616592 0)
(0.115221 0.686594 0)
(0.207579 0.756732 0)
(0.000987366 0.35319 0)
(-0.000942344 0.239539 0)
(-0.00387782 0.265586 0)
(-0.00568638 0.276757 0)
(-0.00761205 0.278995 0)
(-0.00957924 0.281524 0)
(-0.0116492 0.285242 0)
(-0.0137184 0.290024 0)
(-0.0157057 0.295989 0)
(-0.0174944 0.303344 0)
(-0.0189196 0.312327 0)
(-0.0197576 0.323191 0)
(-0.0197286 0.336223 0)
(-0.0184258 0.351776 0)
(-0.0153097 0.370235 0)
(-0.00967264 0.391998 0)
(-0.000585386 0.417283 0)
(0.0134013 0.446671 0)
(0.0342511 0.480407 0)
(0.0645688 0.518938 0)
(0.108967 0.562208 0)
(0.172166 0.608162 0)
(0.260904 0.649148 0)
(0.00112177 0.353007 0)
(-0.000298859 0.241784 0)
(-0.0027616 0.267616 0)
(-0.00385167 0.278359 0)
(-0.00507765 0.280575 0)
(-0.00621607 0.283146 0)
(-0.00732785 0.286832 0)
(-0.00827893 0.291494 0)
(-0.00896951 0.297224 0)
(-0.00925527 0.304181 0)
(-0.00894482 0.312562 0)
(-0.0077922 0.322549 0)
(-0.00548178 0.334339 0)
(-0.00159222 0.348162 0)
(0.00443429 0.364236 0)
(0.0131853 0.38276 0)
(0.0257868 0.403725 0)
(0.0434016 0.427234 0)
(0.0674931 0.452973 0)
(0.100121 0.48047 0)
(0.144151 0.508588 0)
(0.20247 0.534954 0)
(0.28028 0.554738 0)
(0.00132482 0.352389 0)
(0.000369408 0.243587 0)
(-0.00161875 0.269013 0)
(-0.00200432 0.27928 0)
(-0.00256666 0.281394 0)
(-0.00292614 0.283899 0)
(-0.00315689 0.287418 0)
(-0.00309534 0.291806 0)
(-0.00263829 0.297132 0)
(-0.00161694 0.303486 0)
(0.000170291 0.311051 0)
(0.00296325 0.319937 0)
(0.00709231 0.330259 0)
(0.0129681 0.34212 0)
(0.0211168 0.355609 0)
(0.0321058 0.370748 0)
(0.0468394 0.387507 0)
(0.0663055 0.405349 0)
(0.0915931 0.423944 0)
(0.124105 0.442333 0)
(0.165486 0.459138 0)
(0.216933 0.471806 0)
(0.281345 0.477158 0)
(0.0015752 0.351302 0)
(0.00103 0.244942 0)
(-0.000474717 0.269808 0)
(-0.000193408 0.27956 0)
(-0.000154235 0.281504 0)
(0.000196404 0.283854 0)
(0.000749094 0.287089 0)
(0.00170179 0.291093 0)
(0.00312908 0.295866 0)
(0.00523853 0.301527 0)
(0.00824938 0.308114 0)
(0.0123559 0.315762 0)
(0.0178742 0.324497 0)
(0.0251823 0.334327 0)
(0.0347593 0.345231 0)
(0.0471385 0.357107 0)
(0.0629668 0.369781 0)
(0.0830259 0.382634 0)
(0.108085 0.395121 0)
(0.139042 0.406262 0)
(0.176783 0.414744 0)
(0.22157 0.41845 0)
(0.274588 0.415119 0)
(0.00183551 0.349734 0)
(0.00167763 0.245864 0)
(0.000669147 0.270045 0)
(0.00154109 0.27924 0)
(0.00210516 0.280978 0)
(0.00308046 0.283094 0)
(0.00431503 0.285977 0)
(0.00601637 0.289505 0)
(0.00827713 0.29364 0)
(0.0112572 0.298516 0)
(0.0151845 0.304074 0)
(0.0203 0.310419 0)
(0.0268173 0.317525 0)
(0.0350934 0.32534 0)
(0.0455293 0.333768 0)
(0.0585735 0.342621 0)
(0.0747003 0.351609 0)
(0.0945007 0.360166 0)
(0.118473 0.367626 0)
(0.147118 0.373131 0)
(0.180901 0.37552 0)
(0.219659 0.373255 0)
(0.263718 0.364763 0)
(0.00207498 0.347699 0)
(0.00232351 0.246373 0)
(0.00177517 0.269739 0)
(0.0031679 0.278397 0)
(0.00419332 0.279899 0)
(0.00570643 0.281727 0)
(0.00751088 0.284218 0)
(0.00981673 0.287204 0)
(0.0127263 0.29068 0)
(0.0163862 0.294675 0)
(0.0209949 0.299203 0)
(0.0267939 0.304245 0)
(0.0339589 0.309761 0)
(0.0427952 0.315657 0)
(0.0536263 0.321782 0)
(0.0668001 0.327911 0)
(0.0826582 0.333718 0)
(0.10163 0.33867 0)
(0.124018 0.342098 0)
(0.150037 0.343253 0)
(0.179903 0.341225 0)
(0.213287 0.334903 0)
(0.250106 0.323252 0)
(0.00228437 0.345219 0)
(0.0029584 0.246484 0)
(0.00282338 0.26892 0)
(0.00468434 0.277128 0)
(0.00608401 0.278345 0)
(0.00805627 0.279863 0)
(0.0103149 0.281925 0)
(0.0131018 0.284352 0)
(0.0164915 0.28714 0)
(0.0206303 0.290269 0)
(0.0257022 0.293754 0)
(0.0319133 0.297539 0)
(0.0394175 0.301554 0)
(0.0484682 0.305676 0)
(0.0593203 0.30973 0)
(0.0722371 0.313471 0)
(0.0874375 0.316577 0)
(0.105224 0.318569 0)
(0.125763 0.318817 0)
(0.149087 0.316659 0)
(0.175248 0.311437 0)
(0.20389 0.302379 0)
(0.234719 0.288839 0)
(0.00248825 0.3423 0)
(0.00358854 0.246231 0)
(0.00376953 0.267655 0)
(0.00607245 0.275482 0)
(0.0077501 0.27639 0)
(0.0101243 0.277594 0)
(0.012736 0.279214 0)
(0.0158767 0.281088 0)
(0.0196059 0.283187 0)
(0.0240555 0.285483 0)
(0.0293942 0.287972 0)
(0.0357931 0.290574 0)
(0.0433806 0.293202 0)
(0.0523692 0.295724 0)
(0.0629536 0.297948 0)
(0.0753239 0.299643 0)
(0.0896134 0.300487 0)
(0.10601 0.300089 0)
(0.124582 0.297864 0)
(0.145262 0.29323 0)
(0.167994 0.285707 0)
(0.192458 0.274844 0)
(0.218262 0.260266 0)
(0.0027454 0.338913 0)
(0.00424217 0.245713 0)
(0.00456522 0.266009 0)
(0.00730413 0.273511 0)
(0.00917419 0.274106 0)
(0.011894 0.275009 0)
(0.0147648 0.276187 0)
(0.0181672 0.277528 0)
(0.0221167 0.278973 0)
(0.0267503 0.280484 0)
(0.0322049 0.282046 0)
(0.0386145 0.28356 0)
(0.0460957 0.284938 0)
(0.0548117 0.286046 0)
(0.0649231 0.286692 0)
(0.0765524 0.286657 0)
(0.0897726 0.285643 0)
(0.104681 0.28333 0)
(0.121269 0.279212 0)
(0.139426 0.272784 0)
(0.159014 0.263637 0)
(0.179762 0.251607 0)
(0.201281 0.236567 0)
(0.00313327 0.334998 0)
(0.00493232 0.245061 0)
(0.00516468 0.264065 0)
(0.00835117 0.271267 0)
(0.0103281 0.271557 0)
(0.0133461 0.272174 0)
(0.0163887 0.272938 0)
(0.0199776 0.273771 0)
(0.0240613 0.274605 0)
(0.0287826 0.275401 0)
(0.0342465 0.276112 0)
(0.0405547 0.27665 0)
(0.047813 0.276923 0)
(0.0561401 0.276806 0)
(0.0656544 0.27612 0)
(0.0764343 0.274648 0)
(0.0885153 0.272136 0)
(0.101927 0.26831 0)
(0.116617 0.262772 0)
(0.132426 0.255088 0)
(0.149169 0.244871 0)
(0.166626 0.232125 0)
(0.184459 0.216996 0)
(0.00370177 0.330427 0)
(0.0056537 0.244548 0)
(0.00556563 0.261941 0)
(0.00918118 0.268812 0)
(0.0111736 0.268813 0)
(0.0144435 0.269161 0)
(0.0175678 0.269527 0)
(0.0212692 0.269886 0)
(0.0254266 0.270157 0)
(0.0301628 0.270304 0)
(0.0355617 0.270256 0)
(0.0417111 0.269939 0)
(0.0486933 0.269262 0)
(0.0565912 0.268101 0)
(0.0654789 0.266294 0)
(0.0754014 0.263649 0)
(0.086371 0.259948 0)
(0.0983749 0.254961 0)
(0.111341 0.248392 0)
(0.125086 0.239867 0)
(0.139368 0.229037 0)
(0.153997 0.215929 0)
(0.168731 0.200928 0)
(0.0043971 0.325115 0)
(0.00634702 0.244263 0)
(0.0058187 0.259774 0)
(0.00975088 0.266208 0)
(0.0116601 0.265945 0)
(0.0151065 0.266044 0)
(0.018217 0.266019 0)
(0.021962 0.26594 0)
(0.0261158 0.265694 0)
(0.0308011 0.265244 0)
(0.0360835 0.264527 0)
(0.0420372 0.26347 0)
(0.0487182 0.261975 0)
(0.0561768 0.259933 0)
(0.0644646 0.257194 0)
(0.0736044 0.2536 0)
(0.0835846 0.248967 0)
(0.0943723 0.243107 0)
(0.10588 0.235801 0)
(0.117936 0.226741 0)
(0.130271 0.215625 0)
(0.142679 0.202451 0)
(0.155031 0.1877 0)
(0.00511143 0.319107 0)
(0.00694718 0.244215 0)
(0.00592096 0.257708 0)
(0.0099998 0.263543 0)
(0.0117334 0.263055 0)
(0.0152493 0.26291 0)
(0.0182239 0.262518 0)
(0.0219222 0.262026 0)
(0.0259717 0.2613 0)
(0.0305179 0.2603 0)
(0.0356097 0.258978 0)
(0.0412996 0.257259 0)
(0.0476357 0.25505 0)
(0.0546496 0.252254 0)
(0.0623708 0.248744 0)
(0.0708126 0.244379 0)
(0.07995 0.239008 0)
(0.0897373 0.232477 0)
(0.100084 0.224615 0)
(0.110863 0.215208 0)
(0.121834 0.204 0)
(0.13275 0.190943 0)
(0.143567 0.17648 0)
(0.00580345 0.312473 0)
(0.00743458 0.244502 0)
(0.00582926 0.255883 0)
(0.00989936 0.260945 0)
(0.0113391 0.26026 0)
(0.0147888 0.259872 0)
(0.0175004 0.259132 0)
(0.0210297 0.258253 0)
(0.0248373 0.257074 0)
(0.0291128 0.255564 0)
(0.0338921 0.253687 0)
(0.0392106 0.251367 0)
(0.0451121 0.248529 0)
(0.0516199 0.245073 0)
(0.0587494 0.240898 0)
(0.0665085 0.235877 0)
(0.074874 0.229884 0)
(0.0837982 0.222791 0)
(0.0932123 0.214468 0)
(0.103045 0.204776 0)
(0.113101 0.193505 0)
(0.123121 0.180577 0)
(0.133164 0.166333 0)
(0.00646344 0.305299 0)
(0.00776847 0.245222 0)
(0.00554508 0.254463 0)
(0.0094481 0.258578 0)
(0.0104668 0.257713 0)
(0.0137108 0.257094 0)
(0.016026 0.256021 0)
(0.0192556 0.254777 0)
(0.0226683 0.25317 0)
(0.0265252 0.251199 0)
(0.03084 0.248819 0)
(0.0356402 0.245963 0)
(0.0409634 0.242559 0)
(0.0468306 0.238511 0)
(0.0532552 0.233735 0)
(0.0602445 0.228121 0)
(0.0677839 0.221565 0)
(0.0758411 0.213956 0)
(0.0843736 0.205191 0)
(0.0933414 0.195163 0)
(0.102618 0.183711 0)
(0.111979 0.17078 0)
(0.121593 0.156585 0)
(0.00701887 0.297753 0)
(0.00787732 0.246377 0)
(0.00510168 0.253562 0)
(0.00869035 0.256594 0)
(0.00918869 0.25558 0)
(0.012106 0.254727 0)
(0.0139143 0.25335 0)
(0.0167276 0.251771 0)
(0.0196179 0.249777 0)
(0.0229272 0.247396 0)
(0.0266341 0.244568 0)
(0.030766 0.241235 0)
(0.0353536 0.237315 0)
(0.040423 0.232744 0)
(0.045987 0.227424 0)
(0.0520533 0.221266 0)
(0.0586188 0.214191 0)
(0.0656672 0.206084 0)
(0.0731763 0.196857 0)
(0.0811197 0.186424 0)
(0.0894537 0.174662 0)
(0.0979795 0.161528 0)
(0.106939 0.14717 0)
(0.00739049 0.290052 0)
(0.00772718 0.24787 0)
(0.00451905 0.253143 0)
(0.00770118 0.255024 0)
(0.00764023 0.253917 0)
(0.0101509 0.252796 0)
(0.0113948 0.251167 0)
(0.0137194 0.249286 0)
(0.0160041 0.246955 0)
(0.0186813 0.244222 0)
(0.0216879 0.241003 0)
(0.0250458 0.237261 0)
(0.028801 0.232905 0)
(0.0329654 0.227871 0)
(0.0375351 0.222084 0)
(0.0425514 0.215447 0)
(0.0479987 0.207901 0)
(0.0538639 0.199331 0)
(0.0601587 0.189659 0)
(0.0668468 0.1788 0)
(0.0739212 0.166683 0)
(0.0812346 0.153222 0)
(0.0890406 0.13856 0)
(0.00750837 0.282377 0)
(0.00728659 0.249563 0)
(0.00383397 0.253109 0)
(0.00656949 0.253816 0)
(0.00597039 0.252669 0)
(0.00802877 0.251249 0)
(0.00873574 0.249416 0)
(0.0105281 0.247265 0)
(0.0121988 0.24466 0)
(0.0142265 0.241631 0)
(0.0165101 0.238095 0)
(0.0190859 0.234006 0)
(0.0219687 0.2293 0)
(0.0251965 0.223877 0)
(0.0287509 0.2177 0)
(0.0326655 0.210674 0)
(0.0369349 0.202714 0)
(0.0415475 0.193748 0)
(0.0465164 0.183695 0)
(0.0518231 0.172464 0)
(0.0574609 0.159996 0)
(0.0632759 0.146215 0)
(0.06953 0.131251 0)
(0.0072233 0.275122 0)
(0.00647957 0.25148 0)
(0.00308912 0.253548 0)
(0.00532872 0.253135 0)
(0.00432689 0.251962 0)
(0.00591826 0.25026 0)
(0.0061608 0.24826 0)
(0.00744639 0.245875 0)
(0.00854189 0.243064 0)
(0.00995793 0.239789 0)
(0.0115599 0.236006 0)
(0.0133954 0.231635 0)
(0.0154611 0.226637 0)
(0.0177949 0.220926 0)
(0.0203919 0.214425 0)
(0.0232508 0.207093 0)
(0.026383 0.198799 0)
(0.0298004 0.189519 0)
(0.0334867 0.179151 0)
(0.0374154 0.167638 0)
(0.0416173 0.154877 0)
(0.0459359 0.140829 0)
(0.0505768 0.125662 0)
(0.00636256 0.268793 0)
(0.00530392 0.25337 0)
(0.00234739 0.254288 0)
(0.0040284 0.252923 0)
(0.00284115 0.251741 0)
(0.0039943 0.249769 0)
(0.00388185 0.247659 0)
(0.00472303 0.245072 0)
(0.00533478 0.242104 0)
(0.00621454 0.238647 0)
(0.00722348 0.23467 0)
(0.00840105 0.230094 0)
(0.00975625 0.224871 0)
(0.011288 0.218936 0)
(0.0130179 0.212202 0)
(0.0149322 0.204621 0)
(0.0170385 0.196099 0)
(0.0193619 0.186582 0)
(0.0218764 0.175981 0)
(0.0245565 0.164258 0)
(0.0274319 0.15132 0)
(0.0303836 0.137086 0)
(0.0335352 0.12178 0)
(0.005089 0.26413 0)
(0.00396382 0.255 0)
(0.00162539 0.255114 0)
(0.00273578 0.25302 0)
(0.00152829 0.25189 0)
(0.00228712 0.249664 0)
(0.00192756 0.247488 0)
(0.00237493 0.244774 0)
(0.00260512 0.241688 0)
(0.00302076 0.238107 0)
(0.00352052 0.234009 0)
(0.0041274 0.229299 0)
(0.00484773 0.223935 0)
(0.00567634 0.217841 0)
(0.0066342 0.210967 0)
(0.00771379 0.203221 0)
(0.00891772 0.194557 0)
(0.0102516 0.184889 0)
(0.0117207 0.174168 0)
(0.0132952 0.162302 0)
(0.0149803 0.149277 0)
(0.0166963 0.134976 0)
(0.0185064 0.119607 0)
(0.00265986 0.259855 0)
(0.00192569 0.256163 0)
(0.000739454 0.25583 0)
(0.00120975 0.253105 0)
(0.000450035 0.252035 0)
(0.000733017 0.249515 0)
(0.000427623 0.247363 0)
(0.000548387 0.244503 0)
(0.000507319 0.241354 0)
(0.000578124 0.237694 0)
(0.000668127 0.233508 0)
(0.000791929 0.228719 0)
(0.000961932 0.223265 0)
(0.00116458 0.21708 0)
(0.00141629 0.210107 0)
(0.00171616 0.202262 0)
(0.00206394 0.193487 0)
(0.00246595 0.183709 0)
(0.00290683 0.172886 0)
(0.00339278 0.160938 0)
(0.00394936 0.147838 0)
(0.00451054 0.13351 0)
(0.00511546 0.118057 0)
(0.167565 0.0410302 0)
(0.187371 0.0477737 0)
(0.208434 0.032897 0)
(0.235528 0.0132482 0)
(0.107573 -0.0798561 0)
(0.127434 -0.113563 0)
(0.153453 -0.153455 0)
(0.18238 -0.197294 0)
(0.0845444 -0.0265863 0)
(0.063591 -0.0589942 0)
(0.0339085 -0.0989529 0)
(-0.0124628 -0.112425 0)
(-0.334788 -0.00595097 0)
(-0.415536 0.0116351 0)
(-0.507632 0.0513542 0)
(-0.561452 0.00136899 0)
(-0.936851 0.305501 0)
(-1.00331 0.218357 0)
(-1.04308 0.0830854 0)
(-1.03621 -0.0302539 0)
(-1.49474 0.21532 0)
(-1.47217 0.22792 0)
(-1.39914 0.122062 0)
(-1.28787 0.00408722 0)
(-1.2264 0.131683 0)
(-1.31647 0.0251041 0)
(-1.29225 -0.125354 0)
(-1.15489 -0.243436 0)
(-0.580516 0.585451 0)
(-0.746838 0.324684 0)
(-0.893761 -0.0296473 0)
(-0.946741 -0.239484 0)
(-0.285661 0.721064 0)
(-0.391978 0.664409 0)
(-0.570012 0.340701 0)
(-0.765691 -0.0250778 0)
(-0.38903 0.816877 0)
(-0.435018 0.878608 0)
(-0.527357 0.672527 0)
(-0.698947 0.292241 0)
(-0.656195 0.932508 0)
(-0.678406 0.997687 0)
(-0.708822 0.847276 0)
(-0.796923 0.532281 0)
(-0.844942 0.992125 0)
(-0.869841 1.04977 0)
(-0.905634 0.960912 0)
(-0.996287 0.750022 0)
(-0.858266 1.04476 0)
(-0.892445 1.1227 0)
(-0.945713 1.09294 0)
(-1.01091 0.955054 0)
(-0.817968 1.1246 0)
(-0.883794 1.2482 0)
(-0.962605 1.23112 0)
(-1.03272 1.02874 0)
(-0.73262 1.25039 0)
(-0.811523 1.41213 0)
(-0.888163 1.41899 0)
(-0.979328 1.17683 0)
(-0.515487 1.41658 0)
(-0.549957 1.61274 0)
(-0.595133 1.61041 0)
(-0.72686 1.36467 0)
(-0.183657 1.4369 0)
(-0.123508 1.65804 0)
(-0.0617691 1.72316 0)
(-0.142433 1.52187 0)
(0.094304 1.24438 0)
(0.225572 1.41939 0)
(0.380053 1.52978 0)
(0.482155 1.46059 0)
(0.235295 0.983946 0)
(0.36008 1.06519 0)
(0.511752 1.12322 0)
(0.670371 1.1082 0)
(0.303168 0.792545 0)
(0.388854 0.808914 0)
(0.490882 0.812123 0)
(0.607061 0.790914 0)
(0.339802 0.662283 0)
(0.399718 0.659106 0)
(0.464474 0.644858 0)
(0.533142 0.617977 0)
(0.34635 0.556912 0)
(0.393084 0.549595 0)
(0.439879 0.534759 0)
(0.485729 0.511622 0)
(0.334257 0.471644 0)
(0.370931 0.461994 0)
(0.407151 0.448063 0)
(0.442385 0.429446 0)
(0.316697 0.405402 0)
(0.345296 0.394516 0)
(0.373561 0.380975 0)
(0.401335 0.364758 0)
(0.297866 0.352948 0)
(0.320613 0.341722 0)
(0.343012 0.328518 0)
(0.365028 0.313356 0)
(0.27817 0.310326 0)
(0.296609 0.299168 0)
(0.314695 0.286399 0)
(0.332407 0.271899 0)
(0.257895 0.275388 0)
(0.272951 0.264467 0)
(0.287678 0.252168 0)
(0.302063 0.238231 0)
(0.237406 0.246717 0)
(0.249687 0.236143 0)
(0.261651 0.224302 0)
(0.273309 0.210859 0)
(0.217057 0.223246 0)
(0.227027 0.213132 0)
(0.236657 0.201783 0)
(0.245998 0.188824 0)
(0.197397 0.204129 0)
(0.205449 0.194585 0)
(0.213132 0.183814 0)
(0.220523 0.171409 0)
(0.179338 0.188617 0)
(0.185866 0.179705 0)
(0.192018 0.169621 0)
(0.197865 0.157902 0)
(0.163889 0.175926 0)
(0.169334 0.167614 0)
(0.174433 0.158275 0)
(0.179234 0.147396 0)
(0.151331 0.165134 0)
(0.156156 0.157296 0)
(0.160724 0.148644 0)
(0.165035 0.13866 0)
(0.140432 0.15526 0)
(0.145028 0.147715 0)
(0.149496 0.139545 0)
(0.153783 0.130294 0)
(0.128646 0.145603 0)
(0.133173 0.138158 0)
(0.137692 0.130181 0)
(0.142135 0.121324 0)
(0.11361 0.136117 0)
(0.11794 0.128615 0)
(0.122332 0.120577 0)
(0.126733 0.111794 0)
(0.0948952 0.127359 0)
(0.0987265 0.119707 0)
(0.102645 0.111475 0)
(0.106603 0.102604 0)
(0.0742382 0.119906 0)
(0.0773459 0.112077 0)
(0.0805307 0.103651 0)
(0.0837305 0.0946903 0)
(0.0540778 0.114185 0)
(0.0564152 0.106184 0)
(0.0588029 0.097639 0)
(0.0611616 0.0886474 0)
(0.0359176 0.110114 0)
(0.0375439 0.101963 0)
(0.0391839 0.0933801 0)
(0.0408002 0.0844051 0)
(0.0199126 0.107789 0)
(0.0209414 0.0995882 0)
(0.0219451 0.0910458 0)
(0.0229181 0.0821272 0)
(0.00562915 0.10598 0)
(0.00603737 0.0977449 0)
(0.00639931 0.0892076 0)
(0.00679725 0.0803137 0)
(0.365991 -0.102295 0)
(0.519935 -0.346687 0)
(0.559595 -0.485512 0)
(0.641173 -0.579387 0)
(0.782286 -0.449484 0)
(0.75778 -0.176867 0)
(0.890809 0.451886 0)
(0.823924 1.11556 0)
(0.981359 1.35188 0)
(1.13047 1.17959 0)
(0.428846 0.866678 0)
(0.125635 0.415258 0)
(-0.144817 0.108413 0)
(-0.0974717 -0.163448 0)
(0.164471 -0.077005 0)
(0.573585 0.305601 0)
(0.722398 0.0584235 0)
(-0.156379 -1.50481 0)
(0.0935674 -1.45367 0)
(0.246247 -0.25937 0)
(0.276551 -0.403132 0)
(0.272091 -0.582319 0)
(0.561744 -0.752463 0)
(0.682807 -0.540287 0)
(0.531635 -0.274975 0)
(0.476799 0.386902 0)
(0.706917 1.05033 0)
(0.881001 1.31089 0)
(0.919828 1.33491 0)
(0.601401 1.10166 0)
(-0.281576 0.702783 0)
(-0.434336 0.0691478 0)
(-0.349162 -0.377605 0)
(-0.215047 -0.388827 0)
(0.04522 -0.0576932 0)
(0.488088 -0.0207612 0)
(0.0426316 -1.07948 0)
(0.123087 -1.45864 0)
(-0.0794141 -0.149622 0)
(-0.137582 -0.421961 0)
(-0.14083 -0.74964 0)
(0.0675282 -0.870384 0)
(-0.24991 -0.34061 0)
(-0.39329 0.247837 0)
(-0.200972 0.541229 0)
(0.45533 0.95951 0)
(0.609789 1.2959 0)
(0.609982 1.40072 0)
(0.0604428 1.52582 0)
(-0.721667 1.16674 0)
(-0.462983 0.159297 0)
(-0.315505 -0.452253 0)
(-0.185714 -0.516565 0)
(-0.134665 -0.319887 0)
(0.22111 -0.0715222 0)
(0.122805 -1.04035 0)
(0.134787 -1.36758 0)
(-0.580665 -0.19381 0)
(-0.658863 -0.440265 0)
(-1.03356 -0.425583 0)
(-1.26498 -0.216155 0)
(-0.986434 0.0388183 0)
(-0.728938 -0.000836562 0)
(0.378521 -0.862631 0)
(-0.0396796 0.641717 0)
(0.217689 1.25528 0)
(-0.245234 1.69005 0)
(-1.25434 2.20781 0)
(-0.955816 1.19864 0)
(-0.328496 0.0253883 0)
(0.0142324 -0.507844 0)
(0.189404 -0.503689 0)
(0.184957 -0.406232 0)
(0.442249 -0.299526 0)
(0.170173 -0.951914 0)
(0.14634 -1.2568 0)
(-1.06373 -0.149524 0)
(-1.18818 -0.232933 0)
(-1.10042 -0.293083 0)
(-1.3589 -1.18044 0)
(-1.46038 -1.0754 0)
(-1.81344 -1.01934 0)
(-2.0543 0.0495946 0)
(-2.01216 0.8616 0)
(-1.30223 1.61258 0)
(-2.05042 2.28757 0)
(-2.16451 2.1184 0)
(-0.797765 0.480144 0)
(-0.195794 -0.432862 0)
(0.203413 -0.875985 0)
(0.363096 -0.67231 0)
(0.501717 -0.37242 0)
(0.691756 -0.148156 0)
(0.263244 -0.647073 0)
(0.168154 -1.11843 0)
(-1.17178 -0.0885151 0)
(-1.16528 -0.15453 0)
(-1.46652 -0.122532 0)
(-1.55305 -0.0477392 0)
(-2.16164 -0.246241 0)
(-2.91385 -0.401455 0)
(-3.51225 -0.104511 0)
(-3.69079 0.849531 0)
(-3.23715 1.74659 0)
(-3.04379 1.97028 0)
(-1.56903 0.764456 0)
(-0.572507 -0.316333 0)
(0.0673662 -0.995207 0)
(0.293454 -1.09705 0)
(0.348986 -0.941004 0)
(0.417185 -0.780344 0)
(0.473092 -0.0913389 0)
(0.297087 -0.267503 0)
(0.205795 -0.948834 0)
(-1.04443 -0.216567 0)
(-0.981161 -0.0608587 0)
(-1.08512 0.0728916 0)
(-1.47513 0.0728056 0)
(-1.89661 0.378136 0)
(-2.82099 0.153874 0)
(-3.52095 0.232854 0)
(-3.71032 0.542588 0)
(-3.0782 0.791454 0)
(-1.84204 0.412664 0)
(-0.802978 -0.305869 0)
(-0.0601075 -1.0711 0)
(0.156157 -1.21123 0)
(0.245474 -1.10912 0)
(0.303265 -0.86485 0)
(0.329088 -0.613144 0)
(-0.00804776 -0.0346442 0)
(0.266123 -0.343455 0)
(0.252194 -0.74239 0)
(-0.95612 -0.25383 0)
(-0.905154 -0.100837 0)
(-0.884819 0.199473 0)
(-1.01529 0.424563 0)
(-1.21448 0.62251 0)
(-1.57667 0.862133 0)
(-2.28689 0.665079 0)
(-2.2983 0.410392 0)
(-1.54984 0.0307783 0)
(-0.794461 -0.338343 0)
(-0.0929737 -0.96647 0)
(-0.0837813 -1.12947 0)
(0.000345382 -1.21682 0)
(0.097567 -1.13546 0)
(0.192565 -0.899759 0)
(0.314812 -0.593672 0)
(0.25392 -0.193503 0)
(0.387386 -0.269765 0)
(0.284007 -0.482776 0)
(-0.949244 -0.199321 0)
(-0.898002 -0.0912212 0)
(-0.813225 0.148407 0)
(-0.714109 0.45952 0)
(-0.736344 0.822331 0)
(-0.582776 1.0199 0)
(-0.525933 1.02452 0)
(-0.679833 0.460202 0)
(-0.177735 -0.309038 0)
(-0.0633 -0.68502 0)
(-0.196399 -0.879966 0)
(-0.30777 -1.05421 0)
(-0.232291 -1.30068 0)
(-0.111605 -1.22564 0)
(-0.0331573 -0.977652 0)
(0.0856354 -0.709814 0)
(0.28874 -0.394568 0)
(0.395929 -0.235648 0)
(0.25284 -0.213233 0)
(-0.957859 -0.0839976 0)
(-0.924285 -0.13864 0)
(-0.793934 0.0633437 0)
(-0.677056 0.317296 0)
(-0.514805 0.556953 0)
(-0.294276 0.80359 0)
(-0.00119293 0.867272 0)
(0.17284 0.473301 0)
(-0.289924 -0.479199 0)
(-0.0944303 -0.696818 0)
(-0.371798 -0.656967 0)
(-0.548151 -1.05233 0)
(-0.464189 -1.45203 0)
(-0.359496 -1.28325 0)
(-0.31635 -1.0002 0)
(-0.354021 -0.808313 0)
(-0.090442 -0.47734 0)
(0.0445797 -0.193281 0)
(0.0851484 -0.00820944 0)
(-1.04012 0.0948429 0)
(-1.31416 -0.20532 0)
(-0.964574 -0.0140047 0)
(-0.677257 0.210659 0)
(-0.509384 0.375729 0)
(-0.318357 0.475603 0)
(-0.00130402 0.637416 0)
(0.30643 0.59443 0)
(0.510317 -0.00986387 0)
(-0.0429766 -0.244229 0)
(-0.53854 -0.419081 0)
(-0.721765 -1.11628 0)
(-0.701318 -1.56384 0)
(-0.579732 -1.30924 0)
(-0.515249 -0.968213 0)
(-0.65152 -0.83626 0)
(-0.610438 -0.655299 0)
(-0.351961 -0.322768 0)
(-0.0493969 -0.107406 0)
(-1.24592 0.372284 0)
(-1.56271 -0.0562456 0)
(-1.60493 -0.301543 0)
(-1.4061 -0.324188 0)
(-0.821381 0.120597 0)
(-0.530522 0.259004 0)
(-0.333729 0.269475 0)
(-0.12125 0.262972 0)
(-0.0315555 0.159116 0)
(-0.397244 -0.0190535 0)
(-0.765733 -0.325858 0)
(-0.920143 -1.15985 0)
(-0.898962 -1.62638 0)
(-0.761676 -1.39098 0)
(-0.554527 -0.986438 0)
(-0.512345 -0.801713 0)
(-0.47191 -0.793922 0)
(-0.301301 -0.626999 0)
(-0.0672146 -0.346425 0)
(-1.05187 0.590214 0)
(-1.01974 0.0453731 0)
(-1.16457 -0.310365 0)
(-1.13252 -0.298965 0)
(-0.911157 -0.206116 0)
(-0.714311 -0.0342749 0)
(-0.594502 0.108219 0)
(-0.489845 0.154201 0)
(-0.483943 0.177579 0)
(-0.695164 0.163407 0)
(-0.920228 0.137212 0)
(-1.15772 -1.02145 0)
(-1.15687 -1.74859 0)
(-0.999684 -1.55083 0)
(-0.685196 -1.13644 0)
(-0.465827 -0.869731 0)
(-0.342825 -0.798489 0)
(-0.191296 -0.735398 0)
(-0.0482966 -0.489319 0)
(-1.1833 0.537613 0)
(-1.44615 0.0146651 0)
(-1.4499 -0.250972 0)
(-1.23914 -0.249254 0)
(-1.05196 -0.123495 0)
(-0.901471 0.0316971 0)
(-0.809175 0.132759 0)
(-0.776938 0.193628 0)
(-0.799153 0.254831 0)
(-0.996895 0.380093 0)
(-1.41238 0.796712 0)
(-1.17954 -0.944179 0)
(-1.3923 -1.76938 0)
(-1.33148 -1.75077 0)
(-1.01577 -1.42014 0)
(-0.64022 -1.07853 0)
(-0.359795 -0.9537 0)
(-0.133201 -0.875446 0)
(0.0270976 -0.561379 0)
(-1.22348 0.757332 0)
(-1.40805 0.311141 0)
(-1.21996 -0.455958 0)
(-1.12141 -0.850822 0)
(-1.15441 -0.489875 0)
(-1.06733 -0.207548 0)
(-0.9893 0.00478723 0)
(-0.959666 0.176967 0)
(-1.01781 0.425495 0)
(-1.38731 0.739467 0)
(-1.28324 0.397937 0)
(-1.12024 -0.923304 0)
(-1.42996 -1.5987 0)
(-1.58672 -1.92742 0)
(-1.49695 -1.82232 0)
(-1.06138 -1.56963 0)
(-0.593392 -1.33022 0)
(-0.230961 -1.13657 0)
(0.04953 -0.621785 0)
(-0.907 0.949293 0)
(-0.929699 0.271046 0)
(-0.863945 -0.462314 0)
(-1.02716 -0.576568 0)
(-1.12449 -0.420497 0)
(-1.02751 -0.260533 0)
(-1.03971 -0.082335 0)
(-1.17278 0.127499 0)
(-1.26927 0.702611 0)
(-1.25356 0.679209 0)
(-0.933827 0.00289063 0)
(-0.964039 -0.837614 0)
(-1.24221 -1.3913 0)
(-1.47364 -1.74265 0)
(-1.61357 -1.86431 0)
(-1.45352 -1.85741 0)
(-0.953153 -1.88822 0)
(-0.446207 -1.53267 0)
(-0.0427662 -0.710119 0)
(-0.15055 1.10546 0)
(-0.0597984 0.275447 0)
(-0.114367 -0.267433 0)
(-0.272399 -0.479862 0)
(-0.494284 -0.358215 0)
(-0.638278 -0.180844 0)
(-0.729446 0.00417988 0)
(-0.820214 0.259236 0)
(-0.848994 0.614056 0)
(-0.664078 0.501819 0)
(-0.41606 -0.0600384 0)
(-0.52495 -0.691719 0)
(-0.727599 -1.21874 0)
(-0.935435 -1.5882 0)
(-1.07932 -1.79376 0)
(-1.1818 -1.96636 0)
(-1.0683 -2.16187 0)
(-0.61858 -1.83661 0)
(-0.0857573 -0.966925 0)
(0.573391 1.05926 0)
(0.653028 0.422766 0)
(0.558118 -0.109172 0)
(0.362555 -0.318426 0)
(0.169543 -0.220316 0)
(0.0353376 -0.012772 0)
(-0.125366 0.102951 0)
(-0.192269 0.277066 0)
(-0.157346 0.458088 0)
(0.0494317 0.365933 0)
(0.230458 -0.0278269 0)
(0.0988623 -0.519673 0)
(-0.0802825 -1.01928 0)
(-0.30643 -1.43346 0)
(-0.434362 -1.71444 0)
(-0.606268 -1.91656 0)
(-0.624673 -2.22606 0)
(-0.726667 -2.38137 0)
(0.0765281 -1.67313 0)
(0.839923 0.852569 0)
(0.934812 0.394939 0)
(0.85329 0.0134861 0)
(0.667773 -0.154294 0)
(0.494659 -0.114012 0)
(0.433727 0.0455005 0)
(0.423944 0.198644 0)
(0.420425 0.298832 0)
(0.474181 0.342886 0)
(0.604452 0.223601 0)
(0.705695 -0.0470232 0)
(0.66174 -0.39166 0)
(0.503929 -0.814363 0)
(0.255229 -1.24277 0)
(0.122397 -1.62181 0)
(-0.064399 -1.84971 0)
(-0.000644321 -2.0741 0)
(-0.270752 -2.33681 0)
(0.137893 -1.69522 0)
(0.769411 0.649406 0)
(0.872363 0.364451 0)
(0.832423 0.117841 0)
(0.708351 -0.0149939 0)
(0.595714 -0.0272833 0)
(0.574326 0.0432744 0)
(0.654436 0.154814 0)
(0.773583 0.24802 0)
(0.902381 0.264828 0)
(1.01244 0.156907 0)
(1.07295 -0.046581 0)
(1.0485 -0.315387 0)
(0.935609 -0.643429 0)
(0.706268 -1.02601 0)
(0.520395 -1.45232 0)
(0.174131 -1.76929 0)
(0.228164 -1.98831 0)
(-0.10354 -2.26254 0)
(0.152414 -1.73434 0)
(0.640278 0.530108 0)
(0.723644 0.355385 0)
(0.719246 0.184795 0)
(0.660749 0.0648239 0)
(0.607223 0.00972921 0)
(0.605498 0.00554297 0)
(0.6806 0.0364304 0)
(0.826864 0.0854115 0)
(1.00885 0.110308 0)
(1.1692 0.0625771 0)
(1.26791 -0.0609079 0)
(1.27502 -0.250561 0)
(1.18274 -0.495655 0)
(0.965233 -0.804677 0)
(0.743168 -1.20308 0)
(0.250787 -1.54064 0)
(0.283215 -1.83725 0)
(-0.115424 -2.24765 0)
(0.118277 -1.68826 0)
(0.55497 0.449424 0)
(0.618387 0.331384 0)
(0.634202 0.204798 0)
(0.617972 0.0970754 0)
(0.600847 0.0199746 0)
(0.610974 -0.0292385 0)
(0.664876 -0.0565716 0)
(0.767638 -0.0683386 0)
(0.913967 -0.0734936 0)
(1.07366 -0.0936425 0)
(1.20263 -0.145924 0)
(1.25705 -0.238061 0)
(1.20863 -0.376747 0)
(1.02243 -0.588849 0)
(0.773614 -0.916392 0)
(0.224333 -1.23705 0)
(0.26704 -1.66425 0)
(-0.233692 -2.18211 0)
(-0.00231438 -1.74557 0)
(0.495206 0.382953 0)
(0.549791 0.297094 0)
(0.577101 0.199178 0)
(0.58392 0.103055 0)
(0.587088 0.0166665 0)
(0.604276 -0.0568579 0)
(0.647108 -0.11521 0)
(0.717614 -0.158224 0)
(0.810872 -0.190611 0)
(0.917143 -0.21719 0)
(1.01835 -0.239289 0)
(1.08207 -0.261256 0)
(1.07027 -0.30046 0)
(0.938845 -0.400976 0)
(0.691148 -0.626068 0)
(0.223206 -0.972466 0)
(0.248343 -1.50798 0)
(-0.189664 -1.94128 0)
(-0.118781 -2.0168 0)
(0.444607 0.327727 0)
(0.494042 0.260865 0)
(0.527142 0.181025 0)
(0.546356 0.0940051 0)
(0.560947 0.00421598 0)
(0.582271 -0.0836171 0)
(0.618688 -0.161683 0)
(0.671641 -0.221431 0)
(0.735981 -0.261229 0)
(0.800114 -0.28663 0)
(0.855477 -0.295845 0)
(0.89324 -0.279746 0)
(0.889819 -0.245752 0)
(0.805332 -0.249946 0)
(0.599856 -0.372184 0)
(0.25133 -0.798223 0)
(0.249107 -1.33163 0)
(-0.177784 -1.78416 0)
(0.00273886 -2.08516 0)
(0.400393 0.281261 0)
(0.443936 0.224926 0)
(0.478054 0.15619 0)
(0.503044 0.0760685 0)
(0.523829 -0.0143633 0)
(0.547951 -0.11043 0)
(0.582107 -0.199849 0)
(0.625226 -0.268529 0)
(0.671094 -0.309351 0)
(0.709604 -0.326405 0)
(0.732793 -0.32067 0)
(0.740405 -0.2791 0)
(0.72667 -0.197758 0)
(0.666571 -0.137921 0)
(0.543789 -0.183602 0)
(0.282587 -0.651532 0)
(0.28681 -1.18294 0)
(-0.112917 -1.65453 0)
(0.0963691 -2.17478 0)
(0.361229 0.242366 0)
(0.398392 0.191817 0)
(0.430281 0.129904 0)
(0.456407 0.0546345 0)
(0.479445 -0.0360098 0)
(0.505956 -0.138361 0)
(0.541587 -0.23533 0)
(0.581026 -0.305347 0)
(0.613471 -0.340005 0)
(0.631916 -0.344552 0)
(0.631811 -0.321927 0)
(0.614678 -0.260033 0)
(0.586418 -0.150831 0)
(0.532389 -0.0635577 0)
(0.476493 -0.0744642 0)
(0.303345 -0.496774 0)
(0.315331 -1.11069 0)
(0.118623 -1.47223 0)
(0.157284 -2.3226 0)
(0.325547 0.210243 0)
(0.356495 0.163124 0)
(0.384277 0.105553 0)
(0.408292 0.0334086 0)
(0.43084 -0.0588946 0)
(0.459359 -0.168943 0)
(0.497431 -0.270856 0)
(0.532818 -0.335157 0)
(0.552621 -0.356908 0)
(0.554364 -0.345535 0)
(0.536962 -0.304223 0)
(0.500356 -0.222633 0)
(0.454156 -0.0980126 0)
(0.396773 -0.0140252 0)
(0.372955 -0.0255237 0)
(0.269749 -0.425596 0)
(0.269263 -1.10374 0)
(0.301231 -1.31851 0)
(0.190962 -2.17126 0)
(0.292263 0.183997 0)
(0.317197 0.139345 0)
(0.339539 0.0850425 0)
(0.358628 0.0148533 0)
(0.377618 -0.0818496 0)
(0.404334 -0.202265 0)
(0.440483 -0.304926 0)
(0.467297 -0.355633 0)
(0.472829 -0.36112 0)
(0.461229 -0.334266 0)
(0.433126 -0.273384 0)
(0.384513 -0.170818 0)
(0.325256 -0.0378292 0)
(0.261872 0.0292323 0)
(0.252441 0.000133942 0)
(0.189971 -0.406423 0)
(0.252209 -1.16463 0)
(0.464272 -1.28 0)
(0.216993 -1.47492 0)
(0.26097 0.163043 0)
(0.280056 0.120916 0)
(0.295892 0.0701875 0)
(0.307231 0.0019089 0)
(0.318219 -0.10104 0)
(0.336064 -0.233129 0)
(0.360853 -0.331608 0)
(0.374962 -0.363009 0)
(0.365778 -0.354187 0)
(0.344805 -0.315903 0)
(0.312001 -0.235378 0)
(0.257779 -0.10953 0)
(0.193369 0.0254736 0)
(0.122648 0.0734195 0)
(0.106314 0.00999294 0)
(0.050611 -0.441468 0)
(0.272788 -1.24403 0)
(0.243497 -1.45716 0)
(0.210499 -1.23945 0)
(0.232037 0.146935 0)
(0.245751 0.108086 0)
(0.255034 0.062539 0)
(0.257079 -0.00195728 0)
(0.257114 -0.110062 0)
(0.255644 -0.250879 0)
(0.256493 -0.342428 0)
(0.258377 -0.354991 0)
(0.235948 -0.338797 0)
(0.208084 -0.294325 0)
(0.173737 -0.193963 0)
(0.116799 -0.0440639 0)
(0.0555053 0.0863361 0)
(-0.0340979 0.129426 0)
(-0.0477939 0.0314191 0)
(-0.11554 -0.523217 0)
(0.135155 -1.30749 0)
(-0.131418 -1.57176 0)
(0.176586 -1.13799 0)
(0.206584 0.135045 0)
(0.216072 0.100201 0)
(0.220637 0.0616897 0)
(0.21552 0.00404785 0)
(0.202985 -0.102839 0)
(0.173094 -0.244762 0)
(0.142362 -0.333115 0)
(0.135206 -0.334018 0)
(0.100875 -0.31578 0)
(0.0613852 -0.266341 0)
(0.0243053 -0.146188 0)
(-0.0367961 0.0211703 0)
(-0.0728781 0.138731 0)
(-0.167148 0.191968 0)
(-0.108589 0.00477469 0)
(-0.159713 -0.495057 0)
(-0.12702 -1.30517 0)
(-0.308796 -1.55369 0)
(0.151242 -1.15511 0)
(0.186094 0.126364 0)
(0.193095 0.0954374 0)
(0.196108 0.064204 0)
(0.19059 0.0182236 0)
(0.16926 -0.0759141 0)
(0.115558 -0.211127 0)
(0.0529377 -0.30481 0)
(0.0303341 -0.303901 0)
(-0.0116538 -0.278138 0)
(-0.0727087 -0.220302 0)
(-0.120216 -0.0897165 0)
(-0.146987 0.0635195 0)
(-0.150791 0.173153 0)
(-0.184913 0.188698 0)
(0.0072475 -0.0427844 0)
(-0.0676718 -0.434922 0)
(-0.233233 -1.28291 0)
(-0.29749 -1.59512 0)
(0.198076 -1.41525 0)
(0.1712 0.119445 0)
(0.177693 0.0914621 0)
(0.181919 0.0650205 0)
(0.182165 0.0319269 0)
(0.167656 -0.0346009 0)
(0.111057 -0.152167 0)
(0.0250338 -0.255209 0)
(-0.0263688 -0.26637 0)
(-0.066115 -0.224251 0)
(-0.137219 -0.16531 0)
(-0.18371 -0.0552751 0)
(-0.173281 0.0695367 0)
(-0.108997 0.139327 0)
(-0.0377576 0.101145 0)
(0.21191 -0.0938916 0)
(0.184861 -0.394585 0)
(0.115631 -1.13951 0)
(-0.231804 -1.93642 0)
(0.271881 -1.40776 0)
(0.160215 0.112592 0)
(0.167853 0.0864301 0)
(0.174306 0.0613623 0)
(0.181277 0.0345097 0)
(0.180235 -0.00728105 0)
(0.152182 -0.0843254 0)
(0.0724233 -0.184504 0)
(-0.00335576 -0.224216 0)
(-0.038431 -0.182072 0)
(-0.0748191 -0.120848 0)
(-0.110023 -0.0534695 0)
(-0.0789009 0.00480987 0)
(0.0453615 0.00209991 0)
(0.191303 -0.077144 0)
(0.417037 -0.205692 0)
(0.429682 -0.351332 0)
(0.741062 -0.950758 0)
(-0.0956574 -1.66574 0)
(0.358484 -1.30369 0)
(0.149136 0.104531 0)
(0.158439 0.079416 0)
(0.166883 0.0538577 0)
(0.177448 0.0270005 0)
(0.185722 -0.00530304 0)
(0.183714 -0.0524939 0)
(0.151977 -0.112754 0)
(0.0896058 -0.169885 0)
(0.0446366 -0.173234 0)
(0.058065 -0.116718 0)
(0.0713705 -0.0634197 0)
(0.129291 -0.0593699 0)
(0.247822 -0.105183 0)
(0.338383 -0.191034 0)
(0.48451 -0.333728 0)
(0.475778 -0.49686 0)
(0.792906 -0.841178 0)
(-0.0244611 -1.26902 0)
(0.397427 -1.17162 0)
(0.133868 0.0952745 0)
(0.143935 0.0706632 0)
(0.153432 0.0444308 0)
(0.164215 0.0164651 0)
(0.174718 -0.0148157 0)
(0.183422 -0.0521913 0)
(0.180845 -0.0920023 0)
(0.163146 -0.127574 0)
(0.143534 -0.152001 0)
(0.157704 -0.145487 0)
(0.20476 -0.122519 0)
(0.280202 -0.134549 0)
(0.35775 -0.177776 0)
(0.39758 -0.259177 0)
(0.467173 -0.397759 0)
(0.413383 -0.573191 0)
(0.614458 -0.743771 0)
(-0.161905 -1.04448 0)
(0.407653 -1.08337 0)
(0.113092 0.0859997 0)
(0.122327 0.0615047 0)
(0.13142 0.03498 0)
(0.140312 0.00684015 0)
(0.149423 -0.0249087 0)
(0.15754 -0.0598908 0)
(0.162498 -0.0925418 0)
(0.161006 -0.124837 0)
(0.162977 -0.157911 0)
(0.18568 -0.176645 0)
(0.234916 -0.180448 0)
(0.295807 -0.193116 0)
(0.344631 -0.217855 0)
(0.369239 -0.285593 0)
(0.403996 -0.414924 0)
(0.359402 -0.565856 0)
(0.4516 -0.620397 0)
(0.0491982 -0.901299 0)
(0.341106 -1.07122 0)
(0.0890038 0.0779457 0)
(0.0962405 0.0535321 0)
(0.103645 0.0272248 0)
(0.109497 -0.000576419 0)
(0.116745 -0.0317962 0)
(0.120406 -0.0658345 0)
(0.124103 -0.0952823 0)
(0.128365 -0.127281 0)
(0.133256 -0.171334 0)
(0.149711 -0.209902 0)
(0.182451 -0.226384 0)
(0.227492 -0.233985 0)
(0.261607 -0.248311 0)
(0.296434 -0.306162 0)
(0.32235 -0.433062 0)
(0.289961 -0.545643 0)
(0.345205 -0.542491 0)
(0.162233 -0.832961 0)
(0.29086 -0.872321 0)
(0.0651014 0.0719364 0)
(0.0701074 0.04782 0)
(0.0754693 0.0221363 0)
(0.078688 -0.00529221 0)
(0.0844065 -0.0349552 0)
(0.0852253 -0.0684022 0)
(0.0875417 -0.0977199 0)
(0.0961477 -0.131691 0)
(0.101965 -0.179902 0)
(0.109046 -0.225597 0)
(0.117977 -0.251897 0)
(0.149071 -0.262128 0)
(0.169849 -0.283589 0)
(0.213997 -0.33326 0)
(0.244939 -0.448144 0)
(0.190413 -0.53559 0)
(0.293716 -0.521271 0)
(0.117753 -0.799542 0)
(0.263474 -0.670326 0)
(0.0435026 0.0679084 0)
(0.0465187 0.0441194 0)
(0.0500317 0.0189246 0)
(0.0516631 -0.00855465 0)
(0.0558857 -0.0372072 0)
(0.0564155 -0.0706182 0)
(0.0590018 -0.102476 0)
(0.0678845 -0.13952 0)
(0.0725617 -0.185504 0)
(0.0748571 -0.228606 0)
(0.0710647 -0.261936 0)
(0.0925895 -0.280254 0)
(0.104425 -0.316662 0)
(0.143413 -0.361569 0)
(0.174201 -0.452499 0)
(0.10673 -0.53766 0)
(0.236804 -0.528557 0)
(0.0480387 -0.756562 0)
(0.203434 -0.51167 0)
(0.024492 0.065985 0)
(0.0259743 0.0425383 0)
(0.0280677 0.0176282 0)
(0.0290347 -0.010046 0)
(0.0319322 -0.0388413 0)
(0.0330854 -0.0725051 0)
(0.0362239 -0.106467 0)
(0.0423562 -0.145567 0)
(0.0459507 -0.188558 0)
(0.0482541 -0.228257 0)
(0.0447498 -0.265535 0)
(0.0562925 -0.292563 0)
(0.0637968 -0.33556 0)
(0.0837129 -0.380247 0)
(0.0986343 -0.450876 0)
(0.0544753 -0.536441 0)
(0.122337 -0.536177 0)
(0.0113709 -0.69266 0)
(0.0665934 -0.442339 0)
(0.00740485 0.0645791 0)
(0.00786423 0.0412633 0)
(0.00882275 0.0162873 0)
(0.00949797 -0.0117622 0)
(0.0112128 -0.0409695 0)
(0.0124983 -0.0747662 0)
(0.0147318 -0.109204 0)
(0.0171833 -0.148021 0)
(0.0181457 -0.18878 0)
(0.0182559 -0.226664 0)
(0.0170103 -0.263664 0)
(0.0191937 -0.295169 0)
(0.0218232 -0.33842 0)
(0.0263007 -0.384488 0)
(0.0286295 -0.44768 0)
(0.0170793 -0.522452 0)
(0.0196017 -0.530733 0)
(-0.00385823 -0.639384 0)
(-0.0582077 -0.494492 0)
)
;

boundaryField
{
    leftWall
    {
        type            noSlip;
    }
    rightWall
    {
        type            noSlip;
    }
    lowerWall
    {
        type            noSlip;
    }
    atmosphere
    {
        type            pressureInletOutletVelocity;
        value           nonuniform List<vector> 
46
(
(0.00265986 0.259855 0)
(0.00192569 0.256163 0)
(0.000739454 0.25583 0)
(0.00120975 0.253105 0)
(0.000450035 0.252035 0)
(0.000733017 0.249515 0)
(0.000427623 0.247363 0)
(0.000548387 0.244503 0)
(0.000507319 0.241354 0)
(0.000578124 0.237694 0)
(0.000668127 0.233508 0)
(0.000791929 0.228719 0)
(0.000961932 0.223265 0)
(0.00116458 0.21708 0)
(0.00141629 0.210107 0)
(0.00171616 0.202262 0)
(0.00206394 0.193487 0)
(0.00246595 0.183709 0)
(0.00290683 0.172886 0)
(0.00339278 0.160938 0)
(0.00394936 0.147838 0)
(0.00451054 0.13351 0)
(0.00511546 0.118057 0)
(0.00562915 0.10598 0)
(0.00603737 0.0977449 0)
(0.00639931 0.0892076 0)
(0.00679725 0.0803137 0)
(0.00740485 0.0645791 0)
(0.00786423 0.0412633 0)
(0.00882275 0.0162873 0)
(0 -0.0117622 0)
(0 -0.0409695 0)
(0 -0.0747662 0)
(0 -0.109204 0)
(0 -0.148021 0)
(0 -0.18878 0)
(0 -0.226664 0)
(0 -0.263664 0)
(0 -0.295169 0)
(0 -0.33842 0)
(0 -0.384488 0)
(0 -0.44768 0)
(0 -0.522452 0)
(0 -0.530733 0)
(0 -0.639384 0)
(0 -0.494492 0)
)
;
    }
    defaultFaces
    {
        type            empty;
    }
}


// ************************************************************************* //
