/*--------------------------------*- C++ -*----------------------------------*\
| =========                 |                                                 |
| \\      /  F ield         | OpenFOAM: The Open Source CFD Toolbox           |
|  \\    /   O peration     | Version:  5.x                                   |
|   \\  /    A nd           | Web:      www.OpenFOAM.org                      |
|    \\/     M anipulation  |                                                 |
\*---------------------------------------------------------------------------*/
FoamFile
{
    version     2.0;
    format      ascii;
    class       volVectorField;
    location    "0.35";
    object      U;
}
// * * * * * * * * * * * * * * * * * * * * * * * * * * * * * * * * * * * * * //

dimensions      [0 1 -1 0 0 0 0];

internalField   nonuniform List<vector> 
2268
(
(-0.0280974 0.00609364 0)
(-0.0237344 -0.00628007 0)
(0.0279483 -0.0147211 0)
(0.101226 -0.0179212 0)
(0.176347 -0.0170641 0)
(0.244307 -0.0144064 0)
(0.300024 -0.0115017 0)
(0.343692 -0.0090639 0)
(0.378104 -0.0072455 0)
(0.406063 -0.00591972 0)
(0.429267 -0.00484775 0)
(0.448189 -0.00378745 0)
(0.462333 -0.00244818 0)
(0.469938 -0.000508245 0)
(0.468495 0.00354572 0)
(0.448966 0.0110352 0)
(0.401933 0.0223204 0)
(0.315046 0.036494 0)
(0.178346 0.0468694 0)
(0.00392241 0.0363602 0)
(-0.142331 0.00747304 0)
(-0.247887 0.00245887 0)
(-0.100775 -0.0620789 0)
(-0.0295172 0.0180781 0)
(-0.0218251 -0.0195863 0)
(0.0305593 -0.0446576 0)
(0.104161 -0.0540118 0)
(0.179039 -0.0513849 0)
(0.246311 -0.0434531 0)
(0.301421 -0.0348238 0)
(0.344879 -0.0276046 0)
(0.37952 -0.0222324 0)
(0.408052 -0.0183127 0)
(0.432049 -0.0151333 0)
(0.451933 -0.0119546 0)
(0.467142 -0.00807209 0)
(0.476885 -0.00271913 0)
(0.479725 0.00533406 0)
(0.478898 0.0182921 0)
(0.474434 0.0383126 0)
(0.457629 0.0674988 0)
(0.404436 0.102674 0)
(0.263614 0.121697 0)
(0.0681083 0.0966895 0)
(-0.182617 0.00729357 0)
(0.0110068 -0.139496 0)
(-0.0278536 0.0294826 0)
(-0.0184064 -0.033351 0)
(0.0349124 -0.0748194 0)
(0.108293 -0.0897311 0)
(0.18194 -0.0850175 0)
(0.247294 -0.0717584 0)
(0.300689 -0.0575506 0)
(0.343172 -0.0458025 0)
(0.377669 -0.0371423 0)
(0.406722 -0.0308378 0)
(0.431676 -0.0256829 0)
(0.452743 -0.0204587 0)
(0.469324 -0.0141431 0)
(0.48014 -0.00584928 0)
(0.483729 0.00483468 0)
(0.478691 0.0192496 0)
(0.465654 0.0406547 0)
(0.44962 0.0745496 0)
(0.441638 0.126167 0)
(0.404152 0.178725 0)
(0.301291 0.189371 0)
(0.0826881 0.0681479 0)
(0.0834035 -0.13995 0)
(-0.0263022 0.039506 0)
(-0.0132546 -0.0478491 0)
(0.0410626 -0.105304 0)
(0.113784 -0.124958 0)
(0.185467 -0.117701 0)
(0.24816 -0.0991031 0)
(0.299347 -0.0796191 0)
(0.34073 -0.0637746 0)
(0.375287 -0.0522364 0)
(0.405284 -0.0438506 0)
(0.431722 -0.0369005 0)
(0.454537 -0.0297379 0)
(0.472949 -0.0210216 0)
(0.48575 -0.00973578 0)
(0.491517 0.00521357 0)
(0.488826 0.0246771 0)
(0.476778 0.0501123 0)
(0.455334 0.0838632 0)
(0.437182 0.132228 0)
(0.433507 0.195602 0)
(0.418127 0.23881 0)
(0.275372 0.143498 0)
(0.167271 -0.0646246 0)
(-0.0242296 0.0477137 0)
(-0.00656497 -0.0633996 0)
(0.048666 -0.135898 0)
(0.120183 -0.159283 0)
(0.189142 -0.148966 0)
(0.248548 -0.125133 0)
(0.297232 -0.100877 0)
(0.337564 -0.0815514 0)
(0.372479 -0.0676612 0)
(0.403841 -0.0575487 0)
(0.432207 -0.0489926 0)
(0.45718 -0.0399626 0)
(0.477807 -0.0288754 0)
(0.492849 -0.0145505 0)
(0.501036 0.00394621 0)
(0.501213 0.0276237 0)
(0.492712 0.0575844 0)
(0.474925 0.0945408 0)
(0.450117 0.139158 0)
(0.431391 0.19553 0)
(0.441875 0.253982 0)
(0.356805 0.210909 0)
(0.214804 0.0469636 0)
(-0.0213527 0.0535868 0)
(0.00147457 -0.0802052 0)
(0.0575289 -0.166446 0)
(0.127336 -0.192401 0)
(0.192915 -0.178493 0)
(0.248593 -0.149637 0)
(0.294702 -0.121293 0)
(0.33422 -0.0992665 0)
(0.369884 -0.0836496 0)
(0.403025 -0.0721988 0)
(0.433683 -0.0622196 0)
(0.461104 -0.0513794 0)
(0.484163 -0.0379328 0)
(0.501615 -0.0206441 0)
(0.512289 0.00142078 0)
(0.515219 0.0290584 0)
(0.509875 0.0630813 0)
(0.495914 0.103993 0)
(0.474175 0.150476 0)
(0.441304 0.200632 0)
(0.433929 0.261728 0)
(0.375991 0.270152 0)
(0.237338 0.186384 0)
(-0.017635 0.0566897 0)
(0.0105194 -0.0983437 0)
(0.0673086 -0.196849 0)
(0.134971 -0.224244 0)
(0.196774 -0.206269 0)
(0.248623 -0.172642 0)
(0.292395 -0.140902 0)
(0.331554 -0.116939 0)
(0.368469 -0.100185 0)
(0.403825 -0.0877354 0)
(0.437106 -0.076462 0)
(0.467223 -0.0638147 0)
(0.492908 -0.0479741 0)
(0.512904 -0.0277305 0)
(0.526079 -0.00230789 0)
(0.531574 0.028976 0)
(0.528992 0.0668731 0)
(0.517646 0.111575 0)
(0.499497 0.162648 0)
(0.465829 0.214605 0)
(0.435071 0.27734 0)
(0.378955 0.323004 0)
(0.266854 0.317616 0)
(-0.0133046 0.0568952 0)
(0.0200165 -0.117299 0)
(0.0773383 -0.227212 0)
(0.142279 -0.255091 0)
(0.200184 -0.232691 0)
(0.248567 -0.194641 0)
(0.290623 -0.160218 0)
(0.330065 -0.135013 0)
(0.368731 -0.117614 0)
(0.406603 -0.104435 0)
(0.442655 -0.0919703 0)
(0.475559 -0.0775188 0)
(0.504022 -0.0592166 0)
(0.526813 -0.0358277 0)
(0.542832 -0.0066556 0)
(0.551175 0.0282374 0)
(0.551302 0.0697544 0)
(0.542424 0.117699 0)
(0.525811 0.172625 0)
(0.497195 0.23027 0)
(0.454106 0.299138 0)
(0.393145 0.376865 0)
(0.256026 0.47499 0)
(-0.0736249 0.026043 0)
(-0.127437 0.00522783 0)
(-0.186151 0.0209166 0)
(-0.288504 0.0157465 0)
(-0.364432 0.0195099 0)
(-0.450376 0.0147538 0)
(-0.506246 0.0102127 0)
(-0.543026 0.00677776 0)
(-0.563138 0.0028212 0)
(-0.564855 -0.000665418 0)
(-0.550386 -0.00369732 0)
(-0.521993 -0.00617764 0)
(-0.482273 -0.008079 0)
(-0.43247 -0.0107028 0)
(-0.372637 -0.0135633 0)
(-0.303017 -0.0163046 0)
(-0.22432 -0.0190504 0)
(-0.137651 -0.0213319 0)
(-0.0463905 -0.0218239 0)
(-0.0650595 0.0725435 0)
(-0.110949 0.0219519 0)
(-0.18333 0.0659581 0)
(-0.28766 0.0463705 0)
(-0.365782 0.0584835 0)
(-0.455354 0.043702 0)
(-0.505988 0.0283632 0)
(-0.537187 0.0176475 0)
(-0.551613 0.00646946 0)
(-0.549886 -0.00424548 0)
(-0.532036 -0.0142243 0)
(-0.497559 -0.023018 0)
(-0.448537 -0.0298369 0)
(-0.388993 -0.036184 0)
(-0.322787 -0.0419349 0)
(-0.252991 -0.0469999 0)
(-0.181355 -0.0515078 0)
(-0.108625 -0.0554154 0)
(-0.0363258 -0.0564943 0)
(-0.0647168 0.111353 0)
(-0.0845518 0.036609 0)
(-0.169004 0.116421 0)
(-0.289821 0.0765469 0)
(-0.360989 0.0985773 0)
(-0.457108 0.0732449 0)
(-0.508707 0.0460751 0)
(-0.540944 0.0280028 0)
(-0.557726 0.00999027 0)
(-0.556512 -0.00816131 0)
(-0.538509 -0.0254669 0)
(-0.504345 -0.0408841 0)
(-0.456599 -0.0534329 0)
(-0.398146 -0.0636105 0)
(-0.331418 -0.0715066 0)
(-0.259607 -0.0776202 0)
(-0.185436 -0.0821654 0)
(-0.110562 -0.0861394 0)
(-0.0368969 -0.0864458 0)
(-0.102326 0.159545 0)
(-0.089614 0.0287206 0)
(-0.163329 0.172596 0)
(-0.302137 0.106484 0)
(-0.364466 0.140851 0)
(-0.470996 0.104068 0)
(-0.520493 0.0633019 0)
(-0.550599 0.038967 0)
(-0.567521 0.0136882 0)
(-0.566084 -0.0120478 0)
(-0.547254 -0.0365583 0)
(-0.512013 -0.0578602 0)
(-0.463779 -0.0754097 0)
(-0.405684 -0.0898952 0)
(-0.339534 -0.100939 0)
(-0.267784 -0.109054 0)
(-0.192557 -0.114532 0)
(-0.115387 -0.119039 0)
(-0.038599 -0.118804 0)
(-0.179592 0.207171 0)
(-0.068329 0.040725 0)
(-0.178564 0.258372 0)
(-0.325221 0.137976 0)
(-0.36836 0.186481 0)
(-0.491944 0.137764 0)
(-0.53741 0.0791728 0)
(-0.563204 0.0492713 0)
(-0.580675 0.0175578 0)
(-0.579016 -0.0160624 0)
(-0.558918 -0.0482175 0)
(-0.521767 -0.0757031 0)
(-0.471852 -0.0981183 0)
(-0.412442 -0.116508 0)
(-0.345338 -0.13048 0)
(-0.272895 -0.140743 0)
(-0.196859 -0.147456 0)
(-0.118395 -0.152993 0)
(-0.0396805 -0.152506 0)
(-0.242145 0.32515 0)
(0.0541309 -0.0201642 0)
(-0.107333 0.333635 0)
(-0.379135 0.147531 0)
(-0.37559 0.227584 0)
(-0.521156 0.173044 0)
(-0.559904 0.0922701 0)
(-0.57808 0.0582425 0)
(-0.596682 0.0213709 0)
(-0.595553 -0.020484 0)
(-0.573937 -0.0607027 0)
(-0.534136 -0.0945968 0)
(-0.481829 -0.121526 0)
(-0.420405 -0.143845 0)
(-0.351454 -0.160705 0)
(-0.277436 -0.172725 0)
(-0.200109 -0.180816 0)
(-0.120461 -0.187543 0)
(-0.0403874 -0.186916 0)
(-0.316842 0.235414 0)
(-0.146423 -0.0788347 0)
(-0.221602 0.438532 0)
(-0.5802 0.184446 0)
(-0.364897 0.273442 0)
(-0.550941 0.217653 0)
(-0.584911 0.0974545 0)
(-0.590452 0.06629 0)
(-0.612039 0.0300337 0)
(-0.613357 -0.0272061 0)
(-0.590979 -0.0756357 0)
(-0.548819 -0.115382 0)
(-0.493914 -0.145769 0)
(-0.430098 -0.172148 0)
(-0.358637 -0.19175 0)
(-0.282548 -0.205319 0)
(-0.203612 -0.214663 0)
(-0.122505 -0.222452 0)
(-0.0410398 -0.221641 0)
(-0.507671 0.877649 0)
(-0.602916 -0.130187 0)
(-0.548847 0.605267 0)
(-0.756911 0.227587 0)
(-0.348566 0.255624 0)
(-0.599493 0.272149 0)
(-0.632189 0.10201 0)
(-0.600276 0.0549252 0)
(-0.629231 0.0268605 0)
(-0.633409 -0.0321885 0)
(-0.605806 -0.0873436 0)
(-0.562152 -0.135365 0)
(-0.507113 -0.170774 0)
(-0.441498 -0.201447 0)
(-0.366954 -0.223829 0)
(-0.288409 -0.239235 0)
(-0.207609 -0.249896 0)
(-0.124789 -0.258757 0)
(-0.0417563 -0.257852 0)
(-0.00601732 0.0496567 0)
(0.0363802 -0.150486 0)
(0.0938035 -0.273809 0)
(0.152141 -0.299764 0)
(0.203256 -0.270273 0)
(0.247159 -0.227001 0)
(0.287871 -0.190608 0)
(0.328636 -0.165192 0)
(0.370162 -0.147754 0)
(0.411428 -0.133839 0)
(0.450888 -0.119678 0)
(0.487158 -0.102641 0)
(0.519193 -0.0810081 0)
(0.546121 -0.0534212 0)
(0.566878 -0.0183287 0)
(0.580912 0.0257646 0)
(0.587178 0.0760157 0)
(0.584553 0.132604 0)
(0.57195 0.195449 0)
(0.553143 0.26295 0)
(0.515419 0.344017 0)
(0.496449 0.433006 0)
(0.436578 0.638842 0)
(0.00579454 0.0261971 0)
(0.0650508 -0.201497 0)
(0.122708 -0.332121 0)
(0.166614 -0.351321 0)
(0.205584 -0.313315 0)
(0.243916 -0.266251 0)
(0.284257 -0.230302 0)
(0.327648 -0.206457 0)
(0.372832 -0.189519 0)
(0.417681 -0.174305 0)
(0.460317 -0.157193 0)
(0.499437 -0.136069 0)
(0.534436 -0.109941 0)
(0.565502 -0.0785175 0)
(0.593165 -0.0417175 0)
(0.614425 0.000918544 0)
(0.628504 0.0540185 0)
(0.636533 0.115991 0)
(0.635484 0.18563 0)
(0.630767 0.261208 0)
(0.615805 0.348645 0)
(0.615351 0.438271 0)
(0.614068 0.601299 0)
(0.0204492 -0.0240199 0)
(0.11612 -0.262426 0)
(0.178349 -0.374171 0)
(0.193812 -0.383207 0)
(0.211878 -0.345181 0)
(0.24503 -0.303362 0)
(0.288347 -0.273101 0)
(0.337168 -0.252846 0)
(0.387824 -0.236798 0)
(0.437658 -0.220123 0)
(0.484989 -0.19971 0)
(0.52854 -0.173723 0)
(0.567323 -0.14106 0)
(0.59952 -0.100848 0)
(0.624108 -0.0524232 0)
(0.645195 0.00476384 0)
(0.663492 0.0741036 0)
(0.675274 0.150116 0)
(0.681065 0.228904 0)
(0.684154 0.30635 0)
(0.687906 0.382405 0)
(0.695375 0.455969 0)
(0.719311 0.542322 0)
(0.0440313 -0.121425 0)
(0.200165 -0.348003 0)
(0.26767 -0.404989 0)
(0.23913 -0.396534 0)
(0.227623 -0.375268 0)
(0.257286 -0.354147 0)
(0.306579 -0.336192 0)
(0.361773 -0.321437 0)
(0.417901 -0.307566 0)
(0.473301 -0.291875 0)
(0.527988 -0.272333 0)
(0.582712 -0.247531 0)
(0.637206 -0.215756 0)
(0.692365 -0.175856 0)
(0.745853 -0.127136 0)
(0.793792 -0.0700858 0)
(0.82381 -0.0117557 0)
(0.827725 0.0530324 0)
(0.815688 0.126343 0)
(0.798713 0.207653 0)
(0.783963 0.29845 0)
(0.774435 0.396674 0)
(0.785736 0.48694 0)
(0.0831923 -0.259094 0)
(0.259228 -0.493072 0)
(0.336985 -0.433818 0)
(0.265345 -0.363411 0)
(0.221155 -0.37289 0)
(0.240722 -0.390451 0)
(0.280002 -0.387483 0)
(0.319016 -0.373393 0)
(0.354762 -0.355385 0)
(0.386071 -0.334563 0)
(0.412001 -0.310181 0)
(0.423752 -0.277433 0)
(0.38777 -0.236249 0)
(0.463204 -0.204575 0)
(0.556121 -0.154526 0)
(0.643625 -0.0840038 0)
(0.914331 0.0451182 0)
(0.998422 0.146362 0)
(1.00057 0.233304 0)
(0.974371 0.301119 0)
(0.944022 0.3563 0)
(0.915468 0.405393 0)
(0.897245 0.447077 0)
(0.0796619 -0.478517 0)
(0.184386 -0.663251 0)
(0.245555 -0.395093 0)
(0.137451 -0.260833 0)
(0.0899413 -0.312966 0)
(0.0744082 -0.369649 0)
(0.0570621 -0.371451 0)
(0.0369905 -0.3511 0)
(0.0189499 -0.326825 0)
(0.00873654 -0.301161 0)
(0.0222979 -0.270335 0)
(0.0761612 -0.224606 0)
(0.151558 -0.21299 0)
(0.207166 -0.225104 0)
(0.264117 -0.262906 0)
(0.383414 -0.293377 0)
(0.5593 -0.249733 0)
(0.809725 0.0366524 0)
(1.00549 0.270048 0)
(1.06134 0.373521 0)
(1.02961 0.438207 0)
(0.965675 0.475959 0)
(0.954259 0.503306 0)
(-0.0508346 -0.616937 0)
(-0.140132 -0.363074 0)
(-0.124265 -0.26981 0)
(-0.049317 -0.314029 0)
(0.00199496 -0.339932 0)
(0.00823442 -0.357089 0)
(-0.00406288 -0.354522 0)
(-0.0161682 -0.34181 0)
(-0.0208888 -0.332333 0)
(-0.0119622 -0.337068 0)
(0.0202083 -0.356085 0)
(0.0659086 -0.368442 0)
(0.116421 -0.344635 0)
(0.133918 -0.317634 0)
(0.18179 -0.387192 0)
(0.338215 -0.490897 0)
(0.525613 -0.482241 0)
(0.738735 -0.33701 0)
(0.981155 -0.047909 0)
(1.19441 0.271473 0)
(1.26588 0.497246 0)
(1.18921 0.613667 0)
(1.06427 0.567079 0)
(-0.087106 -0.378599 0)
(-0.127258 -0.511797 0)
(-0.0918021 -0.474999 0)
(-0.0383691 -0.391213 0)
(-0.0202876 -0.367422 0)
(-0.00787016 -0.36401 0)
(-0.00682047 -0.359006 0)
(-0.00676583 -0.350744 0)
(-0.00261434 -0.350768 0)
(0.00739368 -0.367331 0)
(0.0294907 -0.392472 0)
(0.042928 -0.403169 0)
(0.0711206 -0.350332 0)
(0.0712291 -0.319367 0)
(0.156759 -0.524463 0)
(0.276232 -0.664074 0)
(0.375337 -0.651869 0)
(0.502809 -0.528438 0)
(0.691684 -0.299514 0)
(0.918956 0.0286937 0)
(1.03633 0.384688 0)
(1.09646 0.634062 0)
(1.06339 0.674854 0)
(-0.0415902 -0.325977 0)
(-0.0369724 -0.525204 0)
(-0.035653 -0.449129 0)
(-0.0241964 -0.404893 0)
(-0.0117094 -0.381577 0)
(0.000804173 -0.373298 0)
(0.00843581 -0.362916 0)
(0.0140747 -0.352201 0)
(0.0194753 -0.35221 0)
(0.0234827 -0.369332 0)
(0.0296915 -0.394182 0)
(0.0215051 -0.409598 0)
(0.0434723 -0.361501 0)
(0.0766462 -0.368552 0)
(0.138503 -0.597722 0)
(0.103077 -0.697576 0)
(0.0951961 -0.688085 0)
(0.118746 -0.585345 0)
(0.151432 -0.366384 0)
(0.237655 -0.0516504 0)
(0.438133 0.2705 0)
(0.635715 0.518177 0)
(0.762409 0.637313 0)
(-0.0046689 -0.301252 0)
(-0.0121006 -0.502588 0)
(-0.0189109 -0.453307 0)
(-0.0102849 -0.410695 0)
(-0.000572408 -0.392685 0)
(0.0108318 -0.383092 0)
(0.0209734 -0.370836 0)
(0.0308374 -0.358434 0)
(0.0394622 -0.356099 0)
(0.0438604 -0.369491 0)
(0.0437993 -0.391273 0)
(0.0336635 -0.410568 0)
(0.0485667 -0.391161 0)
(0.0978741 -0.411758 0)
(0.0784293 -0.510641 0)
(0.018345 -0.627338 0)
(-0.0463772 -0.648203 0)
(-0.133512 -0.545552 0)
(-0.191601 -0.362441 0)
(-0.157655 -0.142587 0)
(-0.0731675 0.0940055 0)
(0.118024 0.366198 0)
(0.283979 0.563076 0)
(0.00652065 -0.299974 0)
(0.00104151 -0.501717 0)
(-0.00441167 -0.455371 0)
(0.00145535 -0.418811 0)
(0.0107272 -0.40345 0)
(0.0214675 -0.393815 0)
(0.0332977 -0.3821 0)
(0.04691 -0.369738 0)
(0.0605768 -0.364275 0)
(0.0704574 -0.371075 0)
(0.0737097 -0.387474 0)
(0.0712321 -0.40695 0)
(0.0775688 -0.414595 0)
(0.10024 -0.42513 0)
(0.103353 -0.483284 0)
(0.0493145 -0.545005 0)
(-0.0498464 -0.557569 0)
(-0.0906226 -0.514282 0)
(-0.0799306 -0.405904 0)
(-0.0632525 -0.221694 0)
(0.0300376 -0.0389301 0)
(0.0699071 0.163808 0)
(0.261319 0.256816 0)
(0.00953046 -0.307833 0)
(0.00945044 -0.497556 0)
(0.0058696 -0.456247 0)
(0.0115028 -0.425332 0)
(0.0205381 -0.413427 0)
(0.0312145 -0.405286 0)
(0.0439142 -0.395624 0)
(0.0594356 -0.385084 0)
(0.0766743 -0.378436 0)
(0.0921354 -0.380511 0)
(0.1024 -0.391794 0)
(0.10787 -0.408185 0)
(0.110713 -0.424326 0)
(0.118148 -0.443546 0)
(0.116975 -0.471255 0)
(0.0882537 -0.496058 0)
(0.0294603 -0.501917 0)
(-0.0381757 -0.482268 0)
(-0.046853 -0.41692 0)
(-0.0129434 -0.281324 0)
(0.0644674 -0.111855 0)
(0.178957 0.0297154 0)
(0.278096 0.137714 0)
(0.0101179 -0.318587 0)
(0.0136167 -0.497387 0)
(0.012898 -0.458818 0)
(0.0191618 -0.43245 0)
(0.0283447 -0.423263 0)
(0.0390333 -0.416999 0)
(0.0516553 -0.409867 0)
(0.0669778 -0.402179 0)
(0.0847008 -0.396536 0)
(0.102415 -0.396379 0)
(0.116934 -0.403069 0)
(0.126489 -0.414441 0)
(0.130967 -0.427632 0)
(0.129713 -0.441262 0)
(0.120017 -0.454027 0)
(0.0968988 -0.458669 0)
(0.0616121 -0.447777 0)
(0.0130349 -0.424677 0)
(-0.0506761 -0.370411 0)
(-0.0921421 -0.264326 0)
(-0.0884585 -0.144147 0)
(-0.0396046 -0.0183071 0)
(0.0495923 0.0821361 0)
(0.00960823 -0.33112 0)
(0.0155891 -0.499873 0)
(0.0177426 -0.463096 0)
(0.0248587 -0.440325 0)
(0.0343663 -0.433289 0)
(0.0450887 -0.428598 0)
(0.0572413 -0.423461 0)
(0.0712751 -0.418244 0)
(0.0872122 -0.414223 0)
(0.103707 -0.413271 0)
(0.118261 -0.416438 0)
(0.128689 -0.422709 0)
(0.133747 -0.430026 0)
(0.132435 -0.436137 0)
(0.124103 -0.439223 0)
(0.108646 -0.435531 0)
(0.0876069 -0.419878 0)
(0.0634506 -0.389407 0)
(0.0401356 -0.341924 0)
(0.0284707 -0.273209 0)
(0.0401866 -0.192571 0)
(0.0780417 -0.107926 0)
(0.141059 -0.0336106 0)
(0.00881555 -0.344082 0)
(0.0165537 -0.504508 0)
(0.0211102 -0.468986 0)
(0.0291236 -0.448927 0)
(0.0389903 -0.443493 0)
(0.0497814 -0.439971 0)
(0.061547 -0.436093 0)
(0.0743783 -0.432357 0)
(0.0882198 -0.429432 0)
(0.102362 -0.428086 0)
(0.115247 -0.428754 0)
(0.125176 -0.430894 0)
(0.130978 -0.433109 0)
(0.132226 -0.433662 0)
(0.128929 -0.430792 0)
(0.121322 -0.421867 0)
(0.110771 -0.403733 0)
(0.100411 -0.37419 0)
(0.0943521 -0.331286 0)
(0.0980649 -0.274441 0)
(0.116935 -0.209456 0)
(0.15298 -0.142535 0)
(0.205246 -0.0808582 0)
(0.00815149 -0.356964 0)
(0.0170974 -0.511035 0)
(0.0235095 -0.476247 0)
(0.0323238 -0.458202 0)
(0.0425517 -0.45395 0)
(0.0534798 -0.451273 0)
(0.06509 -0.448154 0)
(0.0772994 -0.445117 0)
(0.0899061 -0.442592 0)
(0.10247 -0.440817 0)
(0.114164 -0.439815 0)
(0.123979 -0.439189 0)
(0.131177 -0.438038 0)
(0.135538 -0.435006 0)
(0.137172 -0.428534 0)
(0.136593 -0.416837 0)
(0.135165 -0.398026 0)
(0.135181 -0.370634 0)
(0.139752 -0.334139 0)
(0.152371 -0.289369 0)
(0.176101 -0.239485 0)
(0.211969 -0.188149 0)
(0.25923 -0.138983 0)
(0.00770118 -0.369775 0)
(0.0174736 -0.518988 0)
(0.0252477 -0.484573 0)
(0.0347545 -0.468059 0)
(0.0453369 -0.464693 0)
(0.0564535 -0.462644 0)
(0.0680782 -0.460055 0)
(0.0801194 -0.457378 0)
(0.0923476 -0.45492 0)
(0.104441 -0.452741 0)
(0.11596 -0.450705 0)
(0.126394 -0.448442 0)
(0.135341 -0.445266 0)
(0.142695 -0.44019 0)
(0.148724 -0.432052 0)
(0.154089 -0.419618 0)
(0.1599 -0.401669 0)
(0.167812 -0.377348 0)
(0.179963 -0.34652 0)
(0.198541 -0.309981 0)
(0.225453 -0.269779 0)
(0.261275 -0.228229 0)
(0.30565 -0.187319 0)
(0.00744778 -0.38254 0)
(0.0177994 -0.527994 0)
(0.0265322 -0.493722 0)
(0.0366218 -0.478423 0)
(0.0475431 -0.475733 0)
(0.0588792 -0.474161 0)
(0.0706116 -0.471999 0)
(0.0826965 -0.469612 0)
(0.0949757 -0.46721 0)
(0.107222 -0.464782 0)
(0.119175 -0.462161 0)
(0.130582 -0.459003 0)
(0.141273 -0.45477 0)
(0.15128 -0.448748 0)
(0.160914 -0.440093 0)
(0.170765 -0.427912 0)
(0.181772 -0.411403 0)
(0.195201 -0.390095 0)
(0.21258 -0.364087 0)
(0.235347 -0.334155 0)
(0.264778 -0.301746 0)
(0.301168 -0.268192 0)
(0.344352 -0.234285 0)
(0.00735013 -0.395349 0)
(0.0181187 -0.537744 0)
(0.0274964 -0.503493 0)
(0.038065 -0.48922 0)
(0.0493002 -0.487067 0)
(0.0608739 -0.485869 0)
(0.0727765 -0.48407 0)
(0.0850068 -0.48198 0)
(0.0974899 -0.47973 0)
(0.110095 -0.477265 0)
(0.122681 -0.474417 0)
(0.135139 -0.470899 0)
(0.147446 -0.466296 0)
(0.159723 -0.460086 0)
(0.172284 -0.451661 0)
(0.185674 -0.440416 0)
(0.200683 -0.425845 0)
(0.218298 -0.407709 0)
(0.239638 -0.386168 0)
(0.265662 -0.361817 0)
(0.297264 -0.33564 0)
(0.334534 -0.308339 0)
(0.37749 -0.280052 0)
(0.00736204 -0.40828 0)
(0.0184342 -0.547991 0)
(0.0282215 -0.513729 0)
(0.0391773 -0.50038 0)
(0.0506916 -0.498682 0)
(0.0625029 -0.497798 0)
(0.0746167 -0.496331 0)
(0.0870617 -0.494558 0)
(0.0998216 -0.492564 0)
(0.112849 -0.490268 0)
(0.126102 -0.487513 0)
(0.139572 -0.484066 0)
(0.153321 -0.479616 0)
(0.167523 -0.473787 0)
(0.182498 -0.466159 0)
(0.198729 -0.456324 0)
(0.21687 -0.44396 0)
(0.237684 -0.428938 0)
(0.262004 -0.41141 0)
(0.290497 -0.391832 0)
(0.323858 -0.370907 0)
(0.362079 -0.348941 0)
(0.405362 -0.325669 0)
(0.00744942 -0.421393 0)
(0.018733 -0.558541 0)
(0.0287499 -0.524304 0)
(0.0400119 -0.511837 0)
(0.0517602 -0.510548 0)
(0.0637892 -0.509957 0)
(0.0761239 -0.508824 0)
(0.0888179 -0.507405 0)
(0.101894 -0.505762 0)
(0.115364 -0.503811 0)
(0.129256 -0.50141 0)
(0.143633 -0.498374 0)
(0.158615 -0.494475 0)
(0.174402 -0.489445 0)
(0.191303 -0.483001 0)
(0.209741 -0.474872 0)
(0.230262 -0.464853 0)
(0.253474 -0.452878 0)
(0.28003 -0.439079 0)
(0.31043 -0.423808 0)
(0.345266 -0.407561 0)
(0.384481 -0.390371 0)
(0.428458 -0.371744 0)
(0.0075838 -0.434719 0)
(0.0189925 -0.569237 0)
(0.0290976 -0.53511 0)
(0.0405925 -0.523526 0)
(0.0525221 -0.522623 0)
(0.0647302 -0.522323 0)
(0.0772636 -0.521546 0)
(0.0901955 -0.520534 0)
(0.103578 -0.519335 0)
(0.117462 -0.51787 0)
(0.131922 -0.516024 0)
(0.147068 -0.513654 0)
(0.163051 -0.510591 0)
(0.180086 -0.506654 0)
(0.198466 -0.501656 0)
(0.21857 -0.495425 0)
(0.240862 -0.487833 0)
(0.265846 -0.47885 0)
(0.294063 -0.468588 0)
(0.325918 -0.45732 0)
(0.361955 -0.445408 0)
(0.402097 -0.432697 0)
(0.446925 -0.418593 0)
(0.00773607 -0.448261 0)
(0.0191858 -0.579943 0)
(0.0292681 -0.546059 0)
(0.0409264 -0.535379 0)
(0.0529768 -0.534853 0)
(0.0653106 -0.534854 0)
(0.0779962 -0.534461 0)
(0.0911193 -0.53391 0)
(0.104754 -0.533237 0)
(0.118981 -0.532376 0)
(0.133902 -0.531235 0)
(0.149653 -0.529711 0)
(0.166403 -0.527687 0)
(0.184372 -0.525042 0)
(0.203836 -0.521663 0)
(0.225139 -0.517448 0)
(0.248689 -0.512327 0)
(0.274924 -0.506295 0)
(0.30431 -0.499446 0)
(0.337208 -0.492007 0)
(0.374144 -0.484254 0)
(0.415057 -0.475917 0)
(0.460736 -0.466371 0)
(0.00787508 -0.461993 0)
(0.0192884 -0.590551 0)
(0.0292669 -0.557078 0)
(0.0410179 -0.54733 0)
(0.05312 -0.547176 0)
(0.0655144 -0.547491 0)
(0.0782873 -0.547513 0)
(0.0915321 -0.547469 0)
(0.105339 -0.547389 0)
(0.119806 -0.547221 0)
(0.135056 -0.546898 0)
(0.151235 -0.546348 0)
(0.168521 -0.545497 0)
(0.18713 -0.544272 0)
(0.207323 -0.542616 0)
(0.229417 -0.540483 0)
(0.253777 -0.537847 0)
(0.280799 -0.534726 0)
(0.310907 -0.531208 0)
(0.344442 -0.527496 0)
(0.38193 -0.523822 0)
(0.423356 -0.519863 0)
(0.469716 -0.515004 0)
(0.00797088 -0.475855 0)
(0.0192873 -0.600979 0)
(0.0291118 -0.5681 0)
(0.0408791 -0.559305 0)
(0.0529545 -0.55952 0)
(0.0653344 -0.560162 0)
(0.0781145 -0.560626 0)
(0.0913941 -0.561127 0)
(0.105273 -0.561691 0)
(0.119862 -0.562281 0)
(0.135291 -0.562853 0)
(0.151714 -0.56336 0)
(0.169308 -0.563765 0)
(0.188281 -0.564034 0)
(0.208881 -0.564153 0)
(0.231398 -0.564122 0)
(0.256164 -0.563957 0)
(0.283547 -0.563698 0)
(0.313943 -0.563439 0)
(0.347696 -0.563385 0)
(0.385332 -0.563761 0)
(0.42691 -0.564246 0)
(0.47361 -0.564249 0)
(0.00800455 -0.489761 0)
(0.0191905 -0.611184 0)
(0.0288342 -0.579063 0)
(0.0405334 -0.57122 0)
(0.0524972 -0.571797 0)
(0.0647796 -0.57278 0)
(0.077475 -0.573708 0)
(0.0906894 -0.574781 0)
(0.104527 -0.576024 0)
(0.119105 -0.577414 0)
(0.134556 -0.578926 0)
(0.151034 -0.580538 0)
(0.168711 -0.58224 0)
(0.187786 -0.584031 0)
(0.208491 -0.585934 0)
(0.231092 -0.587987 0)
(0.255891 -0.590245 0)
(0.283232 -0.592779 0)
(0.313488 -0.595702 0)
(0.347014 -0.599234 0)
(0.384332 -0.603633 0)
(0.425592 -0.608635 0)
(0.472113 -0.613676 0)
(0.00798123 -0.503627 0)
(0.0190265 -0.621157 0)
(0.0284679 -0.589906 0)
(0.0400094 -0.582989 0)
(0.0517734 -0.583919 0)
(0.0638715 -0.585253 0)
(0.0763853 -0.586659 0)
(0.0894279 -0.588319 0)
(0.103103 -0.590259 0)
(0.11753 -0.592469 0)
(0.132841 -0.594941 0)
(0.149183 -0.597673 0)
(0.166723 -0.600678 0)
(0.185649 -0.603984 0)
(0.206173 -0.607641 0)
(0.228538 -0.611724 0)
(0.253018 -0.616325 0)
(0.279928 -0.62155 0)
(0.309619 -0.62754 0)
(0.34245 -0.63455 0)
(0.378923 -0.642898 0)
(0.419279 -0.652433 0)
(0.464916 -0.662618 0)
(0.00793435 -0.517401 0)
(0.0188314 -0.630908 0)
(0.0280282 -0.600568 0)
(0.0393252 -0.594529 0)
(0.0508016 -0.595804 0)
(0.0626307 -0.597496 0)
(0.0748682 -0.599382 0)
(0.0876348 -0.601631 0)
(0.101029 -0.604269 0)
(0.115168 -0.607298 0)
(0.130179 -0.610724 0)
(0.146202 -0.614565 0)
(0.163394 -0.618851 0)
(0.181929 -0.623634 0)
(0.202003 -0.628987 0)
(0.223832 -0.635014 0)
(0.24766 -0.641839 0)
(0.27377 -0.649608 0)
(0.302478 -0.658501 0)
(0.334133 -0.66881 0)
(0.369192 -0.680939 0)
(0.407959 -0.694897 0)
(0.451833 -0.710176 0)
(0.0079119 -0.531071 0)
(0.0186274 -0.640429 0)
(0.0274947 -0.610972 0)
(0.0384743 -0.605763 0)
(0.0495776 -0.607377 0)
(0.0610608 -0.60943 0)
(0.0729367 -0.611789 0)
(0.0853335 -0.614614 0)
(0.0983408 -0.617933 0)
(0.112069 -0.62176 0)
(0.126637 -0.626115 0)
(0.142177 -0.631028 0)
(0.158832 -0.636548 0)
(0.176764 -0.642744 0)
(0.196145 -0.649707 0)
(0.217168 -0.65756 0)
(0.240045 -0.666456 0)
(0.265015 -0.676577 0)
(0.29235 -0.688143 0)
(0.322367 -0.701488 0)
(0.355445 -0.717107 0)
(0.391905 -0.735207 0)
(0.433053 -0.755318 0)
(0.00795084 -0.544637 0)
(0.0184072 -0.649643 0)
(0.0268138 -0.621013 0)
(0.0374224 -0.616605 0)
(0.0480739 -0.618551 0)
(0.0591425 -0.620962 0)
(0.0705839 -0.62378 0)
(0.0825316 -0.62716 0)
(0.0950649 -0.631133 0)
(0.108284 -0.635723 0)
(0.122297 -0.640962 0)
(0.137225 -0.646893 0)
(0.153197 -0.653577 0)
(0.170356 -0.661095 0)
(0.188855 -0.669552 0)
(0.208858 -0.679082 0)
(0.230539 -0.68986 0)
(0.254092 -0.702098 0)
(0.279731 -0.716048 0)
(0.307715 -0.732078 0)
(0.338326 -0.750767 0)
(0.371842 -0.772537 0)
(0.409368 -0.796985 0)
(0.00806055 -0.558101 0)
(0.0181357 -0.658396 0)
(0.0259177 -0.630571 0)
(0.0361192 -0.626964 0)
(0.0462466 -0.629237 0)
(0.0568366 -0.632001 0)
(0.0677782 -0.635264 0)
(0.0792091 -0.639176 0)
(0.0911991 -0.643771 0)
(0.103836 -0.649082 0)
(0.117217 -0.655149 0)
(0.131447 -0.662027 0)
(0.146641 -0.669784 0)
(0.162922 -0.67851 0)
(0.180416 -0.688319 0)
(0.199261 -0.699353 0)
(0.219589 -0.711798 0)
(0.241546 -0.725881 0)
(0.265282 -0.741878 0)
(0.290987 -0.760169 0)
(0.318822 -0.78139 0)
(0.348968 -0.806164 0)
(0.382218 -0.834206 0)
(0.00823034 -0.571492 0)
(0.0177678 -0.666523 0)
(0.0247428 -0.639584 0)
(0.0345115 -0.636796 0)
(0.0440411 -0.639389 0)
(0.0540845 -0.6425 0)
(0.0644574 -0.646197 0)
(0.0753033 -0.65062 0)
(0.0866844 -0.655806 0)
(0.0986768 -0.661794 0)
(0.111366 -0.66863 0)
(0.124842 -0.676375 0)
(0.139201 -0.685106 0)
(0.154545 -0.694917 0)
(0.170977 -0.705928 0)
(0.1886 -0.718284 0)
(0.207513 -0.732172 0)
(0.227815 -0.747819 0)
(0.249598 -0.765504 0)
(0.272977 -0.785601 0)
(0.297987 -0.808752 0)
(0.324673 -0.835715 0)
(0.353416 -0.866369 0)
(0.008449 -0.584858 0)
(0.017265 -0.673865 0)
(0.0232336 -0.648037 0)
(0.0325449 -0.646098 0)
(0.0413876 -0.649 0)
(0.050801 -0.652452 0)
(0.0605186 -0.656573 0)
(0.0706935 -0.661487 0)
(0.0813822 -0.667233 0)
(0.0926507 -0.673855 0)
(0.104573 -0.681404 0)
(0.117225 -0.689946 0)
(0.130686 -0.699561 0)
(0.145038 -0.710348 0)
(0.160363 -0.722426 0)
(0.176739 -0.735936 0)
(0.194235 -0.751058 0)
(0.212914 -0.768007 0)
(0.232823 -0.787052 0)
(0.254008 -0.808536 0)
(0.276401 -0.833053 0)
(0.299908 -0.861371 0)
(0.324476 -0.893537 0)
(0.00870789 -0.59815 0)
(0.0165979 -0.680171 0)
(0.0213423 -0.655835 0)
(0.0301635 -0.654787 0)
(0.0382053 -0.657969 0)
(0.0468816 -0.661752 0)
(0.0558311 -0.66628 0)
(0.0652178 -0.671663 0)
(0.0750933 -0.677941 0)
(0.0855142 -0.68516 0)
(0.0965451 -0.693376 0)
(0.108249 -0.702657 0)
(0.120694 -0.713085 0)
(0.133949 -0.724758 0)
(0.148082 -0.737789 0)
(0.163153 -0.752315 0)
(0.17921 -0.768501 0)
(0.196296 -0.78655 0)
(0.21443 -0.806706 0)
(0.233611 -0.829268 0)
(0.253705 -0.854722 0)
(0.27454 -0.883727 0)
(0.295725 -0.91644 0)
(0.00897503 -0.611153 0)
(0.0157388 -0.685052 0)
(0.0190507 -0.662729 0)
(0.0273298 -0.662611 0)
(0.0344417 -0.666027 0)
(0.0422515 -0.670123 0)
(0.0502996 -0.675035 0)
(0.0587518 -0.680859 0)
(0.0676573 -0.687636 0)
(0.0770641 -0.695413 0)
(0.0870273 -0.704246 0)
(0.0976025 -0.714207 0)
(0.108849 -0.725377 0)
(0.120832 -0.73785 0)
(0.133611 -0.751736 0)
(0.14723 -0.767164 0)
(0.161731 -0.784291 0)
(0.177151 -0.803301 0)
(0.1935 -0.824406 0)
(0.210751 -0.847851 0)
(0.228754 -0.873998 0)
(0.247338 -0.90331 0)
(0.265968 -0.935984 0)
(0.00916043 -0.62369 0)
(0.0146567 -0.688215 0)
(0.0164136 -0.668538 0)
(0.0240644 -0.669359 0)
(0.0301322 -0.672961 0)
(0.0369428 -0.677345 0)
(0.0439587 -0.682609 0)
(0.0513314 -0.688832 0)
(0.0591088 -0.696058 0)
(0.0673301 -0.704332 0)
(0.0760415 -0.713716 0)
(0.0852919 -0.724279 0)
(0.0951369 -0.736105 0)
(0.105638 -0.749285 0)
(0.116844 -0.76393 0)
(0.128793 -0.780163 0)
(0.141526 -0.79813 0)
(0.155083 -0.817993 0)
(0.169476 -0.839932 0)
(0.184663 -0.864145 0)
(0.200517 -0.890878 0)
(0.216929 -0.920396 0)
(0.233387 -0.95288 0)
(0.00910803 -0.635924 0)
(0.0133145 -0.689901 0)
(0.0135747 -0.673549 0)
(0.0204626 -0.675262 0)
(0.0254252 -0.679016 0)
(0.0311367 -0.683652 0)
(0.0370285 -0.689224 0)
(0.0432193 -0.695792 0)
(0.0497533 -0.703404 0)
(0.0566624 -0.71211 0)
(0.0639845 -0.72197 0)
(0.0717616 -0.733055 0)
(0.0800438 -0.745452 0)
(0.0888859 -0.759255 0)
(0.0983283 -0.774571 0)
(0.108403 -0.79152 0)
(0.119149 -0.810235 0)
(0.130612 -0.830859 0)
(0.142795 -0.853549 0)
(0.155649 -0.878462 0)
(0.169092 -0.905757 0)
(0.183081 -0.935554 0)
(0.197215 -0.968005 0)
(0.00862418 -0.648161 0)
(0.0116595 -0.690834 0)
(0.0107224 -0.678388 0)
(0.0166625 -0.680868 0)
(0.0205384 -0.684753 0)
(0.0251107 -0.689602 0)
(0.0298401 -0.695437 0)
(0.0348044 -0.702304 0)
(0.0400425 -0.710254 0)
(0.0455835 -0.719334 0)
(0.0514571 -0.729605 0)
(0.0576957 -0.741145 0)
(0.0643428 -0.754043 0)
(0.0714454 -0.768393 0)
(0.0790332 -0.784299 0)
(0.0871283 -0.801876 0)
(0.0957654 -0.821251 0)
(0.104982 -0.842549 0)
(0.114771 -0.865903 0)
(0.125086 -0.891444 0)
(0.135888 -0.919275 0)
(0.147157 -0.949463 0)
(0.158628 -0.982112 0)
(0.00753881 -0.658989 0)
(0.00962813 -0.690381 0)
(0.00801777 -0.682102 0)
(0.0127956 -0.685139 0)
(0.0156644 -0.689138 0)
(0.0191011 -0.694156 0)
(0.0226647 -0.700201 0)
(0.0264033 -0.707311 0)
(0.0303555 -0.715524 0)
(0.0345446 -0.724889 0)
(0.0389845 -0.735473 0)
(0.0436971 -0.747363 0)
(0.0487245 -0.760647 0)
(0.0541069 -0.775414 0)
(0.0598578 -0.791767 0)
(0.0659852 -0.809819 0)
(0.0725211 -0.829686 0)
(0.079496 -0.851476 0)
(0.0868886 -0.875306 0)
(0.0946601 -0.901296 0)
(0.102791 -0.929529 0)
(0.111268 -0.960063 0)
(0.11994 -0.992958 0)
(0.00583366 -0.664129 0)
(0.00722713 -0.685279 0)
(0.00554637 -0.680931 0)
(0.00896354 -0.684282 0)
(0.0109176 -0.688378 0)
(0.0132566 -0.693499 0)
(0.015691 -0.699661 0)
(0.0182538 -0.706891 0)
(0.0209793 -0.715231 0)
(0.0238784 -0.724732 0)
(0.026948 -0.735472 0)
(0.0302025 -0.747538 0)
(0.0336832 -0.761018 0)
(0.0374233 -0.775995 0)
(0.041424 -0.79257 0)
(0.0456843 -0.810855 0)
(0.0502295 -0.83096 0)
(0.0550799 -0.852984 0)
(0.0602105 -0.877039 0)
(0.0655926 -0.90323 0)
(0.0712163 -0.931638 0)
(0.0770741 -0.962315 0)
(0.0830645 -0.995329 0)
(0.00373692 -0.665683 0)
(0.00459234 -0.678792 0)
(0.00329282 -0.677639 0)
(0.00527823 -0.681134 0)
(0.00640964 -0.685332 0)
(0.00775146 -0.690527 0)
(0.00915911 -0.696752 0)
(0.0106458 -0.70405 0)
(0.0122297 -0.712466 0)
(0.0139185 -0.722058 0)
(0.0157121 -0.732901 0)
(0.0176187 -0.745085 0)
(0.0196605 -0.758697 0)
(0.0218579 -0.77382 0)
(0.0242152 -0.790551 0)
(0.0267308 -0.809004 0)
(0.0294107 -0.829289 0)
(0.0322637 -0.851502 0)
(0.0352852 -0.875743 0)
(0.0384608 -0.902109 0)
(0.0417766 -0.930677 0)
(0.0452061 -0.9615 0)
(0.0486774 -0.994625 0)
(0.00142913 -0.677381 0)
(0.00173727 -0.685945 0)
(0.00113252 -0.686718 0)
(0.00178908 -0.690302 0)
(0.00217586 -0.694622 0)
(0.00262938 -0.699928 0)
(0.00310547 -0.706281 0)
(0.0036032 -0.713736 0)
(0.00412702 -0.722337 0)
(0.00468567 -0.732133 0)
(0.00528642 -0.743195 0)
(0.00593108 -0.755617 0)
(0.00661888 -0.76949 0)
(0.0073525 -0.784896 0)
(0.00813802 -0.801926 0)
(0.00897878 -0.820685 0)
(0.00987372 -0.841282 0)
(0.0108214 -0.863812 0)
(0.0118208 -0.888362 0)
(0.0128657 -0.915021 0)
(0.013947 -0.943857 0)
(0.0150565 -0.974908 0)
(0.0161693 -1.00818 0)
(0.309369 0.574034 0)
(-0.0486467 0.394909 0)
(-0.294035 0.19586 0)
(-0.528348 0.202838 0)
(0.655088 0.741593 0)
(0.579889 0.76858 0)
(0.458877 0.711762 0)
(0.344936 0.676033 0)
(0.77654 0.635589 0)
(0.832563 0.706858 0)
(0.86926 0.752656 0)
(0.879933 0.776873 0)
(0.814588 0.547706 0)
(0.854601 0.586884 0)
(0.906154 0.623945 0)
(0.959844 0.656333 0)
(0.894699 0.472192 0)
(0.9027 0.486364 0)
(0.92072 0.499015 0)
(0.946335 0.513439 0)
(0.951557 0.514625 0)
(0.952789 0.516843 0)
(0.958078 0.512247 0)
(0.967147 0.504734 0)
(0.987024 0.542398 0)
(0.954265 0.539034 0)
(0.928302 0.53527 0)
(0.90092 0.526082 0)
(1.00868 0.658328 0)
(0.965354 0.632023 0)
(0.926469 0.600179 0)
(0.894277 0.563616 0)
(0.815623 0.669968 0)
(0.825821 0.662915 0)
(0.825895 0.643426 0)
(0.820033 0.616793 0)
(0.39304 0.644063 0)
(0.463784 0.665723 0)
(0.535842 0.667034 0)
(0.602665 0.668202 0)
(0.458416 0.270529 0)
(0.559596 0.282312 0)
(0.650486 0.290649 0)
(0.738465 0.289086 0)
(0.32828 0.217614 0)
(0.366469 0.260007 0)
(0.406698 0.284963 0)
(0.444301 0.287185 0)
(0.119951 0.135754 0)
(0.170367 0.156624 0)
(0.219671 0.170132 0)
(0.266926 0.179547 0)
(0.19755 0.016671 0)
(0.236455 0.0438082 0)
(0.275256 0.066023 0)
(0.313426 0.084297 0)
(0.251291 -0.0416709 0)
(0.282771 -0.0198533 0)
(0.314869 -0.000788622 0)
(0.347725 0.0161373 0)
(0.29997 -0.106107 0)
(0.327943 -0.0865345 0)
(0.356697 -0.0681571 0)
(0.386208 -0.051046 0)
(0.343153 -0.15933 0)
(0.368641 -0.142081 0)
(0.394945 -0.125459 0)
(0.422155 -0.109646 0)
(0.380287 -0.210736 0)
(0.404571 -0.195757 0)
(0.429688 -0.18091 0)
(0.455775 -0.1665 0)
(0.412795 -0.260189 0)
(0.43652 -0.247233 0)
(0.461048 -0.234138 0)
(0.486559 -0.221237 0)
(0.440641 -0.309232 0)
(0.464284 -0.298255 0)
(0.488731 -0.286953 0)
(0.514166 -0.275618 0)
(0.464116 -0.35856 0)
(0.487985 -0.349513 0)
(0.512689 -0.339998 0)
(0.538334 -0.330231 0)
(0.483171 -0.408644 0)
(0.507446 -0.401559 0)
(0.532643 -0.393885 0)
(0.558674 -0.385775 0)
(0.497616 -0.459738 0)
(0.522371 -0.4547 0)
(0.548162 -0.448979 0)
(0.574701 -0.442749 0)
(0.507115 -0.511835 0)
(0.532323 -0.508974 0)
(0.558658 -0.505396 0)
(0.585793 -0.501361 0)
(0.511265 -0.564725 0)
(0.536797 -0.564203 0)
(0.563515 -0.563037 0)
(0.591279 -0.561576 0)
(0.509612 -0.617993 0)
(0.535212 -0.620014 0)
(0.562083 -0.621618 0)
(0.590334 -0.62324 0)
(0.501675 -0.670941 0)
(0.526938 -0.675736 0)
(0.553622 -0.680509 0)
(0.581901 -0.685883 0)
(0.487101 -0.722559 0)
(0.511479 -0.730307 0)
(0.537439 -0.738576 0)
(0.564973 -0.748321 0)
(0.465987 -0.771635 0)
(0.488859 -0.782371 0)
(0.513379 -0.794266 0)
(0.539278 -0.808642 0)
(0.439174 -0.816922 0)
(0.459944 -0.830511 0)
(0.482264 -0.845913 0)
(0.505746 -0.864677 0)
(0.408279 -0.857253 0)
(0.426455 -0.873375 0)
(0.445901 -0.891866 0)
(0.466286 -0.91429 0)
(0.375451 -0.891771 0)
(0.390717 -0.909838 0)
(0.406822 -0.930575 0)
(0.423521 -0.955414 0)
(0.342718 -0.92033 0)
(0.355123 -0.939482 0)
(0.367863 -0.961211 0)
(0.380691 -0.98677 0)
(0.310914 -0.943675 0)
(0.32096 -0.963002 0)
(0.330907 -0.98444 0)
(0.340428 -1.00907 0)
(0.279009 -0.963011 0)
(0.287417 -0.981861 0)
(0.2955 -1.00219 0)
(0.302874 -1.02486 0)
(0.244887 -0.979461 0)
(0.25223 -0.997596 0)
(0.259247 -1.01664 0)
(0.265591 -1.03722 0)
(0.207246 -0.994203 0)
(0.21369 -1.01175 0)
(0.219939 -1.02985 0)
(0.225761 -1.04888 0)
(0.166919 -1.00814 0)
(0.172289 -1.02541 0)
(0.177605 -1.04309 0)
(0.182748 -1.06135 0)
(0.126269 -1.01901 0)
(0.130368 -1.03622 0)
(0.134486 -1.05383 0)
(0.138572 -1.0719 0)
(0.0874574 -1.02144 0)
(0.0902939 -1.03865 0)
(0.0931395 -1.05628 0)
(0.0960107 -1.07435 0)
(0.0512398 -1.02077 0)
(0.0529312 -1.038 0)
(0.0546123 -1.05567 0)
(0.0563082 -1.07379 0)
(0.0169807 -1.03434 0)
(0.0175121 -1.05156 0)
(0.0180361 -1.06923 0)
(0.0185613 -1.08736 0)
(-0.673455 0.214183 0)
(-0.25196 -0.359176 0)
(-0.89041 1.0355 0)
(-0.631625 -0.438306 0)
(-0.546142 0.280967 0)
(-0.737757 0.390935 0)
(-0.813808 0.127719 0)
(-0.699122 0.11023 0)
(-0.69363 0.101316 0)
(-0.701598 -0.0205138 0)
(-0.655389 -0.0950945 0)
(-0.590345 -0.162422 0)
(-0.527403 -0.208051 0)
(-0.459452 -0.250022 0)
(-0.380011 -0.27632 0)
(-0.29694 -0.293791 0)
(-0.212894 -0.30602 0)
(-0.12759 -0.316438 0)
(-0.0425946 -0.315409 0)
(0.249604 0.533397 0)
(0.0586018 0.221094 0)
(-0.758448 0.859956 0)
(-0.189826 0.192738 0)
(-1.67027 0.25416 0)
(-0.621267 0.4845 0)
(-0.88121 -0.147544 0)
(-0.765796 -0.162151 0)
(-0.909381 0.0451995 0)
(-0.907766 -0.0527553 0)
(-0.823905 -0.178168 0)
(-0.708028 -0.233161 0)
(-0.577531 -0.257166 0)
(-0.491193 -0.31717 0)
(-0.401876 -0.353414 0)
(-0.313619 -0.372231 0)
(-0.224291 -0.386147 0)
(-0.134109 -0.397512 0)
(-0.0445776 -0.396063 0)
(0.892641 0.749226 0)
(0.736754 0.648119 0)
(0.559295 0.67192 0)
(0.707706 0.478958 0)
(0.360227 0.311919 0)
(0.063004 0.411772 0)
(0.01633 0.304649 0)
(-0.767267 0.188458 0)
(-0.73921 0.198559 0)
(-0.689558 -0.340937 0)
(-0.919275 -0.244929 0)
(-0.89256 -0.464859 0)
(-0.70806 -0.390044 0)
(-0.568413 -0.389886 0)
(-0.422163 -0.436394 0)
(-0.329324 -0.453841 0)
(-0.238193 -0.4716 0)
(-0.141992 -0.484269 0)
(-0.0472548 -0.481821 0)
(1.04865 0.692764 0)
(1.09032 0.711954 0)
(1.16239 0.722749 0)
(1.20011 0.661732 0)
(1.15602 0.569172 0)
(1.01983 0.518118 0)
(0.972877 0.437062 0)
(0.795344 0.307969 0)
(0.527075 0.311293 0)
(0.19558 0.333132 0)
(-0.684002 0.117973 0)
(-0.433491 -0.787111 0)
(-0.818473 -0.451811 0)
(-0.753894 -0.617222 0)
(-0.514166 -0.583034 0)
(-0.332356 -0.533862 0)
(-0.251677 -0.556325 0)
(-0.151382 -0.57761 0)
(-0.0497402 -0.573364 0)
(1.00788 0.546858 0)
(1.1006 0.5856 0)
(1.21127 0.624807 0)
(1.28799 0.617371 0)
(1.34074 0.600833 0)
(1.37017 0.604123 0)
(1.37809 0.602714 0)
(1.32593 0.580309 0)
(1.20531 0.532686 0)
(1.09588 0.426932 0)
(0.950584 0.276787 0)
(0.685595 0.225758 0)
(-0.898334 -0.0774498 0)
(-0.599227 -0.853027 0)
(-0.806875 -0.946253 0)
(-0.365143 -0.663214 0)
(-0.255832 -0.622636 0)
(-0.163287 -0.673744 0)
(-0.0525821 -0.672781 0)
(0.996148 0.491986 0)
(1.05228 0.475523 0)
(1.11578 0.473431 0)
(1.17766 0.464614 0)
(1.24652 0.442475 0)
(1.32985 0.449905 0)
(1.40674 0.4885 0)
(1.44579 0.541783 0)
(1.44319 0.594206 0)
(1.42049 0.621351 0)
(1.3591 0.587747 0)
(1.21802 0.463034 0)
(0.996277 0.287855 0)
(0.583007 0.0837299 0)
(-0.699685 -1.00147 0)
(-0.624947 -0.956137 0)
(-0.306101 -0.740507 0)
(-0.182144 -0.764655 0)
(-0.0564005 -0.782439 0)
(0.927958 0.509968 0)
(0.991851 0.489841 0)
(1.04694 0.493622 0)
(1.09043 0.483475 0)
(1.1486 0.440068 0)
(1.23432 0.421309 0)
(1.3253 0.452593 0)
(1.37758 0.502452 0)
(1.40763 0.500135 0)
(1.46681 0.487116 0)
(1.47268 0.550436 0)
(1.38632 0.617144 0)
(1.28192 0.558029 0)
(1.09138 0.392443 0)
(0.68812 0.147933 0)
(-0.76897 -0.926614 0)
(-0.594749 -1.02105 0)
(-0.240663 -0.954227 0)
(-0.0609223 -0.909728 0)
(0.833295 0.497243 0)
(0.776032 0.467218 0)
(0.748767 0.518136 0)
(0.722156 0.532601 0)
(0.83293 0.459367 0)
(0.981569 0.424786 0)
(1.11751 0.477446 0)
(1.2253 0.568124 0)
(1.32342 0.534809 0)
(1.4449 0.521186 0)
(1.43158 0.608187 0)
(1.40248 0.618477 0)
(1.34722 0.651907 0)
(1.25126 0.617161 0)
(1.08707 0.466941 0)
(0.668977 0.164077 0)
(-0.734743 -1.01772 0)
(-0.479432 -1.3209 0)
(-0.0414574 -1.12091 0)
(0.771819 0.578851 0)
(0.715803 0.541863 0)
(0.777741 0.48845 0)
(1.03983 0.316923 0)
(1.3408 0.131631 0)
(1.50229 0.0971765 0)
(1.61332 0.17763 0)
(1.6146 0.364351 0)
(1.51697 0.481468 0)
(1.31396 0.508297 0)
(1.26605 0.690355 0)
(1.20222 0.705716 0)
(1.21244 0.64346 0)
(1.26926 0.701788 0)
(1.23208 0.666336 0)
(1.08976 0.460787 0)
(0.687052 0.0551157 0)
(-0.575629 -1.42308 0)
(-0.109348 -1.43605 0)
(0.694167 0.610092 0)
(0.988515 0.371385 0)
(1.20093 0.188367 0)
(1.31471 0.0696836 0)
(1.27039 0.0660098 0)
(1.09518 0.191044 0)
(1.04457 0.332408 0)
(1.0937 0.516599 0)
(1.1745 0.654305 0)
(1.04034 0.744027 0)
(0.85253 0.879321 0)
(0.713481 0.769896 0)
(0.570479 0.702714 0)
(1.04775 0.566539 0)
(1.22036 0.705762 0)
(1.19351 0.628365 0)
(1.01682 0.386282 0)
(0.305923 -0.592657 0)
(-0.335202 -1.75942 0)
(0.887901 0.228168 0)
(1.00551 0.164406 0)
(0.926705 0.207651 0)
(0.794347 0.246358 0)
(0.674274 0.27447 0)
(0.61446 0.281045 0)
(0.620661 0.275332 0)
(0.69433 0.363504 0)
(0.849557 0.562227 0)
(0.968215 0.811456 0)
(0.939854 0.991236 0)
(0.7863 0.965097 0)
(0.174668 0.753975 0)
(0.420707 0.126207 0)
(1.08255 0.516486 0)
(1.1273 0.680999 0)
(1.08269 0.530103 0)
(0.85305 0.272033 0)
(-0.215714 -1.60895 0)
(0.494373 0.275405 0)
(0.508051 0.290062 0)
(0.507801 0.318645 0)
(0.535446 0.298543 0)
(0.56109 0.266631 0)
(0.588834 0.243021 0)
(0.616283 0.230714 0)
(0.648351 0.262074 0)
(0.725515 0.391157 0)
(0.889692 0.640287 0)
(1.06505 0.941753 0)
(1.18796 1.16407 0)
(1.03517 1.00325 0)
(0.46487 -0.115066 0)
(0.92099 0.210366 0)
(1.02591 0.640413 0)
(1.03545 0.587543 0)
(0.91056 0.491464 0)
(0.535533 -1.10193 0)
(0.331621 0.190191 0)
(0.409541 0.202886 0)
(0.484589 0.217625 0)
(0.551903 0.220371 0)
(0.603047 0.21471 0)
(0.647724 0.20747 0)
(0.695091 0.208136 0)
(0.744733 0.238467 0)
(0.801236 0.322287 0)
(0.898736 0.491083 0)
(1.06277 0.759335 0)
(1.27122 1.06231 0)
(1.45376 1.12441 0)
(0.790243 0.565829 0)
(0.596617 0.0737807 0)
(0.917053 0.538184 0)
(0.924845 0.606476 0)
(0.833604 0.627366 0)
(0.567585 -0.493913 0)
(0.371445 0.108398 0)
(0.447978 0.138153 0)
(0.517613 0.165486 0)
(0.577932 0.180753 0)
(0.630158 0.177981 0)
(0.683979 0.161819 0)
(0.747358 0.151332 0)
(0.818419 0.175124 0)
(0.892643 0.252087 0)
(0.970843 0.394215 0)
(1.07529 0.611431 0)
(1.21319 0.897414 0)
(1.4194 1.11114 0)
(1.17482 0.914762 0)
(0.504688 0.214698 0)
(0.839519 0.465749 0)
(0.830311 0.607197 0)
(0.744575 0.745695 0)
(0.528097 -0.0105993 0)
(0.40047 0.041088 0)
(0.473105 0.0731931 0)
(0.541145 0.10407 0)
(0.603727 0.124364 0)
(0.66366 0.122637 0)
(0.728258 0.10119 0)
(0.802268 0.0844672 0)
(0.88145 0.10676 0)
(0.956146 0.187046 0)
(1.0237 0.325636 0)
(1.09386 0.52567 0)
(1.17321 0.791113 0)
(1.29978 1.07098 0)
(1.32468 1.12863 0)
(0.608046 0.679186 0)
(0.761165 0.425344 0)
(0.794876 0.604654 0)
(0.699712 0.857238 0)
(0.453902 0.543937 0)
(0.434468 -0.0242428 0)
(0.503135 0.01091 0)
(0.569956 0.0451049 0)
(0.634527 0.0679221 0)
(0.699398 0.064292 0)
(0.769899 0.0359796 0)
(0.847964 0.0131234 0)
(0.926843 0.0363363 0)
(0.99595 0.125065 0)
(1.04983 0.27198 0)
(1.09811 0.470168 0)
(1.15152 0.725874 0)
(1.21338 1.02558 0)
(1.34337 1.2427 0)
(0.763038 1.049 0)
(0.684408 0.505215 0)
(0.810749 0.60863 0)
(0.723475 0.966017 0)
(0.445332 1.07784 0)
(0.467383 -0.083632 0)
(0.533356 -0.0488436 0)
(0.599895 -0.0147162 0)
(0.666537 0.00783409 0)
(0.734673 0.00116497 0)
(0.808339 -0.0327161 0)
(0.887203 -0.0575297 0)
(0.960756 -0.0273877 0)
(1.0182 0.0748418 0)
(1.05901 0.233597 0)
(1.09278 0.433702 0)
(1.13658 0.681972 0)
(1.17153 0.978274 0)
(1.3057 1.2753 0)
(1.02908 1.2908 0)
(0.625714 0.72607 0)
(0.898825 0.596827 0)
(0.809217 1.03978 0)
(0.502956 1.57412 0)
(0.49939 -0.141615 0)
(0.563873 -0.108238 0)
(0.630665 -0.0754105 0)
(0.699026 -0.05394 0)
(0.768897 -0.0635985 0)
(0.843604 -0.10212 0)
(0.921693 -0.125414 0)
(0.98786 -0.0826871 0)
(1.02942 0.0355519 0)
(1.05507 0.202758 0)
(1.08212 0.400796 0)
(1.12218 0.642917 0)
(1.15303 0.93675 0)
(1.22859 1.27554 0)
(1.15825 1.41836 0)
(0.658411 1.1429 0)
(1.06704 0.553029 0)
(0.943698 1.12625 0)
(0.57482 2.17117 0)
(0.529372 -0.197941 0)
(0.593382 -0.167146 0)
(0.660989 -0.136876 0)
(0.730967 -0.116723 0)
(0.802071 -0.128742 0)
(0.876672 -0.17066 0)
(0.952702 -0.188528 0)
(1.01115 -0.125279 0)
(1.03371 0.0133025 0)
(1.03643 0.182545 0)
(1.05239 0.36975 0)
(1.08984 0.605921 0)
(1.12392 0.911788 0)
(1.13262 1.29055 0)
(1.10643 1.48475 0)
(0.890905 1.26281 0)
(1.28182 0.534093 0)
(1.13118 1.21471 0)
(0.739837 2.87123 0)
(0.556921 -0.254202 0)
(0.621576 -0.226821 0)
(0.690706 -0.199887 0)
(0.762749 -0.181016 0)
(0.835894 -0.194196 0)
(0.910472 -0.237226 0)
(0.982963 -0.245637 0)
(1.03369 -0.153285 0)
(1.03944 0.0156039 0)
(1.01747 0.18623 0)
(1.00975 0.350842 0)
(1.02879 0.575446 0)
(1.05996 0.899732 0)
(1.04605 1.308 0)
(1.11634 1.42612 0)
(1.26045 1.16281 0)
(1.55276 0.562546 0)
(1.36536 1.30623 0)
(0.982672 3.61112 0)
(0.581696 -0.311141 0)
(0.647939 -0.287881 0)
(0.71921 -0.264797 0)
(0.794327 -0.247811 0)
(0.870869 -0.261335 0)
(0.947364 -0.302324 0)
(1.01845 -0.297774 0)
(1.06481 -0.172797 0)
(1.06445 0.0330004 0)
(1.03167 0.213816 0)
(0.99781 0.365241 0)
(0.973263 0.571927 0)
(0.980134 0.885357 0)
(1.05382 1.23997 0)
(1.44123 1.17268 0)
(1.69007 0.942809 0)
(1.892 0.523174 0)
(1.62246 1.48936 0)
(1.26077 4.53205 0)
(0.603272 -0.369595 0)
(0.671688 -0.351109 0)
(0.746282 -0.332599 0)
(0.825713 -0.31796 0)
(0.906665 -0.3315 0)
(0.989133 -0.368596 0)
(1.06452 -0.349514 0)
(1.11355 -0.192966 0)
(1.1207 0.0491609 0)
(1.09877 0.24634 0)
(1.06136 0.407686 0)
(0.988773 0.616568 0)
(0.968017 0.835287 0)
(1.24022 0.94583 0)
(1.77654 0.710905 0)
(1.76136 0.810393 0)
(2.09224 0.39003 0)
(1.37507 2.51777 0)
(0.870925 6.57889 0)
(0.620979 -0.430186 0)
(0.692038 -0.417707 0)
(0.771872 -0.405029 0)
(0.855868 -0.392838 0)
(0.943757 -0.408447 0)
(1.03844 -0.442486 0)
(1.12153 -0.408029 0)
(1.17715 -0.222634 0)
(1.20128 0.0489775 0)
(1.212 0.266294 0)
(1.19078 0.451823 0)
(1.11833 0.664669 0)
(1.1964 0.724265 0)
(1.60954 0.479473 0)
(1.72452 0.645419 0)
(1.62503 0.802378 0)
(1.89111 0.443945 0)
(0.0383257 4.79408 0)
(-0.0425466 7.03951 0)
(0.633757 -0.493344 0)
(0.708322 -0.488684 0)
(0.794367 -0.482602 0)
(0.882491 -0.474083 0)
(0.982667 -0.497741 0)
(1.09169 -0.527827 0)
(1.1827 -0.471425 0)
(1.24423 -0.261196 0)
(1.28914 0.0295786 0)
(1.33928 0.253004 0)
(1.35787 0.491119 0)
(1.40275 0.660041 0)
(1.76869 0.404071 0)
(1.89277 0.226096 0)
(1.57969 0.783899 0)
(1.50917 0.807109 0)
(1.53061 0.966999 0)
(-0.913155 5.06674 0)
(-0.559788 5.54033 0)
(0.640541 -0.559409 0)
(0.719795 -0.563948 0)
(0.810304 -0.565026 0)
(0.904684 -0.563854 0)
(1.02126 -0.601096 0)
(1.14088 -0.62419 0)
(1.24508 -0.543361 0)
(1.32494 -0.313004 0)
(1.41264 -0.00925609 0)
(1.49847 0.203661 0)
(1.60354 0.464043 0)
(1.96252 0.4334 0)
(2.30035 0.0798774 0)
(1.69182 0.746803 0)
(1.45344 0.971845 0)
(1.42809 0.886307 0)
(1.17371 2.04356 0)
(-1.21683 6.04499 0)
(-0.597222 4.40064 0)
(0.640452 -0.628451 0)
(0.724701 -0.642658 0)
(0.81643 -0.653138 0)
(0.92172 -0.663973 0)
(1.05128 -0.715103 0)
(1.18344 -0.733673 0)
(1.30933 -0.642643 0)
(1.42227 -0.414011 0)
(1.5916 -0.104252 0)
(1.79639 0.0744963 0)
(2.15862 0.0443275 0)
(2.55538 0.0160457 0)
(1.83207 0.69244 0)
(1.50807 1.02742 0)
(1.39211 1.06174 0)
(1.38201 1.03205 0)
(0.963345 3.17304 0)
(-1.55901 7.57739 0)
(-0.740381 3.33711 0)
(0.632577 -0.69967 0)
(0.720026 -0.724029 0)
(0.811443 -0.748163 0)
(0.929853 -0.77417 0)
(1.0662 -0.839937 0)
(1.2198 -0.867183 0)
(1.36681 -0.758134 0)
(1.50966 -0.546607 0)
(1.78396 -0.243119 0)
(2.06935 -0.360448 0)
(2.11284 -0.178752 0)
(1.61477 0.551291 0)
(1.36145 0.966245 0)
(1.28968 1.13107 0)
(1.32868 1.06536 0)
(1.3305 1.20709 0)
(0.679321 4.47591 0)
(-1.65659 8.5276 0)
(-0.34061 2.56293 0)
(0.615615 -0.771014 0)
(0.702215 -0.806707 0)
(0.793715 -0.848787 0)
(0.921315 -0.892233 0)
(1.06687 -0.985832 0)
(1.23861 -1.04341 0)
(1.41961 -0.889168 0)
(1.67027 -0.711615 0)
(2.01071 -0.5403 0)
(1.98059 -0.516556 0)
(1.30067 0.45656 0)
(1.06678 0.850752 0)
(1.05679 1.01356 0)
(1.14471 1.08228 0)
(1.26816 1.06734 0)
(0.946384 2.1926 0)
(0.207961 5.8513 0)
(-1.61319 8.65084 0)
(0.260222 1.77923 0)
(0.588473 -0.839572 0)
(0.668792 -0.887602 0)
(0.759803 -0.948416 0)
(0.884191 -1.01235 0)
(1.04112 -1.1522 0)
(1.2038 -1.25107 0)
(1.45149 -1.0708 0)
(1.86425 -1.00431 0)
(1.99161 -0.684846 0)
(1.17879 0.244538 0)
(0.796935 0.768126 0)
(0.786379 0.87915 0)
(0.952689 0.929508 0)
(1.14025 0.955581 0)
(1.53122 0.847501 0)
(0.613984 2.9333 0)
(-0.216908 6.87813 0)
(-1.38258 8.23586 0)
(0.342839 1.12994 0)
(0.551329 -0.902553 0)
(0.620788 -0.962779 0)
(0.708657 -1.03874 0)
(0.811828 -1.1276 0)
(0.973373 -1.31274 0)
(1.09355 -1.4339 0)
(1.42484 -1.23296 0)
(1.68125 -1.32743 0)
(1.23569 -0.16652 0)
(0.79188 0.746761 0)
(0.571531 0.840081 0)
(0.671103 0.707253 0)
(0.940708 0.673542 0)
(1.31682 0.600256 0)
(1.49809 0.936138 0)
(0.571162 3.49664 0)
(-0.532879 7.56252 0)
(-0.911372 7.98606 0)
(0.305964 0.763777 0)
(0.505769 -0.957516 0)
(0.562177 -1.02845 0)
(0.641476 -1.11606 0)
(0.712911 -1.23584 0)
(0.876905 -1.44863 0)
(0.941242 -1.5813 0)
(1.31604 -1.31549 0)
(1.21858 -1.39057 0)
(0.869005 0.229697 0)
(0.682492 1.01146 0)
(0.609361 0.904549 0)
(0.897189 0.184265 0)
(1.37516 0.242938 0)
(1.46278 0.708287 0)
(0.980039 1.56454 0)
(0.426062 4.33951 0)
(-0.684729 8.00002 0)
(-0.411631 7.76979 0)
(0.265865 0.533776 0)
(0.454769 -1.00176 0)
(0.497019 -1.07994 0)
(0.558301 -1.17743 0)
(0.598203 -1.32962 0)
(0.752547 -1.56374 0)
(0.754267 -1.7451 0)
(1.14826 -1.42264 0)
(0.939143 -1.0661 0)
(0.718286 0.442164 0)
(0.776366 1.06598 0)
(0.865489 0.516086 0)
(0.860922 -0.137565 0)
(1.10654 0.259891 0)
(1.06684 0.973412 0)
(0.583723 2.11466 0)
(0.366795 4.86859 0)
(-0.586566 8.1953 0)
(0.0310066 7.54293 0)
(0.289834 0.508576 0)
(0.403038 -1.0332 0)
(0.43065 -1.1127 0)
(0.464942 -1.21498 0)
(0.473592 -1.38556 0)
(0.576511 -1.64221 0)
(0.510424 -1.91343 0)
(0.903155 -1.6584 0)
(0.83614 -1.04575 0)
(0.740439 0.406521 0)
(0.836522 1.10767 0)
(0.811348 0.822776 0)
(0.0793984 -0.258067 0)
(0.622971 0.236607 0)
(0.596606 1.09092 0)
(0.339615 2.46015 0)
(0.271196 5.20773 0)
(-0.307957 8.20158 0)
(0.259376 7.36591 0)
(0.416393 0.682056 0)
(0.355498 -1.05261 0)
(0.370769 -1.12683 0)
(0.378536 -1.22387 0)
(0.35908 -1.38439 0)
(0.366418 -1.64562 0)
(0.21288 -1.97171 0)
(0.486788 -1.70651 0)
(0.311063 -1.0125 0)
(0.679403 -0.0525866 0)
(0.73359 1.17614 0)
(0.625647 1.37145 0)
(0.00222103 -0.134032 0)
(0.15605 0.051256 0)
(0.188919 1.12533 0)
(0.06737 2.63563 0)
(0.0258376 5.39289 0)
(-0.0421225 8.07752 0)
(0.285948 7.20656 0)
(0.525214 0.957557 0)
(0.313843 -1.06383 0)
(0.322186 -1.12875 0)
(0.315787 -1.2115 0)
(0.283149 -1.33805 0)
(0.216664 -1.57149 0)
(0.0119205 -1.88076 0)
(-0.0177145 -1.6011 0)
(-0.438489 -0.853719 0)
(0.414408 0.193359 0)
(0.718999 1.21386 0)
(0.648603 1.52811 0)
(0.241575 0.150176 0)
(-0.254464 0.0289433 0)
(-0.146074 1.1696 0)
(-0.295835 2.73443 0)
(-0.2974 5.38041 0)
(-0.0216947 7.81906 0)
(0.227956 7.03734 0)
(0.577628 1.28023 0)
(0.275222 -1.07178 0)
(0.282375 -1.12733 0)
(0.276616 -1.19312 0)
(0.248436 -1.2813 0)
(0.175916 -1.46095 0)
(-0.00780761 -1.74254 0)
(-0.159653 -1.67086 0)
(0.185878 -1.31745 0)
(0.292879 -1.19836 0)
(0.709516 1.13522 0)
(0.744593 1.71855 0)
(0.421643 0.782147 0)
(-0.667879 0.168845 0)
(-0.412218 1.2561 0)
(-0.631186 2.8015 0)
(-0.579609 5.24071 0)
(-0.122072 7.44488 0)
(0.190497 6.78102 0)
(0.592408 1.61867 0)
(0.235134 -1.08055 0)
(0.244153 -1.1294 0)
(0.245995 -1.18199 0)
(0.232567 -1.24252 0)
(0.193747 -1.35878 0)
(0.0559141 -1.60728 0)
(-0.140971 -1.74338 0)
(0.122038 -1.43165 0)
(0.163939 -0.68066 0)
(0.642261 0.753646 0)
(0.779316 1.76669 0)
(0.651352 1.74973 0)
(-0.515433 0.50177 0)
(-0.559699 1.36405 0)
(-0.816454 2.85629 0)
(-0.741735 5.02769 0)
(-0.219866 6.98598 0)
(0.206468 6.44783 0)
(0.577248 1.96306 0)
(0.19146 -1.09192 0)
(0.201898 -1.13759 0)
(0.210008 -1.18378 0)
(0.211755 -1.23095 0)
(0.207343 -1.29753 0)
(0.146312 -1.47069 0)
(-0.0518126 -1.68649 0)
(0.0181456 -1.7123 0)
(0.299139 -1.21845 0)
(0.674697 0.378202 0)
(0.795469 1.75125 0)
(0.760363 2.03037 0)
(0.106838 1.08542 0)
(-0.560333 1.6019 0)
(-0.825411 2.94031 0)
(-0.773417 4.78278 0)
(-0.25687 6.48041 0)
(0.250431 6.09168 0)
(0.537154 2.31487 0)
(0.145705 -1.10247 0)
(0.155351 -1.14772 0)
(0.16512 -1.1933 0)
(0.17453 -1.23854 0)
(0.186227 -1.28363 0)
(0.188315 -1.38313 0)
(0.0303338 -1.57004 0)
(0.0354097 -1.7267 0)
(0.00867318 -1.49352 0)
(0.585385 0.210659 0)
(0.810942 1.71717 0)
(0.79425 2.21638 0)
(0.406411 1.74504 0)
(-0.517734 1.94466 0)
(-0.702116 3.07992 0)
(-0.714702 4.5548 0)
(-0.246452 5.97882 0)
(0.283573 5.75898 0)
(0.480884 2.6608 0)
(0.101 -1.10516 0)
(0.108025 -1.15101 0)
(0.115615 -1.19838 0)
(0.124546 -1.2468 0)
(0.134951 -1.29324 0)
(0.161343 -1.35125 0)
(0.0532256 -1.46218 0)
(0.00638916 -1.56927 0)
(-0.418853 -1.47613 0)
(0.320856 -0.260415 0)
(0.826279 1.56012 0)
(0.814157 2.42162 0)
(0.591673 2.66004 0)
(-0.26398 2.30977 0)
(-0.59948 3.24715 0)
(-0.636302 4.35998 0)
(-0.225597 5.51111 0)
(0.280483 5.4612 0)
(0.410069 2.99256 0)
(0.0591313 -1.10481 0)
(0.0630206 -1.15107 0)
(0.0671089 -1.19957 0)
(0.0718911 -1.25032 0)
(0.0771006 -1.30251 0)
(0.0998232 -1.35313 0)
(0.0539975 -1.42032 0)
(0.0998762 -1.41493 0)
(-0.343527 -1.50918 0)
(-0.630017 -0.763564 0)
(0.720178 1.51959 0)
(0.854911 2.42194 0)
(0.617937 2.35952 0)
(-0.512107 2.99674 0)
(-0.415928 3.52885 0)
(-0.563743 4.23608 0)
(-0.211344 5.13883 0)
(0.260389 5.23598 0)
(0.359078 3.25536 0)
(0.0194184 -1.11838 0)
(0.0205575 -1.16443 0)
(0.0216953 -1.21265 0)
(0.022956 -1.2632 0)
(0.0246723 -1.31636 0)
(0.0328762 -1.37122 0)
(0.0311595 -1.44637 0)
(0.126809 -1.42765 0)
(0.0454736 -1.59538 0)
(0.843673 -1.45787 0)
(1.69057 -0.229671 0)
(1.1959 3.57476 0)
(0.27459 4.7805 0)
(-2.29917 2.6206 0)
(-0.432199 3.24002 0)
(-0.456951 4.02245 0)
(-0.182829 4.67793 0)
(0.185679 4.91876 0)
(0.258686 3.59937 0)
)
;

boundaryField
{
    leftWall
    {
        type            noSlip;
    }
    rightWall
    {
        type            noSlip;
    }
    lowerWall
    {
        type            noSlip;
    }
    atmosphere
    {
        type            pressureInletOutletVelocity;
        value           nonuniform List<vector> 
46
(
(0 -0.677381 0)
(0 -0.685945 0)
(0 -0.686718 0)
(0 -0.690302 0)
(0 -0.694622 0)
(0 -0.699928 0)
(0 -0.706281 0)
(0 -0.713736 0)
(0 -0.722337 0)
(0 -0.732133 0)
(0 -0.743195 0)
(0 -0.755617 0)
(0 -0.76949 0)
(0 -0.784896 0)
(0 -0.801926 0)
(0 -0.820685 0)
(0 -0.841282 0)
(0 -0.863812 0)
(0 -0.888362 0)
(0 -0.915021 0)
(0 -0.943857 0)
(0 -0.974908 0)
(0 -1.00818 0)
(0 -1.03434 0)
(0 -1.05156 0)
(0 -1.06923 0)
(0 -1.08736 0)
(0 -1.11838 0)
(0 -1.16443 0)
(0 -1.21265 0)
(0 -1.2632 0)
(0 -1.31636 0)
(0 -1.37122 0)
(0 -1.44637 0)
(0 -1.42765 0)
(0 -1.59538 0)
(0 -1.45787 0)
(0 -0.229671 0)
(1.1959 3.57476 0)
(0.27459 4.7805 0)
(-2.29917 2.6206 0)
(-0.432199 3.24002 0)
(-0.456951 4.02245 0)
(-0.182829 4.67793 0)
(0.185679 4.91876 0)
(0.258686 3.59937 0)
)
;
    }
    defaultFaces
    {
        type            empty;
    }
}


// ************************************************************************* //
