/*--------------------------------*- C++ -*----------------------------------*\
| =========                 |                                                 |
| \\      /  F ield         | OpenFOAM: The Open Source CFD Toolbox           |
|  \\    /   O peration     | Version:  5.x                                   |
|   \\  /    A nd           | Web:      www.OpenFOAM.org                      |
|    \\/     M anipulation  |                                                 |
\*---------------------------------------------------------------------------*/
FoamFile
{
    version     2.0;
    format      ascii;
    class       volVectorField;
    location    "0.75";
    object      U;
}
// * * * * * * * * * * * * * * * * * * * * * * * * * * * * * * * * * * * * * //

dimensions      [0 1 -1 0 0 0 0];

internalField   nonuniform List<vector> 
2268
(
(-0.0215124 0.00995106 0)
(-0.0720398 0.0124198 0)
(-0.1178 0.0100136 0)
(-0.154608 0.00837255 0)
(-0.187842 0.00623405 0)
(-0.202997 0.000969144 0)
(-0.189221 -0.00484209 0)
(-0.158351 -0.00738935 0)
(-0.127128 -0.00583558 0)
(-0.107374 -0.00267641 0)
(-0.100614 0.000486973 0)
(-0.105056 0.00302857 0)
(-0.117256 0.00483226 0)
(-0.134151 0.00639356 0)
(-0.156168 0.00705866 0)
(-0.181072 0.00270951 0)
(-0.189898 -0.00547649 0)
(-0.19003 0.000632066 0)
(-0.242917 0.0205621 0)
(-0.325118 0.0153791 0)
(-0.316992 -0.0100537 0)
(-0.203565 -0.0400489 0)
(-0.0711406 -0.0416539 0)
(-0.0366608 0.0354123 0)
(-0.0926728 0.0350687 0)
(-0.132367 0.0273342 0)
(-0.167851 0.0239259 0)
(-0.199967 0.0178895 0)
(-0.211279 0.00224329 0)
(-0.198629 -0.0159298 0)
(-0.165393 -0.0246359 0)
(-0.130369 -0.019487 0)
(-0.10784 -0.00955985 0)
(-0.0992655 -0.00126091 0)
(-0.0991356 0.00492831 0)
(-0.104533 0.00931001 0)
(-0.113456 0.0129241 0)
(-0.12627 0.0162441 0)
(-0.146565 0.0160269 0)
(-0.173973 0.0118417 0)
(-0.215175 0.021705 0)
(-0.27462 0.0384243 0)
(-0.29397 0.0139274 0)
(-0.229131 -0.0390189 0)
(-0.143501 -0.095267 0)
(-0.049324 -0.104353 0)
(-0.0351356 0.063358 0)
(-0.0781114 0.0565575 0)
(-0.114204 0.0443291 0)
(-0.154574 0.0408858 0)
(-0.194085 0.0308866 0)
(-0.21102 0.00378685 0)
(-0.199216 -0.0285744 0)
(-0.170437 -0.0439027 0)
(-0.138336 -0.0348366 0)
(-0.114745 -0.0172915 0)
(-0.105217 -0.00349795 0)
(-0.104947 0.0053031 0)
(-0.107847 0.0108985 0)
(-0.110036 0.0151684 0)
(-0.109237 0.0192977 0)
(-0.108101 0.0231087 0)
(-0.114293 0.0275073 0)
(-0.129422 0.0391076 0)
(-0.151887 0.043801 0)
(-0.14989 0.00218375 0)
(-0.106882 -0.0637275 0)
(-0.0588056 -0.121911 0)
(-0.0117112 -0.135861 0)
(-0.0266536 0.0860948 0)
(-0.0551797 0.0751538 0)
(-0.0893626 0.0608808 0)
(-0.12798 0.0583097 0)
(-0.163386 0.0443067 0)
(-0.173936 0.00628208 0)
(-0.163701 -0.0379909 0)
(-0.15128 -0.0578668 0)
(-0.13801 -0.0468748 0)
(-0.123211 -0.02438 0)
(-0.114645 -0.00541467 0)
(-0.114682 0.00623997 0)
(-0.118522 0.01226 0)
(-0.121003 0.0150921 0)
(-0.118144 0.0167237 0)
(-0.108395 0.0195975 0)
(-0.0929272 0.0261137 0)
(-0.0699162 0.0380439 0)
(-0.043908 0.039049 0)
(-0.00586026 0.000857575 0)
(0.0140965 -0.0625828 0)
(0.0116551 -0.125521 0)
(0.021716 -0.135076 0)
(-0.0148107 0.101832 0)
(-0.0254049 0.0897979 0)
(-0.0513247 0.0769535 0)
(-0.077808 0.0735025 0)
(-0.0979826 0.0552403 0)
(-0.0937827 0.0103885 0)
(-0.087326 -0.0381295 0)
(-0.101131 -0.0580006 0)
(-0.120377 -0.0474566 0)
(-0.127567 -0.0263622 0)
(-0.125987 -0.00656151 0)
(-0.126165 0.00738976 0)
(-0.129486 0.0141736 0)
(-0.13177 0.0155451 0)
(-0.129007 0.0138428 0)
(-0.119486 0.0124504 0)
(-0.100551 0.013744 0)
(-0.064707 0.0190166 0)
(-0.0177259 0.0136192 0)
(0.0367008 -0.0185892 0)
(0.0647353 -0.0649758 0)
(0.0406606 -0.120254 0)
(0.0402254 -0.121023 0)
(-0.000394811 0.104496 0)
(0.0110937 0.0940196 0)
(0.00253467 0.0816725 0)
(-0.0077549 0.0763881 0)
(-0.00663903 0.0521346 0)
(0.0110568 0.00546089 0)
(0.00643214 -0.0305411 0)
(-0.0385416 -0.0430884 0)
(-0.0914106 -0.0339062 0)
(-0.125002 -0.0195471 0)
(-0.1363 -0.00457035 0)
(-0.138635 0.00793726 0)
(-0.141111 0.0143849 0)
(-0.142115 0.0144697 0)
(-0.137782 0.0104513 0)
(-0.127385 0.00598748 0)
(-0.110164 0.00191365 0)
(-0.0802497 -0.00187441 0)
(-0.0379116 -0.0158343 0)
(0.00800936 -0.0422828 0)
(0.0495911 -0.0721137 0)
(0.0294009 -0.11482 0)
(0.0440993 -0.107176 0)
(0.012182 0.098227 0)
(0.0409057 0.0978663 0)
(0.0601085 0.0909078 0)
(0.0785218 0.0837778 0)
(0.103489 0.056011 0)
(0.119062 0.0142071 0)
(0.0828008 -0.0132419 0)
(0.00284257 -0.0183183 0)
(-0.0706747 -0.0106408 0)
(-0.119239 -0.00631641 0)
(-0.143259 0.000256605 0)
(-0.151002 0.0105731 0)
(-0.153559 0.0168975 0)
(-0.15298 0.015577 0)
(-0.146297 0.00791858 0)
(-0.133428 -0.000491014 0)
(-0.11533 -0.00885912 0)
(-0.088861 -0.0175622 0)
(-0.0549676 -0.0340278 0)
(-0.0228429 -0.0602484 0)
(0.0190695 -0.0811436 0)
(0.0132724 -0.11438 0)
(0.0390869 -0.0887374 0)
(0.0197335 0.0707095 0)
(0.0815259 0.0662906 0)
(0.135684 0.0519934 0)
(0.173755 0.0425791 0)
(0.187519 0.0284618 0)
(0.155883 0.0188805 0)
(0.0727128 0.0229459 0)
(-0.0183614 0.0256589 0)
(-0.0794377 0.0247089 0)
(-0.117096 0.0169057 0)
(-0.140442 0.0110499 0)
(-0.154848 0.0119068 0)
(-0.16296 0.0134029 0)
(-0.164617 0.0102345 0)
(-0.157575 0.00103058 0)
(-0.142623 -0.00842682 0)
(-0.122281 -0.0182533 0)
(-0.095051 -0.0296499 0)
(-0.0624981 -0.0484075 0)
(-0.0308315 -0.0749235 0)
(0.0048462 -0.0922049 0)
(0.0183555 -0.119327 0)
(0.0387925 -0.0726881 0)
(-0.10936 0.0505788 0)
(-0.448764 0.0650278 0)
(-0.627956 0.0071491 0)
(-0.519585 -0.0397222 0)
(-0.325971 -0.0628126 0)
(-0.030891 -0.0815986 0)
(0.211486 -0.0266121 0)
(0.211331 0.00690929 0)
(0.0982835 0.0289872 0)
(-0.512066 0.181019 0)
(-1.12673 0.152321 0)
(-1.39712 0.036574 0)
(-1.29902 -0.0352134 0)
(-1.01553 -0.0416723 0)
(-0.76709 -0.020564 0)
(-0.634653 -0.0029704 0)
(-0.500612 -0.0201103 0)
(-0.288052 -0.0313809 0)
(-0.00715734 -0.00559936 0)
(-0.245717 0.17576 0)
(-0.526991 0.17386 0)
(-0.494343 0.020548 0)
(-0.401486 -0.0982277 0)
(-0.217821 -0.166256 0)
(0.0321649 -0.218601 0)
(0.182854 -0.0974066 0)
(0.148608 0.0822931 0)
(-0.534356 0.285112 0)
(-1.30444 0.333921 0)
(-1.73763 0.173286 0)
(-1.75898 0.040634 0)
(-1.37785 -0.0666616 0)
(-0.729221 -0.152162 0)
(-0.435068 -0.0665113 0)
(-0.4355 -0.115443 0)
(-0.473185 -0.186039 0)
(-0.422063 -0.219295 0)
(-0.12909 -0.119727 0)
(-0.253328 0.299963 0)
(-0.399227 0.224058 0)
(-0.341856 -0.0244179 0)
(-0.260927 -0.157705 0)
(-0.125327 -0.245394 0)
(0.0116908 -0.300238 0)
(0.017489 -0.0531389 0)
(-0.319185 0.323647 0)
(-1.11576 0.550324 0)
(-1.83945 0.564676 0)
(-2.47719 0.408495 0)
(-2.21542 0.0158693 0)
(-0.660066 -0.556669 0)
(0.243062 -0.692951 0)
(1.09019 -0.359664 0)
(2.58826 0.118299 0)
(2.65767 0.30815 0)
(0.354707 -0.14069 0)
(-0.113953 -0.28132 0)
(-0.200153 0.401649 0)
(-0.221503 0.264717 0)
(-0.188058 -0.0429222 0)
(-0.101988 -0.196387 0)
(-0.0434669 -0.268467 0)
(-0.0995407 -0.283002 0)
(-0.331574 0.129836 0)
(-0.817316 0.58956 0)
(-1.56987 0.841103 0)
(-2.3506 0.895371 0)
(-2.47907 0.355057 0)
(-1.15055 -0.563098 0)
(-0.0704534 -1.14067 0)
(0.202209 -1.01174 0)
(0.460969 -0.891764 0)
(0.945117 -0.52695 0)
(2.03999 0.301204 0)
(2.5981 0.82281 0)
(0.264278 -0.0692663 0)
(-0.133662 0.461069 0)
(0.00807983 0.275113 0)
(-0.0179474 -0.0458505 0)
(0.0733561 -0.21021 0)
(0.0386741 -0.235965 0)
(-0.240252 -0.180175 0)
(-0.630008 0.321308 0)
(-1.16685 0.833295 0)
(-1.91454 1.15426 0)
(-2.43844 1.00329 0)
(-1.69763 -0.00267041 0)
(-0.419421 -0.933807 0)
(0.101558 -1.32859 0)
(0.228501 -1.08692 0)
(0.385051 -0.930619 0)
(0.422964 -0.734806 0)
(1.12692 -0.0420664 0)
(2.13418 0.762756 0)
(1.73821 0.955717 0)
(-0.0859622 0.456336 0)
(0.172407 0.255034 0)
(0.182467 -0.0566842 0)
(0.242898 -0.204695 0)
(0.114503 -0.147272 0)
(-0.350239 -0.0135604 0)
(-0.865054 0.551542 0)
(-1.45193 1.11041 0)
(-2.14261 1.38455 0)
(-2.11409 0.827012 0)
(-0.859233 -0.449027 0)
(-0.0356245 -1.25124 0)
(0.118624 -1.39575 0)
(0.178637 -1.13979 0)
(0.311539 -0.938128 0)
(0.2616 -0.824176 0)
(0.561078 -0.265925 0)
(1.20701 0.728836 0)
(1.19919 1.21733 0)
(-0.0482921 0.40985 0)
(0.249831 0.219904 0)
(0.392095 -0.0863965 0)
(0.386003 -0.181489 0)
(0.179341 0.0190578 0)
(-0.391437 0.1927 0)
(-0.962034 0.760831 0)
(-1.55739 1.3909 0)
(-2.08066 1.46647 0)
(-1.52851 0.471942 0)
(-0.299605 -0.827126 0)
(0.0983226 -1.41254 0)
(0.0712232 -1.40775 0)
(0.09843 -1.17715 0)
(0.218707 -0.960637 0)
(0.19542 -0.822509 0)
(0.231836 -0.243774 0)
(0.0465522 0.890721 0)
(-0.269124 1.47097 0)
(0.0259462 0.321908 0)
(0.339092 0.141658 0)
(0.53306 -0.136952 0)
(0.441264 -0.14487 0)
(0.239402 0.123099 0)
(-0.362767 0.409718 0)
(-0.946205 0.982282 0)
(-1.49076 1.63099 0)
(-1.78197 1.38015 0)
(-0.985908 0.0947232 0)
(-0.153725 -1.02785 0)
(0.0643735 -1.44807 0)
(0.00150257 -1.40592 0)
(0.0169381 -1.21128 0)
(0.127438 -0.993998 0)
(0.119034 -0.781119 0)
(-0.0932849 0.0538399 0)
(-2.07453 1.66756 0)
(-2.18137 0.6129 0)
(0.01043 0.0224177 0)
(-0.0181259 0.0260191 0)
(-0.0541052 0.0590569 0)
(-0.0861179 0.0823248 0)
(-0.116734 0.0875637 0)
(-0.139194 0.0835827 0)
(-0.152003 0.0676405 0)
(-0.154339 0.0470813 0)
(-0.148656 0.0331231 0)
(-0.143416 0.0225156 0)
(-0.141827 0.0205929 0)
(-0.147195 0.0263044 0)
(-0.156906 0.0278292 0)
(-0.16088 0.01763 0)
(-0.149122 -0.00459796 0)
(-0.135471 -0.0233316 0)
(-0.119145 -0.0427467 0)
(-0.093829 -0.0612191 0)
(-0.0597405 -0.0818963 0)
(-0.0230132 -0.105843 0)
(0.0171545 -0.122315 0)
(0.049589 -0.136177 0)
(0.0694268 -0.0987896 0)
(-0.581059 0.134677 0)
(-0.548957 0.129947 0)
(-0.55035 0.0812668 0)
(-0.526128 0.060812 0)
(-0.516223 0.054265 0)
(-0.501229 0.0482787 0)
(-0.469495 0.0366588 0)
(-0.429767 0.0231505 0)
(-0.383625 0.0144669 0)
(-0.318537 0.0120847 0)
(-0.239546 0.0143283 0)
(-0.177201 0.0191421 0)
(-0.145161 0.0183871 0)
(-0.124264 0.00543896 0)
(-0.116466 -0.0164048 0)
(-0.11857 -0.0325714 0)
(-0.119952 -0.0556588 0)
(-0.110267 -0.0759257 0)
(-0.0874637 -0.0954308 0)
(-0.05565 -0.125757 0)
(-0.00636659 -0.149782 0)
(0.0398994 -0.150724 0)
(0.0905887 -0.113817 0)
(-0.366227 0.865485 0)
(-0.538069 0.189096 0)
(-0.865356 0.0984915 0)
(-1.10056 0.112134 0)
(-1.18683 0.0930671 0)
(-1.22347 0.0525422 0)
(-1.34143 0.00570958 0)
(-1.38481 -0.0570827 0)
(-1.31708 -0.128653 0)
(-1.06419 -0.158015 0)
(-0.82896 -0.128919 0)
(-0.662962 -0.0702178 0)
(-0.597696 -0.0376546 0)
(-0.610075 -0.0123689 0)
(-0.635959 0.00436521 0)
(-0.604927 0.00289335 0)
(-0.573982 -0.019572 0)
(-0.550482 -0.0623483 0)
(-0.500971 -0.122745 0)
(-0.417033 -0.174914 0)
(-0.318639 -0.203007 0)
(-0.199061 -0.204428 0)
(-0.0654767 -0.169208 0)
(-0.266243 1.22409 0)
(-0.399161 0.584119 0)
(-0.724769 0.439922 0)
(-0.847366 0.28597 0)
(-0.898409 0.195287 0)
(-0.933393 0.195538 0)
(-0.996549 0.157818 0)
(-1.14632 0.0206932 0)
(-1.45386 -0.153495 0)
(-1.85788 -0.304096 0)
(-2.1104 -0.292437 0)
(-2.10565 -0.155339 0)
(-2.00417 -0.0363995 0)
(-1.887 0.0294077 0)
(-1.66096 -0.0270021 0)
(-1.46673 -0.147692 0)
(-1.32037 -0.212895 0)
(-1.2132 -0.240375 0)
(-1.13794 -0.261123 0)
(-1.08033 -0.312577 0)
(-1.00769 -0.433862 0)
(-0.70143 -0.493906 0)
(-0.61675 -0.623692 0)
(-0.180527 1.4236 0)
(-0.208881 0.810523 0)
(-0.486521 0.59421 0)
(-0.439516 0.359367 0)
(-0.411028 0.181847 0)
(-0.367758 0.140575 0)
(-0.305697 0.192985 0)
(-0.273284 0.301635 0)
(-0.339525 0.383881 0)
(-0.532725 0.28581 0)
(-0.750261 -0.0170163 0)
(-0.91774 -0.283208 0)
(-0.977395 -0.324906 0)
(-0.999585 -0.207461 0)
(-1.02559 -0.227017 0)
(-1.06937 -0.314421 0)
(-1.26354 -0.271499 0)
(-1.48577 -0.218058 0)
(-1.49752 -0.244957 0)
(-1.28439 -0.412794 0)
(-1.1373 -0.58642 0)
(-1.07273 -0.736059 0)
(-1.08182 -0.887823 0)
(-0.0566027 1.51378 0)
(0.0527794 1.00769 0)
(-0.233139 0.602413 0)
(-0.110104 0.317005 0)
(-0.0909409 0.145185 0)
(-0.0848707 0.108293 0)
(-0.0847473 0.116799 0)
(-0.0859143 0.163484 0)
(-0.0417121 0.257859 0)
(-0.025998 0.302332 0)
(-0.126068 0.200501 0)
(-0.301831 0.0666133 0)
(-0.483368 0.00291064 0)
(-0.6704 0.0505021 0)
(-0.862474 0.0920445 0)
(-1.05553 0.0631368 0)
(-1.28214 0.0756877 0)
(-1.36627 -0.116672 0)
(-1.24127 -0.404052 0)
(-1.10934 -0.571439 0)
(-1.05026 -0.611965 0)
(-1.06124 -0.649224 0)
(-1.1525 -0.787016 0)
(0.0871805 1.36217 0)
(0.289442 1.17602 0)
(0.124288 0.674422 0)
(0.140781 0.311358 0)
(0.11708 0.144033 0)
(0.071188 0.12855 0)
(0.0281479 0.162685 0)
(-0.0294398 0.189817 0)
(-0.0537888 0.220269 0)
(-0.0240317 0.252515 0)
(-0.0313052 0.236547 0)
(-0.119587 0.173705 0)
(-0.24355 0.136641 0)
(-0.375497 0.148232 0)
(-0.515534 0.141354 0)
(-0.634029 0.0980761 0)
(-0.771206 0.076207 0)
(-0.981704 -0.0150298 0)
(-1.1296 -0.32058 0)
(-1.12926 -0.682318 0)
(-1.05395 -0.693602 0)
(-0.994409 -0.647399 0)
(-1.03315 -0.675024 0)
(0.161313 1.03036 0)
(0.394712 1.11912 0)
(0.378762 0.730778 0)
(0.335806 0.37783 0)
(0.251683 0.206603 0)
(0.154136 0.188914 0)
(0.0830994 0.226457 0)
(0.0130656 0.252763 0)
(-0.0478927 0.259719 0)
(-0.0752198 0.267399 0)
(-0.0851654 0.27083 0)
(-0.125723 0.2485 0)
(-0.190027 0.232103 0)
(-0.254662 0.252817 0)
(-0.323174 0.27606 0)
(-0.405352 0.274866 0)
(-0.505016 0.260699 0)
(-0.651755 0.171338 0)
(-0.901398 -0.13353 0)
(-1.17176 -0.584284 0)
(-1.22571 -0.778195 0)
(-1.11689 -0.723801 0)
(-1.02861 -0.62947 0)
(0.105464 0.744729 0)
(0.320114 0.940486 0)
(0.396798 0.702278 0)
(0.375404 0.440203 0)
(0.280752 0.301985 0)
(0.17201 0.27858 0)
(0.0950479 0.297387 0)
(0.0299651 0.310759 0)
(-0.0264991 0.304407 0)
(-0.0726983 0.297195 0)
(-0.103337 0.299749 0)
(-0.133654 0.294518 0)
(-0.17418 0.288606 0)
(-0.219502 0.306822 0)
(-0.26335 0.336915 0)
(-0.318268 0.351957 0)
(-0.399098 0.366256 0)
(-0.510911 0.34796 0)
(-0.716466 0.137384 0)
(-1.07933 -0.335334 0)
(-1.38316 -0.736175 0)
(-1.41322 -0.838243 0)
(-1.26529 -0.723333 0)
(0.00507198 0.625195 0)
(0.166545 0.771965 0)
(0.278758 0.641195 0)
(0.29298 0.48435 0)
(0.227439 0.392169 0)
(0.147244 0.363564 0)
(0.0875268 0.362571 0)
(0.0379425 0.364551 0)
(-0.00497324 0.353756 0)
(-0.0483988 0.339553 0)
(-0.0858664 0.33274 0)
(-0.115683 0.328357 0)
(-0.150123 0.329273 0)
(-0.193599 0.348038 0)
(-0.236775 0.378938 0)
(-0.281539 0.407329 0)
(-0.343267 0.445199 0)
(-0.426644 0.480278 0)
(-0.547766 0.395467 0)
(-0.809975 0.0495414 0)
(-1.24033 -0.484869 0)
(-1.53552 -0.839645 0)
(-1.55381 -0.881272 0)
(-0.0369641 0.601304 0)
(0.0630966 0.641178 0)
(0.162152 0.581598 0)
(0.187604 0.505412 0)
(0.155444 0.449681 0)
(0.112086 0.41992 0)
(0.0753689 0.40824 0)
(0.0432262 0.404037 0)
(0.0128963 0.393724 0)
(-0.0219335 0.379543 0)
(-0.0565155 0.367948 0)
(-0.0871527 0.362253 0)
(-0.121316 0.36842 0)
(-0.162615 0.390905 0)
(-0.20476 0.422882 0)
(-0.246399 0.458417 0)
(-0.293459 0.505961 0)
(-0.348626 0.555391 0)
(-0.410115 0.546863 0)
(-0.536388 0.373944 0)
(-0.873235 -0.0503342 0)
(-1.29791 -0.567101 0)
(-1.47059 -0.882778 0)
(-0.0276485 0.601689 0)
(0.0290957 0.559199 0)
(0.0922999 0.535503 0)
(0.112882 0.506135 0)
(0.102609 0.473816 0)
(0.084192 0.448112 0)
(0.06398 0.434255 0)
(0.0445184 0.428016 0)
(0.0241439 0.420019 0)
(-0.000814372 0.409277 0)
(-0.0287122 0.399231 0)
(-0.058552 0.395866 0)
(-0.0924218 0.406295 0)
(-0.129712 0.431406 0)
(-0.166739 0.463808 0)
(-0.203148 0.500732 0)
(-0.238731 0.54853 0)
(-0.27221 0.595815 0)
(-0.306416 0.615165 0)
(-0.371631 0.558038 0)
(-0.628305 0.287809 0)
(-1.0874 -0.238327 0)
(-1.31638 -0.717896 0)
(-0.009809 0.600059 0)
(0.0229675 0.514339 0)
(0.0571201 0.50592 0)
(0.071816 0.498953 0)
(0.071751 0.47996 0)
(0.0654031 0.460447 0)
(0.0543491 0.448561 0)
(0.0424665 0.442904 0)
(0.0290686 0.437908 0)
(0.0119824 0.431553 0)
(-0.00951608 0.426029 0)
(-0.035971 0.427101 0)
(-0.0663162 0.440431 0)
(-0.0975478 0.465767 0)
(-0.127066 0.497296 0)
(-0.155133 0.532338 0)
(-0.179383 0.57481 0)
(-0.195776 0.618539 0)
(-0.214889 0.657553 0)
(-0.26606 0.690333 0)
(-0.458048 0.573841 0)
(-0.875734 0.100466 0)
(-1.19215 -0.583907 0)
(-0.000606204 0.592345 0)
(0.0205546 0.487571 0)
(0.0396615 0.488345 0)
(0.0506663 0.491376 0)
(0.0539949 0.479935 0)
(0.0526466 0.46613 0)
(0.046499 0.457223 0)
(0.038979 0.453058 0)
(0.0299248 0.450653 0)
(0.0178911 0.448398 0)
(0.0014555 0.447948 0)
(-0.0198421 0.453536 0)
(-0.0439879 0.46855 0)
(-0.0677414 0.492585 0)
(-0.0890688 0.521975 0)
(-0.108022 0.553219 0)
(-0.121803 0.587477 0)
(-0.12606 0.628614 0)
(-0.133658 0.69258 0)
(-0.181984 0.804929 0)
(-0.351306 0.825835 0)
(-0.691641 0.445412 0)
(-0.966333 -0.311633 0)
(0.00270092 0.582171 0)
(0.0180927 0.470135 0)
(0.0301585 0.476894 0)
(0.0389613 0.48463 0)
(0.043069 0.477923 0)
(0.0438876 0.468621 0)
(0.040653 0.462566 0)
(0.0358345 0.459993 0)
(0.0294932 0.459635 0)
(0.0207966 0.460786 0)
(0.00859981 0.464633 0)
(-0.00707082 0.47357 0)
(-0.0243682 0.489302 0)
(-0.0408218 0.51157 0)
(-0.0549194 0.538347 0)
(-0.066514 0.565346 0)
(-0.0732955 0.591398 0)
(-0.0719501 0.630356 0)
(-0.0715984 0.720464 0)
(-0.102065 0.90566 0)
(-0.22898 1.0424 0)
(-0.513882 0.66254 0)
(-0.747439 -0.105516 0)
(0.00425934 0.572024 0)
(0.0159904 0.458053 0)
(0.024588 0.468295 0)
(0.0320003 0.478481 0)
(0.0363137 0.474947 0)
(0.0383252 0.46906 0)
(0.0371445 0.465523 0)
(0.034365 0.464579 0)
(0.0301217 0.465986 0)
(0.0241225 0.4697 0)
(0.0157138 0.476451 0)
(0.00527765 0.48739 0)
(-0.00586912 0.503215 0)
(-0.0162957 0.5239 0)
(-0.0249523 0.548497 0)
(-0.031897 0.572607 0)
(-0.0364167 0.593206 0)
(-0.036179 0.62953 0)
(-0.0332394 0.735221 0)
(-0.0356776 0.964892 0)
(-0.0838854 1.20129 0)
(-0.280623 0.94386 0)
(-0.483587 0.118284 0)
(0.00527527 0.562104 0)
(0.0144797 0.448888 0)
(0.0214568 0.461233 0)
(0.0279448 0.472797 0)
(0.0325014 0.471392 0)
(0.0354025 0.468045 0)
(0.0359343 0.466614 0)
(0.0350321 0.467238 0)
(0.0328305 0.470125 0)
(0.0293865 0.475538 0)
(0.0245388 0.48393 0)
(0.0186824 0.495893 0)
(0.0125726 0.511637 0)
(0.0069189 0.531351 0)
(0.00229199 0.554731 0)
(-0.00175029 0.57837 0)
(-0.00677005 0.597953 0)
(-0.0121143 0.631301 0)
(-0.0127743 0.736367 0)
(-0.00103865 0.971497 0)
(0.0181535 1.25695 0)
(-0.0814206 1.15763 0)
(-0.331652 0.36476 0)
(0.00579954 0.552347 0)
(0.0135305 0.44124 0)
(0.0198657 0.45501 0)
(0.025837 0.467357 0)
(0.0307616 0.467334 0)
(0.0344783 0.46581 0)
(0.0365587 0.465992 0)
(0.0375077 0.467928 0)
(0.0374459 0.471926 0)
(0.0365863 0.478345 0)
(0.0350677 0.487544 0)
(0.0332018 0.499878 0)
(0.0313716 0.51556 0)
(0.0298647 0.534856 0)
(0.0288766 0.557853 0)
(0.0277081 0.582871 0)
(0.0234273 0.606109 0)
(0.0137534 0.638679 0)
(0.00729642 0.732082 0)
(0.020868 0.946533 0)
(0.0680567 1.24063 0)
(0.070278 1.29983 0)
(-0.241051 0.600054 0)
(0.00591769 0.542808 0)
(0.0130048 0.434318 0)
(0.0191319 0.449098 0)
(0.025005 0.461853 0)
(0.0304021 0.462688 0)
(0.0349383 0.462407 0)
(0.0384348 0.463701 0)
(0.041169 0.466575 0)
(0.0432657 0.471292 0)
(0.0449711 0.47821 0)
(0.0465296 0.487664 0)
(0.0482137 0.49995 0)
(0.0502285 0.515398 0)
(0.052762 0.534384 0)
(0.0558677 0.557278 0)
(0.059028 0.583928 0)
(0.0599063 0.612955 0)
(0.05396 0.648788 0)
(0.0472722 0.727388 0)
(0.0692165 0.909424 0)
(0.137822 1.18322 0)
(0.224313 1.38306 0)
(0.0931698 0.968174 0)
(0.00584026 0.533448 0)
(0.0127721 0.427689 0)
(0.0188665 0.443131 0)
(0.0249801 0.456038 0)
(0.0309175 0.457376 0)
(0.0362864 0.457883 0)
(0.0410662 0.459852 0)
(0.0454489 0.463264 0)
(0.0495752 0.468315 0)
(0.053686 0.47532 0)
(0.0580419 0.484599 0)
(0.0629233 0.496452 0)
(0.0685607 0.511263 0)
(0.0752328 0.529555 0)
(0.0831214 0.55187 0)
(0.0921392 0.578895 0)
(0.101549 0.611454 0)
(0.108709 0.651436 0)
(0.115938 0.717413 0)
(0.154711 0.857754 0)
(0.257957 1.08238 0)
(0.411581 1.31709 0)
(0.539761 1.25969 0)
(0.00572621 0.524168 0)
(0.0127324 0.421137 0)
(0.0188915 0.436895 0)
(0.0254459 0.449765 0)
(0.0319487 0.451372 0)
(0.0381401 0.452311 0)
(0.0440706 0.454601 0)
(0.0499187 0.458183 0)
(0.0558457 0.463204 0)
(0.0620943 0.46993 0)
(0.068935 0.478644 0)
(0.0766797 0.489642 0)
(0.0856657 0.503287 0)
(0.0963423 0.520106 0)
(0.109163 0.540697 0)
(0.124612 0.565895 0)
(0.14342 0.597258 0)
(0.166211 0.636626 0)
(0.194735 0.690318 0)
(0.250235 0.782971 0)
(0.373061 0.931662 0)
(0.576189 1.10519 0)
(0.819541 1.15791 0)
(0.00563503 0.514885 0)
(0.0128095 0.414549 0)
(0.0190983 0.430288 0)
(0.0261756 0.442977 0)
(0.0332303 0.444681 0)
(0.0401989 0.445781 0)
(0.0471447 0.44811 0)
(0.05426 0.451559 0)
(0.0617278 0.456236 0)
(0.0697963 0.462354 0)
(0.0787612 0.470143 0)
(0.0889754 0.479855 0)
(0.100865 0.491778 0)
(0.115019 0.506308 0)
(0.13213 0.523918 0)
(0.153132 0.545193 0)
(0.179455 0.57115 0)
(0.213476 0.60312 0)
(0.258124 0.642236 0)
(0.323382 0.694065 0)
(0.436158 0.763986 0)
(0.623018 0.841078 0)
(0.873145 0.855948 0)
(0.00557662 0.505548 0)
(0.0129471 0.407863 0)
(0.0193899 0.423275 0)
(0.0269966 0.435675 0)
(0.0345582 0.437338 0)
(0.0422241 0.438398 0)
(0.0500431 0.440545 0)
(0.0582244 0.443632 0)
(0.0669676 0.447711 0)
(0.0765213 0.452951 0)
(0.0872082 0.459514 0)
(0.0994123 0.467583 0)
(0.1136 0.477328 0)
(0.130409 0.488972 0)
(0.150635 0.502742 0)
(0.175366 0.518853 0)
(0.206106 0.537475 0)
(0.245222 0.558818 0)
(0.29602 0.582275 0)
(0.362863 0.606142 0)
(0.45755 0.625656 0)
(0.593515 0.633491 0)
(0.780618 0.593291 0)
(0.00555352 0.496127 0)
(0.0131017 0.401062 0)
(0.0196864 0.415874 0)
(0.0277785 0.427898 0)
(0.0357754 0.429412 0)
(0.0440327 0.430285 0)
(0.0525721 0.432083 0)
(0.0616115 0.434638 0)
(0.0713602 0.437935 0)
(0.0820665 0.442102 0)
(0.0940572 0.447236 0)
(0.10772 0.453433 0)
(0.123517 0.460742 0)
(0.142069 0.469219 0)
(0.164133 0.478854 0)
(0.19071 0.489542 0)
(0.223095 0.500889 0)
(0.262993 0.512248 0)
(0.312989 0.522283 0)
(0.375295 0.5283 0)
(0.454566 0.524362 0)
(0.551334 0.502173 0)
(0.671773 0.443146 0)
(0.00556652 0.486609 0)
(0.0132386 0.394165 0)
(0.0199349 0.408144 0)
(0.028431 0.419715 0)
(0.0367713 0.421004 0)
(0.0454951 0.421582 0)
(0.0545869 0.422915 0)
(0.0642741 0.424813 0)
(0.0747599 0.427217 0)
(0.0862919 0.430194 0)
(0.0991768 0.433794 0)
(0.113777 0.438024 0)
(0.130522 0.442844 0)
(0.149964 0.448169 0)
(0.172758 0.453809 0)
(0.199701 0.459456 0)
(0.231796 0.464465 0)
(0.270143 0.467829 0)
(0.316296 0.467969 0)
(0.371301 0.462335 0)
(0.436966 0.446993 0)
(0.510711 0.415347 0)
(0.590349 0.356984 0)
(0.00560787 0.477002 0)
(0.0133327 0.387205 0)
(0.0201053 0.400162 0)
(0.0289002 0.41122 0)
(0.0374763 0.412236 0)
(0.0465297 0.412441 0)
(0.0559994 0.413235 0)
(0.0661264 0.414401 0)
(0.0770898 0.415851 0)
(0.0891309 0.417596 0)
(0.102527 0.419643 0)
(0.117598 0.421931 0)
(0.134718 0.424358 0)
(0.15434 0.426736 0)
(0.176996 0.42877 0)
(0.203271 0.430033 0)
(0.233856 0.429819 0)
(0.269409 0.427055 0)
(0.310653 0.420232 0)
(0.357808 0.407086 0)
(0.411031 0.384958 0)
(0.468227 0.349825 0)
(0.524301 0.295449 0)
(0.00566179 0.467326 0)
(0.0133725 0.380221 0)
(0.0201818 0.392011 0)
(0.0291604 0.402526 0)
(0.0378544 0.403235 0)
(0.0470988 0.403018 0)
(0.0567775 0.403237 0)
(0.0671385 0.403637 0)
(0.0783372 0.404117 0)
(0.0905981 0.404648 0)
(0.104161 0.405194 0)
(0.119302 0.405651 0)
(0.136326 0.405872 0)
(0.155583 0.405613 0)
(0.177474 0.404535 0)
(0.2024 0.402155 0)
(0.230772 0.397797 0)
(0.262921 0.390466 0)
(0.299044 0.378875 0)
(0.338881 0.361251 0)
(0.381738 0.335694 0)
(0.426024 0.300038 0)
(0.467256 0.250891 0)
(0.00571212 0.45761 0)
(0.0133607 0.373258 0)
(0.0201491 0.383774 0)
(0.0292043 0.393749 0)
(0.0378974 0.394128 0)
(0.0472017 0.393472 0)
(0.0569312 0.393103 0)
(0.0673337 0.392742 0)
(0.0785493 0.392275 0)
(0.0907746 0.391649 0)
(0.104211 0.390793 0)
(0.119085 0.389583 0)
(0.135642 0.387839 0)
(0.154138 0.385303 0)
(0.174846 0.381626 0)
(0.198019 0.376328 0)
(0.223856 0.368802 0)
(0.25246 0.358214 0)
(0.28374 0.343538 0)
(0.317235 0.32351 0)
(0.352021 0.296863 0)
(0.386774 0.262497 0)
(0.418103 0.218676 0)
(0.00575355 0.447881 0)
(0.0133102 0.366378 0)
(0.0199826 0.375532 0)
(0.0290335 0.384998 0)
(0.037614 0.385036 0)
(0.0468611 0.383949 0)
(0.0564974 0.383001 0)
(0.0667752 0.381911 0)
(0.0778191 0.380553 0)
(0.0897897 0.378855 0)
(0.102858 0.376725 0)
(0.117203 0.374035 0)
(0.133012 0.37059 0)
(0.150468 0.366139 0)
(0.169737 0.360345 0)
(0.190957 0.352776 0)
(0.214191 0.342908 0)
(0.239391 0.330086 0)
(0.266325 0.313526 0)
(0.294475 0.29235 0)
(0.322954 0.26575 0)
(0.350676 0.233193 0)
(0.37512 0.19386 0)
(0.00580523 0.438145 0)
(0.0132482 0.359672 0)
(0.0196454 0.36736 0)
(0.0286503 0.376372 0)
(0.0370159 0.376066 0)
(0.0461093 0.374571 0)
(0.0555289 0.373074 0)
(0.0655451 0.371312 0)
(0.0762626 0.369139 0)
(0.0878051 0.366476 0)
(0.100318 0.36322 0)
(0.11394 0.359243 0)
(0.128806 0.354358 0)
(0.145039 0.348327 0)
(0.162732 0.340846 0)
(0.181938 0.331546 0)
(0.202633 0.319989 0)
(0.224688 0.305677 0)
(0.247809 0.288036 0)
(0.27149 0.266456 0)
(0.294956 0.240424 0)
(0.31736 0.20973 0)
(0.336875 0.174106 0)
(0.00592058 0.428363 0)
(0.0132164 0.353296 0)
(0.0190963 0.35934 0)
(0.0280563 0.367945 0)
(0.0361084 0.367301 0)
(0.0449746 0.36544 0)
(0.0540758 0.363441 0)
(0.0637235 0.361073 0)
(0.0739971 0.358174 0)
(0.084988 0.354666 0)
(0.0968162 0.350439 0)
(0.109589 0.345371 0)
(0.123395 0.33929 0)
(0.138312 0.331982 0)
(0.154383 0.323183 0)
(0.171603 0.312588 0)
(0.189899 0.299844 0)
(0.209105 0.284576 0)
(0.228918 0.266382 0)
(0.248879 0.244849 0)
(0.268338 0.219647 0)
(0.286641 0.190734 0)
(0.302501 0.158152 0)
(0.00616432 0.418449 0)
(0.0132435 0.34745 0)
(0.0183325 0.351589 0)
(0.0272529 0.359773 0)
(0.0348894 0.358816 0)
(0.0434711 0.356637 0)
(0.0521651 0.354192 0)
(0.0613646 0.351288 0)
(0.0711117 0.34776 0)
(0.0814726 0.343522 0)
(0.0925432 0.338477 0)
(0.104403 0.332505 0)
(0.117106 0.325453 0)
(0.130694 0.317134 0)
(0.145176 0.307327 0)
(0.160512 0.295784 0)
(0.176604 0.282229 0)
(0.19328 0.266388 0)
(0.210257 0.247986 0)
(0.227142 0.226757 0)
(0.243399 0.202482 0)
(0.258521 0.175185 0)
(0.271625 0.145045 0)
(0.00655027 0.408304 0)
(0.0133102 0.34227 0)
(0.0174236 0.344258 0)
(0.0262355 0.351914 0)
(0.0333509 0.350683 0)
(0.0415889 0.34824 0)
(0.0497881 0.345401 0)
(0.0584746 0.342029 0)
(0.0676332 0.337959 0)
(0.0773145 0.333101 0)
(0.0875941 0.327375 0)
(0.0985261 0.320665 0)
(0.110137 0.312839 0)
(0.122442 0.303735 0)
(0.135429 0.293174 0)
(0.149039 0.280954 0)
(0.163168 0.266869 0)
(0.177649 0.250718 0)
(0.192238 0.232319 0)
(0.206615 0.211511 0)
(0.220359 0.188152 0)
(0.233066 0.162271 0)
(0.244161 0.134068 0)
(0.00701266 0.397891 0)
(0.0133547 0.337784 0)
(0.0164489 0.337514 0)
(0.0249795 0.344459 0)
(0.0314717 0.342987 0)
(0.0392877 0.340324 0)
(0.046895 0.337139 0)
(0.0550003 0.33336 0)
(0.0635065 0.32882 0)
(0.0724619 0.323437 0)
(0.0819252 0.317144 0)
(0.0919265 0.309834 0)
(0.102474 0.301394 0)
(0.113563 0.291689 0)
(0.125167 0.280571 0)
(0.137224 0.26788 0)
(0.149632 0.253462 0)
(0.162241 0.23717 0)
(0.174847 0.218884 0)
(0.187209 0.198515 0)
(0.199017 0.175975 0)
(0.209954 0.151283 0)
(0.21967 0.124577 0)
(0.00745866 0.387259 0)
(0.0133136 0.333971 0)
(0.0154159 0.331515 0)
(0.0234445 0.33754 0)
(0.0292129 0.335837 0)
(0.0365029 0.332986 0)
(0.0434059 0.329492 0)
(0.050845 0.325353 0)
(0.0586145 0.320403 0)
(0.0667756 0.314571 0)
(0.0753721 0.307801 0)
(0.0844128 0.300001 0)
(0.093895 0.291074 0)
(0.103802 0.280905 0)
(0.1141 0.269374 0)
(0.124729 0.256357 0)
(0.135596 0.241733 0)
(0.146571 0.225393 0)
(0.157496 0.207255 0)
(0.168195 0.18727 0)
(0.178463 0.165391 0)
(0.188053 0.141628 0)
(0.196778 0.116026 0)
(0.00782937 0.376515 0)
(0.0131373 0.330807 0)
(0.0142805 0.326394 0)
(0.0216055 0.331306 0)
(0.0265369 0.329363 0)
(0.0331801 0.326345 0)
(0.0392533 0.32257 0)
(0.045924 0.318113 0)
(0.0528483 0.312798 0)
(0.0601165 0.30658 0)
(0.0677572 0.299408 0)
(0.0757632 0.291206 0)
(0.0841243 0.281888 0)
(0.0928179 0.271359 0)
(0.10181 0.25952 0)
(0.111044 0.24627 0)
(0.120438 0.231515 0)
(0.129884 0.215169 0)
(0.139263 0.19717 0)
(0.148447 0.177487 0)
(0.157313 0.156095 0)
(0.165664 0.133005 0)
(0.173418 0.108178 0)
(0.00808839 0.365821 0)
(0.0127634 0.328246 0)
(0.0130085 0.322257 0)
(0.0194747 0.325896 0)
(0.0234493 0.323705 0)
(0.0293231 0.32053 0)
(0.0344459 0.316497 0)
(0.0402457 0.311761 0)
(0.0462066 0.306123 0)
(0.0524733 0.299579 0)
(0.0590504 0.292073 0)
(0.0659208 0.283545 0)
(0.0730686 0.273917 0)
(0.0804708 0.263112 0)
(0.0880945 0.251043 0)
(0.0958877 0.237626 0)
(0.103779 0.222789 0)
(0.111683 0.206458 0)
(0.119505 0.188585 0)
(0.127144 0.169142 0)
(0.134532 0.148112 0)
(0.141491 0.125499 0)
(0.148005 0.101228 0)
(0.00819092 0.355406 0)
(0.0121183 0.326195 0)
(0.0115834 0.31915 0)
(0.0170931 0.32141 0)
(0.020018 0.318972 0)
(0.0250267 0.315634 0)
(0.0291094 0.311374 0)
(0.0339593 0.306387 0)
(0.0388625 0.300476 0)
(0.0440431 0.293664 0)
(0.049469 0.285891 0)
(0.0551187 0.277107 0)
(0.0609739 0.267243 0)
(0.0670154 0.256231 0)
(0.073208 0.243999 0)
(0.0795085 0.230474 0)
(0.0858536 0.215601 0)
(0.092171 0.199314 0)
(0.0983868 0.181571 0)
(0.104406 0.162344 0)
(0.110189 0.141615 0)
(0.115572 0.119375 0)
(0.12057 0.0955706 0)
(0.00808439 0.345552 0)
(0.011162 0.324624 0)
(0.010016 0.317057 0)
(0.0145138 0.317901 0)
(0.0163548 0.315244 0)
(0.0204517 0.311719 0)
(0.0234565 0.307261 0)
(0.0273206 0.302056 0)
(0.0311237 0.295925 0)
(0.035186 0.288902 0)
(0.0394269 0.280927 0)
(0.043828 0.271952 0)
(0.0483709 0.26192 0)
(0.0530439 0.250766 0)
(0.0578101 0.238434 0)
(0.062631 0.224864 0)
(0.0674493 0.209997 0)
(0.0722046 0.193791 0)
(0.0768333 0.176193 0)
(0.0812501 0.157189 0)
(0.0854339 0.136756 0)
(0.0892343 0.114868 0)
(0.0926785 0.0915285 0)
(0.00761737 0.33642 0)
(0.00978206 0.323449 0)
(0.00830439 0.315958 0)
(0.0117561 0.31539 0)
(0.0125848 0.31257 0)
(0.0157595 0.308812 0)
(0.0177232 0.304188 0)
(0.0206168 0.298787 0)
(0.0233387 0.29248 0)
(0.0263137 0.285295 0)
(0.0294013 0.277173 0)
(0.0325983 0.268062 0)
(0.0358877 0.257915 0)
(0.0392618 0.246677 0)
(0.042688 0.234292 0)
(0.0461266 0.220722 0)
(0.0495279 0.205891 0)
(0.0528445 0.189788 0)
(0.0560201 0.172352 0)
(0.0589949 0.153576 0)
(0.0617504 0.13344 0)
(0.0641515 0.111889 0)
(0.0662242 0.0890001 0)
(0.00705543 0.329055 0)
(0.00836827 0.322828 0)
(0.00663544 0.315575 0)
(0.00905691 0.313783 0)
(0.00900412 0.310874 0)
(0.0113255 0.306898 0)
(0.0123519 0.302159 0)
(0.0143628 0.296619 0)
(0.0161038 0.290191 0)
(0.0181024 0.282904 0)
(0.0201575 0.274693 0)
(0.0222843 0.265505 0)
(0.0244694 0.255298 0)
(0.0266996 0.244031 0)
(0.0289566 0.231647 0)
(0.0311892 0.218115 0)
(0.0333601 0.203364 0)
(0.0354333 0.187382 0)
(0.0373524 0.170132 0)
(0.0390883 0.151602 0)
(0.0406115 0.13176 0)
(0.0417886 0.110534 0)
(0.0426188 0.0880674 0)
(0.00492932 0.320523 0)
(0.00513274 0.322507 0)
(0.00379999 0.316224 0)
(0.0049456 0.313052 0)
(0.00419926 0.310135 0)
(0.00535476 0.305686 0)
(0.00541266 0.300917 0)
(0.00630466 0.29511 0)
(0.0069029 0.288587 0)
(0.0077265 0.28118 0)
(0.00854194 0.272891 0)
(0.00939157 0.263637 0)
(0.010273 0.253379 0)
(0.0111682 0.242083 0)
(0.0120708 0.229722 0)
(0.0129298 0.216241 0)
(0.0137333 0.201597 0)
(0.0144639 0.185742 0)
(0.0151129 0.168682 0)
(0.0156515 0.150395 0)
(0.016035 0.13086 0)
(0.0161916 0.109992 0)
(0.0161468 0.0879265 0)
(0.100142 -0.0575743 0)
(0.12964 -0.0282698 0)
(0.154959 -0.00262989 0)
(0.164732 0.0117877 0)
(0.114158 -0.0877346 0)
(0.123164 -0.0833129 0)
(0.142843 -0.0787595 0)
(0.162961 -0.0716583 0)
(0.043747 -0.113356 0)
(0.0726645 -0.100087 0)
(0.111916 -0.0921447 0)
(0.170449 -0.0833185 0)
(0.251742 -0.35439 0)
(0.375865 -0.318676 0)
(0.5566 -0.282101 0)
(0.618811 -0.238521 0)
(-0.976272 -0.906419 0)
(-0.848844 -0.864486 0)
(-0.674937 -0.673507 0)
(-0.585802 -0.377759 0)
(-1.23518 -0.961584 0)
(-1.23861 -0.971276 0)
(-1.21315 -0.858768 0)
(-1.19292 -0.611669 0)
(-1.14129 -0.79354 0)
(-1.21421 -0.874878 0)
(-1.2526 -0.803426 0)
(-1.29753 -0.6353 0)
(-1.05355 -0.651435 0)
(-1.11734 -0.713775 0)
(-1.17995 -0.713551 0)
(-1.22117 -0.56081 0)
(-1.17583 -0.62961 0)
(-1.16382 -0.631505 0)
(-1.17977 -0.628685 0)
(-1.20457 -0.547035 0)
(-1.43204 -0.767185 0)
(-1.36649 -0.693579 0)
(-1.33287 -0.639337 0)
(-1.32745 -0.575901 0)
(-1.4407 -0.930538 0)
(-1.40789 -0.834452 0)
(-1.37963 -0.7096 0)
(-1.35186 -0.577243 0)
(-1.2835 -0.906115 0)
(-1.24922 -0.879507 0)
(-1.22258 -0.781294 0)
(-1.19668 -0.64459 0)
(-1.229 -0.932143 0)
(-1.20453 -0.949628 0)
(-1.16468 -0.853424 0)
(-1.1101 -0.725054 0)
(-1.0689 -0.838304 0)
(-1.19838 -1.02112 0)
(-1.24827 -0.946788 0)
(-1.22077 -0.848741 0)
(-0.854455 -0.521245 0)
(-1.00605 -0.734909 0)
(-1.11843 -0.872164 0)
(-1.21764 -0.909402 0)
(-0.607077 -0.229825 0)
(-0.773827 -0.353349 0)
(-0.95994 -0.525596 0)
(-1.17359 -0.758562 0)
(-0.547502 0.0249914 0)
(-0.678549 -0.0291474 0)
(-0.796848 -0.0991053 0)
(-0.974533 -0.229424 0)
(-0.467692 0.24572 0)
(-0.558972 0.155639 0)
(-0.63109 0.0775487 0)
(-0.701099 0.0299118 0)
(-0.225279 0.442934 0)
(-0.330371 0.269775 0)
(-0.38651 0.148613 0)
(-0.441518 -0.00340026 0)
(0.354789 0.840937 0)
(0.240037 0.582192 0)
(0.166253 0.378315 0)
(0.0944426 0.225897 0)
(0.923992 1.00556 0)
(0.90025 0.767139 0)
(0.817028 0.503299 0)
(0.748885 0.294464 0)
(1.06262 0.804435 0)
(1.15776 0.700664 0)
(1.2116 0.528743 0)
(1.23002 0.307286 0)
(0.930255 0.531889 0)
(1.02394 0.463541 0)
(1.09558 0.360935 0)
(1.14492 0.230284 0)
(0.762974 0.378877 0)
(0.819441 0.321878 0)
(0.864868 0.251026 0)
(0.901407 0.172268 0)
(0.646165 0.301318 0)
(0.677735 0.256387 0)
(0.702462 0.204238 0)
(0.721651 0.148427 0)
(0.561576 0.247573 0)
(0.581615 0.211431 0)
(0.597153 0.171291 0)
(0.608971 0.128915 0)
(0.49393 0.209913 0)
(0.508014 0.180349 0)
(0.519003 0.148471 0)
(0.527476 0.115194 0)
(0.43803 0.183235 0)
(0.448419 0.158331 0)
(0.45659 0.131971 0)
(0.463058 0.104711 0)
(0.390532 0.162669 0)
(0.398567 0.141174 0)
(0.404967 0.118769 0)
(0.410166 0.0958194 0)
(0.349153 0.146302 0)
(0.355601 0.127459 0)
(0.360795 0.108061 0)
(0.365095 0.0883665 0)
(0.312482 0.133039 0)
(0.317782 0.116264 0)
(0.322112 0.0991669 0)
(0.32578 0.0819636 0)
(0.279894 0.122062 0)
(0.284364 0.10689 0)
(0.288104 0.0915336 0)
(0.291382 0.0762054 0)
(0.251219 0.112755 0)
(0.255138 0.0987861 0)
(0.25854 0.0846796 0)
(0.261655 0.0706593 0)
(0.225952 0.104532 0)
(0.229564 0.0914154 0)
(0.232835 0.0781308 0)
(0.235953 0.0649071 0)
(0.20254 0.0969027 0)
(0.205967 0.0843527 0)
(0.209176 0.0715566 0)
(0.212317 0.0587418 0)
(0.17862 0.0896993 0)
(0.181779 0.0775155 0)
(0.184788 0.0650072 0)
(0.187759 0.0524014 0)
(0.152377 0.0832213 0)
(0.155042 0.0713161 0)
(0.157578 0.0590441 0)
(0.160072 0.0466071 0)
(0.123872 0.0779812 0)
(0.125854 0.066355 0)
(0.127716 0.054321 0)
(0.129538 0.0420238 0)
(0.0948786 0.0743552 0)
(0.0961582 0.0629839 0)
(0.0973579 0.0511163 0)
(0.0985485 0.0388875 0)
(0.0674635 0.0721537 0)
(0.0681605 0.0608966 0)
(0.0688488 0.0490712 0)
(0.069557 0.0368536 0)
(0.0429833 0.0714509 0)
(0.0431998 0.0602259 0)
(0.0434376 0.0484483 0)
(0.0436701 0.0362791 0)
(0.0160401 0.0713038 0)
(0.0160288 0.0600451 0)
(0.015987 0.0483521 0)
(0.0159378 0.0362375 0)
(0.236813 0.133062 0)
(0.434431 0.0123761 0)
(0.524917 -0.142952 0)
(0.251199 -0.0332261 0)
(0.0022141 0.449122 0)
(-0.344876 0.690734 0)
(-0.773369 1.22254 0)
(-1.11661 1.95023 0)
(-1.24019 1.23665 0)
(-0.437976 -0.336455 0)
(-0.0382327 -1.34174 0)
(-0.058329 -1.43772 0)
(-0.135206 -1.39125 0)
(-0.133839 -1.25483 0)
(-0.0359515 -1.05004 0)
(-0.0275745 -0.66695 0)
(-0.485696 0.717947 0)
(-1.23217 0.987944 0)
(-0.117237 -0.435222 0)
(0.231554 -0.00561333 0)
(0.327911 -0.0717762 0)
(0.172734 0.0161892 0)
(-0.453818 0.399088 0)
(-0.341978 0.676932 0)
(-0.402758 0.913749 0)
(-0.640118 1.3906 0)
(-0.768489 2.35093 0)
(-0.74516 0.936762 0)
(-0.0973765 -0.926464 0)
(-0.138237 -1.35502 0)
(-0.280089 -1.36104 0)
(-0.367178 -1.35469 0)
(-0.432528 -1.29306 0)
(-0.354097 -1.1206 0)
(-0.30764 -0.42232 0)
(-0.752746 1.18444 0)
(-0.784517 0.823136 0)
(0.143522 -0.639636 0)
(0.245558 -0.0696916 0)
(0.376824 0.101355 0)
(-0.167701 0.394825 0)
(-0.720565 0.42287 0)
(-0.549983 0.580079 0)
(-0.47692 0.956084 0)
(-0.588582 1.4165 0)
(-0.62673 2.49583 0)
(-0.450964 0.552453 0)
(-0.234582 -1.12012 0)
(-0.365929 -1.25357 0)
(-0.523029 -1.21343 0)
(-0.727915 -1.20856 0)
(-0.93099 -1.29975 0)
(-0.987258 -1.10545 0)
(-0.795078 -0.247412 0)
(-0.858682 1.15647 0)
(-0.598817 0.669516 0)
(0.287876 -0.886695 0)
(0.601721 -0.146675 0)
(-0.197812 0.655319 0)
(-0.706436 0.870348 0)
(-0.783477 0.422481 0)
(-0.666196 0.493512 0)
(-0.560088 0.914719 0)
(-0.579316 1.39068 0)
(-0.566445 2.44993 0)
(-0.227417 0.533151 0)
(-0.386555 -1.00984 0)
(-0.609733 -1.12674 0)
(-0.733196 -0.998571 0)
(-1.00114 -0.940341 0)
(-1.31949 -1.19913 0)
(-1.51506 -1.09889 0)
(-1.32214 -0.241321 0)
(-0.840262 0.792868 0)
(-0.474319 0.41067 0)
(0.37002 -1.0624 0)
(-0.440914 0.297688 0)
(-0.32723 1.06427 0)
(-0.752856 1.24065 0)
(-0.752837 0.42066 0)
(-0.725149 0.501086 0)
(-0.637936 0.892045 0)
(-0.601545 1.36523 0)
(-0.529168 2.13198 0)
(-0.171779 0.376182 0)
(-0.482964 -0.756887 0)
(-0.817942 -0.98123 0)
(-0.844937 -0.795698 0)
(-0.921771 -0.722015 0)
(-1.11881 -0.992832 0)
(-1.30885 -0.999373 0)
(-1.2095 -0.557098 0)
(-0.724524 0.127114 0)
(-0.150375 -0.0999111 0)
(0.360097 -1.01158 0)
(-1.02853 0.0601579 0)
(-0.652708 1.03922 0)
(-0.6222 1.29939 0)
(-0.72081 0.444414 0)
(-0.740566 0.536291 0)
(-0.677428 0.902143 0)
(-0.60731 1.36208 0)
(-0.489894 1.65802 0)
(-0.161841 0.45581 0)
(-0.487838 -0.391165 0)
(-0.96155 -0.848365 0)
(-0.903222 -0.822072 0)
(-0.719505 -0.801765 0)
(-0.708625 -0.893162 0)
(-0.755146 -0.950691 0)
(-0.646854 -0.875968 0)
(-0.371271 -0.757357 0)
(0.0833823 -0.673353 0)
(0.28749 -0.800523 0)
(-1.31708 -0.15341 0)
(-1.03238 0.690946 0)
(-0.647161 1.09396 0)
(-0.683775 0.509188 0)
(-0.757256 0.442106 0)
(-0.702132 0.856319 0)
(-0.569361 1.24112 0)
(-0.400055 1.4084 0)
(-0.195201 0.726612 0)
(-0.459978 -0.149465 0)
(-1.02812 -0.708873 0)
(-1.05723 -1.00251 0)
(-0.827351 -0.98321 0)
(-0.685862 -0.934245 0)
(-0.632092 -0.941995 0)
(-0.512393 -0.910845 0)
(-0.295211 -0.886471 0)
(-0.036335 -0.862005 0)
(0.1835 -0.666108 0)
(-1.2435 -0.0890369 0)
(-1.19164 0.48014 0)
(-0.806055 0.834215 0)
(-0.705781 0.417396 0)
(-0.744731 0.351897 0)
(-0.648311 0.774974 0)
(-0.538572 1.07727 0)
(-0.3477 1.24745 0)
(-0.196674 0.838882 0)
(-0.403876 0.0982962 0)
(-0.958261 -0.534923 0)
(-1.09151 -1.06539 0)
(-1.0824 -1.13079 0)
(-0.913366 -1.03816 0)
(-0.832666 -1.03049 0)
(-0.674774 -1.04603 0)
(-0.420041 -1.0571 0)
(-0.137953 -1.0028 0)
(0.0846162 -0.644125 0)
(-1.16923 -0.177865 0)
(-1.01105 0.240978 0)
(-0.734793 0.396195 0)
(-0.536568 0.255288 0)
(-0.681407 0.526942 0)
(-0.728318 0.77315 0)
(-0.59776 0.963271 0)
(-0.394794 1.05367 0)
(-0.22215 0.796975 0)
(-0.112861 0.351819 0)
(-0.132157 0.661357 0)
(-0.378159 -0.799444 0)
(-1.42347 -1.10177 0)
(-1.51976 -1.15588 0)
(-1.53921 -1.2503 0)
(-1.19401 -1.4308 0)
(-0.786521 -1.4892 0)
(-0.301482 -1.31805 0)
(-0.00217728 -0.697856 0)
(-1.28934 -0.398873 0)
(-0.97413 0.00446098 0)
(-0.629883 0.332611 0)
(-0.889472 0.565508 0)
(-0.975949 0.67681 0)
(-0.879299 0.725042 0)
(-0.669256 0.809815 0)
(-0.416702 0.858158 0)
(-0.101898 0.634339 0)
(0.571645 0.00734366 0)
(1.01189 0.14891 0)
(1.03621 0.187885 0)
(-0.715877 -0.377149 0)
(-1.06942 -0.863743 0)
(-1.32195 -1.1515 0)
(-1.39144 -1.5212 0)
(-1.12872 -1.82363 0)
(-0.501362 -1.70371 0)
(-0.0573723 -0.832095 0)
(-1.34357 -0.346996 0)
(-1.37974 0.0339184 0)
(-1.34808 0.475505 0)
(-1.27361 0.629473 0)
(-1.10381 0.573221 0)
(-0.836136 0.542093 0)
(-0.612421 0.609444 0)
(-0.334348 0.51682 0)
(-0.0612141 -0.350509 0)
(0.0977597 -0.416245 0)
(0.469416 0.0241054 0)
(0.740837 0.385736 0)
(0.105924 0.435436 0)
(-0.433245 -0.447914 0)
(-0.700044 -0.988217 0)
(-1.05856 -1.48428 0)
(-1.25132 -2.0654 0)
(-0.758369 -2.26729 0)
(-0.108986 -1.39497 0)
(-1.14237 -0.394675 0)
(-1.07517 -0.0300285 0)
(-1.09469 0.291633 0)
(-1.06062 0.359073 0)
(-0.817304 0.248812 0)
(-0.498001 0.197116 0)
(-0.210352 0.265515 0)
(0.0906857 0.25041 0)
(0.543112 -0.0172799 0)
(0.324042 -0.517657 0)
(0.215921 -0.0703251 0)
(0.436592 0.349175 0)
(0.27082 0.817402 0)
(-0.0238461 -0.0831847 0)
(-0.142433 -0.767576 0)
(-0.3545 -1.21297 0)
(-0.706089 -1.94243 0)
(-0.683545 -2.70932 0)
(-0.0636908 -1.75939 0)
(-1.00408 -0.511414 0)
(-0.822028 -0.200257 0)
(-0.56367 0.0485294 0)
(-0.224083 0.156526 0)
(0.145182 0.093396 0)
(0.422987 -0.0858967 0)
(0.755144 -0.127952 0)
(0.951362 0.0684683 0)
(1.14951 -0.0687335 0)
(0.476369 -0.221506 0)
(0.272029 -0.11709 0)
(0.403513 0.374526 0)
(-0.131996 1.03401 0)
(0.0975737 0.015758 0)
(0.0329585 -0.688009 0)
(0.0101212 -1.06881 0)
(-0.0616541 -1.51764 0)
(-0.387649 -2.80882 0)
(0.0101705 -1.98185 0)
(-1.0854 -0.641384 0)
(-0.879451 -0.37177 0)
(-0.648315 -0.219895 0)
(-0.416333 -0.202726 0)
(-0.199986 -0.214575 0)
(-0.0311417 -0.154857 0)
(0.083655 -0.18924 0)
(0.143824 -0.197312 0)
(0.351833 0.0248387 0)
(0.178284 0.0479721 0)
(0.153495 0.0944072 0)
(0.0154274 0.814093 0)
(-0.723059 0.989977 0)
(-0.0433323 -0.1918 0)
(0.00130885 -0.752476 0)
(0.00802999 -1.15738 0)
(0.164635 -1.39311 0)
(-0.286087 -2.76974 0)
(0.0304007 -2.16403 0)
(-1.24116 -0.75185 0)
(-1.07335 -0.491506 0)
(-0.819127 -0.373064 0)
(-0.625727 -0.276668 0)
(-0.484876 -0.273261 0)
(-0.344776 -0.252493 0)
(-0.209785 -0.150972 0)
(-0.0968701 -0.0614943 0)
(0.120807 0.0357687 0)
(-0.00338098 -0.0644655 0)
(-0.245655 0.333453 0)
(-0.818029 1.25365 0)
(-0.964104 0.624029 0)
(-0.230385 -0.461126 0)
(0.00399011 -0.9139 0)
(0.0241988 -1.24221 0)
(0.244351 -1.28763 0)
(-0.165118 -2.58707 0)
(0.0257473 -2.51795 0)
(-1.38836 -0.886588 0)
(-1.37942 -0.707527 0)
(-1.11645 -0.680062 0)
(-0.835634 -0.551497 0)
(-0.564117 -0.521965 0)
(-0.431458 -0.500625 0)
(-0.321173 -0.550585 0)
(-0.318999 -0.501643 0)
(-0.244248 -0.0114671 0)
(-0.637919 0.292286 0)
(-1.09816 0.948475 0)
(-1.26283 1.27633 0)
(-0.676213 -0.00714596 0)
(-0.271823 -0.731598 0)
(0.0585633 -1.11831 0)
(0.0763393 -1.31843 0)
(0.31273 -1.31724 0)
(-0.0486085 -2.60716 0)
(0.133357 -2.41769 0)
(-1.20637 -0.514156 0)
(-1.25915 -0.810677 0)
(-1.09632 -0.860455 0)
(-0.899464 -0.739219 0)
(-0.679076 -0.629819 0)
(-0.50008 -0.547843 0)
(-0.414294 -0.340177 0)
(-0.545225 -0.284193 0)
(-0.813531 0.107715 0)
(-1.15655 0.743332 0)
(-1.33234 1.14598 0)
(-1.04688 0.864672 0)
(-0.218585 -0.452902 0)
(-0.080857 -0.970987 0)
(0.140474 -1.25721 0)
(0.0919631 -1.33913 0)
(0.261222 -1.49523 0)
(0.233837 -2.04247 0)
(0.189692 -2.24278 0)
(-0.856585 -0.309235 0)
(-0.913941 -0.853846 0)
(-0.786932 -1.0332 0)
(-0.707273 -0.92705 0)
(-0.658297 -0.757117 0)
(-0.677572 -0.575495 0)
(-0.740864 -0.326849 0)
(-0.905572 0.0215649 0)
(-1.08803 0.433456 0)
(-1.16152 0.838474 0)
(-0.970937 0.878387 0)
(-0.424954 0.277088 0)
(0.159359 -0.722994 0)
(0.196761 -1.11617 0)
(0.222143 -1.26365 0)
(0.0198584 -1.25582 0)
(0.0854625 -1.70464 0)
(0.24143 -2.04223 0)
(0.192584 -2.10222 0)
(-0.501338 -0.32868 0)
(-0.517097 -0.905181 0)
(-0.420342 -1.12382 0)
(-0.413201 -0.965541 0)
(-0.421353 -0.721902 0)
(-0.512594 -0.490444 0)
(-0.63609 -0.222008 0)
(-0.760378 0.110466 0)
(-0.839991 0.444862 0)
(-0.735222 0.623751 0)
(-0.367418 0.438047 0)
(0.24557 -0.21502 0)
(0.481831 -0.832029 0)
(0.422403 -1.11106 0)
(0.279169 -1.12723 0)
(-0.0664769 -1.09431 0)
(0.0226402 -1.8465 0)
(0.0174732 -2.13054 0)
(0.183037 -2.00289 0)
(0.183533 -0.121023 0)
(0.114024 -0.84337 0)
(0.0639332 -1.10721 0)
(-0.0647837 -0.950136 0)
(-0.134538 -0.67556 0)
(-0.200133 -0.415289 0)
(-0.262629 -0.161966 0)
(-0.29935 0.104288 0)
(-0.272904 0.331168 0)
(-0.0928238 0.351097 0)
(0.305253 0.0446857 0)
(0.654178 -0.427969 0)
(0.715289 -0.831612 0)
(0.558246 -0.986797 0)
(0.310114 -0.895981 0)
(-0.0663953 -0.943874 0)
(0.0343239 -1.86338 0)
(-0.152612 -2.19551 0)
(0.167647 -1.96634 0)
(0.816368 -0.15937 0)
(0.781446 -0.713806 0)
(0.521207 -0.938457 0)
(0.251393 -0.819768 0)
(0.0974475 -0.589297 0)
(0.0292235 -0.373723 0)
(0.0526756 -0.144352 0)
(0.131617 0.0517987 0)
(0.269778 0.176769 0)
(0.489099 0.121529 0)
(0.755818 -0.142414 0)
(0.88682 -0.486048 0)
(0.809753 -0.733056 0)
(0.598478 -0.788916 0)
(0.317656 -0.63384 0)
(-0.0262663 -0.814055 0)
(0.0549266 -1.84397 0)
(-0.136174 -2.15455 0)
(0.141225 -2.06689 0)
(1.22477 -0.144362 0)
(1.05279 -0.58416 0)
(0.733282 -0.71516 0)
(0.434176 -0.62189 0)
(0.259636 -0.46473 0)
(0.186564 -0.326085 0)
(0.192827 -0.207642 0)
(0.293529 -0.082288 0)
(0.469745 -0.0133795 0)
(0.672688 -0.0780783 0)
(0.825308 -0.26066 0)
(0.853518 -0.470422 0)
(0.746675 -0.596988 0)
(0.566866 -0.585215 0)
(0.316579 -0.387679 0)
(0.0147353 -0.700015 0)
(0.0658084 -1.77841 0)
(-0.20646 -2.16532 0)
(0.129288 -2.05451 0)
(1.14017 -0.0468173 0)
(0.986393 -0.349728 0)
(0.727841 -0.466605 0)
(0.495853 -0.437225 0)
(0.358734 -0.358964 0)
(0.301072 -0.285657 0)
(0.299175 -0.226517 0)
(0.350869 -0.189678 0)
(0.457123 -0.183677 0)
(0.58955 -0.234425 0)
(0.690784 -0.33616 0)
(0.715246 -0.440394 0)
(0.652568 -0.485161 0)
(0.543112 -0.423785 0)
(0.35119 -0.18096 0)
(0.0806929 -0.589953 0)
(0.0990603 -1.65157 0)
(-0.262051 -2.18477 0)
(0.153479 -2.13097 0)
(0.902594 0.0102361 0)
(0.811239 -0.191083 0)
(0.65812 -0.295679 0)
(0.51157 -0.310153 0)
(0.416713 -0.284831 0)
(0.37345 -0.257379 0)
(0.37076 -0.241225 0)
(0.405395 -0.23999 0)
(0.473267 -0.257345 0)
(0.557452 -0.29999 0)
(0.626623 -0.361257 0)
(0.653068 -0.412693 0)
(0.623057 -0.411367 0)
(0.56714 -0.313427 0)
(0.444683 -0.0256928 0)
(0.203228 -0.461908 0)
(0.198169 -1.4829 0)
(-0.225437 -2.20382 0)
(0.20129 -2.21703 0)
(0.726573 0.0380542 0)
(0.682042 -0.10279 0)
(0.596784 -0.193353 0)
(0.506182 -0.22834 0)
(0.44129 -0.234263 0)
(0.409119 -0.237713 0)
(0.406113 -0.251386 0)
(0.431522 -0.27875 0)
(0.482997 -0.317222 0)
(0.547636 -0.36115 0)
(0.603412 -0.399856 0)
(0.632591 -0.414327 0)
(0.624203 -0.376168 0)
(0.608805 -0.252965 0)
(0.568051 0.0604996 0)
(0.371219 -0.328162 0)
(0.380165 -1.27806 0)
(-0.0742386 -2.15288 0)
(0.259096 -2.14299 0)
(0.614119 0.0495693 0)
(0.591229 -0.0539392 0)
(0.541274 -0.130381 0)
(0.48413 -0.174258 0)
(0.440034 -0.199528 0)
(0.416374 -0.224264 0)
(0.413935 -0.260421 0)
(0.436424 -0.311099 0)
(0.482689 -0.366419 0)
(0.538528 -0.410986 0)
(0.585408 -0.433371 0)
(0.614546 -0.42294 0)
(0.620712 -0.362926 0)
(0.630686 -0.235198 0)
(0.668416 0.0851839 0)
(0.494747 -0.257493 0)
(0.597529 -1.02148 0)
(0.112195 -2.02888 0)
(0.272682 -2.00317 0)
(0.532052 0.0548718 0)
(0.519451 -0.0256311 0)
(0.489143 -0.0914797 0)
(0.452602 -0.138725 0)
(0.422314 -0.175331 0)
(0.403644 -0.214395 0)
(0.400794 -0.269425 0)
(0.421916 -0.342302 0)
(0.46378 -0.411442 0)
(0.509244 -0.454081 0)
(0.54562 -0.464288 0)
(0.573496 -0.438778 0)
(0.591629 -0.368533 0)
(0.614326 -0.253888 0)
(0.703067 0.0616496 0)
(0.584283 -0.209984 0)
(0.668111 -0.870544 0)
(0.247068 -1.79242 0)
(0.246024 -1.83789 0)
(0.467262 0.0564373 0)
(0.460361 -0.00911279 0)
(0.441373 -0.0668405 0)
(0.417236 -0.114366 0)
(0.394908 -0.156561 0)
(0.377396 -0.204892 0)
(0.372046 -0.277243 0)
(0.386964 -0.37006 0)
(0.415982 -0.446792 0)
(0.443408 -0.484782 0)
(0.46658 -0.489697 0)
(0.492136 -0.458883 0)
(0.519808 -0.386828 0)
(0.545896 -0.293944 0)
(0.653499 -0.00744607 0)
(0.62835 -0.1711 0)
(0.668751 -0.762387 0)
(0.356745 -1.51879 0)
(0.15265 -1.6554 0)
(0.413969 0.0559462 0)
(0.410299 0.000674144 0)
(0.398135 -0.0506461 0)
(0.381518 -0.0964993 0)
(0.362889 -0.139596 0)
(0.34424 -0.193233 0)
(0.333409 -0.279603 0)
(0.3324 -0.385336 0)
(0.339108 -0.462941 0)
(0.34391 -0.498723 0)
(0.351778 -0.508825 0)
(0.368088 -0.480326 0)
(0.399919 -0.413532 0)
(0.417544 -0.338008 0)
(0.521583 -0.0949157 0)
(0.546038 -0.178628 0)
(0.588373 -0.673971 0)
(0.376073 -1.26523 0)
(0.110929 -1.4482 0)
(0.368484 0.0545832 0)
(0.366966 0.00666725 0)
(0.359362 -0.0395689 0)
(0.34767 -0.0822052 0)
(0.331154 -0.122686 0)
(0.312259 -0.177994 0)
(0.293505 -0.270406 0)
(0.270222 -0.37938 0)
(0.252314 -0.455833 0)
(0.23598 -0.495121 0)
(0.224495 -0.514666 0)
(0.217141 -0.492529 0)
(0.244743 -0.439506 0)
(0.245012 -0.371529 0)
(0.339371 -0.169355 0)
(0.386092 -0.227872 0)
(0.463132 -0.637309 0)
(0.336557 -1.06667 0)
(0.103505 -1.23712 0)
(0.328985 0.0526137 0)
(0.329178 0.00997097 0)
(0.325128 -0.0322325 0)
(0.31758 -0.0707253 0)
(0.305025 -0.107025 0)
(0.289716 -0.16004 0)
(0.265703 -0.248139 0)
(0.226232 -0.352717 0)
(0.189147 -0.429747 0)
(0.157131 -0.472817 0)
(0.124575 -0.494358 0)
(0.0863672 -0.484197 0)
(0.0998583 -0.451139 0)
(0.0763261 -0.382432 0)
(0.160797 -0.229261 0)
(0.247335 -0.326336 0)
(0.357645 -0.647318 0)
(0.276574 -0.923487 0)
(0.0989039 -1.05685 0)
(0.294729 0.049973 0)
(0.296612 0.0109212 0)
(0.295682 -0.0282874 0)
(0.292485 -0.0633159 0)
(0.287271 -0.0961463 0)
(0.280366 -0.143576 0)
(0.261235 -0.219945 0)
(0.222577 -0.314888 0)
(0.177265 -0.392872 0)
(0.138423 -0.436648 0)
(0.0960474 -0.453618 0)
(0.044349 -0.45796 0)
(0.0344135 -0.441547 0)
(0.000810333 -0.387158 0)
(0.0859571 -0.328622 0)
(0.204403 -0.453647 0)
(0.290185 -0.659439 0)
(0.21897 -0.815111 0)
(0.0952333 -0.905971 0)
(0.265476 0.0464604 0)
(0.269157 0.00969411 0)
(0.271138 -0.0278172 0)
(0.272308 -0.0619851 0)
(0.274992 -0.0937963 0)
(0.278797 -0.135297 0)
(0.274119 -0.198003 0)
(0.251584 -0.278785 0)
(0.213035 -0.354508 0)
(0.177207 -0.401646 0)
(0.144057 -0.417945 0)
(0.107589 -0.428239 0)
(0.0848879 -0.427395 0)
(0.070931 -0.418339 0)
(0.140626 -0.433853 0)
(0.21321 -0.527565 0)
(0.238306 -0.643007 0)
(0.170691 -0.732173 0)
(0.0902543 -0.78029 0)
(0.240403 0.0418722 0)
(0.245789 0.00647629 0)
(0.250154 -0.0304078 0)
(0.254868 -0.0657213 0)
(0.261913 -0.1001 0)
(0.272287 -0.139788 0)
(0.279947 -0.192163 0)
(0.275201 -0.256936 0)
(0.25293 -0.323974 0)
(0.226394 -0.375938 0)
(0.207923 -0.399776 0)
(0.19345 -0.410111 0)
(0.18254 -0.419172 0)
(0.176271 -0.434292 0)
(0.19429 -0.460795 0)
(0.203866 -0.53546 0)
(0.192219 -0.609865 0)
(0.132985 -0.670183 0)
(0.0800656 -0.676903 0)
(0.217238 0.0361926 0)
(0.223828 0.001536 0)
(0.229689 -0.0350902 0)
(0.235968 -0.0718181 0)
(0.243704 -0.109032 0)
(0.253343 -0.150543 0)
(0.26212 -0.19858 0)
(0.263157 -0.251417 0)
(0.251851 -0.307135 0)
(0.235625 -0.358999 0)
(0.224874 -0.390795 0)
(0.216945 -0.401876 0)
(0.208392 -0.405632 0)
(0.190849 -0.415551 0)
(0.185607 -0.450005 0)
(0.173059 -0.524345 0)
(0.153381 -0.5755 0)
(0.101686 -0.622233 0)
(0.062914 -0.594404 0)
(0.192604 0.029883 0)
(0.199271 -0.00443128 0)
(0.205163 -0.0407206 0)
(0.210861 -0.0778465 0)
(0.216463 -0.116225 0)
(0.221972 -0.158068 0)
(0.225447 -0.202812 0)
(0.222206 -0.24864 0)
(0.212033 -0.29911 0)
(0.202281 -0.351045 0)
(0.194235 -0.38377 0)
(0.182773 -0.390942 0)
(0.167401 -0.39058 0)
(0.150787 -0.404922 0)
(0.154337 -0.446246 0)
(0.137177 -0.511357 0)
(0.118362 -0.542461 0)
(0.072305 -0.582979 0)
(0.0397341 -0.533816 0)
(0.16416 0.0239442 0)
(0.169687 -0.0100096 0)
(0.174325 -0.0456794 0)
(0.178017 -0.0820615 0)
(0.180819 -0.119953 0)
(0.181995 -0.160666 0)
(0.180788 -0.201187 0)
(0.17506 -0.241545 0)
(0.166077 -0.292212 0)
(0.15824 -0.34578 0)
(0.146684 -0.374516 0)
(0.132926 -0.37546 0)
(0.12122 -0.378389 0)
(0.116051 -0.402313 0)
(0.125648 -0.442508 0)
(0.10093 -0.494024 0)
(0.0859226 -0.513395 0)
(0.045517 -0.549432 0)
(0.0148409 -0.496062 0)
(0.13255 0.0192441 0)
(0.136348 -0.0141672 0)
(0.139349 -0.0489556 0)
(0.140871 -0.0841236 0)
(0.142222 -0.120839 0)
(0.140858 -0.159978 0)
(0.138314 -0.197282 0)
(0.135595 -0.235394 0)
(0.130833 -0.286555 0)
(0.121609 -0.336273 0)
(0.1047 -0.360262 0)
(0.0940267 -0.363725 0)
(0.0904935 -0.377106 0)
(0.0908723 -0.405 0)
(0.0953479 -0.436121 0)
(0.0697558 -0.475638 0)
(0.058956 -0.489973 0)
(0.0257113 -0.519936 0)
(-0.00273692 -0.478631 0)
(0.100583 0.0161303 0)
(0.102868 -0.0166317 0)
(0.104729 -0.0504422 0)
(0.104868 -0.084791 0)
(0.106411 -0.12029 0)
(0.104781 -0.158726 0)
(0.103415 -0.195147 0)
(0.105525 -0.233482 0)
(0.102967 -0.281613 0)
(0.0918274 -0.323873 0)
(0.0758494 -0.347425 0)
(0.070561 -0.359276 0)
(0.0692625 -0.378914 0)
(0.0675322 -0.403619 0)
(0.0659856 -0.427843 0)
(0.0480075 -0.459797 0)
(0.0387261 -0.47222 0)
(0.0153689 -0.495933 0)
(-0.00693875 -0.472877 0)
(0.0708364 0.0142579 0)
(0.0719121 -0.0180147 0)
(0.0730652 -0.0511863 0)
(0.0727649 -0.0855895 0)
(0.0750959 -0.12052 0)
(0.0747301 -0.159071 0)
(0.0749598 -0.196293 0)
(0.0786144 -0.234632 0)
(0.0759735 -0.276796 0)
(0.0665279 -0.313225 0)
(0.0559157 -0.339039 0)
(0.0520109 -0.356872 0)
(0.0490942 -0.377536 0)
(0.0460222 -0.39951 0)
(0.0429381 -0.421724 0)
(0.033087 -0.447825 0)
(0.0251178 -0.459701 0)
(0.0112683 -0.478749 0)
(-0.00276059 -0.468683 0)
(0.0440494 0.0139766 0)
(0.0438197 -0.0180776 0)
(0.0443185 -0.0513218 0)
(0.0441703 -0.0865999 0)
(0.0467245 -0.121975 0)
(0.0472769 -0.160426 0)
(0.0483232 -0.197771 0)
(0.0498162 -0.234909 0)
(0.0471415 -0.272515 0)
(0.0412609 -0.305898 0)
(0.0350455 -0.33241 0)
(0.0313818 -0.353116 0)
(0.029101 -0.374766 0)
(0.0272789 -0.396328 0)
(0.0253282 -0.41796 0)
(0.0203229 -0.439955 0)
(0.0154641 -0.452557 0)
(0.00775989 -0.468195 0)
(0.000453846 -0.463982 0)
(0.0158534 0.014493 0)
(0.0154242 -0.0177818 0)
(0.0156592 -0.051621 0)
(0.0157651 -0.0874551 0)
(0.0170297 -0.122931 0)
(0.0172963 -0.160486 0)
(0.0175734 -0.197005 0)
(0.0172494 -0.233252 0)
(0.0159323 -0.269083 0)
(0.013776 -0.301276 0)
(0.0115785 -0.327982 0)
(0.0103522 -0.350555 0)
(0.00992551 -0.373201 0)
(0.00952195 -0.395136 0)
(0.00899003 -0.416743 0)
(0.00725552 -0.437464 0)
(0.0057068 -0.451059 0)
(0.00276924 -0.464841 0)
(0.00028781 -0.463247 0)
)
;

boundaryField
{
    leftWall
    {
        type            noSlip;
    }
    rightWall
    {
        type            noSlip;
    }
    lowerWall
    {
        type            noSlip;
    }
    atmosphere
    {
        type            pressureInletOutletVelocity;
        value           nonuniform List<vector> 
46
(
(0.00492932 0.320523 0)
(0.00513274 0.322507 0)
(0.00379999 0.316224 0)
(0.0049456 0.313052 0)
(0.00419926 0.310135 0)
(0.00535476 0.305686 0)
(0.00541266 0.300917 0)
(0.00630466 0.29511 0)
(0.0069029 0.288587 0)
(0.0077265 0.28118 0)
(0.00854194 0.272891 0)
(0.00939157 0.263637 0)
(0.010273 0.253379 0)
(0.0111682 0.242083 0)
(0.0120708 0.229722 0)
(0.0129298 0.216241 0)
(0.0137333 0.201597 0)
(0.0144639 0.185742 0)
(0.0151129 0.168682 0)
(0.0156515 0.150395 0)
(0.016035 0.13086 0)
(0.0161916 0.109992 0)
(0.0161468 0.0879265 0)
(0.0160401 0.0713038 0)
(0.0160288 0.0600451 0)
(0.015987 0.0483521 0)
(0.0159378 0.0362375 0)
(0.0158534 0.014493 0)
(0 -0.0177818 0)
(0 -0.051621 0)
(0 -0.0874551 0)
(0 -0.122931 0)
(0 -0.160486 0)
(0 -0.197005 0)
(0 -0.233252 0)
(0 -0.269083 0)
(0 -0.301276 0)
(0 -0.327982 0)
(0 -0.350555 0)
(0 -0.373201 0)
(0 -0.395136 0)
(0 -0.416743 0)
(0 -0.437464 0)
(0 -0.451059 0)
(0 -0.464841 0)
(0 -0.463247 0)
)
;
    }
    defaultFaces
    {
        type            empty;
    }
}


// ************************************************************************* //
