/*--------------------------------*- C++ -*----------------------------------*\
| =========                 |                                                 |
| \\      /  F ield         | OpenFOAM: The Open Source CFD Toolbox           |
|  \\    /   O peration     | Version:  5.x                                   |
|   \\  /    A nd           | Web:      www.OpenFOAM.org                      |
|    \\/     M anipulation  |                                                 |
\*---------------------------------------------------------------------------*/
FoamFile
{
    version     2.0;
    format      ascii;
    class       volScalarField;
    location    "0.4";
    object      p;
}
// * * * * * * * * * * * * * * * * * * * * * * * * * * * * * * * * * * * * * //

dimensions      [1 -1 -2 0 0 0 0];

internalField   nonuniform List<scalar> 
8000
(
-0.250638
-0.250638
-0.250638
-0.250638
-0.250638
-0.250638
-0.250638
-0.250638
-0.250638
-0.250638
-0.250638
-0.250638
-0.250638
-0.250638
-0.250638
-0.250638
-0.250638
-0.250638
-0.250638
-0.250638
-0.751914
-0.751913
-0.751913
-0.751913
-0.751913
-0.751913
-0.751913
-0.751913
-0.751913
-0.751913
-0.751914
-0.751914
-0.751914
-0.751914
-0.751914
-0.751914
-0.751914
-0.751914
-0.751914
-0.751914
-1.25319
-1.25319
-1.25319
-1.25319
-1.25319
-1.25319
-1.25319
-1.25319
-1.25319
-1.25319
-1.25319
-1.25319
-1.25319
-1.25319
-1.25319
-1.25319
-1.25319
-1.25319
-1.25319
-1.25319
-1.75446
-1.75446
-1.75446
-1.75446
-1.75446
-1.75446
-1.75446
-1.75446
-1.75446
-1.75446
-1.75446
-1.75446
-1.75446
-1.75447
-1.75447
-1.75447
-1.75447
-1.75447
-1.75446
-1.75447
-2.25574
-2.25574
-2.25574
-2.25574
-2.25574
-2.25574
-2.25574
-2.25574
-2.25574
-2.25574
-2.25574
-2.25574
-2.25574
-2.25574
-2.25574
-2.25574
-2.25574
-2.25574
-2.25574
-2.25574
-2.75702
-2.75702
-2.75702
-2.75702
-2.75702
-2.75702
-2.75702
-2.75702
-2.75702
-2.75702
-2.75702
-2.75702
-2.75702
-2.75702
-2.75702
-2.75702
-2.75702
-2.75702
-2.75702
-2.75702
-3.25829
-3.25829
-3.25829
-3.25829
-3.25829
-3.25829
-3.25829
-3.25829
-3.25829
-3.25829
-3.25829
-3.25829
-3.25829
-3.25829
-3.25829
-3.25829
-3.25829
-3.25829
-3.25829
-3.25829
-3.75957
-3.75957
-3.75957
-3.75957
-3.75957
-3.75957
-3.75957
-3.75957
-3.75957
-3.75957
-3.75957
-3.75957
-3.75957
-3.75957
-3.75957
-3.75957
-3.75957
-3.75957
-3.75957
-3.75957
-4.26084
-4.26084
-4.26084
-4.26084
-4.26084
-4.26084
-4.26084
-4.26084
-4.26084
-4.26084
-4.26084
-4.26084
-4.26084
-4.26084
-4.26084
-4.26084
-4.26084
-4.26084
-4.26084
-4.26084
-4.76212
-4.76212
-4.76212
-4.76212
-4.76212
-4.76212
-4.76212
-4.76212
-4.76212
-4.76212
-4.76212
-4.76212
-4.76212
-4.76212
-4.76212
-4.76212
-4.76212
-4.76212
-4.76212
-4.76212
-5.26339
-5.26339
-5.26339
-5.26339
-5.26339
-5.26339
-5.26339
-5.26339
-5.26339
-5.26339
-5.26339
-5.26339
-5.26339
-5.26339
-5.26339
-5.26339
-5.26339
-5.26339
-5.26339
-5.26339
-5.76467
-5.76467
-5.76467
-5.76467
-5.76467
-5.76467
-5.76467
-5.76467
-5.76467
-5.76467
-5.76467
-5.76467
-5.76467
-5.76467
-5.76467
-5.76467
-5.76467
-5.76467
-5.76467
-5.76467
-6.26594
-6.26594
-6.26594
-6.26594
-6.26594
-6.26594
-6.26594
-6.26594
-6.26594
-6.26594
-6.26594
-6.26594
-6.26594
-6.26594
-6.26595
-6.26595
-6.26595
-6.26595
-6.26595
-6.26595
-6.76722
-6.76722
-6.76722
-6.76722
-6.76722
-6.76722
-6.76722
-6.76722
-6.76722
-6.76722
-6.76722
-6.76722
-6.76722
-6.76722
-6.76722
-6.76722
-6.76722
-6.76722
-6.76722
-6.76722
-7.26849
-7.26849
-7.26849
-7.26849
-7.26849
-7.26849
-7.26849
-7.26849
-7.26849
-7.26849
-7.26849
-7.2685
-7.2685
-7.2685
-7.2685
-7.2685
-7.2685
-7.2685
-7.2685
-7.2685
-7.76977
-7.76977
-7.76977
-7.76977
-7.76977
-7.76977
-7.76977
-7.76977
-7.76977
-7.76977
-7.76977
-7.76977
-7.76977
-7.76977
-7.76977
-7.76977
-7.76977
-7.76977
-7.76977
-7.76977
-8.27104
-8.27104
-8.27104
-8.27104
-8.27104
-8.27104
-8.27104
-8.27104
-8.27104
-8.27105
-8.27105
-8.27105
-8.27105
-8.27105
-8.27105
-8.27105
-8.27105
-8.27105
-8.27105
-8.27105
-8.77232
-8.77232
-8.77232
-8.77232
-8.77232
-8.77232
-8.77232
-8.77232
-8.77232
-8.77232
-8.77232
-8.77232
-8.77232
-8.77232
-8.77232
-8.77233
-8.77233
-8.77233
-8.77233
-8.77233
-9.27359
-9.27359
-9.27359
-9.27359
-9.27359
-9.27359
-9.27359
-9.2736
-9.2736
-9.2736
-9.2736
-9.2736
-9.2736
-9.2736
-9.2736
-9.2736
-9.2736
-9.2736
-9.2736
-9.2736
-9.77487
-9.77487
-9.77487
-9.77487
-9.77487
-9.77487
-9.77487
-9.77487
-9.77487
-9.77487
-9.77487
-9.77487
-9.77488
-9.77488
-9.77488
-9.77488
-9.77488
-9.77488
-9.77488
-9.77488
-10.2761
-10.2761
-10.2761
-10.2761
-10.2761
-10.2761
-10.2761
-10.2761
-10.2761
-10.2761
-10.2761
-10.2762
-10.2762
-10.2762
-10.2762
-10.2762
-10.2762
-10.2762
-10.2762
-10.2762
-10.7774
-10.7774
-10.7774
-10.7774
-10.7774
-10.7774
-10.7774
-10.7774
-10.7774
-10.7774
-10.7774
-10.7774
-10.7774
-10.7774
-10.7774
-10.7774
-10.7774
-10.7774
-10.7774
-10.7774
-11.2787
-11.2787
-11.2787
-11.2787
-11.2787
-11.2787
-11.2787
-11.2787
-11.2787
-11.2787
-11.2787
-11.2787
-11.2787
-11.2787
-11.2787
-11.2787
-11.2787
-11.2787
-11.2787
-11.2787
-11.78
-11.78
-11.78
-11.78
-11.78
-11.78
-11.78
-11.78
-11.78
-11.78
-11.78
-11.78
-11.78
-11.78
-11.78
-11.78
-11.78
-11.78
-11.78
-11.78
-12.2812
-12.2812
-12.2812
-12.2812
-12.2812
-12.2812
-12.2813
-12.2813
-12.2813
-12.2813
-12.2813
-12.2813
-12.2813
-12.2813
-12.2813
-12.2813
-12.2813
-12.2813
-12.2813
-12.2813
-12.7825
-12.7825
-12.7825
-12.7825
-12.7825
-12.7825
-12.7825
-12.7825
-12.7825
-12.7825
-12.7825
-12.7825
-12.7825
-12.7825
-12.7825
-12.7825
-12.7825
-12.7825
-12.7825
-12.7825
-13.2838
-13.2838
-13.2838
-13.2838
-13.2838
-13.2838
-13.2838
-13.2838
-13.2838
-13.2838
-13.2838
-13.2838
-13.2838
-13.2838
-13.2838
-13.2838
-13.2838
-13.2838
-13.2838
-13.2838
-13.7851
-13.7851
-13.7851
-13.7851
-13.7851
-13.7851
-13.7851
-13.7851
-13.7851
-13.7851
-13.7851
-13.7851
-13.7851
-13.7851
-13.7851
-13.7851
-13.7851
-13.7851
-13.7851
-13.7851
-14.2864
-14.2864
-14.2864
-14.2864
-14.2864
-14.2864
-14.2864
-14.2864
-14.2864
-14.2864
-14.2864
-14.2864
-14.2864
-14.2864
-14.2864
-14.2864
-14.2864
-14.2864
-14.2864
-14.2864
-14.7876
-14.7876
-14.7876
-14.7876
-14.7876
-14.7876
-14.7876
-14.7876
-14.7876
-14.7876
-14.7876
-14.7876
-14.7876
-14.7876
-14.7876
-14.7876
-14.7876
-14.7876
-14.7876
-14.7876
-15.2889
-15.2889
-15.2889
-15.2889
-15.2889
-15.2889
-15.2889
-15.2889
-15.2889
-15.2889
-15.2889
-15.2889
-15.2889
-15.2889
-15.2889
-15.2889
-15.2889
-15.2889
-15.2889
-15.2889
-15.7902
-15.7902
-15.7902
-15.7902
-15.7902
-15.7902
-15.7902
-15.7902
-15.7902
-15.7902
-15.7902
-15.7902
-15.7902
-15.7902
-15.7902
-15.7902
-15.7902
-15.7902
-15.7902
-15.7902
-16.2915
-16.2915
-16.2915
-16.2915
-16.2915
-16.2915
-16.2915
-16.2915
-16.2915
-16.2915
-16.2915
-16.2915
-16.2915
-16.2915
-16.2915
-16.2915
-16.2915
-16.2915
-16.2915
-16.2915
-16.7927
-16.7927
-16.7927
-16.7927
-16.7927
-16.7927
-16.7927
-16.7927
-16.7927
-16.7927
-16.7927
-16.7927
-16.7927
-16.7927
-16.7927
-16.7927
-16.7927
-16.7927
-16.7927
-16.7927
-17.294
-17.294
-17.294
-17.294
-17.294
-17.294
-17.294
-17.294
-17.294
-17.294
-17.294
-17.294
-17.294
-17.294
-17.294
-17.294
-17.294
-17.294
-17.294
-17.294
-17.7953
-17.7953
-17.7953
-17.7953
-17.7953
-17.7953
-17.7953
-17.7953
-17.7953
-17.7953
-17.7953
-17.7953
-17.7953
-17.7953
-17.7953
-17.7953
-17.7953
-17.7953
-17.7953
-17.7953
-18.2966
-18.2966
-18.2966
-18.2966
-18.2966
-18.2966
-18.2966
-18.2966
-18.2966
-18.2966
-18.2966
-18.2966
-18.2966
-18.2966
-18.2966
-18.2966
-18.2966
-18.2966
-18.2966
-18.2966
-18.7978
-18.7978
-18.7978
-18.7978
-18.7978
-18.7978
-18.7978
-18.7978
-18.7978
-18.7978
-18.7978
-18.7978
-18.7978
-18.7978
-18.7978
-18.7978
-18.7978
-18.7978
-18.7978
-18.7978
-19.2991
-19.2991
-19.2991
-19.2991
-19.2991
-19.2991
-19.2991
-19.2991
-19.2991
-19.2991
-19.2991
-19.2991
-19.2991
-19.2991
-19.2991
-19.2991
-19.2991
-19.2991
-19.2991
-19.2991
-19.8004
-19.8004
-19.8004
-19.8004
-19.8004
-19.8004
-19.8004
-19.8004
-19.8004
-19.8004
-19.8004
-19.8004
-19.8004
-19.8004
-19.8004
-19.8004
-19.8004
-19.8004
-19.8004
-19.8004
-20.3017
-20.3017
-20.3017
-20.3017
-20.3017
-20.3017
-20.3017
-20.3017
-20.3017
-20.3017
-20.3017
-20.3017
-20.3017
-20.3017
-20.3017
-20.3017
-20.3017
-20.3017
-20.3017
-20.3017
-20.8029
-20.8029
-20.8029
-20.8029
-20.8029
-20.8029
-20.8029
-20.8029
-20.8029
-20.8029
-20.8029
-20.8029
-20.8029
-20.8029
-20.8029
-20.8029
-20.8029
-20.8029
-20.8029
-20.8029
-21.3042
-21.3042
-21.3042
-21.3042
-21.3042
-21.3042
-21.3042
-21.3042
-21.3042
-21.3042
-21.3042
-21.3042
-21.3042
-21.3042
-21.3042
-21.3042
-21.3042
-21.3042
-21.3042
-21.3042
-21.8055
-21.8055
-21.8055
-21.8055
-21.8055
-21.8055
-21.8055
-21.8055
-21.8055
-21.8055
-21.8055
-21.8055
-21.8055
-21.8055
-21.8055
-21.8055
-21.8055
-21.8055
-21.8055
-21.8055
-22.3068
-22.3068
-22.3068
-22.3068
-22.3068
-22.3068
-22.3068
-22.3068
-22.3068
-22.3068
-22.3068
-22.3068
-22.3068
-22.3068
-22.3068
-22.3068
-22.3068
-22.3068
-22.3068
-22.3068
-22.808
-22.808
-22.808
-22.808
-22.808
-22.808
-22.808
-22.808
-22.808
-22.808
-22.808
-22.808
-22.808
-22.808
-22.808
-22.808
-22.808
-22.808
-22.808
-22.808
-23.3093
-23.3093
-23.3093
-23.3093
-23.3093
-23.3093
-23.3093
-23.3093
-23.3093
-23.3093
-23.3093
-23.3093
-23.3093
-23.3093
-23.3093
-23.3093
-23.3093
-23.3093
-23.3093
-23.3093
-23.8106
-23.8106
-23.8106
-23.8106
-23.8106
-23.8106
-23.8106
-23.8106
-23.8106
-23.8106
-23.8106
-23.8106
-23.8106
-23.8106
-23.8106
-23.8106
-23.8106
-23.8106
-23.8106
-23.8106
-24.3119
-24.3119
-24.3119
-24.3119
-24.3119
-24.3119
-24.3119
-24.3119
-24.3119
-24.3119
-24.3119
-24.3119
-24.3119
-24.3119
-24.3119
-24.3119
-24.3119
-24.3119
-24.3119
-24.3119
-24.8131
-24.8131
-24.8131
-24.8131
-24.8131
-24.8131
-24.8131
-24.8131
-24.8131
-24.8131
-24.8131
-24.8131
-24.8131
-24.8131
-24.8131
-24.8131
-24.8131
-24.8131
-24.8131
-24.8131
-25.3144
-25.3144
-25.3144
-25.3144
-25.3144
-25.3144
-25.3144
-25.3144
-25.3144
-25.3144
-25.3144
-25.3144
-25.3144
-25.3144
-25.3144
-25.3144
-25.3144
-25.3144
-25.3144
-25.3144
-25.8157
-25.8157
-25.8157
-25.8157
-25.8157
-25.8157
-25.8157
-25.8157
-25.8157
-25.8157
-25.8157
-25.8157
-25.8157
-25.8157
-25.8157
-25.8157
-25.8157
-25.8157
-25.8157
-25.8157
-26.317
-26.317
-26.317
-26.317
-26.317
-26.317
-26.317
-26.317
-26.317
-26.317
-26.317
-26.317
-26.317
-26.317
-26.317
-26.317
-26.317
-26.317
-26.317
-26.317
-26.8183
-26.8183
-26.8183
-26.8183
-26.8183
-26.8183
-26.8183
-26.8183
-26.8183
-26.8183
-26.8183
-26.8183
-26.8183
-26.8183
-26.8183
-26.8183
-26.8183
-26.8183
-26.8183
-26.8182
-27.3195
-27.3195
-27.3195
-27.3195
-27.3195
-27.3195
-27.3195
-27.3195
-27.3195
-27.3195
-27.3195
-27.3195
-27.3195
-27.3195
-27.3195
-27.3195
-27.3195
-27.3195
-27.3195
-27.3195
-27.8208
-27.8208
-27.8208
-27.8208
-27.8208
-27.8208
-27.8208
-27.8208
-27.8208
-27.8208
-27.8208
-27.8208
-27.8208
-27.8208
-27.8208
-27.8208
-27.8208
-27.8208
-27.8208
-27.8208
-28.3221
-28.3221
-28.3221
-28.3221
-28.3221
-28.3221
-28.3221
-28.3221
-28.3221
-28.3221
-28.3221
-28.3221
-28.3221
-28.3221
-28.3221
-28.3221
-28.3221
-28.3221
-28.3221
-28.3221
-28.8234
-28.8234
-28.8234
-28.8234
-28.8234
-28.8234
-28.8234
-28.8234
-28.8234
-28.8234
-28.8234
-28.8234
-28.8234
-28.8234
-28.8234
-28.8234
-28.8234
-28.8234
-28.8234
-28.8234
-29.3246
-29.3246
-29.3246
-29.3246
-29.3246
-29.3246
-29.3246
-29.3246
-29.3246
-29.3246
-29.3246
-29.3246
-29.3246
-29.3246
-29.3246
-29.3246
-29.3246
-29.3246
-29.3246
-29.3246
-29.8259
-29.8259
-29.8259
-29.8259
-29.8259
-29.8259
-29.8259
-29.8259
-29.8259
-29.8259
-29.8259
-29.8259
-29.8259
-29.8259
-29.8259
-29.8259
-29.8259
-29.8259
-29.8259
-29.8259
-30.3272
-30.3272
-30.3272
-30.3272
-30.3272
-30.3272
-30.3272
-30.3272
-30.3272
-30.3272
-30.3272
-30.3272
-30.3272
-30.3272
-30.3272
-30.3272
-30.3272
-30.3272
-30.3272
-30.3272
-30.8285
-30.8285
-30.8285
-30.8285
-30.8285
-30.8285
-30.8285
-30.8285
-30.8285
-30.8285
-30.8285
-30.8285
-30.8285
-30.8285
-30.8285
-30.8285
-30.8285
-30.8285
-30.8285
-30.8285
-31.3297
-31.3297
-31.3297
-31.3297
-31.3297
-31.3297
-31.3297
-31.3297
-31.3297
-31.3297
-31.3297
-31.3297
-31.3297
-31.3297
-31.3297
-31.3297
-31.3297
-31.3297
-31.3297
-31.3297
-31.831
-31.831
-31.831
-31.831
-31.831
-31.831
-31.831
-31.831
-31.831
-31.831
-31.831
-31.831
-31.831
-31.831
-31.831
-31.831
-31.831
-31.831
-31.831
-31.831
-32.3323
-32.3323
-32.3323
-32.3323
-32.3323
-32.3323
-32.3323
-32.3323
-32.3323
-32.3323
-32.3323
-32.3323
-32.3323
-32.3323
-32.3323
-32.3323
-32.3323
-32.3323
-32.3323
-32.3323
-32.8336
-32.8336
-32.8336
-32.8336
-32.8336
-32.8336
-32.8336
-32.8336
-32.8336
-32.8336
-32.8336
-32.8336
-32.8336
-32.8336
-32.8336
-32.8336
-32.8336
-32.8336
-32.8336
-32.8336
-33.3348
-33.3348
-33.3348
-33.3348
-33.3348
-33.3348
-33.3348
-33.3348
-33.3348
-33.3348
-33.3348
-33.3348
-33.3348
-33.3348
-33.3348
-33.3348
-33.3348
-33.3348
-33.3348
-33.3348
-33.8361
-33.8361
-33.8361
-33.8361
-33.8361
-33.8361
-33.8361
-33.8361
-33.8361
-33.8361
-33.8361
-33.8361
-33.8361
-33.8361
-33.8361
-33.8361
-33.8361
-33.8361
-33.8361
-33.8361
-34.3374
-34.3374
-34.3374
-34.3374
-34.3374
-34.3374
-34.3374
-34.3374
-34.3374
-34.3374
-34.3374
-34.3374
-34.3374
-34.3374
-34.3374
-34.3374
-34.3374
-34.3374
-34.3374
-34.3374
-34.8387
-34.8387
-34.8387
-34.8387
-34.8387
-34.8387
-34.8387
-34.8387
-34.8387
-34.8387
-34.8387
-34.8387
-34.8387
-34.8387
-34.8387
-34.8387
-34.8387
-34.8387
-34.8387
-34.8387
-35.3399
-35.3399
-35.3399
-35.3399
-35.3399
-35.3399
-35.3399
-35.3399
-35.3399
-35.3399
-35.3399
-35.3399
-35.3399
-35.3399
-35.3399
-35.3399
-35.3399
-35.3399
-35.3399
-35.3399
-35.8412
-35.8412
-35.8412
-35.8412
-35.8412
-35.8412
-35.8412
-35.8412
-35.8412
-35.8412
-35.8412
-35.8412
-35.8412
-35.8412
-35.8412
-35.8412
-35.8412
-35.8412
-35.8412
-35.8412
-36.3425
-36.3425
-36.3425
-36.3425
-36.3425
-36.3425
-36.3425
-36.3425
-36.3425
-36.3425
-36.3425
-36.3425
-36.3425
-36.3425
-36.3425
-36.3425
-36.3425
-36.3425
-36.3425
-36.3425
-36.8438
-36.8438
-36.8438
-36.8438
-36.8438
-36.8438
-36.8438
-36.8438
-36.8438
-36.8438
-36.8438
-36.8438
-36.8438
-36.8438
-36.8438
-36.8438
-36.8438
-36.8438
-36.8438
-36.8438
-37.345
-37.345
-37.345
-37.345
-37.345
-37.345
-37.345
-37.345
-37.345
-37.345
-37.345
-37.345
-37.345
-37.345
-37.345
-37.345
-37.345
-37.345
-37.345
-37.345
-37.8463
-37.8463
-37.8463
-37.8463
-37.8463
-37.8463
-37.8463
-37.8463
-37.8463
-37.8463
-37.8463
-37.8463
-37.8463
-37.8463
-37.8463
-37.8463
-37.8463
-37.8463
-37.8463
-37.8463
-38.3476
-38.3476
-38.3476
-38.3476
-38.3476
-38.3476
-38.3476
-38.3476
-38.3476
-38.3476
-38.3476
-38.3476
-38.3476
-38.3476
-38.3476
-38.3476
-38.3476
-38.3476
-38.3476
-38.3476
-38.8489
-38.8489
-38.8489
-38.8489
-38.8489
-38.8489
-38.8489
-38.8489
-38.8489
-38.8489
-38.8489
-38.8489
-38.8489
-38.8489
-38.8489
-38.8489
-38.8489
-38.8489
-38.8489
-38.8489
-39.3501
-39.3501
-39.3501
-39.3501
-39.3501
-39.3501
-39.3501
-39.3501
-39.3501
-39.3501
-39.3501
-39.3501
-39.3501
-39.3501
-39.3501
-39.3501
-39.3501
-39.3501
-39.3501
-39.3501
-39.8514
-39.8514
-39.8514
-39.8514
-39.8514
-39.8514
-39.8514
-39.8514
-39.8514
-39.8514
-39.8514
-39.8514
-39.8514
-39.8514
-39.8514
-39.8514
-39.8514
-39.8514
-39.8514
-39.8514
-40.3527
-40.3527
-40.3527
-40.3527
-40.3527
-40.3527
-40.3527
-40.3527
-40.3527
-40.3527
-40.3527
-40.3527
-40.3527
-40.3527
-40.3527
-40.3527
-40.3527
-40.3527
-40.3527
-40.3527
-40.854
-40.854
-40.854
-40.854
-40.854
-40.854
-40.854
-40.854
-40.854
-40.854
-40.854
-40.854
-40.854
-40.854
-40.854
-40.854
-40.854
-40.854
-40.854
-40.854
-41.3553
-41.3553
-41.3553
-41.3553
-41.3553
-41.3553
-41.3553
-41.3553
-41.3553
-41.3553
-41.3553
-41.3553
-41.3553
-41.3553
-41.3553
-41.3553
-41.3553
-41.3553
-41.3553
-41.3553
-41.8565
-41.8565
-41.8565
-41.8565
-41.8565
-41.8565
-41.8565
-41.8565
-41.8565
-41.8565
-41.8565
-41.8565
-41.8565
-41.8565
-41.8565
-41.8565
-41.8565
-41.8565
-41.8565
-41.8565
-42.3578
-42.3578
-42.3578
-42.3578
-42.3578
-42.3578
-42.3578
-42.3578
-42.3578
-42.3578
-42.3578
-42.3578
-42.3578
-42.3578
-42.3578
-42.3578
-42.3578
-42.3578
-42.3578
-42.3578
-42.8591
-42.8591
-42.8591
-42.8591
-42.8591
-42.8591
-42.8591
-42.8591
-42.8591
-42.8591
-42.8591
-42.8591
-42.8591
-42.8591
-42.8591
-42.8591
-42.8591
-42.8591
-42.8591
-42.8591
-43.3604
-43.3604
-43.3604
-43.3604
-43.3604
-43.3604
-43.3604
-43.3604
-43.3604
-43.3604
-43.3604
-43.3604
-43.3604
-43.3604
-43.3604
-43.3604
-43.3604
-43.3604
-43.3604
-43.3604
-43.8616
-43.8616
-43.8616
-43.8616
-43.8616
-43.8616
-43.8616
-43.8616
-43.8616
-43.8616
-43.8616
-43.8616
-43.8616
-43.8616
-43.8616
-43.8616
-43.8616
-43.8616
-43.8616
-43.8616
-44.3629
-44.3629
-44.3629
-44.3629
-44.3629
-44.3629
-44.3629
-44.3629
-44.3629
-44.3629
-44.3629
-44.3629
-44.3629
-44.3629
-44.3629
-44.3629
-44.3629
-44.3629
-44.3629
-44.3629
-44.8642
-44.8642
-44.8642
-44.8642
-44.8642
-44.8642
-44.8642
-44.8642
-44.8642
-44.8642
-44.8642
-44.8642
-44.8642
-44.8642
-44.8642
-44.8642
-44.8642
-44.8642
-44.8642
-44.8642
-45.3655
-45.3655
-45.3655
-45.3655
-45.3655
-45.3655
-45.3655
-45.3655
-45.3655
-45.3655
-45.3655
-45.3655
-45.3655
-45.3655
-45.3655
-45.3655
-45.3655
-45.3655
-45.3655
-45.3655
-45.8667
-45.8667
-45.8667
-45.8667
-45.8667
-45.8667
-45.8667
-45.8667
-45.8667
-45.8667
-45.8667
-45.8667
-45.8667
-45.8667
-45.8667
-45.8667
-45.8667
-45.8667
-45.8667
-45.8667
-46.368
-46.368
-46.368
-46.368
-46.368
-46.368
-46.368
-46.368
-46.368
-46.368
-46.368
-46.368
-46.368
-46.368
-46.368
-46.368
-46.368
-46.368
-46.368
-46.368
-46.8693
-46.8693
-46.8693
-46.8693
-46.8693
-46.8693
-46.8693
-46.8693
-46.8693
-46.8693
-46.8693
-46.8693
-46.8693
-46.8693
-46.8693
-46.8693
-46.8693
-46.8693
-46.8693
-46.8693
-47.3706
-47.3706
-47.3706
-47.3706
-47.3706
-47.3706
-47.3706
-47.3706
-47.3706
-47.3706
-47.3706
-47.3706
-47.3706
-47.3706
-47.3706
-47.3706
-47.3706
-47.3706
-47.3706
-47.3706
-47.8718
-47.8718
-47.8718
-47.8718
-47.8718
-47.8718
-47.8718
-47.8718
-47.8718
-47.8718
-47.8718
-47.8718
-47.8718
-47.8718
-47.8718
-47.8718
-47.8718
-47.8718
-47.8718
-47.8718
-48.3731
-48.3731
-48.3731
-48.3731
-48.3731
-48.3731
-48.3731
-48.3731
-48.3731
-48.3731
-48.3731
-48.3731
-48.3731
-48.3731
-48.3731
-48.3731
-48.3731
-48.3731
-48.3731
-48.3731
-48.8744
-48.8744
-48.8744
-48.8744
-48.8744
-48.8744
-48.8744
-48.8744
-48.8744
-48.8744
-48.8744
-48.8744
-48.8744
-48.8744
-48.8744
-48.8744
-48.8744
-48.8744
-48.8744
-48.8744
-49.3757
-49.3757
-49.3757
-49.3757
-49.3757
-49.3757
-49.3757
-49.3757
-49.3757
-49.3757
-49.3757
-49.3757
-49.3757
-49.3757
-49.3757
-49.3757
-49.3757
-49.3757
-49.3757
-49.3757
-49.8769
-49.8769
-49.8769
-49.8769
-49.8769
-49.8769
-49.8769
-49.8769
-49.8769
-49.8769
-49.8769
-49.8769
-49.8769
-49.8769
-49.8769
-49.8769
-49.8769
-49.8769
-49.8769
-49.8769
-50.3782
-50.3782
-50.3782
-50.3782
-50.3782
-50.3782
-50.3782
-50.3782
-50.3782
-50.3782
-50.3782
-50.3782
-50.3782
-50.3782
-50.3782
-50.3782
-50.3782
-50.3782
-50.3782
-50.3782
-50.8795
-50.8795
-50.8795
-50.8795
-50.8795
-50.8795
-50.8795
-50.8795
-50.8795
-50.8795
-50.8795
-50.8795
-50.8795
-50.8795
-50.8795
-50.8795
-50.8795
-50.8795
-50.8795
-50.8795
-51.3808
-51.3808
-51.3808
-51.3808
-51.3808
-51.3808
-51.3808
-51.3808
-51.3808
-51.3808
-51.3808
-51.3808
-51.3808
-51.3808
-51.3808
-51.3808
-51.3808
-51.3808
-51.3808
-51.3808
-51.882
-51.882
-51.882
-51.882
-51.882
-51.882
-51.882
-51.882
-51.882
-51.882
-51.882
-51.882
-51.882
-51.882
-51.882
-51.882
-51.882
-51.882
-51.882
-51.882
-52.3833
-52.3833
-52.3833
-52.3833
-52.3833
-52.3833
-52.3833
-52.3833
-52.3833
-52.3833
-52.3833
-52.3833
-52.3833
-52.3833
-52.3833
-52.3833
-52.3833
-52.3833
-52.3833
-52.3833
-52.8846
-52.8846
-52.8846
-52.8846
-52.8846
-52.8846
-52.8846
-52.8846
-52.8846
-52.8846
-52.8846
-52.8846
-52.8846
-52.8846
-52.8846
-52.8846
-52.8846
-52.8846
-52.8846
-52.8846
-53.3859
-53.3859
-53.3859
-53.3859
-53.3859
-53.3859
-53.3859
-53.3859
-53.3859
-53.3859
-53.3859
-53.3859
-53.3859
-53.3859
-53.3859
-53.3859
-53.3859
-53.3859
-53.3859
-53.3859
-53.8871
-53.8871
-53.8871
-53.8871
-53.8871
-53.8871
-53.8871
-53.8871
-53.8871
-53.8871
-53.8871
-53.8871
-53.8872
-53.8872
-53.8872
-53.8872
-53.8872
-53.8872
-53.8872
-53.8872
-54.3884
-54.3884
-54.3884
-54.3884
-54.3884
-54.3884
-54.3884
-54.3884
-54.3884
-54.3884
-54.3884
-54.3884
-54.3884
-54.3884
-54.3884
-54.3884
-54.3884
-54.3884
-54.3884
-54.3884
-54.8897
-54.8897
-54.8897
-54.8897
-54.8897
-54.8897
-54.8897
-54.8897
-54.8897
-54.8897
-54.8897
-54.8897
-54.8897
-54.8897
-54.8897
-54.8897
-54.8897
-54.8897
-54.8897
-54.8897
-55.3909
-55.3909
-55.3909
-55.3909
-55.3909
-55.391
-55.391
-55.391
-55.391
-55.391
-55.391
-55.391
-55.391
-55.391
-55.391
-55.391
-55.391
-55.391
-55.391
-55.391
-55.8922
-55.8922
-55.8922
-55.8922
-55.8922
-55.8922
-55.8922
-55.8922
-55.8922
-55.8922
-55.8923
-55.8923
-55.8923
-55.8923
-55.8923
-55.8923
-55.8923
-55.8923
-55.8923
-55.8923
-56.3935
-56.3935
-56.3935
-56.3935
-56.3935
-56.3935
-56.3935
-56.3935
-56.3935
-56.3935
-56.3935
-56.3935
-56.3935
-56.3935
-56.3936
-56.3936
-56.3936
-56.3936
-56.3936
-56.3936
-56.8947
-56.8947
-56.8947
-56.8947
-56.8948
-56.8948
-56.8948
-56.8948
-56.8948
-56.8948
-56.8948
-56.8948
-56.8948
-56.8948
-56.8948
-56.8948
-56.8948
-56.8948
-56.8948
-56.8948
-57.396
-57.396
-57.396
-57.396
-57.396
-57.396
-57.396
-57.396
-57.3961
-57.3961
-57.3961
-57.3961
-57.3961
-57.3961
-57.3961
-57.3961
-57.3961
-57.3961
-57.3961
-57.3961
-57.8973
-57.8973
-57.8973
-57.8973
-57.8973
-57.8973
-57.8973
-57.8973
-57.8973
-57.8973
-57.8974
-57.8974
-57.8974
-57.8974
-57.8974
-57.8974
-57.8974
-57.8974
-57.8974
-57.8974
-58.3985
-58.3985
-58.3985
-58.3985
-58.3985
-58.3986
-58.3986
-58.3986
-58.3986
-58.3986
-58.3986
-58.3987
-58.3987
-58.3987
-58.3987
-58.3987
-58.3987
-58.3987
-58.3987
-58.3987
-58.8998
-58.8998
-58.8998
-58.8998
-58.8998
-58.8998
-58.8998
-58.8998
-58.8999
-58.8999
-58.8999
-58.8999
-58.9
-58.9
-58.9
-58.9
-58.9
-58.9
-58.9
-58.9
-59.401
-59.401
-59.401
-59.401
-59.4011
-59.4011
-59.4011
-59.4011
-59.4011
-59.4012
-59.4012
-59.4012
-59.4012
-59.4013
-59.4013
-59.4013
-59.4013
-59.4013
-59.4013
-59.4013
-59.9023
-59.9023
-59.9023
-59.9023
-59.9023
-59.9023
-59.9023
-59.9024
-59.9024
-59.9024
-59.9025
-59.9025
-59.9025
-59.9026
-59.9026
-59.9026
-59.9026
-59.9026
-59.9026
-59.9026
-60.4035
-60.4035
-60.4035
-60.4035
-60.4035
-60.4036
-60.4036
-60.4036
-60.4037
-60.4037
-60.4037
-60.4038
-60.4038
-60.4039
-60.4039
-60.4039
-60.4039
-60.4039
-60.4039
-60.4039
-60.9047
-60.9047
-60.9047
-60.9048
-60.9048
-60.9048
-60.9048
-60.9049
-60.9049
-60.905
-60.905
-60.9051
-60.9051
-60.9052
-60.9052
-60.9052
-60.9052
-60.9053
-60.9053
-60.9053
-61.406
-61.406
-61.406
-61.406
-61.406
-61.406
-61.4061
-61.4061
-61.4062
-61.4062
-61.4063
-61.4064
-61.4064
-61.4065
-61.4065
-61.4065
-61.4066
-61.4066
-61.4066
-61.4066
-61.9072
-61.9072
-61.9072
-61.9072
-61.9072
-61.9073
-61.9073
-61.9074
-61.9075
-61.9075
-61.9076
-61.9077
-61.9077
-61.9078
-61.9078
-61.9079
-61.9079
-61.9079
-61.9079
-61.9079
-62.4084
-62.4084
-62.4084
-62.4084
-62.4084
-62.4085
-62.4086
-62.4086
-62.4087
-62.4088
-62.4089
-62.409
-62.409
-62.4091
-62.4092
-62.4092
-62.4093
-62.4093
-62.4093
-62.4093
-62.9095
-62.9095
-62.9095
-62.9096
-62.9096
-62.9097
-62.9098
-62.9099
-62.91
-62.9101
-62.9102
-62.9103
-62.9103
-62.9104
-62.9105
-62.9106
-62.9106
-62.9107
-62.9107
-62.9107
-63.4107
-63.4107
-63.4107
-63.4107
-63.4108
-63.4109
-63.411
-63.4111
-63.4112
-63.4113
-63.4114
-63.4116
-63.4117
-63.4118
-63.4119
-63.4119
-63.412
-63.412
-63.4121
-63.4121
-63.9118
-63.9118
-63.9118
-63.9119
-63.912
-63.9121
-63.9122
-63.9123
-63.9124
-63.9126
-63.9127
-63.9129
-63.913
-63.9131
-63.9132
-63.9133
-63.9134
-63.9135
-63.9135
-63.9135
-64.4129
-64.4129
-64.4129
-64.413
-64.4131
-64.4132
-64.4133
-64.4135
-64.4137
-64.4138
-64.414
-64.4142
-64.4144
-64.4145
-64.4146
-64.4148
-64.4148
-64.4149
-64.4149
-64.4149
-64.914
-64.914
-64.914
-64.9141
-64.9142
-64.9143
-64.9145
-64.9147
-64.9149
-64.9151
-64.9153
-64.9155
-64.9157
-64.9159
-64.9161
-64.9162
-64.9163
-64.9164
-64.9164
-64.9164
-65.415
-65.415
-65.415
-65.4151
-65.4153
-65.4154
-65.4156
-65.4159
-65.4161
-65.4164
-65.4166
-65.4169
-65.4171
-65.4173
-65.4175
-65.4177
-65.4178
-65.4179
-65.4179
-65.4179
-65.916
-65.916
-65.916
-65.9161
-65.9163
-65.9165
-65.9167
-65.917
-65.9173
-65.9176
-65.9179
-65.9182
-65.9185
-65.9188
-65.919
-65.9192
-65.9194
-65.9195
-65.9195
-65.9195
-66.4169
-66.4169
-66.417
-66.4171
-66.4173
-66.4175
-66.4178
-66.4181
-66.4185
-66.4188
-66.4192
-66.4196
-66.4199
-66.4203
-66.4205
-66.4208
-66.421
-66.4211
-66.4212
-66.4212
-66.9177
-66.9177
-66.9178
-66.918
-66.9182
-66.9185
-66.9188
-66.9192
-66.9196
-66.9201
-66.9205
-66.921
-66.9214
-66.9218
-66.9221
-66.9224
-66.9226
-66.9228
-66.9229
-66.9229
-67.4185
-67.4185
-67.4186
-67.4188
-67.4191
-67.4194
-67.4198
-67.4203
-67.4208
-67.4213
-67.4219
-67.4224
-67.4229
-67.4233
-67.4238
-67.4241
-67.4244
-67.4246
-67.4247
-67.4247
-67.9191
-67.9191
-67.9193
-67.9195
-67.9198
-67.9202
-67.9207
-67.9213
-67.9219
-67.9225
-67.9232
-67.9238
-67.9244
-67.925
-67.9255
-67.9259
-67.9262
-67.9264
-67.9266
-67.9266
-68.4197
-68.4197
-68.4198
-68.4201
-68.4205
-68.421
-68.4216
-68.4223
-68.423
-68.4237
-68.4245
-68.4253
-68.426
-68.4267
-68.4273
-68.4278
-68.4282
-68.4284
-68.4286
-68.4286
-68.92
-68.9201
-68.9202
-68.9206
-68.921
-68.9217
-68.9224
-68.9232
-68.924
-68.9249
-68.9259
-68.9268
-68.9276
-68.9284
-68.9292
-68.9298
-68.9302
-68.9306
-68.9307
-68.9307
-69.4203
-69.4203
-69.4205
-69.4209
-69.4215
-69.4222
-69.423
-69.424
-69.425
-69.4261
-69.4272
-69.4283
-69.4294
-69.4303
-69.4312
-69.4319
-69.4325
-69.4328
-69.4331
-69.4331
-69.9203
-69.9203
-69.9205
-69.921
-69.9217
-69.9226
-69.9236
-69.9248
-69.926
-69.9273
-69.9286
-69.9299
-69.9312
-69.9323
-69.9333
-69.9342
-69.9349
-69.9353
-69.9356
-69.9356
-70.42
-70.4201
-70.4204
-70.421
-70.4218
-70.4228
-70.424
-70.4254
-70.4269
-70.4284
-70.43
-70.4316
-70.433
-70.4344
-70.4356
-70.4367
-70.4375
-70.438
-70.4383
-70.4384
-70.9195
-70.9196
-70.9199
-70.9206
-70.9216
-70.9228
-70.9243
-70.9259
-70.9277
-70.9296
-70.9314
-70.9333
-70.9351
-70.9367
-70.9381
-70.9394
-70.9403
-70.941
-70.9414
-70.9415
-71.4186
-71.4187
-71.4191
-71.42
-71.4212
-71.4226
-71.4244
-71.4263
-71.4285
-71.4307
-71.4329
-71.4351
-71.4372
-71.4392
-71.4409
-71.4424
-71.4435
-71.4443
-71.4448
-71.4449
-71.9173
-71.9174
-71.918
-71.919
-71.9204
-71.9222
-71.9242
-71.9266
-71.9291
-71.9317
-71.9344
-71.937
-71.9395
-71.9418
-71.9439
-71.9457
-71.947
-71.948
-71.9486
-71.9487
-72.4156
-72.4157
-72.4164
-72.4176
-72.4192
-72.4214
-72.4238
-72.4266
-72.4296
-72.4328
-72.4359
-72.4391
-72.442
-72.4448
-72.4473
-72.4493
-72.451
-72.4522
-72.4528
-72.453
-72.9132
-72.9134
-72.9142
-72.9156
-72.9176
-72.9202
-72.9231
-72.9264
-72.93
-72.9337
-72.9375
-72.9412
-72.9448
-72.9481
-72.951
-72.9535
-72.9554
-72.9568
-72.9576
-72.9578
-73.4102
-73.4104
-73.4114
-73.4131
-73.4155
-73.4185
-73.422
-73.426
-73.4302
-73.4347
-73.4392
-73.4436
-73.4478
-73.4517
-73.4552
-73.4581
-73.4605
-73.4621
-73.4631
-73.4633
-73.9064
-73.9067
-73.9078
-73.9099
-73.9127
-73.9163
-73.9205
-73.9252
-73.9303
-73.9355
-73.9409
-73.9461
-73.9511
-73.9558
-73.9599
-73.9634
-73.9662
-73.9682
-73.9693
-73.9696
-74.4016
-74.402
-74.4034
-74.4058
-74.4092
-74.4135
-74.4185
-74.4241
-74.4301
-74.4363
-74.4427
-74.4489
-74.4549
-74.4604
-74.4653
-74.4694
-74.4728
-74.4751
-74.4765
-74.4768
-74.8957
-74.8962
-74.8978
-74.9007
-74.9048
-74.9099
-74.9158
-74.9225
-74.9296
-74.9371
-74.9446
-74.952
-74.9591
-74.9656
-74.9714
-74.9764
-74.9803
-74.9831
-74.9847
-74.9852
-75.3884
-75.389
-75.391
-75.3945
-75.3994
-75.4054
-75.4125
-75.4204
-75.4289
-75.4377
-75.4466
-75.4554
-75.4638
-75.4715
-75.4784
-75.4843
-75.489
-75.4923
-75.4942
-75.4948
-75.8796
-75.8803
-75.8827
-75.8869
-75.8927
-75.8999
-75.9083
-75.9177
-75.9277
-75.9382
-75.9488
-75.9592
-75.9692
-75.9783
-75.9865
-75.9935
-75.999
-76.003
-76.0053
-76.006
-76.3689
-76.3698
-76.3727
-76.3777
-76.3846
-76.3931
-76.4031
-76.4143
-76.4262
-76.4386
-76.4512
-76.4635
-76.4753
-76.4862
-76.4959
-76.5041
-76.5107
-76.5155
-76.5182
-76.519
-76.8559
-76.8571
-76.8606
-76.8665
-76.8747
-76.8849
-76.8968
-76.91
-76.9242
-76.9389
-76.9538
-76.9684
-76.9824
-76.9952
-77.0067
-77.0165
-77.0244
-77.03
-77.0332
-77.0341
-77.3404
-77.3418
-77.346
-77.3531
-77.3628
-77.375
-77.3891
-77.4047
-77.4216
-77.439
-77.4567
-77.474
-77.4905
-77.5058
-77.5194
-77.531
-77.5403
-77.5469
-77.5507
-77.5519
-77.8219
-77.8234
-77.8284
-77.8369
-77.8485
-77.8629
-77.8797
-77.8983
-77.9183
-77.939
-77.9599
-77.9804
-77.9999
-78.018
-78.0342
-78.0479
-78.0589
-78.0668
-78.0713
-78.0727
-78.2997
-78.3015
-78.3074
-78.3176
-78.3314
-78.3485
-78.3684
-78.3905
-78.4142
-78.4387
-78.4635
-78.4877
-78.5109
-78.5323
-78.5514
-78.5677
-78.5807
-78.5902
-78.5956
-78.5971
-78.7739
-78.7753
-78.7823
-78.7944
-78.8109
-78.8312
-78.8549
-78.8811
-78.9091
-78.9382
-78.9675
-78.9963
-79.0237
-79.0491
-79.0717
-79.0909
-79.1064
-79.1178
-79.124
-79.1262
-79.2443
-79.2439
-79.2522
-79.2667
-79.2863
-79.3105
-79.3386
-79.3697
-79.403
-79.4374
-79.4722
-79.5063
-79.5387
-79.5687
-79.5953
-79.618
-79.6363
-79.6507
-79.6537
-79.6604
-79.709
-79.7013
-79.7155
-79.7332
-79.7568
-79.7857
-79.8191
-79.8561
-79.8955
-79.9364
-79.9776
-80.018
-80.0564
-80.0918
-80.1231
-80.1493
-80.1698
-80.1841
-80.1698
-80.1979
-80.1342
-80.1363
-80.1639
-80.1922
-80.2215
-80.2562
-80.296
-80.3398
-80.3865
-80.435
-80.4838
-80.5317
-80.5774
-80.6193
-80.6562
-80.6867
-80.7091
-80.7221
-80.7166
-80.7187
-80.5885
-80.5813
-80.5965
-80.646
-80.6804
-80.7215
-80.7686
-80.8204
-80.8757
-80.9331
-80.9911
-81.048
-81.1023
-81.1525
-81.1968
-81.234
-81.263
-81.2694
-81.2956
-81.2943
-81.0305
-81.0169
-81.0309
-81.0949
-81.1326
-81.1807
-81.2362
-81.2973
-81.3627
-81.4307
-81.4995
-81.5671
-81.6317
-81.6915
-81.7448
-81.7886
-81.7953
-81.8334
-81.8447
-81.8556
-81.4634
-81.4638
-81.4847
-81.5301
-81.5744
-81.6315
-81.6973
-81.7696
-81.8468
-81.9275
-82.0092
-82.0895
-82.166
-82.2366
-82.2993
-82.3265
-82.362
-82.4137
-82.4239
-82.4328
-81.885
-81.8848
-81.9097
-81.9492
-82.0015
-82.0723
-82.1508
-82.2364
-82.3276
-82.4234
-82.5204
-82.6158
-82.7066
-82.7896
-82.8632
-82.924
-82.9692
-83.0085
-83.0234
-83.0279
-82.2915
-82.2785
-82.3054
-82.3513
-82.4165
-82.5009
-82.5954
-82.697
-82.8043
-82.9182
-83.0336
-83.1472
-83.255
-83.3531
-83.4374
-83.5033
-83.559
-83.6044
-83.6136
-83.6158
-82.4744
-82.6491
-82.6829
-82.7323
-82.8086
-82.9189
-83.0297
-83.1523
-83.2751
-83.4112
-83.5491
-83.6846
-83.8134
-83.931
-84.0212
-84.1179
-84.1701
-84.2219
-84.2565
-84.1866
-82.9118
-82.9918
-83.0406
-83.0896
-83.1708
-83.2593
-83.3429
-83.5596
-83.7321
-83.9006
-84.0671
-84.2288
-84.3794
-84.4765
-84.514
-84.6463
-84.7956
-84.8624
-84.8994
-84.9155
-83.3006
-83.2889
-83.3368
-83.4365
-83.4839
-83.5621
-83.7323
-83.9272
-84.1774
-84.3907
-84.5909
-84.7824
-84.9539
-84.9932
-85.1411
-85.2651
-85.4188
-85.5286
-85.5692
-85.5849
-83.5844
-83.5788
-83.6653
-83.7324
-83.7169
-83.9308
-84.13
-84.3259
-84.6309
-84.8959
-85.1262
-85.3529
-85.5444
-85.6988
-85.8462
-85.936
-86.013
-86.2258
-86.2725
-86.2831
-83.8288
-83.8536
-83.9101
-84.0356
-84.1805
-84.3359
-84.5483
-84.7511
-84.9583
-85.4138
-85.669
-85.9336
-86.1736
-86.3814
-86.5424
-86.7213
-86.8101
-86.8991
-87.0025
-87.019
-84.0177
-84.0395
-84.1122
-84.2482
-84.4263
-84.6314
-84.8978
-85.2218
-85.4348
-85.8963
-86.2243
-86.5324
-86.8109
-87.0586
-87.2689
-87.454
-87.6033
-87.6615
-87.7537
-87.7765
-84.1507
-84.1702
-84.2607
-84.4226
-84.6431
-84.9144
-85.2331
-85.5991
-86.0107
-86.3862
-86.7955
-87.1591
-87.4975
-87.7991
-88.0349
-88.2319
-88.3784
-88.4838
-88.522
-88.5686
-84.2203
-84.235
-84.3384
-84.5361
-84.8118
-85.1179
-85.5288
-85.976
-86.4317
-86.9103
-87.3904
-87.8144
-88.2182
-88.5236
-88.7981
-89.0464
-89.1951
-89.3005
-89.3459
-89.3926
-84.2054
-84.2173
-84.3422
-84.5813
-84.9201
-85.3325
-85.7929
-86.3347
-86.9086
-87.4817
-88.0223
-88.5419
-88.9784
-89.37
-89.6931
-89.9162
-90.0609
-90.1589
-90.2161
-90.2507
-84.0964
-84.1011
-84.2559
-84.5485
-84.9623
-85.4747
-86.0705
-86.6891
-87.3887
-88.064
-88.7283
-89.3407
-89.8476
-90.3323
-90.6499
-90.8567
-90.9777
-91.0552
-91.1023
-91.1398
-83.8748
-83.881
-84.0684
-84.4303
-84.9368
-85.5605
-86.284
-87.073
-87.8888
-88.7448
-89.5405
-90.2471
-90.8919
-91.4024
-91.7271
-91.8912
-91.9523
-91.9891
-92.0157
-92.0537
-83.5174
-83.5327
-83.7686
-84.216
-84.8314
-85.5846
-86.4709
-87.453
-88.4405
-89.4931
-90.4295
-91.2948
-92.0753
-92.6672
-92.973
-93.0392
-92.9817
-92.9493
-92.9471
-92.979
-83.0021
-83.0331
-83.3386
-83.8831
-84.6104
-85.5
-86.5885
-87.8074
-89.0737
-90.3419
-91.4775
-92.5069
-93.4604
-94.1787
-94.441
-94.3041
-94.0372
-93.9134
-93.8819
-93.9262
-82.306
-82.3481
-82.7431
-83.375
-84.1821
-85.1898
-86.5569
-88.1198
-89.7731
-91.3543
-92.6946
-93.8726
-95.1399
-96.0399
-96.2202
-95.6316
-95.0161
-94.8177
-94.8044
-94.9445
-81.3783
-81.4217
-81.9136
-82.5716
-83.346
-84.4025
-86.2516
-88.3192
-90.478
-92.645
-94.168
-95.3903
-97.2805
-98.481
-98.2085
-96.8324
-95.7038
-95.5843
-95.7385
-96.1222
-80.2136
-80.1939
-80.7162
-81.2635
-81.8238
-82.8993
-85.7882
-88.8835
-91.8751
-94.3668
-95.6849
-96.6682
-100.115
-101.748
-100.781
-98.4446
-96.0786
-96.7423
-97.8419
-98.007
-78.8791
-78.8122
-79.1142
-79.2932
-79.3266
-79.7175
-82.5105
-82.6669
-73.177
-53.9792
-39.4316
-41.1793
-53.2188
-78.2221
-99.3126
-95.0759
-91.6987
-94.0515
-96.2768
-99.7341
-77.5064
-78.0093
-78.6605
-77.0085
-77.2537
-72.5863
-38.3688
-8.93236
0.457543
-0.083752
-0.248616
-0.184027
-0.0652699
-0.959108
-6.05761
-51.9938
-84.6794
-90.8756
-105.865
-106.418
-75.7552
-76.9829
-66.9778
-60.9295
-32.343
-2.15457
-0.0458289
-0.242089
-0.0248918
-0.0807164
-0.0943936
-0.0904801
-0.0825899
-0.0988643
-0.131577
0.0704574
-0.488705
-50.534
-72.3518
-114.636
-74.8857
-58.409
-37.2868
-4.26775
-0.130196
-0.11601
-0.0843617
-0.150736
-0.056946
-0.0925344
-0.106503
-0.104253
-0.0946803
-0.0914321
-0.0912097
-0.0101257
-0.0726231
0.405278
-7.32662
-58.7089
-40.4014
-6.6839
0.85611
-0.0629426
0.0196758
-0.0410585
-0.0773958
-0.113319
-0.0839644
-0.0949068
-0.102739
-0.102716
-0.0986155
-0.0971095
-0.0977038
-0.0681249
-0.12614
-0.202482
-0.567417
-2.55469
-7.03846
-2.21312
-0.554433
-0.310635
-0.16353
-0.131108
-0.114009
-0.113484
-0.100969
-0.101452
-0.103587
-0.103298
-0.10123
-0.0995989
-0.0993004
-0.0882512
-0.108984
-0.0928464
-0.21125
0.0160886
0.509762
-0.428235
-0.185365
-0.165064
-0.129881
-0.121357
-0.116659
-0.11407
-0.108
-0.106426
-0.106283
-0.105621
-0.104419
-0.103519
-0.103052
-0.09987
-0.110789
-0.108099
-0.156357
-0.0574955
-0.00366305
-0.269205
-0.163772
-0.165042
-0.143749
-0.129775
-0.121765
-0.117021
-0.1125
-0.11026
-0.109175
-0.108267
-0.107393
-0.106837
-0.106585
-0.105961
-0.112264
-0.10913
-0.131825
-0.0891561
-0.0120781
-0.152349
-0.140425
-0.145666
-0.137592
-0.129597
-0.12352
-0.119083
-0.115437
-0.113121
-0.111722
-0.110716
-0.109979
-0.109595
-0.109591
-0.109991
-0.11286
-0.112689
-0.12185
-0.106443
-0.073024
-0.133345
-0.134498
-0.135689
-0.13283
-0.127778
-0.123817
-0.120311
-0.117394
-0.115285
-0.113862
-0.112865
-0.112204
-0.111899
-0.111984
-0.11252
-0.114012
-0.115066
-0.118785
-0.114075
-0.113016
-0.131622
-0.131598
-0.131519
-0.129806
-0.126862
-0.123848
-0.121099
-0.118775
-0.116966
-0.115658
-0.114728
-0.114125
-0.113855
-0.113934
-0.114394
-0.115368
-0.116432
-0.11837
-0.117384
-0.127431
-0.132038
-0.130496
-0.129639
-0.128217
-0.126137
-0.123868
-0.121716
-0.119846
-0.118327
-0.117189
-0.116348
-0.1158
-0.115544
-0.115586
-0.115938
-0.116629
-0.117493
-0.118753
-0.118978
-0.131588
-0.131854
-0.129965
-0.128712
-0.127372
-0.125731
-0.123974
-0.122277
-0.120761
-0.119486
-0.118511
-0.117769
-0.117273
-0.117024
-0.117026
-0.117276
-0.117772
-0.118446
-0.119351
-0.119869
-0.132091
-0.131181
-0.129477
-0.128187
-0.126942
-0.125582
-0.124174
-0.122812
-0.121573
-0.120516
-0.11967
-0.119019
-0.118572
-0.118331
-0.118297
-0.118463
-0.118815
-0.119322
-0.119984
-0.120503
-0.131267
-0.130294
-0.128957
-0.12782
-0.12672
-0.125579
-0.124429
-0.12332
-0.122301
-0.121416
-0.120689
-0.120121
-0.119718
-0.119485
-0.119422
-0.119521
-0.119765
-0.120133
-0.120613
-0.121046
-0.13017
-0.129418
-0.128443
-0.127518
-0.126594
-0.125648
-0.124703
-0.123794
-0.122953
-0.12221
-0.121588
-0.121093
-0.120732
-0.120508
-0.120423
-0.120468
-0.120629
-0.120887
-0.121229
-0.12156
-0.129151
-0.128655
-0.127976
-0.127265
-0.12652
-0.12575
-0.124979
-0.124232
-0.123532
-0.122915
-0.122382
-0.121953
-0.121626
-0.121418
-0.121317
-0.121321
-0.121416
-0.12159
-0.121827
-0.122067
-0.128316
-0.128041
-0.127593
-0.127069
-0.126489
-0.125879
-0.125249
-0.124636
-0.124052
-0.123541
-0.123087
-0.122717
-0.122425
-0.122235
-0.122123
-0.122095
-0.122139
-0.122246
-0.122405
-0.122571
-0.127642
-0.127572
-0.127305
-0.126943
-0.126502
-0.125986
-0.125517
-0.125014
-0.124532
-0.124106
-0.123721
-0.1234
-0.12315
-0.12293
-0.12286
-0.122805
-0.122809
-0.122863
-0.12296
-0.123061
-0.126994
-0.127226
-0.127116
-0.126856
-0.126385
-0.12617
-0.125775
-0.125374
-0.12498
-0.124621
-0.124297
-0.124022
-0.123801
-0.123622
-0.123461
-0.123464
-0.123432
-0.123446
-0.123486
-0.123513
-0.125983
-0.127055
-0.127073
-0.12678
-0.126555
-0.126374
-0.126051
-0.125724
-0.125402
-0.1251
-0.124827
-0.124593
-0.124402
-0.124258
-0.124032
-0.123965
-0.124032
-0.123998
-0.123972
-0.123885
-0.12479
-0.127426
-0.127321
-0.127023
-0.126866
-0.126612
-0.126343
-0.126069
-0.125802
-0.12555
-0.125321
-0.125123
-0.124959
-0.124832
-0.124745
-0.124377
-0.124315
-0.124491
-0.124422
-0.124065
-0.10162
-0.128423
-0.127687
-0.12736
-0.127104
-0.126868
-0.126638
-0.12641
-0.126188
-0.125978
-0.125787
-0.12562
-0.125483
-0.12538
-0.125312
-0.125287
-0.124785
-0.124931
-0.124963
-0.123626
-0.0672043
-0.127161
-0.127445
-0.127404
-0.127272
-0.127107
-0.126927
-0.126743
-0.126561
-0.126387
-0.126228
-0.126089
-0.125975
-0.125892
-0.125845
-0.125846
-0.125889
-0.125923
-0.126183
-0.122415
-0.102583
-0.128074
-0.127764
-0.12764
-0.127509
-0.12737
-0.127224
-0.127075
-0.126926
-0.126782
-0.12665
-0.126533
-0.126437
-0.126366
-0.126327
-0.126337
-0.126407
-0.126532
-0.127222
-0.0978736
-0.0728855
-0.127184
-0.127701
-0.127775
-0.127725
-0.127633
-0.127524
-0.127405
-0.127284
-0.127166
-0.127056
-0.126956
-0.126871
-0.126803
-0.126752
-0.126717
-0.126687
-0.126569
-0.12654
-0.0459375
-0.122949
-0.128641
-0.128163
-0.128082
-0.128009
-0.127926
-0.127836
-0.12774
-0.127641
-0.127543
-0.127451
-0.127365
-0.12729
-0.127226
-0.127172
-0.127125
-0.127078
-0.127019
-0.127071
-0.123224
-0.126436
-0.128368
-0.1283
-0.128305
-0.128272
-0.128218
-0.128151
-0.128076
-0.127996
-0.127916
-0.127838
-0.127765
-0.127698
-0.127638
-0.127584
-0.12753
-0.127472
-0.127405
-0.127318
-0.126203
-0.127959
-0.128488
-0.128537
-0.128565
-0.128556
-0.128522
-0.128474
-0.128416
-0.128352
-0.128287
-0.128222
-0.128159
-0.128101
-0.128046
-0.127994
-0.127942
-0.127885
-0.12782
-0.127727
-0.127306
-0.128646
-0.128818
-0.128853
-0.128871
-0.128867
-0.128843
-0.128807
-0.128762
-0.128711
-0.128657
-0.128603
-0.12855
-0.1285
-0.128452
-0.128407
-0.128362
-0.128317
-0.128274
-0.128233
-0.128122
-0.129118
-0.12918
-0.129195
-0.129202
-0.129196
-0.129178
-0.129149
-0.129113
-0.129072
-0.129029
-0.128984
-0.12894
-0.128897
-0.128856
-0.128819
-0.128784
-0.128752
-0.128728
-0.128719
-0.128697
-0.129515
-0.129538
-0.129542
-0.129544
-0.129537
-0.129522
-0.129499
-0.12947
-0.129437
-0.129401
-0.129364
-0.129327
-0.129292
-0.129258
-0.129228
-0.129201
-0.12918
-0.129168
-0.129172
-0.129178
-0.129884
-0.129893
-0.129894
-0.129893
-0.129886
-0.129873
-0.129855
-0.129831
-0.129804
-0.129775
-0.129744
-0.129714
-0.129685
-0.129658
-0.129633
-0.129613
-0.129599
-0.129593
-0.129602
-0.129616
-0.130244
-0.130249
-0.13025
-0.130247
-0.130241
-0.13023
-0.130215
-0.130195
-0.130173
-0.130149
-0.130124
-0.1301
-0.130076
-0.130054
-0.130035
-0.13002
-0.13001
-0.130008
-0.130017
-0.130031
-0.130604
-0.130607
-0.130608
-0.130606
-0.1306
-0.130591
-0.130578
-0.130563
-0.130544
-0.130525
-0.130505
-0.130484
-0.130465
-0.130448
-0.130433
-0.130422
-0.130415
-0.130415
-0.130422
-0.130434
-0.130965
-0.130968
-0.130969
-0.130968
-0.130963
-0.130955
-0.130945
-0.130932
-0.130917
-0.130901
-0.130885
-0.130868
-0.130853
-0.130839
-0.130827
-0.130819
-0.130814
-0.130815
-0.130821
-0.130831
-0.131329
-0.131332
-0.131333
-0.131332
-0.131328
-0.131322
-0.131313
-0.131303
-0.131291
-0.131278
-0.131265
-0.131251
-0.131239
-0.131228
-0.131219
-0.131213
-0.131209
-0.13121
-0.131215
-0.131223
-0.131695
-0.131698
-0.1317
-0.131699
-0.131696
-0.131691
-0.131684
-0.131676
-0.131666
-0.131655
-0.131644
-0.131634
-0.131624
-0.131615
-0.131608
-0.131603
-0.131601
-0.131602
-0.131606
-0.131612
-0.132064
-0.132067
-0.132069
-0.132068
-0.132066
-0.132062
-0.132056
-0.132049
-0.132041
-0.132033
-0.132024
-0.132016
-0.132008
-0.132001
-0.131995
-0.131991
-0.13199
-0.131991
-0.131994
-0.131999
-0.132435
-0.132438
-0.132439
-0.132439
-0.132437
-0.132434
-0.132429
-0.132424
-0.132418
-0.132411
-0.132404
-0.132397
-0.13239
-0.132385
-0.132381
-0.132378
-0.132377
-0.132377
-0.13238
-0.132384
-0.132807
-0.13281
-0.132811
-0.132811
-0.13281
-0.132807
-0.132804
-0.132799
-0.132794
-0.132789
-0.132783
-0.132778
-0.132772
-0.132768
-0.132765
-0.132763
-0.132762
-0.132762
-0.132765
-0.132768
-0.133181
-0.133183
-0.133184
-0.133184
-0.133183
-0.133182
-0.133179
-0.133175
-0.133171
-0.133167
-0.133162
-0.133158
-0.133154
-0.13315
-0.133148
-0.133146
-0.133146
-0.133146
-0.133148
-0.133151
-0.133556
-0.133557
-0.133559
-0.133559
-0.133558
-0.133557
-0.133555
-0.133552
-0.133549
-0.133545
-0.133541
-0.133538
-0.133535
-0.133532
-0.13353
-0.133529
-0.133528
-0.133529
-0.133531
-0.133533
-0.133931
-0.133933
-0.133934
-0.133934
-0.133934
-0.133933
-0.133931
-0.133929
-0.133926
-0.133923
-0.13392
-0.133918
-0.133915
-0.133913
-0.133912
-0.133911
-0.13391
-0.133911
-0.133912
-0.133914
-0.134307
-0.134309
-0.13431
-0.13431
-0.13431
-0.134309
-0.134308
-0.134306
-0.134304
-0.134302
-0.134299
-0.134297
-0.134295
-0.134294
-0.134292
-0.134292
-0.134292
-0.134292
-0.134293
-0.134295
-0.134684
-0.134685
-0.134686
-0.134686
-0.134686
-0.134686
-0.134685
-0.134683
-0.134682
-0.13468
-0.134678
-0.134677
-0.134675
-0.134674
-0.134673
-0.134672
-0.134672
-0.134673
-0.134674
-0.134675
-0.135061
-0.135062
-0.135063
-0.135063
-0.135063
-0.135063
-0.135062
-0.135061
-0.13506
-0.135059
-0.135057
-0.135056
-0.135055
-0.135054
-0.135053
-0.135053
-0.135053
-0.135053
-0.135054
-0.135055
-0.135439
-0.13544
-0.13544
-0.135441
-0.135441
-0.13544
-0.13544
-0.135439
-0.135438
-0.135437
-0.135436
-0.135435
-0.135434
-0.135433
-0.135433
-0.135433
-0.135433
-0.135433
-0.135434
-0.135435
-0.135817
-0.135817
-0.135818
-0.135818
-0.135818
-0.135818
-0.135818
-0.135817
-0.135816
-0.135816
-0.135815
-0.135814
-0.135813
-0.135813
-0.135812
-0.135812
-0.135812
-0.135813
-0.135813
-0.135814
-0.136195
-0.136195
-0.136196
-0.136196
-0.136196
-0.136196
-0.136196
-0.136195
-0.136195
-0.136194
-0.136194
-0.136193
-0.136192
-0.136192
-0.136192
-0.136192
-0.136192
-0.136192
-0.136193
-0.136193
-0.136573
-0.136573
-0.136574
-0.136574
-0.136574
-0.136574
-0.136574
-0.136574
-0.136573
-0.136573
-0.136572
-0.136572
-0.136571
-0.136571
-0.136571
-0.136571
-0.136571
-0.136571
-0.136572
-0.136572
-0.136951
-0.136952
-0.136952
-0.136952
-0.136952
-0.136952
-0.136952
-0.136952
-0.136952
-0.136951
-0.136951
-0.136951
-0.13695
-0.13695
-0.13695
-0.13695
-0.13695
-0.13695
-0.136951
-0.136951
-0.13733
-0.13733
-0.13733
-0.137331
-0.137331
-0.137331
-0.137331
-0.13733
-0.13733
-0.13733
-0.13733
-0.13733
-0.137329
-0.137329
-0.137329
-0.137329
-0.137329
-0.137329
-0.13733
-0.13733
-0.137708
-0.137708
-0.137709
-0.137709
-0.137709
-0.137709
-0.137709
-0.137709
-0.137709
-0.137709
-0.137708
-0.137708
-0.137708
-0.137708
-0.137708
-0.137708
-0.137708
-0.137708
-0.137709
-0.137709
-0.138087
-0.138087
-0.138087
-0.138087
-0.138087
-0.138087
-0.138087
-0.138087
-0.138087
-0.138087
-0.138087
-0.138087
-0.138087
-0.138087
-0.138087
-0.138087
-0.138087
-0.138087
-0.138087
-0.138088
-0.138465
-0.138465
-0.138466
-0.138466
-0.138466
-0.138466
-0.138466
-0.138466
-0.138466
-0.138466
-0.138466
-0.138466
-0.138466
-0.138466
-0.138466
-0.138466
-0.138466
-0.138466
-0.138466
-0.138467
-0.138844
-0.138844
-0.138844
-0.138844
-0.138844
-0.138845
-0.138845
-0.138845
-0.138845
-0.138845
-0.138844
-0.138844
-0.138844
-0.138844
-0.138845
-0.138845
-0.138845
-0.138845
-0.138845
-0.138845
-0.139222
-0.139223
-0.139223
-0.139223
-0.139223
-0.139223
-0.139223
-0.139223
-0.139223
-0.139223
-0.139223
-0.139223
-0.139223
-0.139223
-0.139223
-0.139223
-0.139223
-0.139224
-0.139224
-0.139224
-0.139601
-0.139601
-0.139601
-0.139602
-0.139602
-0.139602
-0.139602
-0.139602
-0.139602
-0.139602
-0.139602
-0.139602
-0.139602
-0.139602
-0.139602
-0.139602
-0.139602
-0.139602
-0.139602
-0.139603
-0.13998
-0.13998
-0.13998
-0.13998
-0.13998
-0.13998
-0.13998
-0.13998
-0.13998
-0.139981
-0.139981
-0.139981
-0.139981
-0.139981
-0.139981
-0.139981
-0.139981
-0.139981
-0.139981
-0.139981
-0.140359
-0.140359
-0.140359
-0.140359
-0.140359
-0.140359
-0.140359
-0.140359
-0.140359
-0.140359
-0.140359
-0.140359
-0.140359
-0.140359
-0.140359
-0.140359
-0.140359
-0.14036
-0.14036
-0.14036
-0.140737
-0.140737
-0.140737
-0.140737
-0.140738
-0.140738
-0.140738
-0.140738
-0.140738
-0.140738
-0.140738
-0.140738
-0.140738
-0.140738
-0.140738
-0.140738
-0.140738
-0.140738
-0.140738
-0.140738
-0.141116
-0.141116
-0.141116
-0.141116
-0.141116
-0.141116
-0.141116
-0.141116
-0.141116
-0.141116
-0.141117
-0.141117
-0.141117
-0.141117
-0.141117
-0.141117
-0.141117
-0.141117
-0.141117
-0.141117
-0.141495
-0.141495
-0.141495
-0.141495
-0.141495
-0.141495
-0.141495
-0.141495
-0.141495
-0.141495
-0.141495
-0.141495
-0.141495
-0.141495
-0.141495
-0.141495
-0.141495
-0.141496
-0.141496
-0.141496
-0.141873
-0.141873
-0.141873
-0.141873
-0.141874
-0.141874
-0.141874
-0.141874
-0.141874
-0.141874
-0.141874
-0.141874
-0.141874
-0.141874
-0.141874
-0.141874
-0.141874
-0.141874
-0.141874
-0.141874
-0.142252
-0.142252
-0.142252
-0.142252
-0.142252
-0.142252
-0.142252
-0.142252
-0.142252
-0.142252
-0.142252
-0.142253
-0.142253
-0.142253
-0.142253
-0.142253
-0.142253
-0.142253
-0.142253
-0.142253
-0.142631
-0.142631
-0.142631
-0.142631
-0.142631
-0.142631
-0.142631
-0.142631
-0.142631
-0.142631
-0.142631
-0.142631
-0.142631
-0.142631
-0.142631
-0.142631
-0.142631
-0.142631
-0.142631
-0.142631
-0.143009
-0.143009
-0.143009
-0.143009
-0.143009
-0.14301
-0.14301
-0.14301
-0.14301
-0.14301
-0.14301
-0.14301
-0.14301
-0.14301
-0.14301
-0.14301
-0.14301
-0.14301
-0.14301
-0.14301
-0.143388
-0.143388
-0.143388
-0.143388
-0.143388
-0.143388
-0.143388
-0.143388
-0.143388
-0.143388
-0.143388
-0.143388
-0.143388
-0.143388
-0.143389
-0.143389
-0.143389
-0.143389
-0.143389
-0.143389
-0.143767
-0.143767
-0.143767
-0.143767
-0.143767
-0.143767
-0.143767
-0.143767
-0.143767
-0.143767
-0.143767
-0.143767
-0.143767
-0.143767
-0.143767
-0.143767
-0.143767
-0.143767
-0.143767
-0.143767
-0.144145
-0.144145
-0.144145
-0.144145
-0.144145
-0.144145
-0.144145
-0.144145
-0.144146
-0.144146
-0.144146
-0.144146
-0.144146
-0.144146
-0.144146
-0.144146
-0.144146
-0.144146
-0.144146
-0.144146
-0.144524
-0.144524
-0.144524
-0.144524
-0.144524
-0.144524
-0.144524
-0.144524
-0.144524
-0.144524
-0.144524
-0.144524
-0.144524
-0.144524
-0.144524
-0.144524
-0.144524
-0.144524
-0.144524
-0.144524
-0.144903
-0.144903
-0.144903
-0.144903
-0.144903
-0.144903
-0.144903
-0.144903
-0.144903
-0.144903
-0.144903
-0.144903
-0.144903
-0.144903
-0.144903
-0.144903
-0.144903
-0.144903
-0.144903
-0.144903
-0.145281
-0.145281
-0.145281
-0.145281
-0.145281
-0.145281
-0.145281
-0.145281
-0.145281
-0.145281
-0.145281
-0.145282
-0.145282
-0.145282
-0.145282
-0.145282
-0.145282
-0.145282
-0.145282
-0.145282
-0.14566
-0.14566
-0.14566
-0.14566
-0.14566
-0.14566
-0.14566
-0.14566
-0.14566
-0.14566
-0.14566
-0.14566
-0.14566
-0.14566
-0.14566
-0.14566
-0.14566
-0.14566
-0.14566
-0.14566
-0.146038
-0.146038
-0.146038
-0.146038
-0.146038
-0.146039
-0.146039
-0.146039
-0.146039
-0.146039
-0.146039
-0.146039
-0.146039
-0.146039
-0.146039
-0.146039
-0.146039
-0.146039
-0.146039
-0.146039
-0.146417
-0.146417
-0.146417
-0.146417
-0.146417
-0.146417
-0.146417
-0.146417
-0.146417
-0.146417
-0.146417
-0.146417
-0.146417
-0.146417
-0.146417
-0.146417
-0.146417
-0.146417
-0.146418
-0.146418
-0.146796
-0.146796
-0.146796
-0.146796
-0.146796
-0.146796
-0.146796
-0.146796
-0.146796
-0.146796
-0.146796
-0.146796
-0.146796
-0.146796
-0.146796
-0.146796
-0.146796
-0.146796
-0.146796
-0.146796
-0.147174
-0.147174
-0.147174
-0.147174
-0.147174
-0.147174
-0.147174
-0.147174
-0.147174
-0.147174
-0.147175
-0.147175
-0.147175
-0.147175
-0.147175
-0.147175
-0.147175
-0.147175
-0.147175
-0.147175
-0.147553
-0.147553
-0.147553
-0.147553
-0.147553
-0.147553
-0.147553
-0.147553
-0.147553
-0.147553
-0.147553
-0.147553
-0.147553
-0.147553
-0.147553
-0.147553
-0.147553
-0.147553
-0.147553
-0.147553
-0.147932
-0.147932
-0.147932
-0.147932
-0.147932
-0.147932
-0.147932
-0.147932
-0.147932
-0.147932
-0.147932
-0.147932
-0.147932
-0.147932
-0.147932
-0.147932
-0.147932
-0.147932
-0.147932
-0.147932
-0.14831
-0.14831
-0.14831
-0.14831
-0.14831
-0.14831
-0.14831
-0.14831
-0.14831
-0.14831
-0.14831
-0.14831
-0.14831
-0.14831
-0.14831
-0.14831
-0.14831
-0.148311
-0.148311
-0.148311
-0.148689
-0.148689
-0.148689
-0.148689
-0.148689
-0.148689
-0.148689
-0.148689
-0.148689
-0.148689
-0.148689
-0.148689
-0.148689
-0.148689
-0.148689
-0.148689
-0.148689
-0.148689
-0.148689
-0.148689
-0.149067
-0.149067
-0.149067
-0.149067
-0.149067
-0.149067
-0.149067
-0.149067
-0.149068
-0.149068
-0.149068
-0.149068
-0.149068
-0.149068
-0.149068
-0.149068
-0.149068
-0.149068
-0.149068
-0.149068
-0.149446
-0.149446
-0.149446
-0.149446
-0.149446
-0.149446
-0.149446
-0.149446
-0.149446
-0.149446
-0.149446
-0.149446
-0.149446
-0.149446
-0.149446
-0.149446
-0.149446
-0.149446
-0.149446
-0.149446
-0.149825
-0.149825
-0.149825
-0.149825
-0.149825
-0.149825
-0.149825
-0.149825
-0.149825
-0.149825
-0.149825
-0.149825
-0.149825
-0.149825
-0.149825
-0.149825
-0.149825
-0.149825
-0.149825
-0.149825
-0.150203
-0.150203
-0.150203
-0.150203
-0.150203
-0.150203
-0.150203
-0.150203
-0.150203
-0.150203
-0.150203
-0.150203
-0.150203
-0.150203
-0.150203
-0.150204
-0.150204
-0.150204
-0.150204
-0.150204
-0.150582
-0.150582
-0.150582
-0.150582
-0.150582
-0.150582
-0.150582
-0.150582
-0.150582
-0.150582
-0.150582
-0.150582
-0.150582
-0.150582
-0.150582
-0.150582
-0.150582
-0.150582
-0.150582
-0.150582
-0.15096
-0.15096
-0.15096
-0.15096
-0.15096
-0.15096
-0.15096
-0.15096
-0.150961
-0.150961
-0.150961
-0.150961
-0.150961
-0.150961
-0.150961
-0.150961
-0.150961
-0.150961
-0.150961
-0.150961
-0.151339
-0.151339
-0.151339
-0.151339
-0.151339
-0.151339
-0.151339
-0.151339
-0.151339
-0.151339
-0.151339
-0.151339
-0.151339
-0.151339
-0.151339
-0.151339
-0.151339
-0.151339
-0.151339
-0.151339
-0.151718
-0.151718
-0.151718
-0.151718
-0.151718
-0.151718
-0.151718
-0.151718
-0.151718
-0.151718
-0.151718
-0.151718
-0.151718
-0.151718
-0.151718
-0.151718
-0.151718
-0.151718
-0.151718
-0.151718
-0.152096
-0.152096
-0.152096
-0.152096
-0.152096
-0.152096
-0.152096
-0.152096
-0.152096
-0.152096
-0.152096
-0.152096
-0.152096
-0.152096
-0.152096
-0.152096
-0.152096
-0.152096
-0.152096
-0.152096
-0.152475
-0.152475
-0.152475
-0.152475
-0.152475
-0.152475
-0.152475
-0.152475
-0.152475
-0.152475
-0.152475
-0.152475
-0.152475
-0.152475
-0.152475
-0.152475
-0.152475
-0.152475
-0.152475
-0.152475
-0.152853
-0.152853
-0.152853
-0.152853
-0.152853
-0.152853
-0.152853
-0.152853
-0.152854
-0.152854
-0.152854
-0.152854
-0.152854
-0.152854
-0.152854
-0.152854
-0.152854
-0.152854
-0.152854
-0.152854
-0.153232
-0.153232
-0.153232
-0.153232
-0.153232
-0.153232
-0.153232
-0.153232
-0.153232
-0.153232
-0.153232
-0.153232
-0.153232
-0.153232
-0.153232
-0.153232
-0.153232
-0.153232
-0.153232
-0.153232
-0.153611
-0.153611
-0.153611
-0.153611
-0.153611
-0.153611
-0.153611
-0.153611
-0.153611
-0.153611
-0.153611
-0.153611
-0.153611
-0.153611
-0.153611
-0.153611
-0.153611
-0.153611
-0.153611
-0.153611
-0.153989
-0.153989
-0.153989
-0.153989
-0.153989
-0.153989
-0.153989
-0.153989
-0.153989
-0.153989
-0.153989
-0.153989
-0.153989
-0.153989
-0.153989
-0.153989
-0.153989
-0.153989
-0.153989
-0.153989
-0.154368
-0.154368
-0.154368
-0.154368
-0.154368
-0.154368
-0.154368
-0.154368
-0.154368
-0.154368
-0.154368
-0.154368
-0.154368
-0.154368
-0.154368
-0.154368
-0.154368
-0.154368
-0.154368
-0.154368
-0.154746
-0.154746
-0.154746
-0.154746
-0.154746
-0.154746
-0.154746
-0.154746
-0.154746
-0.154746
-0.154746
-0.154746
-0.154746
-0.154746
-0.154746
-0.154746
-0.154746
-0.154746
-0.154746
-0.154746
-0.155125
-0.155125
-0.155125
-0.155125
-0.155125
-0.155125
-0.155125
-0.155125
-0.155125
-0.155125
-0.155125
-0.155125
-0.155125
-0.155125
-0.155125
-0.155125
-0.155125
-0.155125
-0.155125
-0.155125
-0.155504
-0.155504
-0.155504
-0.155504
-0.155504
-0.155504
-0.155504
-0.155504
-0.155504
-0.155504
-0.155504
-0.155504
-0.155504
-0.155504
-0.155504
-0.155504
-0.155504
-0.155504
-0.155504
-0.155504
-0.155882
-0.155882
-0.155882
-0.155882
-0.155882
-0.155882
-0.155882
-0.155882
-0.155882
-0.155882
-0.155882
-0.155882
-0.155882
-0.155882
-0.155882
-0.155882
-0.155882
-0.155882
-0.155882
-0.155882
-0.156261
-0.156261
-0.156261
-0.156261
-0.156261
-0.156261
-0.156261
-0.156261
-0.156261
-0.156261
-0.156261
-0.156261
-0.156261
-0.156261
-0.156261
-0.156261
-0.156261
-0.156261
-0.156261
-0.156261
-0.15664
-0.15664
-0.15664
-0.15664
-0.15664
-0.15664
-0.15664
-0.15664
-0.15664
-0.15664
-0.15664
-0.15664
-0.15664
-0.15664
-0.15664
-0.15664
-0.15664
-0.15664
-0.15664
-0.156639
-0.157018
-0.157018
-0.157018
-0.157018
-0.157018
-0.157018
-0.157018
-0.157018
-0.157018
-0.157018
-0.157018
-0.157018
-0.157018
-0.157018
-0.157018
-0.157018
-0.157018
-0.157018
-0.157018
-0.157018
-0.157397
-0.157397
-0.157397
-0.157397
-0.157397
-0.157397
-0.157397
-0.157397
-0.157397
-0.157397
-0.157397
-0.157397
-0.157397
-0.157397
-0.157397
-0.157397
-0.157397
-0.157397
-0.157397
-0.157397
-0.157775
-0.157775
-0.157775
-0.157775
-0.157775
-0.157775
-0.157775
-0.157775
-0.157775
-0.157775
-0.157775
-0.157775
-0.157775
-0.157775
-0.157775
-0.157775
-0.157775
-0.157775
-0.157775
-0.157775
-0.158154
-0.158154
-0.158154
-0.158154
-0.158154
-0.158154
-0.158154
-0.158154
-0.158154
-0.158154
-0.158154
-0.158154
-0.158154
-0.158154
-0.158154
-0.158154
-0.158154
-0.158154
-0.158154
-0.158154
-0.158533
-0.158533
-0.158533
-0.158533
-0.158533
-0.158533
-0.158533
-0.158533
-0.158533
-0.158533
-0.158533
-0.158533
-0.158533
-0.158533
-0.158533
-0.158533
-0.158533
-0.158533
-0.158533
-0.158533
-0.158911
-0.158911
-0.158911
-0.158911
-0.158911
-0.158911
-0.158911
-0.158911
-0.158911
-0.158911
-0.158911
-0.158911
-0.158911
-0.158911
-0.158911
-0.158911
-0.158911
-0.158911
-0.158911
-0.158911
-0.15929
-0.15929
-0.15929
-0.15929
-0.15929
-0.15929
-0.15929
-0.15929
-0.15929
-0.15929
-0.15929
-0.15929
-0.15929
-0.15929
-0.15929
-0.15929
-0.15929
-0.15929
-0.15929
-0.15929
-0.159669
-0.159669
-0.159669
-0.159669
-0.159669
-0.159669
-0.159669
-0.159669
-0.159669
-0.159669
-0.159669
-0.159668
-0.159668
-0.159668
-0.159668
-0.159668
-0.159668
-0.159668
-0.159668
-0.159668
-0.160047
-0.160047
-0.160047
-0.160047
-0.160047
-0.160047
-0.160047
-0.160047
-0.160047
-0.160047
-0.160047
-0.160047
-0.160047
-0.160047
-0.160047
-0.160047
-0.160047
-0.160047
-0.160047
-0.160047
-0.160426
-0.160426
-0.160426
-0.160426
-0.160426
-0.160426
-0.160426
-0.160426
-0.160426
-0.160426
-0.160426
-0.160426
-0.160426
-0.160426
-0.160426
-0.160426
-0.160426
-0.160426
-0.160426
-0.160426
-0.160804
-0.160804
-0.160804
-0.160804
-0.160804
-0.160804
-0.160804
-0.160804
-0.160804
-0.160804
-0.160804
-0.160804
-0.160804
-0.160804
-0.160804
-0.160804
-0.160804
-0.160804
-0.160804
-0.160804
-0.161183
-0.161183
-0.161183
-0.161183
-0.161183
-0.161183
-0.161183
-0.161183
-0.161183
-0.161183
-0.161183
-0.161183
-0.161183
-0.161183
-0.161183
-0.161183
-0.161183
-0.161183
-0.161183
-0.161183
-0.161562
-0.161562
-0.161562
-0.161562
-0.161562
-0.161562
-0.161562
-0.161562
-0.161562
-0.161562
-0.161562
-0.161562
-0.161562
-0.161562
-0.161562
-0.161562
-0.161562
-0.161562
-0.161562
-0.161562
-0.16194
-0.16194
-0.16194
-0.16194
-0.16194
-0.16194
-0.16194
-0.16194
-0.16194
-0.16194
-0.16194
-0.16194
-0.16194
-0.16194
-0.16194
-0.16194
-0.16194
-0.16194
-0.16194
-0.16194
-0.162319
-0.162319
-0.162319
-0.162319
-0.162319
-0.162319
-0.162319
-0.162319
-0.162319
-0.162319
-0.162319
-0.162319
-0.162319
-0.162319
-0.162319
-0.162319
-0.162319
-0.162319
-0.162319
-0.162319
-0.162698
-0.162698
-0.162698
-0.162698
-0.162698
-0.162697
-0.162697
-0.162697
-0.162697
-0.162697
-0.162697
-0.162697
-0.162697
-0.162697
-0.162697
-0.162697
-0.162697
-0.162697
-0.162697
-0.162697
-0.163076
-0.163076
-0.163076
-0.163076
-0.163076
-0.163076
-0.163076
-0.163076
-0.163076
-0.163076
-0.163076
-0.163076
-0.163076
-0.163076
-0.163076
-0.163076
-0.163076
-0.163076
-0.163076
-0.163076
-0.163455
-0.163455
-0.163455
-0.163455
-0.163455
-0.163455
-0.163455
-0.163455
-0.163455
-0.163455
-0.163455
-0.163455
-0.163455
-0.163455
-0.163455
-0.163455
-0.163455
-0.163455
-0.163455
-0.163455
-0.163833
-0.163833
-0.163833
-0.163833
-0.163833
-0.163833
-0.163833
-0.163833
-0.163833
-0.163833
-0.163833
-0.163833
-0.163833
-0.163833
-0.163833
-0.163833
-0.163833
-0.163833
-0.163833
-0.163833
-0.164212
-0.164212
-0.164212
-0.164212
-0.164212
-0.164212
-0.164212
-0.164212
-0.164212
-0.164212
-0.164212
-0.164212
-0.164212
-0.164212
-0.164212
-0.164212
-0.164212
-0.164212
-0.164212
-0.164212
-0.164591
-0.164591
-0.164591
-0.164591
-0.164591
-0.164591
-0.164591
-0.164591
-0.164591
-0.164591
-0.164591
-0.164591
-0.164591
-0.164591
-0.164591
-0.164591
-0.164591
-0.164591
-0.164591
-0.164591
-0.164969
-0.164969
-0.164969
-0.164969
-0.164969
-0.164969
-0.164969
-0.164969
-0.164969
-0.164969
-0.164969
-0.164969
-0.164969
-0.164969
-0.164969
-0.164969
-0.164969
-0.164969
-0.164969
-0.164969
-0.165348
-0.165348
-0.165348
-0.165348
-0.165348
-0.165348
-0.165348
-0.165348
-0.165348
-0.165348
-0.165348
-0.165348
-0.165348
-0.165348
-0.165348
-0.165348
-0.165348
-0.165348
-0.165348
-0.165348
-0.165726
-0.165726
-0.165726
-0.165726
-0.165726
-0.165726
-0.165726
-0.165726
-0.165726
-0.165726
-0.165726
-0.165726
-0.165726
-0.165726
-0.165726
-0.165726
-0.165726
-0.165726
-0.165726
-0.165726
-0.166105
-0.166105
-0.166105
-0.166105
-0.166105
-0.166105
-0.166105
-0.166105
-0.166105
-0.166105
-0.166105
-0.166105
-0.166105
-0.166105
-0.166105
-0.166105
-0.166105
-0.166105
-0.166105
-0.166105
-0.166484
-0.166484
-0.166484
-0.166484
-0.166484
-0.166484
-0.166484
-0.166484
-0.166484
-0.166484
-0.166484
-0.166484
-0.166484
-0.166484
-0.166484
-0.166484
-0.166484
-0.166484
-0.166484
-0.166484
-0.166862
-0.166862
-0.166862
-0.166862
-0.166862
-0.166862
-0.166862
-0.166862
-0.166862
-0.166862
-0.166862
-0.166862
-0.166862
-0.166862
-0.166862
-0.166862
-0.166862
-0.166862
-0.166862
-0.166862
-0.167241
-0.167241
-0.167241
-0.167241
-0.167241
-0.167241
-0.167241
-0.167241
-0.167241
-0.167241
-0.167241
-0.167241
-0.167241
-0.167241
-0.167241
-0.167241
-0.167241
-0.167241
-0.167241
-0.167241
-0.16762
-0.16762
-0.16762
-0.16762
-0.16762
-0.16762
-0.16762
-0.16762
-0.16762
-0.16762
-0.16762
-0.16762
-0.16762
-0.16762
-0.16762
-0.16762
-0.16762
-0.16762
-0.16762
-0.16762
-0.167998
-0.167998
-0.167998
-0.167998
-0.167998
-0.167998
-0.167998
-0.167998
-0.167998
-0.167998
-0.167998
-0.167998
-0.167998
-0.167998
-0.167998
-0.167998
-0.167998
-0.167998
-0.167998
-0.167998
-0.168377
-0.168377
-0.168377
-0.168377
-0.168377
-0.168377
-0.168377
-0.168377
-0.168377
-0.168377
-0.168377
-0.168377
-0.168377
-0.168377
-0.168377
-0.168377
-0.168377
-0.168377
-0.168377
-0.168377
-0.168755
-0.168755
-0.168755
-0.168755
-0.168755
-0.168755
-0.168755
-0.168755
-0.168755
-0.168755
-0.168756
-0.168756
-0.168756
-0.168756
-0.168756
-0.168756
-0.168756
-0.168756
-0.168756
-0.168756
-0.169134
-0.169134
-0.169134
-0.169134
-0.169134
-0.169134
-0.169134
-0.169134
-0.169134
-0.169134
-0.169134
-0.169134
-0.169134
-0.169134
-0.169134
-0.169134
-0.169134
-0.169134
-0.169134
-0.169134
-0.169513
-0.169513
-0.169513
-0.169513
-0.169513
-0.169513
-0.169513
-0.169513
-0.169513
-0.169513
-0.169513
-0.169513
-0.169513
-0.169513
-0.169513
-0.169513
-0.169513
-0.169513
-0.169513
-0.169513
-0.169891
-0.169891
-0.169891
-0.169891
-0.169891
-0.169891
-0.169891
-0.169891
-0.169892
-0.169892
-0.169892
-0.169892
-0.169892
-0.169892
-0.169892
-0.169892
-0.169892
-0.169892
-0.169892
-0.169892
-0.17027
-0.17027
-0.17027
-0.17027
-0.17027
-0.17027
-0.17027
-0.17027
-0.17027
-0.17027
-0.17027
-0.17027
-0.17027
-0.17027
-0.17027
-0.17027
-0.17027
-0.17027
-0.17027
-0.17027
-0.170649
-0.170649
-0.170649
-0.170649
-0.170649
-0.170649
-0.170649
-0.170649
-0.170649
-0.170649
-0.170649
-0.170649
-0.170649
-0.170649
-0.170649
-0.170649
-0.170649
-0.170649
-0.170649
-0.170649
-0.171028
-0.171028
-0.171028
-0.171028
-0.171028
-0.171028
-0.171028
-0.171028
-0.171028
-0.171028
-0.171028
-0.171028
-0.171028
-0.171028
-0.171028
-0.171028
-0.171028
-0.171028
-0.171028
-0.171028
-0.171406
-0.171406
-0.171406
-0.171406
-0.171406
-0.171406
-0.171406
-0.171406
-0.171406
-0.171406
-0.171406
-0.171406
-0.171406
-0.171406
-0.171406
-0.171406
-0.171406
-0.171406
-0.171406
-0.171406
-0.171785
-0.171785
-0.171785
-0.171785
-0.171785
-0.171785
-0.171785
-0.171785
-0.171785
-0.171785
-0.171785
-0.171785
-0.171785
-0.171785
-0.171785
-0.171785
-0.171785
-0.171785
-0.171785
-0.171785
-0.172164
-0.172164
-0.172164
-0.172164
-0.172164
-0.172164
-0.172164
-0.172164
-0.172164
-0.172164
-0.172164
-0.172164
-0.172164
-0.172164
-0.172164
-0.172164
-0.172164
-0.172164
-0.172164
-0.172164
-0.172542
-0.172542
-0.172542
-0.172542
-0.172542
-0.172542
-0.172542
-0.172542
-0.172542
-0.172542
-0.172542
-0.172542
-0.172542
-0.172542
-0.172542
-0.172542
-0.172542
-0.172542
-0.172542
-0.172542
-0.172921
-0.172921
-0.172921
-0.172921
-0.172921
-0.172921
-0.172921
-0.172921
-0.172921
-0.172921
-0.172921
-0.172921
-0.172921
-0.172921
-0.172921
-0.172921
-0.172921
-0.172921
-0.172921
-0.172921
-0.173299
-0.173299
-0.173299
-0.1733
-0.1733
-0.1733
-0.1733
-0.1733
-0.1733
-0.1733
-0.1733
-0.1733
-0.1733
-0.1733
-0.1733
-0.1733
-0.1733
-0.1733
-0.1733
-0.1733
-0.173678
-0.173678
-0.173678
-0.173678
-0.173678
-0.173678
-0.173678
-0.173678
-0.173678
-0.173678
-0.173678
-0.173678
-0.173678
-0.173678
-0.173678
-0.173678
-0.173678
-0.173678
-0.173678
-0.173678
-0.174057
-0.174057
-0.174057
-0.174057
-0.174057
-0.174057
-0.174057
-0.174057
-0.174057
-0.174057
-0.174057
-0.174057
-0.174057
-0.174057
-0.174057
-0.174057
-0.174057
-0.174057
-0.174057
-0.174057
-0.174436
-0.174436
-0.174436
-0.174436
-0.174436
-0.174436
-0.174436
-0.174436
-0.174436
-0.174436
-0.174436
-0.174436
-0.174436
-0.174436
-0.174436
-0.174436
-0.174436
-0.174436
-0.174436
-0.174436
-0.174814
-0.174814
-0.174814
-0.174814
-0.174814
-0.174814
-0.174814
-0.174814
-0.174814
-0.174814
-0.174814
-0.174814
-0.174814
-0.174814
-0.174814
-0.174814
-0.174814
-0.174814
-0.174814
-0.174814
-0.175193
-0.175193
-0.175193
-0.175193
-0.175193
-0.175193
-0.175193
-0.175193
-0.175193
-0.175193
-0.175193
-0.175193
-0.175193
-0.175193
-0.175193
-0.175193
-0.175193
-0.175193
-0.175193
-0.175193
-0.175572
-0.175572
-0.175572
-0.175572
-0.175572
-0.175572
-0.175572
-0.175572
-0.175572
-0.175572
-0.175572
-0.175572
-0.175572
-0.175572
-0.175572
-0.175572
-0.175572
-0.175572
-0.175572
-0.175572
-0.17595
-0.17595
-0.17595
-0.17595
-0.17595
-0.17595
-0.17595
-0.17595
-0.17595
-0.17595
-0.17595
-0.17595
-0.17595
-0.17595
-0.17595
-0.17595
-0.17595
-0.17595
-0.17595
-0.17595
-0.176329
-0.176329
-0.176329
-0.176329
-0.176329
-0.176329
-0.176329
-0.176329
-0.176329
-0.176329
-0.176329
-0.176329
-0.176329
-0.176329
-0.176329
-0.176329
-0.176329
-0.176329
-0.176329
-0.176329
-0.176708
-0.176708
-0.176708
-0.176708
-0.176708
-0.176708
-0.176708
-0.176708
-0.176708
-0.176708
-0.176708
-0.176708
-0.176708
-0.176708
-0.176708
-0.176708
-0.176708
-0.176708
-0.176708
-0.176708
-0.177087
-0.177087
-0.177087
-0.177087
-0.177087
-0.177087
-0.177087
-0.177087
-0.177086
-0.177086
-0.177086
-0.177086
-0.177086
-0.177086
-0.177086
-0.177086
-0.177086
-0.177086
-0.177086
-0.177086
-0.177465
-0.177465
-0.177465
-0.177465
-0.177465
-0.177465
-0.177465
-0.177465
-0.177465
-0.177465
-0.177465
-0.177465
-0.177465
-0.177465
-0.177465
-0.177465
-0.177465
-0.177465
-0.177465
-0.177465
-0.177844
-0.177844
-0.177844
-0.177844
-0.177844
-0.177844
-0.177844
-0.177844
-0.177844
-0.177844
-0.177844
-0.177844
-0.177844
-0.177844
-0.177844
-0.177844
-0.177844
-0.177844
-0.177844
-0.177844
-0.178223
-0.178223
-0.178223
-0.178223
-0.178223
-0.178223
-0.178223
-0.178223
-0.178223
-0.178223
-0.178223
-0.178222
-0.178222
-0.178222
-0.178222
-0.178222
-0.178222
-0.178222
-0.178222
-0.178222
-0.178602
-0.178602
-0.178602
-0.178602
-0.178601
-0.178601
-0.178601
-0.178601
-0.178601
-0.178601
-0.178601
-0.178601
-0.178601
-0.178601
-0.178601
-0.178601
-0.178601
-0.178601
-0.178601
-0.178601
-0.17898
-0.17898
-0.17898
-0.17898
-0.17898
-0.17898
-0.17898
-0.17898
-0.17898
-0.17898
-0.17898
-0.17898
-0.17898
-0.17898
-0.17898
-0.17898
-0.17898
-0.17898
-0.17898
-0.17898
-0.179359
-0.179359
-0.179359
-0.179359
-0.179359
-0.179359
-0.179359
-0.179359
-0.179359
-0.179359
-0.179359
-0.179359
-0.179359
-0.179359
-0.179359
-0.179359
-0.179359
-0.179359
-0.179359
-0.179359
-0.179738
-0.179738
-0.179738
-0.179738
-0.179738
-0.179738
-0.179738
-0.179737
-0.179737
-0.179737
-0.179737
-0.179737
-0.179737
-0.179737
-0.179737
-0.179737
-0.179737
-0.179737
-0.179737
-0.179737
-0.180116
-0.180116
-0.180116
-0.180116
-0.180116
-0.180116
-0.180116
-0.180116
-0.180116
-0.180116
-0.180116
-0.180116
-0.180116
-0.180116
-0.180116
-0.180116
-0.180116
-0.180116
-0.180116
-0.180116
-0.180495
-0.180495
-0.180495
-0.180495
-0.180495
-0.180495
-0.180495
-0.180495
-0.180495
-0.180495
-0.180495
-0.180495
-0.180495
-0.180495
-0.180495
-0.180495
-0.180495
-0.180495
-0.180495
-0.180495
-0.180874
-0.180874
-0.180874
-0.180874
-0.180874
-0.180874
-0.180874
-0.180874
-0.180874
-0.180874
-0.180874
-0.180874
-0.180874
-0.180874
-0.180874
-0.180874
-0.180874
-0.180874
-0.180874
-0.180874
-0.181252
-0.181252
-0.181252
-0.181252
-0.181252
-0.181252
-0.181252
-0.181252
-0.181252
-0.181252
-0.181252
-0.181252
-0.181252
-0.181252
-0.181252
-0.181252
-0.181252
-0.181252
-0.181252
-0.181252
-0.181631
-0.181631
-0.181631
-0.181631
-0.181631
-0.181631
-0.181631
-0.181631
-0.181631
-0.181631
-0.181631
-0.181631
-0.181631
-0.181631
-0.181631
-0.181631
-0.181631
-0.181631
-0.181631
-0.181631
-0.18201
-0.18201
-0.18201
-0.18201
-0.18201
-0.18201
-0.18201
-0.18201
-0.18201
-0.18201
-0.18201
-0.18201
-0.18201
-0.18201
-0.18201
-0.18201
-0.18201
-0.18201
-0.18201
-0.18201
-0.182389
-0.182389
-0.182389
-0.182389
-0.182389
-0.182389
-0.182389
-0.182389
-0.182389
-0.182389
-0.182389
-0.182389
-0.182389
-0.182389
-0.182389
-0.182389
-0.182389
-0.182389
-0.182389
-0.182389
-0.182767
-0.182767
-0.182767
-0.182767
-0.182767
-0.182767
-0.182767
-0.182767
-0.182767
-0.182767
-0.182767
-0.182767
-0.182767
-0.182767
-0.182767
-0.182767
-0.182767
-0.182767
-0.182767
-0.182767
-0.183146
-0.183146
-0.183146
-0.183146
-0.183146
-0.183146
-0.183146
-0.183146
-0.183146
-0.183146
-0.183146
-0.183146
-0.183146
-0.183146
-0.183146
-0.183146
-0.183146
-0.183146
-0.183146
-0.183146
-0.183525
-0.183525
-0.183525
-0.183525
-0.183525
-0.183525
-0.183525
-0.183525
-0.183525
-0.183525
-0.183525
-0.183525
-0.183525
-0.183525
-0.183525
-0.183525
-0.183525
-0.183525
-0.183525
-0.183525
-0.183903
-0.183903
-0.183903
-0.183903
-0.183904
-0.183904
-0.183904
-0.183904
-0.183904
-0.183904
-0.183904
-0.183904
-0.183904
-0.183904
-0.183904
-0.183904
-0.183904
-0.183904
-0.183904
-0.183904
-0.184282
-0.184282
-0.184282
-0.184282
-0.184282
-0.184282
-0.184282
-0.184282
-0.184282
-0.184282
-0.184282
-0.184282
-0.184282
-0.184282
-0.184282
-0.184282
-0.184282
-0.184282
-0.184282
-0.184282
-0.184661
-0.184661
-0.184661
-0.184661
-0.184661
-0.184661
-0.184661
-0.184661
-0.184661
-0.184661
-0.184661
-0.184661
-0.184661
-0.184661
-0.184661
-0.184661
-0.184661
-0.184661
-0.184661
-0.184661
-0.18504
-0.18504
-0.18504
-0.18504
-0.18504
-0.18504
-0.18504
-0.18504
-0.18504
-0.18504
-0.18504
-0.18504
-0.18504
-0.18504
-0.18504
-0.18504
-0.18504
-0.18504
-0.18504
-0.18504
-0.185419
-0.185419
-0.185419
-0.185419
-0.185419
-0.185419
-0.185419
-0.185419
-0.185419
-0.185419
-0.185419
-0.185419
-0.185419
-0.185419
-0.185419
-0.185419
-0.185419
-0.185419
-0.185419
-0.185419
-0.185797
-0.185797
-0.185797
-0.185797
-0.185797
-0.185797
-0.185797
-0.185797
-0.185797
-0.185797
-0.185797
-0.185797
-0.185797
-0.185797
-0.185797
-0.185797
-0.185797
-0.185797
-0.185797
-0.185797
-0.186176
-0.186176
-0.186176
-0.186176
-0.186176
-0.186176
-0.186176
-0.186176
-0.186176
-0.186176
-0.186176
-0.186176
-0.186176
-0.186176
-0.186176
-0.186176
-0.186176
-0.186176
-0.186176
-0.186176
-0.186555
-0.186555
-0.186555
-0.186555
-0.186555
-0.186555
-0.186555
-0.186555
-0.186555
-0.186555
-0.186555
-0.186555
-0.186555
-0.186555
-0.186555
-0.186555
-0.186555
-0.186555
-0.186555
-0.186555
-0.186934
-0.186934
-0.186934
-0.186934
-0.186934
-0.186934
-0.186934
-0.186934
-0.186934
-0.186934
-0.186934
-0.186934
-0.186934
-0.186934
-0.186934
-0.186934
-0.186934
-0.186934
-0.186934
-0.186934
-0.187312
-0.187312
-0.187312
-0.187312
-0.187313
-0.187313
-0.187313
-0.187313
-0.187313
-0.187313
-0.187313
-0.187313
-0.187313
-0.187313
-0.187313
-0.187313
-0.187313
-0.187313
-0.187313
-0.187313
-0.187691
-0.187691
-0.187691
-0.187691
-0.187691
-0.187691
-0.187691
-0.187691
-0.187691
-0.187691
-0.187691
-0.187691
-0.187691
-0.187691
-0.187691
-0.187691
-0.187691
-0.187691
-0.187691
-0.187691
-0.18807
-0.18807
-0.18807
-0.18807
-0.18807
-0.18807
-0.18807
-0.18807
-0.18807
-0.18807
-0.18807
-0.18807
-0.18807
-0.18807
-0.18807
-0.18807
-0.18807
-0.18807
-0.18807
-0.18807
-0.188449
-0.188449
-0.188449
-0.188449
-0.188449
-0.188449
-0.188449
-0.188449
-0.188449
-0.188449
-0.188449
-0.188449
-0.188449
-0.188449
-0.188449
-0.188449
-0.188449
-0.188449
-0.188449
-0.188449
-0.188828
-0.188828
-0.188828
-0.188828
-0.188828
-0.188828
-0.188828
-0.188828
-0.188828
-0.188828
-0.188828
-0.188828
-0.188828
-0.188828
-0.188828
-0.188828
-0.188828
-0.188828
-0.188828
-0.188828
-0.189206
-0.189206
-0.189206
-0.189206
-0.189206
-0.189206
-0.189206
-0.189206
-0.189206
-0.189206
-0.189206
-0.189206
-0.189206
-0.189206
-0.189207
-0.189207
-0.189207
-0.189207
-0.189207
-0.189207
-0.189585
-0.189585
-0.189585
-0.189585
-0.189585
-0.189585
-0.189585
-0.189585
-0.189585
-0.189585
-0.189585
-0.189585
-0.189585
-0.189585
-0.189585
-0.189585
-0.189585
-0.189585
-0.189585
-0.189585
-0.189964
-0.189964
-0.189964
-0.189964
-0.189964
-0.189964
-0.189964
-0.189964
-0.189964
-0.189964
-0.189964
-0.189964
-0.189964
-0.189964
-0.189964
-0.189964
-0.189964
-0.189964
-0.189964
-0.189964
-0.190343
-0.190343
-0.190343
-0.190343
-0.190343
-0.190343
-0.190343
-0.190343
-0.190343
-0.190343
-0.190343
-0.190343
-0.190343
-0.190343
-0.190343
-0.190343
-0.190343
-0.190343
-0.190343
-0.190343
-0.190722
-0.190722
-0.190722
-0.190722
-0.190722
-0.190722
-0.190722
-0.190722
-0.190722
-0.190722
-0.190722
-0.190722
-0.190722
-0.190722
-0.190722
-0.190722
-0.190722
-0.190722
-0.190722
-0.190722
-0.1911
-0.1911
-0.1911
-0.1911
-0.1911
-0.1911
-0.1911
-0.1911
-0.1911
-0.1911
-0.1911
-0.1911
-0.1911
-0.1911
-0.1911
-0.1911
-0.1911
-0.1911
-0.1911
-0.1911
-0.191479
-0.191479
-0.191479
-0.191479
-0.191479
-0.191479
-0.191479
-0.191479
-0.191479
-0.191479
-0.191479
-0.191479
-0.191479
-0.191479
-0.191479
-0.191479
-0.191479
-0.191479
-0.191479
-0.191479
-0.191858
-0.191858
-0.191858
-0.191858
-0.191858
-0.191858
-0.191858
-0.191858
-0.191858
-0.191858
-0.191858
-0.191858
-0.191858
-0.191858
-0.191858
-0.191858
-0.191858
-0.191858
-0.191858
-0.191858
-0.192237
-0.192237
-0.192237
-0.192237
-0.192237
-0.192237
-0.192237
-0.192237
-0.192237
-0.192237
-0.192237
-0.192237
-0.192237
-0.192237
-0.192237
-0.192237
-0.192237
-0.192237
-0.192237
-0.192237
-0.192615
-0.192615
-0.192615
-0.192615
-0.192615
-0.192615
-0.192615
-0.192615
-0.192615
-0.192616
-0.192616
-0.192616
-0.192616
-0.192616
-0.192616
-0.192616
-0.192616
-0.192616
-0.192616
-0.192616
-0.192994
-0.192994
-0.192994
-0.192994
-0.192994
-0.192994
-0.192994
-0.192994
-0.192994
-0.192994
-0.192994
-0.192994
-0.192994
-0.192994
-0.192994
-0.192994
-0.192994
-0.192994
-0.192994
-0.192994
-0.193373
-0.193373
-0.193373
-0.193373
-0.193373
-0.193373
-0.193373
-0.193373
-0.193373
-0.193373
-0.193373
-0.193373
-0.193373
-0.193373
-0.193373
-0.193373
-0.193373
-0.193373
-0.193373
-0.193373
-0.193752
-0.193752
-0.193752
-0.193752
-0.193752
-0.193752
-0.193752
-0.193752
-0.193752
-0.193752
-0.193752
-0.193752
-0.193752
-0.193752
-0.193752
-0.193752
-0.193752
-0.193752
-0.193752
-0.193752
-0.19413
-0.19413
-0.19413
-0.19413
-0.19413
-0.19413
-0.19413
-0.19413
-0.19413
-0.19413
-0.19413
-0.19413
-0.19413
-0.19413
-0.19413
-0.19413
-0.19413
-0.19413
-0.19413
-0.19413
-0.194509
-0.194509
-0.194509
-0.194509
-0.194509
-0.194509
-0.194509
-0.194509
-0.194509
-0.194509
-0.194509
-0.194509
-0.194509
-0.194509
-0.194509
-0.194509
-0.194509
-0.194509
-0.194509
-0.194509
-0.194888
-0.194888
-0.194888
-0.194888
-0.194888
-0.194888
-0.194888
-0.194888
-0.194888
-0.194888
-0.194888
-0.194888
-0.194888
-0.194888
-0.194888
-0.194888
-0.194888
-0.194888
-0.194888
-0.194888
-0.195267
-0.195267
-0.195267
-0.195267
-0.195267
-0.195267
-0.195267
-0.195267
-0.195267
-0.195267
-0.195267
-0.195267
-0.195267
-0.195267
-0.195267
-0.195267
-0.195267
-0.195267
-0.195267
-0.195267
-0.195645
-0.195645
-0.195645
-0.195645
-0.195645
-0.195645
-0.195645
-0.195645
-0.195645
-0.195645
-0.195645
-0.195645
-0.195645
-0.195645
-0.195645
-0.195645
-0.195645
-0.195645
-0.195645
-0.195645
-0.196024
-0.196024
-0.196024
-0.196024
-0.196024
-0.196024
-0.196024
-0.196024
-0.196024
-0.196024
-0.196024
-0.196024
-0.196024
-0.196024
-0.196024
-0.196024
-0.196024
-0.196024
-0.196024
-0.196024
-0.196403
-0.196403
-0.196403
-0.196403
-0.196403
-0.196403
-0.196403
-0.196403
-0.196403
-0.196403
-0.196403
-0.196403
-0.196403
-0.196403
-0.196403
-0.196403
-0.196403
-0.196403
-0.196403
-0.196403
-0.196781
-0.196781
-0.196781
-0.196781
-0.196781
-0.196781
-0.196781
-0.196781
-0.196781
-0.196781
-0.196781
-0.196781
-0.196781
-0.196781
-0.196781
-0.196781
-0.196781
-0.196781
-0.196781
-0.196781
-0.19716
-0.19716
-0.19716
-0.19716
-0.19716
-0.19716
-0.19716
-0.19716
-0.19716
-0.19716
-0.19716
-0.19716
-0.19716
-0.19716
-0.19716
-0.19716
-0.19716
-0.19716
-0.19716
-0.19716
-0.197539
-0.197539
-0.197539
-0.197539
-0.197539
-0.197539
-0.197539
-0.197539
-0.197539
-0.197539
-0.197539
-0.197539
-0.197539
-0.197539
-0.197539
-0.197539
-0.197539
-0.197539
-0.197539
-0.197539
-0.197917
-0.197917
-0.197917
-0.197917
-0.197917
-0.197917
-0.197917
-0.197917
-0.197917
-0.197917
-0.197917
-0.197917
-0.197917
-0.197917
-0.197917
-0.197917
-0.197917
-0.197917
-0.197917
-0.197917
-0.198296
-0.198296
-0.198296
-0.198296
-0.198296
-0.198296
-0.198296
-0.198296
-0.198296
-0.198296
-0.198296
-0.198296
-0.198296
-0.198296
-0.198296
-0.198296
-0.198296
-0.198296
-0.198296
-0.198296
-0.198675
-0.198675
-0.198675
-0.198675
-0.198675
-0.198675
-0.198675
-0.198675
-0.198675
-0.198675
-0.198675
-0.198675
-0.198675
-0.198675
-0.198675
-0.198675
-0.198675
-0.198675
-0.198675
-0.198675
-0.199053
-0.199053
-0.199053
-0.199053
-0.199053
-0.199053
-0.199053
-0.199053
-0.199053
-0.199053
-0.199053
-0.199053
-0.199053
-0.199053
-0.199053
-0.199053
-0.199053
-0.199053
-0.199053
-0.199053
-0.199432
-0.199432
-0.199432
-0.199432
-0.199432
-0.199432
-0.199432
-0.199432
-0.199432
-0.199432
-0.199432
-0.199432
-0.199432
-0.199432
-0.199432
-0.199432
-0.199432
-0.199432
-0.199432
-0.199432
-0.199811
-0.199811
-0.199811
-0.199811
-0.199811
-0.199811
-0.199811
-0.199811
-0.199811
-0.199811
-0.199811
-0.199811
-0.199811
-0.199811
-0.199811
-0.199811
-0.199811
-0.199811
-0.199811
-0.199811
)
;

boundaryField
{
    inlet
    {
        type            calculated;
        value           uniform 0;
    }
    atmosphere
    {
        type            calculated;
        value           nonuniform List<scalar> 
20
(
-0.2
-0.2
-0.2
-0.2
-0.2
-0.2
-0.2
-0.2
-0.2
-0.2
-0.2
-0.2
-0.2
-0.2
-0.2
-0.2
-0.2
-0.2
-0.2
-0.2
)
;
    }
    walls
    {
        type            calculated;
        value           nonuniform List<scalar> 
800
(
-0.250638
-0.751913
-1.25319
-1.75446
-2.25574
-2.75701
-3.25829
-3.75956
-4.26084
-4.76212
-5.26339
-5.76467
-6.26594
-6.76722
-7.26849
-7.76977
-8.27104
-8.77232
-9.27359
-9.77487
-10.2761
-10.7774
-11.2787
-11.78
-12.2812
-12.7825
-13.2838
-13.7851
-14.2864
-14.7876
-15.2889
-15.7902
-16.2915
-16.7927
-17.294
-17.7953
-18.2966
-18.7978
-19.2991
-19.8004
-20.3017
-20.8029
-21.3042
-21.8055
-22.3068
-22.808
-23.3093
-23.8106
-24.3119
-24.8131
-25.3144
-25.8157
-26.317
-26.8183
-27.3195
-27.8208
-28.3221
-28.8234
-29.3246
-29.8259
-30.3272
-30.8285
-31.3297
-31.831
-32.3323
-32.8336
-33.3348
-33.8361
-34.3374
-34.8387
-35.3399
-35.8412
-36.3425
-36.8438
-37.345
-37.8463
-38.3476
-38.8489
-39.3501
-39.8514
-40.3527
-40.854
-41.3553
-41.8565
-42.3578
-42.8591
-43.3604
-43.8616
-44.3629
-44.8642
-45.3655
-45.8667
-46.368
-46.8693
-47.3706
-47.8718
-48.3731
-48.8744
-49.3757
-49.8769
-50.3782
-50.8795
-51.3808
-51.882
-52.3833
-52.8846
-53.3859
-53.8871
-54.3884
-54.8897
-55.3909
-55.8922
-56.3935
-56.8947
-57.396
-57.8973
-58.3985
-58.8998
-59.401
-59.9023
-60.4035
-60.9047
-61.406
-61.9072
-62.4084
-62.9095
-63.4107
-63.9118
-64.4129
-64.914
-65.415
-65.916
-66.4169
-66.9177
-67.4185
-67.9191
-68.4197
-68.92
-69.4202
-69.9203
-70.42
-70.9195
-71.4186
-71.9173
-72.4156
-72.9132
-73.4102
-73.9064
-74.4016
-74.8957
-75.3884
-75.8796
-76.3689
-76.8559
-77.3404
-77.8219
-78.2997
-78.7739
-79.2443
-79.709
-80.1483
-80.5946
-81.0305
-81.4634
-81.885
-82.2915
-82.5554
-82.9667
-83.3006
-83.584
-83.8288
-84.0192
-84.1526
-84.2203
-84.2054
-84.0964
-83.8748
-83.5201
-83.0045
-82.306
-81.3783
-80.2136
-78.8793
-77.5064
-75.7552
-74.8857
-33.1763
-31.9132
-4.09167
-0.400003
-0.0120599
-0.0729786
-0.113017
-0.127408
-0.13157
-0.132085
-0.131261
-0.13016
-0.129141
-0.128318
-0.127647
-0.127
-0.126536
-0.125031
-0.0840485
-0.0662681
-0.102448
-0.0608152
-0.118699
-0.125674
-0.128438
-0.128654
-0.12912
-0.129518
-0.129884
-0.130244
-0.130604
-0.130965
-0.131329
-0.131695
-0.132064
-0.132435
-0.132807
-0.133181
-0.133556
-0.133931
-0.134307
-0.134684
-0.135061
-0.135439
-0.135817
-0.136195
-0.136573
-0.136951
-0.13733
-0.137708
-0.138087
-0.138465
-0.138844
-0.139222
-0.139601
-0.13998
-0.140359
-0.140737
-0.141116
-0.141495
-0.141873
-0.142252
-0.142631
-0.143009
-0.143388
-0.143767
-0.144145
-0.144524
-0.144903
-0.145281
-0.14566
-0.146038
-0.146417
-0.146796
-0.147174
-0.147553
-0.147932
-0.14831
-0.148689
-0.149067
-0.149446
-0.149825
-0.150203
-0.150582
-0.15096
-0.151339
-0.151718
-0.152096
-0.152475
-0.152853
-0.153232
-0.153611
-0.153989
-0.154368
-0.154746
-0.155125
-0.155504
-0.155882
-0.156261
-0.15664
-0.157018
-0.157397
-0.157775
-0.158154
-0.158533
-0.158911
-0.15929
-0.159669
-0.160047
-0.160426
-0.160804
-0.161183
-0.161562
-0.16194
-0.162319
-0.162698
-0.163076
-0.163455
-0.163833
-0.164212
-0.164591
-0.164969
-0.165348
-0.165726
-0.166105
-0.166484
-0.166862
-0.167241
-0.16762
-0.167998
-0.168377
-0.168755
-0.169134
-0.169513
-0.169891
-0.17027
-0.170649
-0.171028
-0.171406
-0.171785
-0.172164
-0.172542
-0.172921
-0.173299
-0.173678
-0.174057
-0.174436
-0.174814
-0.175193
-0.175572
-0.17595
-0.176329
-0.176708
-0.177087
-0.177465
-0.177844
-0.178223
-0.178602
-0.17898
-0.179359
-0.179738
-0.180116
-0.180495
-0.180874
-0.181252
-0.181631
-0.18201
-0.182389
-0.182767
-0.183146
-0.183525
-0.183903
-0.184282
-0.184661
-0.18504
-0.185419
-0.185797
-0.186176
-0.186555
-0.186934
-0.187312
-0.187691
-0.18807
-0.188449
-0.188828
-0.189206
-0.189585
-0.189964
-0.190343
-0.190722
-0.1911
-0.191479
-0.191858
-0.192237
-0.192615
-0.192994
-0.193373
-0.193752
-0.19413
-0.194509
-0.194888
-0.195267
-0.195645
-0.196024
-0.196403
-0.196781
-0.19716
-0.197539
-0.197917
-0.198296
-0.198675
-0.199053
-0.199432
-0.199811
-0.250638
-0.751914
-1.25319
-1.75447
-2.25574
-2.75702
-3.25829
-3.75957
-4.26084
-4.76212
-5.26339
-5.76467
-6.26595
-6.76722
-7.2685
-7.76977
-8.27105
-8.77232
-9.2736
-9.77488
-10.2762
-10.7774
-11.2787
-11.78
-12.2813
-12.7825
-13.2838
-13.7851
-14.2864
-14.7876
-15.2889
-15.7902
-16.2915
-16.7927
-17.294
-17.7953
-18.2966
-18.7978
-19.2991
-19.8004
-20.3017
-20.8029
-21.3042
-21.8055
-22.3068
-22.808
-23.3093
-23.8106
-24.3119
-24.8131
-25.3144
-25.8157
-26.317
-26.8182
-27.3195
-27.8208
-28.3221
-28.8234
-29.3246
-29.8259
-30.3272
-30.8285
-31.3297
-31.831
-32.3323
-32.8336
-33.3348
-33.8361
-34.3374
-34.8387
-35.3399
-35.8412
-36.3425
-36.8438
-37.345
-37.8463
-38.3476
-38.8489
-39.3501
-39.8514
-40.3527
-40.854
-41.3553
-41.8565
-42.3578
-42.8591
-43.3604
-43.8616
-44.3629
-44.8642
-45.3655
-45.8667
-46.368
-46.8693
-47.3706
-47.8718
-48.3731
-48.8744
-49.3757
-49.8769
-50.3782
-50.8795
-51.3808
-51.882
-52.3833
-52.8846
-53.3859
-53.8872
-54.3884
-54.8897
-55.391
-55.8923
-56.3936
-56.8948
-57.3961
-57.8974
-58.3987
-58.9
-59.4013
-59.9026
-60.4039
-60.9053
-61.4066
-61.9079
-62.4093
-62.9107
-63.4121
-63.9135
-64.4149
-64.9164
-65.4179
-65.9195
-66.4212
-66.9229
-67.4247
-67.9266
-68.4286
-68.9307
-69.4331
-69.9356
-70.4384
-70.9415
-71.4449
-71.9487
-72.453
-72.9578
-73.4633
-73.9696
-74.4768
-74.9852
-75.4948
-76.006
-76.519
-77.0341
-77.5519
-78.0727
-78.5971
-79.1262
-79.6604
-80.1981
-80.724
-81.3
-81.8556
-82.4328
-83.0279
-83.6241
-84.2103
-84.9155
-85.5839
-86.2838
-87.019
-87.7765
-88.5686
-89.3926
-90.2507
-91.1398
-92.0537
-92.9824
-93.93
-94.9445
-96.1222
-98.007
-99.7341
-106.418
-114.636
-63.2774
-28.9387
-1.06187
-0.307804
-0.0890897
-0.106426
-0.114058
-0.117368
-0.118976
-0.11987
-0.120496
-0.121038
-0.121559
-0.122069
-0.122574
-0.123064
-0.123517
-0.123889
-0.124078
-0.124756
-0.119718
-0.0767336
-0.0282882
-0.120328
-0.126081
-0.127538
-0.128129
-0.128701
-0.129182
-0.129616
-0.130031
-0.130434
-0.130831
-0.131223
-0.131612
-0.131999
-0.132384
-0.132768
-0.133151
-0.133533
-0.133914
-0.134295
-0.134675
-0.135055
-0.135435
-0.135814
-0.136193
-0.136572
-0.136951
-0.13733
-0.137709
-0.138088
-0.138467
-0.138845
-0.139224
-0.139603
-0.139981
-0.14036
-0.140738
-0.141117
-0.141496
-0.141874
-0.142253
-0.142631
-0.14301
-0.143389
-0.143767
-0.144146
-0.144524
-0.144903
-0.145282
-0.14566
-0.146039
-0.146418
-0.146796
-0.147175
-0.147553
-0.147932
-0.148311
-0.148689
-0.149068
-0.149446
-0.149825
-0.150204
-0.150582
-0.150961
-0.151339
-0.151718
-0.152096
-0.152475
-0.152854
-0.153232
-0.153611
-0.153989
-0.154368
-0.154746
-0.155125
-0.155504
-0.155882
-0.156261
-0.156639
-0.157018
-0.157397
-0.157775
-0.158154
-0.158533
-0.158911
-0.15929
-0.159668
-0.160047
-0.160426
-0.160804
-0.161183
-0.161562
-0.16194
-0.162319
-0.162697
-0.163076
-0.163455
-0.163833
-0.164212
-0.164591
-0.164969
-0.165348
-0.165726
-0.166105
-0.166484
-0.166862
-0.167241
-0.16762
-0.167998
-0.168377
-0.168756
-0.169134
-0.169513
-0.169892
-0.17027
-0.170649
-0.171028
-0.171406
-0.171785
-0.172164
-0.172542
-0.172921
-0.1733
-0.173678
-0.174057
-0.174436
-0.174814
-0.175193
-0.175572
-0.17595
-0.176329
-0.176708
-0.177086
-0.177465
-0.177844
-0.178222
-0.178601
-0.17898
-0.179359
-0.179737
-0.180116
-0.180495
-0.180874
-0.181252
-0.181631
-0.18201
-0.182389
-0.182767
-0.183146
-0.183525
-0.183904
-0.184282
-0.184661
-0.18504
-0.185419
-0.185797
-0.186176
-0.186555
-0.186934
-0.187313
-0.187691
-0.18807
-0.188449
-0.188828
-0.189207
-0.189585
-0.189964
-0.190343
-0.190722
-0.1911
-0.191479
-0.191858
-0.192237
-0.192616
-0.192994
-0.193373
-0.193752
-0.19413
-0.194509
-0.194888
-0.195267
-0.195645
-0.196024
-0.196403
-0.196781
-0.19716
-0.197539
-0.197917
-0.198296
-0.198675
-0.199053
-0.199432
-0.199811
)
;
    }
    frontAndBack
    {
        type            empty;
    }
}


// ************************************************************************* //
