/*--------------------------------*- C++ -*----------------------------------*\
| =========                 |                                                 |
| \\      /  F ield         | OpenFOAM: The Open Source CFD Toolbox           |
|  \\    /   O peration     | Version:  5.x                                   |
|   \\  /    A nd           | Web:      www.OpenFOAM.org                      |
|    \\/     M anipulation  |                                                 |
\*---------------------------------------------------------------------------*/
FoamFile
{
    version     2.0;
    format      ascii;
    class       surfaceScalarField;
    location    "0.6";
    object      alphaPhi10;
}
// * * * * * * * * * * * * * * * * * * * * * * * * * * * * * * * * * * * * * //

dimensions      [0 3 -1 0 0 0 0];

internalField   nonuniform List<scalar> 
4432
(
-3.16524e-06
3.16524e-06
-5.69768e-06
2.53244e-06
-6.03912e-06
3.41441e-07
-4.97012e-06
-1.069e-06
-2.601e-06
-2.36911e-06
1.03325e-06
-3.63425e-06
5.202e-06
-4.16875e-06
8.85458e-06
-3.65258e-06
1.13317e-05
-2.47708e-06
1.2552e-05
-1.22031e-06
1.26958e-05
-1.43798e-07
1.19584e-05
7.37325e-07
1.05447e-05
1.41378e-06
8.57529e-06
1.96937e-06
5.98346e-06
2.59184e-06
2.51285e-06
3.47061e-06
-1.99661e-06
4.50946e-06
-6.60546e-06
4.60885e-06
-8.09566e-06
2.48547e-06
-1.27852e-05
4.59662e-06
-2.03173e-05
6.12972e-06
-1.58313e-05
-4.48596e-06
-1.58186e-05
-3.67529e-06
6.84054e-06
-5.43343e-06
4.29057e-06
-5.38967e-06
2.97684e-07
-4.48587e-06
-1.9728e-06
-2.40496e-06
-4.45003e-06
1.06173e-06
-7.10094e-06
5.25211e-06
-8.35913e-06
8.96431e-06
-7.36478e-06
1.14555e-05
-4.96832e-06
1.26756e-05
-2.4404e-06
1.2981e-05
-4.49187e-07
1.27453e-05
9.73047e-07
1.21947e-05
1.96437e-06
1.14408e-05
2.72327e-06
1.04898e-05
3.54281e-06
9.09078e-06
4.86966e-06
6.64869e-06
6.95155e-06
2.22662e-06
9.03091e-06
-3.77426e-06
8.91018e-06
-9.80542e-06
1.15449e-05
-1.50447e-05
9.76158e-06
-1.07841e-05
-8.74645e-06
-2.65905e-05
-2.75749e-06
9.59803e-06
-4.00018e-06
5.53326e-06
-4.14284e-06
4.40345e-07
-3.75742e-06
-2.35822e-06
-2.25203e-06
-5.95542e-06
8.8163e-07
-1.02346e-05
4.96866e-06
-1.24462e-05
8.68024e-06
-1.10764e-05
1.114e-05
-7.4281e-06
1.22799e-05
-3.58031e-06
1.24357e-05
-6.04937e-07
1.19931e-05
1.41565e-06
1.12484e-05
2.70904e-06
1.04386e-05
3.53303e-06
9.77182e-06
4.20964e-06
9.43954e-06
5.20193e-06
9.41655e-06
6.97453e-06
8.51204e-06
9.93542e-06
5.07059e-06
1.23516e-05
-3.96778e-07
1.71961e-05
-4.62413e-06
1.34115e-05
-3.31031e-06
-9.96442e-06
-2.99889e-05
-1.38167e-06
1.09797e-05
-1.86582e-06
6.01741e-06
-2.06364e-06
6.38158e-07
-1.89271e-06
-2.52915e-06
-6.08798e-07
-7.23933e-06
2.0297e-06
-1.28731e-05
5.4794e-06
-1.58959e-05
8.59692e-06
-1.41939e-05
1.0669e-05
-9.50013e-06
1.1622e-05
-4.53335e-06
1.17059e-05
-6.88787e-07
1.12402e-05
1.88127e-06
1.04993e-05
3.44996e-06
9.70597e-06
4.32636e-06
9.03643e-06
4.87919e-06
8.66386e-06
5.5745e-06
8.95026e-06
6.68813e-06
9.94417e-06
8.94151e-06
1.04623e-05
1.18335e-05
1.02512e-05
1.74072e-05
7.98236e-06
1.60197e-05
5.17492e-06
-6.75772e-06
-2.4814e-05
4.98411e-07
1.04813e-05
1.29866e-06
5.21716e-06
1.73214e-06
2.04686e-07
2.5992e-06
-3.39621e-06
4.26917e-06
-8.90931e-06
6.37966e-06
-1.49836e-05
8.29917e-06
-1.78154e-05
9.70586e-06
-1.56006e-05
1.0529e-05
-1.03232e-05
1.08633e-05
-4.86772e-06
1.07761e-05
-6.01565e-07
1.03361e-05
2.3213e-06
9.7049e-06
4.08113e-06
9.08446e-06
4.9468e-06
8.62456e-06
5.33908e-06
8.37754e-06
5.82151e-06
8.51833e-06
6.54735e-06
9.59002e-06
7.86981e-06
1.17451e-05
9.67846e-06
1.49944e-05
1.41578e-05
1.60302e-05
1.53276e-05
1.06064e-05
-1.28925e-06
-1.42077e-05
2.98118e-06
7.50012e-06
5.74676e-06
2.45158e-06
7.89056e-06
-1.93911e-06
1.04976e-05
-6.00324e-06
1.29287e-05
-1.13405e-05
1.39523e-05
-1.60072e-05
1.35111e-05
-1.73741e-05
1.24112e-05
-1.45007e-05
1.12856e-05
-9.19766e-06
1.04353e-05
-4.01744e-06
9.86868e-06
-3.49107e-08
9.35454e-06
2.83543e-06
8.83342e-06
4.60226e-06
8.41844e-06
5.36178e-06
8.23442e-06
5.52309e-06
8.25278e-06
5.80316e-06
8.53017e-06
6.26996e-06
9.41562e-06
6.98435e-06
1.12982e-05
7.79585e-06
1.51893e-05
1.02667e-05
1.77948e-05
1.27222e-05
1.27584e-05
3.74752e-06
-1.44935e-06
5.4352e-06
2.06493e-06
1.10193e-05
-3.13247e-06
1.66004e-05
-7.52025e-06
2.1306e-05
-1.07089e-05
2.31784e-05
-1.32128e-05
2.18366e-05
-1.46652e-05
1.8771e-05
-1.43085e-05
1.55513e-05
-1.1281e-05
1.28559e-05
-6.50228e-06
1.08469e-05
-2.00847e-06
9.46493e-06
1.3471e-06
8.56486e-06
3.7355e-06
7.97358e-06
5.19354e-06
7.7284e-06
5.60695e-06
7.84948e-06
5.40202e-06
8.14228e-06
5.51036e-06
8.63548e-06
5.77675e-06
9.61004e-06
6.00979e-06
1.10507e-05
6.35521e-06
1.40101e-05
7.3073e-06
1.69452e-05
9.78712e-06
1.42827e-05
6.41001e-06
1.2833e-05
8.32606e-06
-6.26113e-06
1.84232e-05
-1.30309e-05
2.64187e-05
-1.43194e-05
2.93824e-05
-1.21459e-05
2.78545e-05
-1.0133e-05
2.41918e-05
-9.6204e-06
2.00839e-05
-1.00655e-05
1.65581e-05
-7.7554e-06
1.38367e-05
-3.78087e-06
1.19186e-05
-9.03885e-08
1.02546e-05
3.01108e-06
8.79519e-06
5.19489e-06
7.69277e-06
6.29596e-06
7.16233e-06
6.1374e-06
7.35627e-06
5.20808e-06
7.82717e-06
5.03946e-06
8.53266e-06
5.07126e-06
9.78375e-06
4.7587e-06
1.13593e-05
4.7797e-06
1.34838e-05
5.18272e-06
1.5605e-05
7.66591e-06
1.37284e-05
8.28667e-06
2.65603e-05
-4.4978e-06
1.06697e-05
-4.00659e-05
1.14387e-05
-1.83062e-05
-3.11834e-05
2.42027e-05
-4.38024e-05
7.13392e-05
-4.71365e-05
5.00387e-05
-1.62372e-06
-3.87757e-06
5.02172e-05
-9.53647e-05
8.27899e-05
-0.000131336
2.604e-05
-0.00013927
1.33166e-06
-0.000143442
-2.54249e-06
-0.000145058
-2.80837e-06
-0.000145051
-3.35339e-06
-0.000142091
-5.41665e-06
-0.000133874
-9.28733e-06
-0.000120241
-1.36323e-05
-8.62498e-05
-3.39916e-05
-2.44651e-05
-6.14533e-05
-2.65979e-05
-1.17692e-05
3.45779e-05
-2.20748e-05
1.33697e-05
3.94665e-06
-5.72048e-05
2.63225e-05
-6.61783e-05
6.12922e-05
-8.21063e-05
2.87484e-05
6.89747e-06
-5.94781e-05
0.000128871
-5.20312e-05
4.0162e-05
-3.78723e-05
3.92636e-06
-4.3498e-05
-1.99081e-08
-5.41067e-05
-6.58199e-08
-6.5231e-05
-1.98894e-07
-7.88107e-05
-6.58218e-07
-9.62602e-05
-1.96049e-06
-0.000114503
-5.87225e-06
-0.000124203
-1.55258e-05
-0.000100484
-6.28415e-05
-3.63523e-05
-0.000125585
-6.29502e-05
-9.00044e-06
5.75828e-05
4.92829e-07
3.8758e-06
1.83272e-05
-7.50392e-05
4.01434e-05
-8.79945e-05
6.72492e-05
-0.000109212
3.54702e-05
1.20973e-05
-1.55375e-05
0.000133551
-3.79652e-06
-1.60205e-07
-2.47335e-07
3.39793e-07
-2.57247e-07
-4.73755e-08
-3.04906e-07
-5.47247e-08
-4.58848e-07
-6.08267e-08
-1.03559e-06
-8.00593e-08
-2.97844e-06
-4.22004e-08
-8.50853e-06
-3.76733e-07
-3.33325e-05
-3.41634e-06
-8.03212e-05
-2.77423e-05
-4.69079e-05
-0.00016887
-0.000109858
-1.34574e-06
6.70541e-05
1.55307e-05
-1.30003e-05
3.1701e-05
-9.12076e-05
4.8968e-05
-0.000105262
6.9755e-05
-0.000129999
3.91103e-05
8.81976e-06
5.11116e-06
7.09028e-05
-3.27914e-07
5.28739e-06
-6.06001e-07
5.86278e-07
-1.10871e-06
1.94201e-07
-1.14985e-06
-1.59383e-07
-7.39656e-07
-2.9851e-07
-4.96701e-07
-2.67394e-07
-5.42101e-07
-1.71427e-08
-9.58951e-07
9.68729e-09
-3.87222e-06
-5.65056e-07
-2.60155e-05
-6.68237e-06
-5.33133e-05
-0.000153755
-0.000163171
6.52845e-06
6.25794e-05
2.7425e-05
-3.36788e-05
4.2783e-05
-0.000106566
5.49472e-05
-0.000117426
6.85717e-05
-0.000143624
2.36256e-05
1.26087e-05
-2.63515e-07
0.000136219
-4.36706e-07
5.42669e-06
-1.74901e-06
1.79255e-06
-2.08604e-06
4.4132e-07
-1.96866e-06
-2.63016e-07
-1.55878e-06
-6.94626e-07
-8.00416e-07
-9.71429e-07
3.84823e-08
-9.21059e-07
-6.83574e-08
9.68183e-08
-7.45018e-07
1.4562e-08
-5.68618e-06
-1.82248e-06
-5.07678e-05
-0.000118909
-0.000213939
1.60678e-05
4.65116e-05
3.86351e-05
-5.62392e-05
5.0324e-05
-0.000118254
5.80447e-05
-0.000125146
6.44103e-05
-0.000149989
2.0049e-05
3.02498e-05
2.9606e-07
0.000271573
-1.04793e-06
6.17798e-06
-1.70415e-06
8.89301e-07
-2.2338e-06
6.95436e-07
-2.43815e-06
-1.87329e-07
-1.97714e-06
-1.10131e-06
-1.25399e-06
-1.60843e-06
-4.41451e-07
-1.64745e-06
4.04739e-07
-6.57758e-07
2.84232e-07
3.88801e-08
-1.50348e-06
-3.3986e-08
-4.18835e-05
-8.99803e-05
-0.000255823
2.7858e-05
1.86536e-05
4.83724e-05
-7.67535e-05
5.37379e-05
-0.00012362
5.86511e-05
-0.000130059
5.74994e-05
-0.000148836
1.96491e-05
5.04663e-05
1.12561e-06
0.000250526
-7.12109e-07
6.85369e-06
-5.83721e-07
3.16534e-07
-1.94769e-07
8.21664e-08
-5.77745e-07
-1.3121e-10
-1.75075e-06
-3.4017e-07
-1.51503e-06
-1.68312e-06
-8.69961e-07
-2.20637e-06
1.56532e-07
-1.5947e-06
1.27964e-07
-2.78521e-08
9.17901e-08
3.34534e-09
-2.71251e-05
-7.87109e-05
-0.000282948
4.20672e-05
-2.34135e-05
5.40056e-05
-8.86918e-05
5.31809e-05
-0.000122795
5.76046e-05
-0.000134483
4.64231e-05
-0.00013475
1.74426e-05
5.95687e-05
3.02126e-06
0.000130533
-2.40571e-07
6.81837e-06
-8.118e-08
3.74719e-07
-4.60329e-08
4.276e-08
-5.64358e-08
1.41804e-09
-2.64721e-07
-1.3495e-07
-9.11361e-07
-6.10105e-07
-9.52319e-07
-2.13632e-07
-2.26128e-07
-7.78865e-07
7.68014e-09
-1.08562e-07
1.1349e-08
-3.87363e-10
-1.31196e-05
-8.67293e-05
-0.000295912
1.64325e-05
-2.5946e-13
1.94922e-05
-2.89943e-08
1.82728e-05
-7.29636e-07
1.56511e-05
-1.11718e-06
1.51017e-05
-1.72148e-06
1.57485e-05
-2.17776e-06
1.65478e-05
-3.10279e-06
1.69738e-05
-3.08598e-06
1.83517e-05
-2.32756e-06
2.03602e-05
-8.32548e-07
2.13848e-05
1.78646e-06
2.04153e-05
6.1644e-06
1.85623e-05
8.14901e-06
1.75024e-05
7.19722e-06
1.78645e-05
4.84603e-06
1.79671e-05
4.93683e-06
1.84446e-05
4.59379e-06
2.06742e-05
2.52909e-06
2.46153e-05
8.38617e-07
2.98731e-05
-7.51013e-08
3.77612e-05
-2.22159e-07
4.87431e-05
-2.69514e-06
3.78382e-06
7.15171e-05
7.32022e-16
-2.60192e-13
-2.87227e-08
-2.71626e-10
-7.58693e-07
2.73946e-10
-2.41441e-06
-9.14761e-15
-4.21724e-06
-2.02272e-13
-4.94213e-06
-3.41296e-12
-5.61736e-06
-4.70664e-11
-6.00935e-06
-5.67706e-10
-5.86712e-06
-6.40784e-09
-4.65744e-06
-6.91261e-08
-2.36152e-06
-5.28361e-07
2.35916e-06
-6.09481e-07
1.11734e-05
-6.68168e-07
1.85119e-05
6.82074e-07
2.2181e-05
1.54828e-06
2.13403e-05
5.77755e-06
2.00741e-05
5.86001e-06
2.1611e-05
9.9219e-07
2.51384e-05
-2.68886e-06
2.92696e-05
-4.20623e-06
3.47264e-05
-5.67903e-06
4.05189e-05
-8.48757e-06
-9.64256e-06
5.39514e-05
-1.99538e-13
-8.06595e-14
-2.72337e-10
-1.32488e-12
-8.08392e-16
1.60995e-12
-9.95407e-15
-7.8492e-17
-2.11874e-13
-4.69648e-16
-3.62022e-12
-6.22487e-15
-5.0673e-11
-2.58272e-14
-6.18348e-10
-1.12032e-14
-7.02607e-09
-8.45556e-14
-7.61504e-08
-1.688e-12
-6.0448e-07
-3.1718e-11
-2.08125e-06
-5.26591e-10
-4.24639e-06
-7.86241e-09
-5.14572e-06
-9.44622e-08
-4.19702e-06
-9.16713e-07
1.12316e-06
-1.62438e-06
9.62692e-06
-1.41939e-06
2.15386e-05
-4.12041e-06
2.974e-05
-5.5662e-06
3.39925e-05
-6.18536e-06
3.93812e-05
-9.17328e-06
4.63303e-05
-1.38626e-05
-1.73055e-05
5.43615e-05
-1.03083e-14
2.4753e-14
-1.56183e-12
-4.79232e-15
-6.09534e-17
4.8105e-14
-3.44084e-16
1.28077e-16
-1.02243e-15
1.33568e-16
-7.91567e-15
5.51367e-16
-3.46046e-14
5.43421e-16
-4.24826e-14
-8.50345e-16
-8.68234e-14
-1.79083e-15
-1.71768e-12
-2.60022e-14
-3.33051e-11
-1.00475e-13
-5.31854e-10
-2.77645e-11
-7.69827e-09
-6.91271e-10
-1.00734e-07
-1.34254e-09
-1.01632e-06
-1.02555e-09
-2.11722e-06
-3.18963e-10
-3.1928e-06
-2.69943e-10
-4.66608e-06
-2.76593e-10
-3.09505e-06
-3.31712e-10
7.41287e-07
-9.71665e-10
6.02703e-06
-1.16976e-08
1.18781e-05
-1.9698e-07
-3.40928e-06
1.77916e-05
-3.46166e-15
1.07786e-15
-6.93633e-15
1.05579e-17
3.29943e-14
1.69925e-15
6.87203e-16
3.06903e-15
6.80253e-17
2.66684e-16
5.68423e-17
3.10756e-16
1.13612e-16
2.11257e-16
1.0941e-15
1.55152e-16
1.78064e-14
-3.91662e-14
2.75723e-14
-7.94448e-14
-9.76887e-14
-3.28195e-14
-6.95035e-11
-3.04603e-13
-4.64846e-10
-1.21833e-10
-1.70487e-10
-1.14017e-09
-1.44645e-10
-9.56306e-10
-1.73167e-10
-1.91263e-10
-2.14629e-10
-1.1956e-10
-2.5528e-10
-1.36764e-10
-3.24888e-10
-1.69565e-10
-9.67199e-10
-2.4417e-10
-1.19328e-08
-6.61585e-10
-2.07291e-07
-1.61975e-09
-1.26568e-09
-3.61608e-06
-1.87203e-17
3.66534e-18
1.31699e-17
1.84729e-18
1.19585e-15
2.45716e-17
2.70049e-16
1.18103e-16
2.44035e-16
6.42302e-16
4.87641e-16
1.16026e-15
6.22214e-16
1.00375e-15
2.05007e-15
3.6291e-16
1.87401e-13
2.12063e-14
3.5139e-13
-7.13543e-13
1.35178e-12
-1.19963e-12
4.05051e-13
-8.94562e-13
-1.10778e-10
-4.15589e-12
-3.55865e-10
-2.8089e-13
-3.07495e-10
-1.30961e-12
-1.01999e-10
-9.67476e-12
-3.76818e-11
-6.80846e-11
-2.19275e-11
-7.89413e-11
-4.45186e-12
-1.73688e-10
-5.48338e-10
-2.63742e-10
-6.57569e-10
-2.10626e-09
-8.74251e-10
-2.95818e-09
-1.68469e-09
-1.95005e-09
-7.55579e-20
8.47536e-20
1.6316e-19
2.18531e-20
1.86341e-17
1.59831e-18
6.27117e-17
6.13358e-17
4.75383e-16
8.65031e-16
1.12873e-15
2.39821e-15
1.54927e-15
2.64477e-15
2.95215e-15
4.46274e-16
2.44654e-13
9.56408e-14
-3.45203e-13
9.29778e-14
-6.15021e-13
-7.13148e-13
-4.07087e-13
-9.4201e-13
-1.35828e-13
-6.52236e-13
-1.6186e-14
-2.59066e-12
-2.00604e-13
-1.12066e-12
-9.8711e-12
-5.26754e-15
9.14337e-12
-1.66248e-12
-4.24442e-11
-2.10544e-11
1.23574e-11
-2.99701e-10
7.29853e-11
-9.90044e-11
3.5593e-10
-2.85665e-09
4.52963e-09
-1.20413e-08
-5.1844e-09
3.31846e-09
-6.00277e-22
1.79774e-21
8.85804e-22
1.88288e-22
4.50187e-19
2.15313e-19
2.85064e-17
3.7038e-17
3.85433e-16
7.09521e-16
1.13102e-15
2.40082e-15
1.28154e-15
2.9843e-15
3.92315e-15
1.54428e-15
6.30836e-14
1.56601e-15
-8.03427e-14
1.88311e-14
-3.69458e-13
-1.53812e-13
-1.8074e-13
-1.26677e-13
-5.95357e-13
-7.20379e-13
-6.41375e-13
-4.50806e-12
-7.57252e-15
-2.44106e-12
-1.28177e-14
-5.64587e-18
-1.66673e-12
-9.56903e-15
-4.67397e-11
-1.37256e-12
4.42643e-12
-6.06075e-11
1.05336e-10
-9.99622e-11
-6.42875e-10
-3.4611e-10
2.41819e-09
-1.50547e-08
-1.23601e-08
9.64032e-09
-5.50808e-24
3.55316e-23
3.07678e-24
1.20255e-24
2.99871e-20
1.59726e-20
7.48384e-18
8.13151e-18
1.93248e-16
2.82338e-16
6.33265e-16
1.68205e-15
1.14151e-15
2.8667e-15
9.73642e-16
2.25034e-15
1.59762e-15
6.15067e-16
7.17917e-15
5.86163e-15
7.32809e-15
2.47207e-15
-1.21559e-13
-2.35115e-16
-2.16317e-12
-3.01064e-13
-1.003e-12
-2.38176e-12
-5.98013e-16
-6.95181e-13
-6.09503e-16
5.84435e-18
-1.01485e-14
-9.8491e-18
2.81407e-13
-5.8112e-15
-2.30476e-11
-4.3547e-13
1.23076e-12
-2.20759e-11
-3.9711e-10
-4.2567e-11
-1.18254e-09
-1.42502e-08
-1.57554e-08
2.26112e-09
-3.97842e-26
7.28553e-25
1.62363e-26
1.88463e-26
1.6097e-21
1.27026e-21
1.14706e-18
1.328e-18
5.22405e-17
6.79481e-17
3.5223e-16
5.42545e-16
5.80711e-16
1.27059e-15
5.79932e-16
1.18865e-15
2.37552e-16
6.37614e-16
1.37998e-16
3.37554e-16
6.83695e-17
9.62585e-17
-5.06647e-16
4.86671e-18
-7.17403e-13
-1.36358e-14
-4.9511e-13
6.57497e-19
4.16199e-18
1.34757e-17
-4.52785e-19
1.44376e-17
-9.4739e-18
-8.27979e-19
-5.67964e-15
-1.20799e-16
-4.2111e-13
-1.76381e-14
-3.21253e-13
-1.46922e-12
5.27591e-11
-6.27202e-11
-7.20744e-09
-8.65174e-09
-1.61639e-08
-6.74659e-09
-4.21418e-28
6.26216e-25
2.27534e-28
8.92322e-28
1.18901e-22
1.81447e-22
1.5775e-19
2.68579e-19
9.25698e-18
1.4558e-17
7.09888e-17
1.12575e-16
1.25743e-16
2.50683e-16
1.36628e-16
2.3028e-16
9.07689e-17
1.81864e-16
1.12054e-16
4.1114e-16
2.45858e-17
2.31108e-16
-3.51545e-16
4.7298e-17
4.53465e-19
1.80219e-21
1.16098e-17
1.09839e-18
1.5714e-17
1.46391e-17
-9.76442e-19
1.19262e-17
-3.20087e-18
1.39645e-18
-1.10248e-16
-1.8429e-17
-1.61416e-14
-1.96315e-15
-1.35286e-12
-1.5493e-13
-5.48756e-11
-1.03701e-11
-1.17567e-08
-9.69162e-10
-1.29891e-08
-8.34932e-09
-7.83425e-30
-3.20833e-25
9.58812e-28
7.43712e-29
9.0624e-24
3.00963e-23
1.83947e-20
5.14046e-20
1.18102e-18
2.9716e-18
8.41754e-18
2.1413e-17
1.32968e-17
4.32798e-17
1.26799e-17
3.81247e-17
1.13178e-17
6.67124e-17
1.46501e-17
5.85524e-16
-3.72631e-17
3.25251e-16
3.0653e-20
7.84917e-17
2.50525e-18
-4.13233e-20
2.825e-17
-2.22774e-19
2.30028e-17
3.03776e-18
2.52799e-18
5.08279e-18
-2.2883e-17
1.9419e-18
-4.0896e-17
-4.08463e-19
-2.05029e-15
-2.15093e-17
-1.57089e-13
-5.38411e-15
-1.01969e-11
-5.3106e-13
-1.2228e-09
-1.51283e-11
-8.24549e-10
-2.63395e-08
-1.05878e-27
-5.19121e-25
5.70054e-28
4.84366e-29
6.00576e-25
1.18568e-23
1.17561e-21
8.48294e-21
7.30379e-20
5.4609e-19
3.37168e-19
3.79142e-18
1.01821e-19
7.22808e-18
-6.13491e-19
6.80591e-18
-3.4011e-17
2.68233e-17
-5.15138e-17
2.20192e-16
-5.21764e-17
8.54356e-17
-2.90376e-17
4.77129e-17
2.10258e-18
1.64404e-17
2.56023e-17
-9.2143e-19
2.33248e-17
-4.71371e-18
6.63137e-18
-8.52059e-19
-1.25065e-18
2.13211e-19
-2.61574e-18
-5.79189e-19
-3.50443e-17
-5.43582e-18
-5.10714e-15
-9.26175e-17
-5.28551e-13
-1.30452e-14
-1.56974e-11
-2.62723e-13
-3.03288e-12
-8.43546e-10
-2.1727e-27
-4.51817e-25
-1.09056e-28
5.48035e-28
-5.92674e-25
7.21421e-24
-5.44701e-22
1.24607e-21
-2.44727e-20
8.25178e-20
-1.58725e-19
5.60187e-19
-2.85873e-19
1.07996e-18
-6.30767e-19
1.20669e-18
-9.86875e-18
2.95732e-18
-1.28772e-17
7.61972e-18
-2.06029e-17
1.1771e-17
-2.77307e-17
1.74578e-17
9.20265e-20
2.46397e-17
1.21714e-17
-6.17424e-20
1.19007e-17
-5.28017e-18
3.73977e-18
-3.33638e-18
-4.54075e-18
-6.56024e-19
-1.22673e-17
4.42923e-19
-4.16663e-17
1.45366e-18
8.20798e-17
1.98231e-20
-1.41175e-14
-1.13492e-16
-3.30625e-13
3.85336e-16
-5.63134e-14
-4.74645e-12
-1.57989e-27
-3.35227e-25
-6.98417e-28
2.82585e-28
-3.70986e-25
2.32061e-24
-2.52185e-22
1.56801e-22
-8.6628e-21
9.38314e-21
-4.28781e-20
6.3357e-20
-7.98395e-20
1.45542e-19
-1.63495e-19
2.41234e-19
-5.58236e-19
4.71999e-19
-2.74455e-18
1.26153e-18
-7.2374e-18
3.4381e-18
-9.44065e-18
4.83348e-18
-2.88954e-18
4.25316e-18
3.01767e-18
4.96678e-19
3.30935e-18
-1.97766e-18
4.50764e-19
-1.67083e-18
-3.15402e-18
-1.79315e-19
-7.00447e-18
6.24763e-19
-1.09529e-16
1.16543e-17
-1.48207e-15
1.36615e-16
-4.40599e-15
9.64698e-16
7.89882e-14
2.79985e-15
-8.141e-15
-1.35563e-12
-7.72385e-28
-2.44383e-25
-2.31943e-26
-7.7799e-27
-1.0689e-25
4.58873e-25
-4.31401e-23
1.58425e-23
-1.20389e-21
7.9482e-22
-5.87649e-21
5.54305e-21
-1.62881e-20
1.81759e-20
-4.89608e-20
5.99616e-20
-2.21575e-19
1.88828e-19
-9.32745e-19
5.28098e-19
-1.54538e-18
8.48871e-19
-1.70195e-18
7.58435e-19
-7.56022e-19
3.90452e-19
2.30365e-19
2.70498e-19
5.01674e-19
-1.99758e-19
9.53316e-20
-3.6096e-19
-7.72913e-19
-5.86716e-20
-2.59995e-18
1.28799e-19
-9.18225e-17
8.06056e-18
-1.00226e-15
1.47705e-16
-3.66457e-15
1.13226e-15
-8.65895e-15
4.00764e-15
1.02126e-14
-7.28487e-14
-2.02768e-28
-1.77345e-25
-5.97532e-27
-3.42421e-26
-2.01186e-26
4.77388e-26
-4.21958e-24
1.19049e-24
-9.68877e-23
4.82162e-23
-6.02158e-22
4.06205e-22
-3.42529e-21
2.62312e-21
-1.82072e-20
1.73368e-20
-7.61997e-20
6.27829e-20
-1.75171e-19
1.15335e-19
-2.12546e-19
1.20988e-19
-1.74277e-19
9.21145e-20
-1.41854e-19
4.8758e-20
-8.51594e-20
4.90478e-20
-4.09818e-21
5.85407e-20
-7.72607e-21
4.13114e-21
-3.03733e-20
1.89455e-20
-3.68878e-19
4.69149e-20
-2.36282e-17
1.67988e-18
-9.44277e-16
9.90328e-17
-7.56155e-15
2.07069e-15
-1.52343e-14
9.69037e-15
1.87113e-14
-2.29503e-14
6.18164e-29
-1.21998e-25
-4.02632e-28
-2.91737e-26
-1.55035e-27
1.25033e-26
-2.31294e-25
6.42501e-26
-4.89451e-24
2.02778e-24
-6.09478e-23
2.86371e-23
-8.37465e-22
4.8382e-22
-6.41708e-21
4.66538e-21
-2.08495e-20
1.70218e-20
-3.14236e-20
2.6651e-20
-3.60068e-20
2.69301e-20
-2.69296e-20
2.14418e-20
-1.27033e-20
1.11517e-20
-1.25071e-20
3.70002e-21
-4.27063e-21
3.28583e-21
-4.83624e-21
4.87075e-21
-6.44307e-21
1.3863e-21
-7.2014e-20
1.32929e-20
-3.59097e-18
4.78163e-19
-2.11026e-16
1.88238e-17
-4.15893e-15
7.40948e-16
-2.23589e-14
1.07474e-14
3.56117e-14
-3.45532e-14
1.09386e-28
-7.60642e-26
1.72212e-28
-1.68401e-26
-2.01501e-27
-4.66788e-27
-7.03638e-27
1.80947e-27
-2.00738e-25
6.22668e-26
-7.42716e-24
2.46605e-24
-1.83847e-22
8.7527e-23
-1.60743e-21
9.28592e-22
-4.91788e-21
3.5919e-21
-7.03434e-21
6.25264e-21
-7.97129e-21
6.92615e-21
-6.08829e-21
5.90115e-21
-2.45454e-21
3.20439e-21
-6.88368e-22
8.56633e-22
-2.30299e-22
1.21934e-22
-2.18779e-22
3.74512e-23
-5.33495e-22
7.02074e-23
-1.89525e-20
4.55658e-21
-6.13805e-19
1.62716e-19
-2.77122e-17
4.23337e-18
-1.19262e-15
1.4842e-16
-1.21979e-14
4.26816e-15
3.40328e-14
-3.32412e-14
7.47311e-29
-4.19223e-26
3.55064e-28
-7.79944e-27
-4.13612e-29
-8.93017e-27
-8.8656e-29
6.26914e-28
-8.9669e-27
1.52415e-27
-9.46318e-25
2.47865e-25
-2.94759e-23
1.13638e-23
-2.81299e-22
1.29062e-22
-9.3878e-22
5.62443e-22
-1.43848e-21
1.13463e-21
-1.6408e-21
1.36852e-21
-1.28923e-21
1.2588e-21
-5.21092e-22
7.22797e-22
-9.68493e-23
2.26102e-22
-1.51399e-23
3.13939e-23
-1.74433e-23
6.14552e-24
-1.04265e-22
2.01396e-23
-5.87497e-21
1.50399e-21
-1.63585e-19
6.11416e-20
-4.07356e-18
1.34455e-18
-1.65736e-16
2.7863e-17
-3.6018e-15
8.14624e-16
1.21737e-14
-1.67903e-14
3.19448e-29
-2.01762e-26
2.41514e-28
-2.85702e-27
5.20992e-29
-5.88107e-27
-9.49731e-29
-7.82722e-28
-4.86792e-28
4.02812e-29
-8.91282e-26
1.83748e-26
-3.33068e-24
9.5452e-25
-3.59525e-23
1.30898e-23
-1.35488e-22
6.48517e-23
-2.25844e-22
1.45906e-22
-2.60093e-22
1.87135e-22
-2.19706e-22
1.86805e-22
-9.5641e-23
1.19037e-22
-1.83411e-23
4.26421e-23
-2.50036e-24
7.51191e-24
-2.84323e-24
1.59001e-24
-2.07273e-23
5.30941e-24
-1.56202e-21
3.94515e-22
-5.12913e-20
1.99165e-20
-8.77446e-19
4.69682e-19
-2.02154e-17
7.0988e-18
-5.57877e-16
1.48944e-16
2.88767e-15
-4.91285e-15
9.14557e-30
-8.43363e-27
9.74762e-29
-7.93809e-28
4.17031e-29
-2.3839e-27
-2.92024e-30
-6.38239e-28
-1.97003e-29
1.02864e-30
-5.39357e-27
7.21982e-28
-2.74576e-25
5.5859e-26
-3.39985e-24
9.91353e-25
-1.41407e-23
5.37902e-24
-2.53729e-23
1.29258e-23
-2.92213e-23
1.74041e-23
-2.72577e-23
1.84339e-23
-1.3162e-23
1.32615e-23
-2.80344e-24
5.36466e-24
-4.08267e-25
1.11557e-24
-4.5681e-25
2.90126e-25
-3.528e-24
1.0866e-24
-3.22496e-22
8.76694e-23
-1.35607e-20
5.41064e-21
-2.16984e-19
1.55695e-19
-3.36619e-18
2.36042e-18
-9.31859e-17
4.09688e-17
9.36335e-16
-1.26669e-15
1.7501e-30
-3.05909e-27
2.57672e-29
-1.61449e-28
1.43874e-29
-6.52292e-28
-7.34831e-32
-2.29717e-28
-4.03463e-31
8.62766e-31
-2.3008e-28
1.81387e-29
-1.69472e-26
2.5128e-27
-2.32261e-25
5.3587e-26
-1.01756e-24
3.0435e-25
-1.92141e-24
7.59714e-25
-2.29994e-24
1.07864e-24
-2.28558e-24
1.17564e-24
-1.23347e-24
9.39562e-25
-2.95698e-25
4.23485e-25
-5.54588e-26
1.04209e-25
-6.12754e-26
3.9012e-26
-5.41384e-25
2.10224e-25
-5.77428e-23
1.87083e-23
-3.30465e-21
1.43889e-21
-6.00295e-20
5.3404e-20
-7.08481e-19
8.74036e-19
-1.64629e-17
1.22434e-17
2.89269e-16
-2.90943e-16
2.29176e-31
-9.65574e-28
4.82799e-30
-2.42425e-29
3.16361e-30
-1.30301e-28
1.06752e-31
-5.39569e-29
-1.17051e-30
-1.34686e-30
-7.97209e-30
4.66171e-31
-7.37153e-28
7.8854e-29
-1.07312e-26
1.83211e-27
-4.85503e-26
1.09085e-26
-9.66315e-26
2.84918e-26
-1.21162e-25
4.28472e-26
-1.24374e-25
4.7934e-26
-7.36352e-26
4.09152e-26
-1.97762e-26
1.9826e-26
-5.56942e-27
5.87322e-27
-6.17047e-27
3.43629e-27
-7.92083e-26
3.96587e-26
-9.45425e-24
3.79654e-24
-7.50421e-22
3.5233e-22
-1.72288e-20
1.7028e-20
-1.63115e-19
3.11912e-19
-2.34272e-18
3.47785e-18
6.13952e-17
-3.49222e-17
2.07377e-32
-2.66674e-28
6.74838e-31
-2.72562e-30
5.02899e-31
-2.00343e-29
3.94013e-32
-9.40286e-30
-2.80498e-32
-5.45905e-31
-1.75119e-31
9.08814e-33
-1.88367e-29
1.35782e-30
-3.009e-28
3.45897e-29
-1.44702e-27
2.25689e-28
-3.08625e-27
6.32504e-28
-4.06019e-27
1.01103e-27
-4.21795e-27
1.16765e-27
-2.61556e-27
1.02004e-27
-7.58346e-28
5.093e-28
-3.48935e-28
1.89451e-28
-4.12597e-28
1.81539e-28
-1.09554e-26
6.9942e-27
-1.33682e-24
6.81997e-25
-1.38166e-22
7.13298e-23
-4.24263e-21
4.49547e-21
-3.69932e-20
1.01277e-19
-2.60257e-19
1.0504e-18
1.111e-17
5.07593e-19
1.30792e-33
-6.49079e-29
7.33191e-32
-2.42347e-31
6.17654e-32
-2.4834e-30
7.08081e-33
-1.30391e-30
-5.08846e-34
-1.10457e-31
-2.5253e-33
1.40009e-34
-2.79477e-31
1.6817e-32
-4.83753e-30
4.23896e-31
-2.47379e-29
2.89546e-30
-5.55628e-29
8.45517e-30
-7.61126e-29
1.39901e-29
-7.90599e-29
1.65912e-29
-4.95928e-29
1.47487e-29
-1.47964e-29
7.86041e-30
-1.52646e-29
4.33981e-30
-2.37889e-29
1.10342e-29
-1.38292e-27
1.12122e-27
-1.57778e-25
1.09025e-25
-1.9696e-23
1.23396e-23
-8.4391e-22
1.02935e-21
-7.62453e-21
3.11369e-20
-8.21893e-21
3.41274e-19
2.23336e-18
6.36428e-19
4.81429e-35
-1.40328e-29
6.39305e-33
-1.79446e-32
6.1114e-33
-2.57877e-31
8.75189e-34
-1.50674e-31
-7.79904e-36
-1.58179e-32
-3.31115e-35
2.16413e-36
-3.42498e-33
2.30517e-34
-5.98089e-32
5.50718e-33
-3.13069e-31
3.73299e-32
-7.29826e-31
1.10848e-31
-1.04834e-30
1.90586e-31
-1.09102e-30
2.35183e-31
-7.20047e-31
2.1917e-31
-3.20755e-31
1.36571e-31
-3.30488e-31
1.07255e-31
-2.03765e-30
1.41282e-30
-1.59524e-28
1.67254e-28
-1.6387e-26
1.64655e-26
-2.27126e-24
1.97337e-24
-1.28189e-22
2.09944e-22
-8.32176e-22
8.56535e-21
1.32566e-20
1.06286e-19
5.53568e-19
2.16918e-19
-1.21765e-33
-2.71523e-30
4.57499e-34
-1.17171e-33
5.00512e-34
-2.31136e-32
8.33837e-35
-1.49906e-32
-1.08378e-37
-1.8051e-33
-4.24217e-37
3.36411e-38
-4.15981e-35
3.39802e-36
-7.16495e-34
7.95811e-35
-3.77349e-33
5.38702e-34
-9.15224e-33
1.62893e-33
-1.41125e-32
2.92358e-33
-1.47413e-32
3.78295e-33
-1.04022e-32
3.70985e-33
-6.94946e-33
2.68433e-33
-7.91203e-33
3.52524e-33
-2.12955e-31
2.27626e-31
-1.68537e-29
2.33561e-29
-1.54404e-27
2.34726e-27
-2.07111e-25
2.90553e-25
-1.08628e-23
3.62216e-23
1.55486e-22
1.89875e-21
7.31595e-21
2.86447e-20
1.63773e-19
7.06363e-20
-1.43231e-33
-4.73162e-31
2.68051e-35
-1.47004e-34
3.44378e-35
-1.82987e-33
6.44662e-36
-1.31519e-33
-1.38858e-39
-1.74077e-34
-5.15685e-39
5.11082e-40
-4.90147e-37
4.99682e-38
-8.40376e-36
1.16836e-36
-4.44798e-35
7.97708e-36
-1.10488e-34
2.44613e-35
-1.78673e-34
4.48431e-35
-1.87606e-34
5.95057e-35
-1.28166e-34
6.01145e-35
-1.27754e-34
4.70142e-35
-3.11684e-34
2.23719e-34
-2.05694e-32
3.11121e-32
-1.50575e-30
2.86742e-30
-1.17631e-28
2.9404e-28
-1.15107e-26
3.70477e-26
2.58066e-25
5.15536e-24
8.46939e-23
3.36985e-22
2.57554e-21
6.55457e-21
4.94195e-20
2.40007e-20
-4.88016e-34
-7.46241e-32
1.22596e-36
-4.27631e-35
2.00779e-36
-1.30295e-34
4.15091e-37
-1.03593e-34
-1.64281e-41
-1.46863e-35
-5.86936e-41
7.58343e-42
-5.47082e-39
7.2498e-40
-9.37951e-38
1.6992e-38
-4.98568e-37
1.17293e-37
-1.24875e-36
3.64413e-37
-2.06044e-36
6.7652e-37
-2.14122e-36
9.08272e-37
-1.59391e-36
9.37244e-37
-1.59388e-36
8.85406e-37
-1.92948e-35
2.55729e-35
-1.45501e-33
3.21349e-33
-8.96396e-32
2.83831e-31
-4.39713e-30
2.99586e-29
2.72092e-28
3.88419e-27
1.79634e-25
6.04582e-25
2.28116e-23
4.99722e-23
7.02083e-22
1.266e-21
1.28625e-20
7.67859e-21
-1.15965e-34
-1.06872e-32
3.39528e-38
-1.13173e-35
9.84508e-38
-8.46874e-36
2.24766e-38
-7.42698e-36
-1.78694e-43
-1.10889e-36
-6.21497e-43
1.10492e-43
-5.72677e-41
1.04139e-41
-9.78348e-40
2.44904e-40
-5.18549e-39
1.70826e-39
-1.29375e-38
5.37921e-39
-2.12352e-38
1.01353e-38
-2.12625e-38
1.38091e-38
-1.8593e-38
1.46683e-38
-2.39745e-38
2.87603e-38
-9.47096e-37
2.92987e-36
-4.79482e-35
2.51559e-34
-5.57745e-34
2.18128e-32
4.62559e-31
2.37614e-30
1.42743e-28
3.19356e-28
3.69833e-26
5.50423e-26
4.60287e-24
6.12524e-24
1.58558e-22
1.99861e-22
2.45928e-21
2.03404e-21
-2.14462e-35
-1.39304e-33
-3.90577e-39
-2.31314e-36
3.96147e-39
-5.08951e-37
1.03539e-39
-4.89991e-37
-1.80992e-45
-7.61561e-38
-6.23702e-45
1.58999e-45
-5.66449e-43
1.48481e-43
-9.57375e-42
3.50517e-42
-4.98345e-41
2.46751e-41
-1.20729e-40
7.86499e-41
-1.85137e-40
1.50322e-40
-1.71369e-40
2.08263e-40
-1.43758e-40
2.35183e-40
-4.27941e-40
1.88211e-39
-3.79804e-39
2.33128e-37
2.76237e-36
1.6242e-35
5.65605e-34
1.36688e-33
1.02456e-31
1.44028e-31
2.01108e-29
1.93439e-29
4.74403e-27
3.64217e-27
7.16653e-25
5.75609e-25
2.93986e-23
2.48165e-23
3.2086e-22
4.06441e-22
-3.2874e-36
-1.65521e-34
-2.32307e-39
-3.84802e-37
1.30715e-40
-2.86638e-38
4.20819e-41
-3.00185e-38
-1.80019e-47
-4.81713e-39
-6.24249e-47
2.27269e-47
-5.64004e-45
2.10709e-45
-9.3511e-44
4.98947e-44
-4.67254e-43
3.53866e-43
-1.05866e-42
1.13944e-42
-1.3839e-42
2.20332e-42
-1.00218e-42
3.10147e-42
-3.23525e-43
4.18152e-42
1.55521e-41
1.43136e-40
4.05493e-39
1.35799e-38
5.25726e-37
9.62874e-37
6.60793e-35
7.5507e-35
9.4355e-33
7.18024e-33
1.65848e-30
9.16508e-31
3.94523e-28
1.77747e-28
8.02957e-26
3.9948e-26
4.28055e-24
2.42952e-24
3.12627e-23
5.98831e-23
-4.38776e-37
-1.79389e-35
-5.29639e-40
-5.48946e-38
3.32477e-42
-1.54425e-39
1.67704e-42
-1.72138e-39
-2.01312e-49
-2.8357e-40
-7.11453e-49
3.24631e-49
-6.4351e-47
2.9848e-47
-1.05984e-45
7.07732e-46
-5.21506e-45
5.048e-45
-1.11324e-44
1.63817e-44
-1.18204e-44
3.19681e-44
-5.11509e-45
4.57287e-44
1.37986e-44
9.63331e-44
2.19828e-42
8.10366e-42
3.56683e-40
6.88523e-40
4.19493e-38
5.47337e-38
4.67977e-36
4.13978e-36
5.8577e-34
3.51585e-34
9.46892e-32
4.03742e-32
2.26701e-29
7.56404e-30
6.35076e-27
2.2739e-27
4.78965e-25
2.01188e-25
2.68649e-24
6.8014e-24
-5.10497e-38
-1.7737e-36
-8.34273e-41
-6.85729e-39
6.67728e-44
-8.24266e-41
7.96987e-44
-9.30829e-41
-2.83097e-51
-1.56751e-41
-1.02092e-50
4.65575e-51
-9.3955e-49
4.23239e-49
-1.59257e-47
1.0027e-47
-8.08549e-47
7.17827e-47
-1.81038e-46
2.34253e-46
-1.96611e-46
4.60363e-46
-1.35528e-46
6.72178e-46
1.47312e-46
2.94794e-45
8.70068e-44
3.31813e-43
1.62317e-41
3.1556e-41
2.19459e-39
2.86038e-39
2.50428e-37
2.27773e-37
2.96774e-35
1.88703e-35
4.45936e-33
2.01099e-33
1.05485e-30
3.62417e-31
3.92724e-28
1.3244e-28
4.23938e-26
1.55068e-26
2.21451e-25
6.30324e-25
-5.16655e-39
-1.60059e-37
-1.02831e-41
-7.57312e-40
1.50206e-45
-4.5872e-42
4.53244e-45
-4.77879e-42
-4.69661e-53
-8.20072e-43
-1.70142e-52
6.71902e-53
-1.59798e-50
6.01889e-51
-2.79725e-49
1.42146e-49
-1.50091e-48
1.01964e-48
-3.65794e-48
3.34015e-48
-4.49237e-48
6.59904e-48
-5.11981e-48
9.92753e-48
-2.686e-47
9.21495e-47
-7.97181e-47
1.09118e-44
3.22108e-43
1.2077e-42
6.88438e-41
1.25241e-40
9.70939e-39
1.1404e-38
1.26344e-36
1.04771e-36
1.94911e-34
1.18997e-34
4.77571e-32
2.24697e-32
2.21436e-29
9.11231e-30
3.07657e-27
1.15439e-27
1.67528e-26
4.80453e-26
-4.58094e-40
-1.3194e-38
-1.04791e-42
-7.46525e-41
8.27327e-47
-2.78359e-43
2.6257e-46
-2.34314e-43
-7.98663e-55
-4.0882e-44
-2.86979e-54
9.7544e-55
-2.71457e-52
8.58933e-53
-4.88745e-51
2.01893e-51
-2.73516e-50
1.44924e-50
-7.0324e-50
4.75958e-50
-9.4232e-50
9.4407e-50
-1.37433e-49
1.4774e-49
-1.95348e-48
2.35263e-48
-1.62808e-46
2.9693e-46
-8.77884e-45
3.67837e-44
4.39877e-43
4.26479e-42
1.9655e-40
4.61173e-40
3.82848e-38
5.23631e-38
7.5264e-36
7.38328e-36
2.17737e-33
1.62458e-33
1.18582e-30
6.82078e-31
1.79638e-28
7.78376e-29
1.03706e-27
2.83336e-27
-3.51122e-41
-9.95764e-40
-8.87723e-44
-6.57746e-42
4.83985e-48
-1.82752e-44
1.37698e-47
-1.10264e-44
-1.29218e-56
-1.95311e-45
-4.55892e-56
1.42108e-56
-4.31797e-54
1.22945e-54
-7.92053e-53
2.87441e-53
-4.52717e-52
2.06243e-52
-1.19413e-51
6.7882e-52
-1.69171e-51
1.35027e-51
-2.85783e-51
2.20649e-51
-7.26604e-50
4.88364e-50
-8.22747e-48
6.63926e-48
-8.18696e-46
8.86033e-46
-6.01724e-44
1.11714e-43
-2.2575e-42
1.43052e-41
3.79386e-40
2.13083e-39
1.87014e-37
3.99709e-37
8.08756e-35
1.06981e-34
5.18214e-32
4.40989e-32
7.65998e-30
4.16925e-30
4.63988e-29
1.14693e-28
-2.26684e-42
-6.91362e-41
-6.11619e-45
-5.16168e-43
2.79618e-49
-1.21531e-45
6.35234e-49
-4.99806e-46
-1.87377e-58
-8.97869e-47
-6.57331e-58
2.06946e-58
-6.17654e-56
1.76168e-56
-1.14123e-54
4.09876e-55
-6.68347e-54
2.93951e-54
-1.76166e-53
9.69017e-54
-2.61734e-53
1.93286e-53
-4.96519e-53
3.29572e-53
-1.79021e-51
9.06177e-52
-2.3452e-49
1.2752e-49
-2.70841e-47
1.74402e-47
-2.77713e-45
2.33639e-45
-2.73639e-43
3.52807e-43
-2.45828e-41
6.87591e-41
-7.95997e-40
1.64389e-38
1.2848e-36
5.0899e-36
1.30408e-33
1.93278e-33
2.00053e-31
1.52261e-31
1.36082e-30
2.76229e-30
-1.21666e-43
-4.44907e-42
-3.5806e-46
-3.61299e-44
5.56885e-51
-7.77192e-47
2.36918e-50
-2.18756e-47
-2.31438e-60
-3.98217e-48
-8.09573e-60
2.9978e-60
-7.64975e-58
2.5214e-58
-1.41757e-56
5.84418e-57
-8.40314e-56
4.18721e-56
-2.22927e-55
1.37978e-55
-3.42015e-55
2.75103e-55
-7.12568e-55
4.86464e-55
-3.28101e-53
1.57647e-53
-4.52266e-51
2.23123e-51
-5.558e-49
3.05342e-49
-6.57496e-47
4.23694e-47
-9.1401e-45
7.20566e-45
-1.4741e-42
1.71681e-42
-2.61026e-40
4.88008e-40
-1.20117e-37
1.5614e-37
3.74218e-36
4.99775e-35
2.11923e-33
3.45504e-33
2.581e-32
3.23461e-32
-5.32347e-45
-2.67863e-43
-1.70948e-47
-2.26918e-45
-1.67429e-51
-4.60016e-48
6.55058e-52
-9.25756e-49
-2.33788e-62
-1.7066e-49
-8.2287e-62
4.17688e-62
-7.91397e-60
3.49309e-60
-1.47464e-58
8.4692e-59
-8.88595e-58
1.35585e-57
-2.34643e-57
8.99447e-57
-3.72269e-57
3.07169e-56
-8.42216e-57
6.70787e-56
-4.69442e-55
2.37526e-55
-6.6502e-53
3.35781e-53
-8.48863e-51
4.57768e-51
-1.09532e-48
6.40966e-49
-1.90713e-46
1.14327e-46
-4.23609e-44
2.99148e-44
-1.0932e-41
9.1265e-42
-7.579e-39
2.81913e-39
-3.15753e-36
7.55556e-37
-4.91985e-35
4.80045e-35
3.31133e-34
2.97878e-35
-1.39038e-46
-4.96106e-49
-1.96042e-52
5.63735e-54
-1.12607e-64
-4.05639e-64
-3.67892e-62
-7.68671e-61
-5.85717e-60
-2.17265e-59
-4.54492e-59
-3.81167e-58
-2.79384e-57
-4.11964e-55
-5.34436e-53
-7.25488e-51
-1.37417e-48
-3.63625e-46
-1.13013e-43
-7.92944e-41
-3.77515e-38
-6.75979e-37
-2.06784e-36
7.09762e-05
5.4381e-07
7.3171e-05
-2.19435e-06
7.87093e-05
-5.53825e-06
-8.24234e-06
8.69516e-05
6.10494e-05
-6.55285e-06
6.76958e-05
-8.84057e-06
7.37707e-05
-1.16131e-05
-1.46897e-05
8.02181e-05
5.69676e-05
-9.15733e-06
5.82597e-05
-1.01322e-05
5.78809e-05
-1.12344e-05
-1.22017e-05
5.53921e-05
1.93028e-05
-3.19302e-06
1.66023e-05
-2.4326e-06
9.43703e-06
-4.71852e-07
5.0201e-07
-6.66207e-08
-4.48563e-06
-1.37625e-08
-3.86005e-06
-2.88671e-08
-2.54738e-06
-2.01777e-08
1.1914e-08
-1.00206e-06
-1.63945e-08
-2.32554e-11
-4.87731e-08
2.49521e-09
-7.36368e-08
2.48342e-09
4.30513e-10
-6.35442e-08
1.02097e-09
1.57851e-09
3.68371e-10
2.28188e-09
2.44613e-10
6.93217e-10
4.42778e-10
-1.07163e-11
1.22782e-08
-1.03764e-09
6.0135e-09
4.18144e-09
1.18102e-09
1.57188e-09
7.10062e-10
8.68973e-10
2.82292e-09
-1.57469e-09
7.36261e-11
1.19115e-09
3.87349e-10
5.32421e-10
6.60304e-10
4.09597e-10
-1.57146e-09
-6.97445e-11
-6.61733e-10
2.37742e-10
-5.73054e-10
4.10273e-10
5.58701e-10
-4.88868e-10
-1.94898e-09
1.05962e-10
-1.79234e-09
5.35288e-10
-1.26725e-09
4.27912e-09
3.00991e-09
-3.02553e-09
-2.54887e-08
1.64077e-09
-2.75651e-08
5.04375e-09
-2.89053e-08
7.96044e-09
1.03179e-08
-2.8334e-08
-2.50577e-09
-5.11024e-11
-3.28563e-08
1.10788e-09
-3.38044e-08
9.92213e-09
1.2857e-08
-3.83725e-08
9.15497e-13
-5.26441e-12
-3.23705e-09
-1.33126e-10
-9.50921e-09
-3.50428e-10
-4.60287e-11
-1.33558e-08
-1.01207e-11
-3.30363e-13
-1.4356e-10
-3.97862e-12
-4.97044e-10
-1.17173e-11
-4.98935e-12
-5.63331e-10
-4.55258e-13
-3.34247e-15
-4.61437e-12
-5.49532e-14
-1.67747e-11
-2.35215e-13
-1.14225e-13
-2.3011e-11
-4.14871e-14
1.23657e-14
-1.5297e-13
1.41006e-14
-4.35419e-13
2.2405e-14
6.63548e-14
-7.37075e-13
-3.71867e-14
2.83836e-14
-4.05406e-14
2.90233e-14
-5.68274e-14
3.18666e-14
3.41641e-14
-6.67034e-14
-3.36523e-14
3.02609e-14
-3.28621e-14
3.31966e-14
-3.12393e-14
3.52763e-14
3.65223e-14
-2.90427e-14
-2.06045e-14
1.93102e-14
-2.04532e-14
2.76264e-14
-1.84329e-14
3.15344e-14
3.32134e-14
-1.57257e-14
-8.10877e-15
7.11175e-15
-9.09697e-15
1.44244e-14
-8.05236e-15
2.00121e-14
2.34253e-14
-6.01106e-15
-2.73392e-15
3.08037e-15
-3.54101e-15
8.97241e-15
-2.89243e-15
1.53742e-14
2.01648e-14
-1.09902e-15
-7.37527e-16
1.23106e-15
-8.80515e-16
5.37025e-15
1.22493e-16
1.15845e-14
1.71008e-14
2.1528e-15
-4.72679e-17
2.92519e-16
2.7755e-16
1.93262e-15
1.5236e-15
5.58175e-15
9.88742e-15
3.54442e-15
1.95614e-17
4.35339e-17
2.59838e-16
3.61853e-16
1.03993e-15
1.35952e-15
2.98344e-15
2.36865e-15
5.7636e-18
5.18503e-18
6.99702e-17
4.51459e-17
3.26871e-16
2.48397e-16
7.82864e-16
8.98801e-16
1.0274e-18
7.95148e-19
1.38838e-17
7.54928e-18
1.08047e-16
7.99272e-17
3.80503e-16
4.20683e-16
2.31152e-19
2.15692e-19
3.47379e-18
1.84051e-18
4.80776e-17
3.11057e-17
2.08584e-16
2.55967e-16
7.38954e-20
7.60273e-20
7.95533e-19
3.84747e-19
1.43558e-17
5.90898e-18
5.88607e-17
1.10652e-16
2.61793e-20
2.5259e-20
1.45877e-19
7.03592e-20
1.59816e-18
3.0597e-19
2.85284e-18
1.64979e-17
7.95526e-21
5.95962e-21
2.5913e-20
1.40528e-20
7.69342e-20
1.74554e-20
2.12055e-20
4.5988e-19
1.76532e-21
8.20884e-22
5.01372e-21
2.55372e-21
6.35534e-21
3.30685e-21
4.62445e-22
4.09577e-21
2.59402e-22
6.88564e-23
9.82471e-22
3.19035e-22
1.33712e-21
6.59286e-22
7.63637e-23
2.35596e-22
2.53682e-23
4.46013e-24
1.38404e-22
2.65059e-23
2.33794e-22
8.14979e-23
1.68831e-23
4.48801e-23
1.88574e-24
2.87057e-25
1.33962e-23
1.90905e-24
2.89649e-23
7.70645e-24
1.89965e-24
7.05754e-24
1.23019e-25
1.96496e-26
1.08348e-24
1.50908e-25
2.87869e-24
7.04892e-25
1.34916e-25
6.79828e-25
6.92762e-27
1.20845e-27
7.59126e-26
1.10187e-26
2.23353e-25
5.21805e-26
7.30601e-27
4.35039e-26
2.77717e-28
5.15329e-29
3.58372e-27
5.03697e-28
1.07823e-26
2.2774e-27
2.42956e-28
1.64937e-27
6.35844e-30
1.29636e-30
8.80072e-29
1.19693e-29
2.7085e-28
5.47864e-29
4.91661e-30
3.47113e-29
7.08716e-32
2.06831e-32
1.07538e-30
1.89888e-31
3.68741e-30
9.77485e-31
6.50591e-32
3.96295e-31
2.07764e-34
4.62377e-34
5.16888e-33
2.39807e-33
2.38471e-32
1.36082e-32
2.1836e-32
1.94928e-33
-4.79933e-36
-5.07787e-35
-2.51454e-35
2.53716e-35
0.000107388
-4.385e-05
0.000105799
-8.71028e-05
9.96192e-05
-0.000116614
0.000111575
-0.000146438
4.2535e-05
-7.57298e-05
2.22943e-05
4.85816e-05
-1.07493e-06
2.77342e-05
-2.97386e-07
3.534e-06
-5.78187e-08
1.25278e-07
-4.60122e-08
2.79203e-08
-5.76557e-08
4.03971e-09
-2.16021e-07
-8.67296e-08
-1.71158e-07
-5.36303e-07
-1.83422e-07
-2.25474e-07
-2.34525e-07
-1.73184e-07
2.85532e-08
-1.01455e-07
5.64669e-08
-2.84359e-08
-3.84654e-06
-9.30397e-05
-0.000292018
8.56093e-05
-4.92411e-05
7.82376e-05
-7.97306e-05
7.24412e-05
-0.000110817
6.87972e-05
-0.000142777
3.5257e-06
-2.38526e-05
-1.79039e-05
4.84683e-05
-2.65205e-06
1.22702e-05
-7.6509e-08
1.07271e-06
-3.48668e-08
8.11505e-08
-3.23241e-08
2.43079e-08
-3.3557e-08
2.68086e-09
-7.26297e-08
-1.42347e-07
-1.55421e-07
-3.53367e-07
-1.08794e-07
-2.83602e-07
-6.71427e-08
-2.1547e-07
-2.42322e-08
-1.44494e-07
1.3708e-08
-6.65148e-08
8.71833e-06
-8.34023e-05
-0.000268451
4.41532e-05
-3.67568e-05
3.47144e-05
-7.02851e-05
2.4523e-05
-0.000100608
8.24146e-07
-6.23741e-05
-3.17311e-05
3.16921e-07
-1.1663e-05
1.16468e-05
-8.79797e-07
1.4041e-06
-5.36756e-08
2.45956e-07
-2.22402e-08
4.91665e-08
-1.76723e-08
1.94309e-08
-1.38279e-08
-1.94208e-09
-1.02027e-07
-4.0576e-08
-4.77362e-08
-4.51223e-07
-4.49781e-08
-4.55776e-07
-9.09303e-09
-4.74289e-07
-6.52127e-10
-1.53084e-07
1.59411e-08
-8.32429e-08
1.21315e-05
-6.12121e-05
-0.000247167
-1.27208e-05
-5.63112e-06
-1.92243e-05
-5.44625e-05
-2.04015e-05
-8.75684e-05
-8.53452e-06
-1.44671e-05
-9.27894e-06
1.0047e-06
-1.13184e-06
2.79913e-06
-1.6868e-07
4.25939e-07
-2.35637e-08
9.85753e-08
-9.03281e-09
3.4326e-08
-3.30684e-09
1.35077e-08
-1.38566e-09
-4.30055e-09
-6.95857e-09
-3.57816e-08
1.4864e-08
-1.36138e-07
8.86854e-08
-4.90167e-07
1.2529e-07
-4.80782e-07
7.64282e-08
-1.87275e-07
7.1263e-08
-7.82273e-08
1.47042e-05
-5.0941e-05
-0.000231998
-1.01139e-05
-8.42853e-07
-5.50478e-05
-2.39183e-05
-4.26024e-05
-6.33764e-05
-2.64123e-06
-9.23074e-06
-2.02805e-06
3.98989e-07
-3.42352e-07
1.03829e-06
-4.54658e-08
1.2535e-07
-2.56807e-09
5.54405e-08
5.3176e-09
2.62431e-08
1.03392e-08
8.28895e-09
2.15793e-08
-1.70132e-08
6.29187e-08
-1.31517e-07
3.3582e-08
-1.52945e-07
1.17017e-07
-2.64947e-07
1.28353e-07
-4.52933e-07
1.02623e-07
-1.28141e-07
9.85052e-08
-7.4944e-08
1.95853e-05
-5.72594e-05
-0.000222563
-8.85394e-07
-4.90624e-08
-3.33718e-05
-2.83701e-06
-5.58311e-05
-3.93335e-05
-2.48114e-07
-3.98878e-06
-5.21318e-10
1.55523e-07
3.18608e-08
1.0126e-06
1.24451e-08
1.51889e-07
1.50993e-08
5.28597e-08
1.93065e-08
2.18823e-08
2.21896e-08
5.20878e-09
1.41257e-07
-1.94537e-08
1.69192e-07
-8.81087e-08
1.15902e-07
-7.43992e-08
1.03423e-07
-2.23274e-07
8.19397e-08
-1.55499e-07
5.27313e-08
-9.85546e-08
1.72665e-07
-1.94301e-07
2.88714e-05
-6.1271e-05
-0.000193181
-5.32328e-08
6.76095e-10
-3.21949e-06
-1.5885e-07
-5.08675e-05
-1.22951e-05
-2.2652e-05
-4.49295e-06
-2.90809e-07
3.15926e-05
9.06685e-08
6.35808e-07
4.77894e-08
1.96687e-07
3.53552e-08
6.67655e-08
3.34718e-08
2.45768e-08
3.05833e-08
7.94377e-09
3.23207e-07
-5.35001e-09
3.36839e-07
-6.22465e-09
2.46515e-07
1.23244e-07
2.06351e-07
-9.60166e-08
1.61937e-07
-1.09402e-07
1.75118e-07
-1.01115e-07
1.6619e-06
-1.68067e-06
4.07408e-05
-6.61324e-05
-0.000150142
-6.27106e-10
1.60203e-09
-1.65451e-07
-2.44582e-09
-2.9559e-05
-1.15195e-06
-3.74574e-05
-6.6347e-06
-1.12345e-05
2.07049e-05
5.47273e-06
3.47097e-05
6.54479e-07
5.02144e-06
1.23588e-07
5.99787e-07
3.76965e-08
1.11928e-07
4.75959e-08
3.2331e-08
9.30935e-08
-3.16131e-09
2.55027e-07
-1.12615e-07
9.76782e-07
-5.97313e-07
1.34349e-06
-4.61644e-07
1.67355e-06
-4.09137e-07
2.60874e-06
-1.03663e-06
1.53502e-05
-1.44212e-05
5.91385e-05
-6.93846e-05
-9.10033e-05
2.44843e-12
1.89281e-09
-6.17678e-09
3.16326e-09
-1.17588e-06
-1.16702e-08
-3.94384e-05
-2.17839e-06
-1.91646e-05
1.21787e-05
-7.12815e-06
2.24297e-05
1.10379e-05
3.98935e-05
3.92677e-06
2.21619e-05
4.37134e-07
3.60984e-06
8.49205e-08
4.21195e-07
1.77321e-07
-4.65158e-08
1.15661e-06
-1.06554e-06
4.45707e-06
-4.01432e-06
1.2265e-05
-1.60836e-05
4.14324e-05
-4.11314e-05
6.76687e-05
-3.85785e-05
8.51108e-05
-2.23913e-05
7.5208e-05
-3.0403e-05
-1.63752e-05
-4.72398e-10
1.81776e-09
-1.59321e-09
4.16771e-09
-1.70124e-08
2.49414e-09
-2.23221e-06
-1.62299e-10
-2.28054e-05
-1.50235e-06
-1.52215e-05
1.23155e-05
-7.01629e-06
2.87959e-05
1.63913e-05
3.73118e-05
9.60171e-06
5.40464e-05
9.36042e-07
9.25692e-06
1.54073e-06
-6.25286e-07
1.65417e-05
-2.44524e-05
4.64549e-05
-7.98338e-05
6.50655e-05
-8.22782e-05
8.512e-05
-7.61726e-05
8.30302e-05
-5.14666e-05
7.49153e-05
-1.29965e-05
3.90236e-05
8.3428e-06
2.46704e-05
-2.58828e-09
1.16119e-08
-5.31273e-09
2.7199e-08
-1.12432e-08
8.84601e-09
-1.0963e-08
-2.15821e-10
-1.47765e-06
-5.93125e-08
-1.23722e-05
-8.25501e-08
-1.52391e-05
1.02678e-05
-6.36719e-06
3.53768e-05
9.28738e-06
6.20259e-05
1.65727e-05
3.45343e-05
1.71563e-05
-7.16994e-06
5.1865e-06
-3.59735e-05
-4.66537e-06
-9.17149e-05
8.43233e-06
-0.000118106
2.30854e-05
-0.000110587
2.04018e-05
-4.18085e-05
8.9096e-06
-5.38997e-06
3.7555e-06
9.60549e-06
3.74796e-05
-3.86571e-08
2.88282e-08
-2.41323e-08
2.14373e-08
-4.1431e-09
3.42249e-09
-1.54824e-08
1.02955e-09
-2.75595e-08
-1.6947e-08
-3.75804e-08
-4.9927e-08
8.96016e-07
1.39622e-06
-1.92855e-05
1.92365e-05
-3.08687e-05
4.51399e-05
-4.33545e-05
4.98595e-05
-6.72234e-05
1.79638e-05
-7.44054e-05
-2.29071e-05
-7.25675e-05
-5.40337e-05
-5.50697e-05
-0.000151797
-3.37913e-05
-0.000148326
-9.82806e-06
-6.77844e-05
-1.02586e-05
-8.8451e-06
-1.3649e-05
9.1103e-06
2.70261e-05
-3.69546e-08
2.63791e-08
-1.25015e-08
2.20428e-09
-1.58214e-08
1.77677e-09
-2.30264e-08
1.80233e-09
7.15036e-09
-6.48358e-08
1.40294e-06
-1.61461e-06
-5.08536e-05
3.98406e-06
-9.98204e-05
2.58907e-05
-9.92765e-05
4.8532e-05
-9.53274e-05
4.8511e-05
-6.12935e-05
1.59339e-05
-2.1008e-05
-8.54788e-07
-3.36201e-05
-7.3798e-06
-8.52517e-05
-0.000100367
-6.52175e-05
-0.000186081
-3.36373e-05
-9.62562e-05
-2.14069e-05
-2.27699e-05
-2.38228e-05
4.06741e-07
-2.472e-07
-2.92184e-09
3.87141e-10
-1.31963e-09
3.74859e-11
-9.76901e-09
7.20557e-09
-6.80349e-08
3.29035e-08
-1.71939e-07
-3.6185e-09
-1.91077e-05
-9.38554e-08
-0.000103975
-2.78686e-06
-0.000124454
8.89725e-07
-0.000100462
1.26823e-05
-2.49124e-05
1.2328e-06
-1.08317e-06
1.29035e-07
-1.94279e-06
-1.26615e-08
-6.98895e-06
-2.47205e-06
-9.86485e-05
-3.82937e-05
-9.52543e-05
-0.000208702
-6.70399e-05
-0.000122209
-4.51903e-05
-4.86776e-05
-2.66986e-05
-2.18936e-05
-2.69893e-05
-2.47483e-10
1.52948e-11
-2.61408e-10
-3.45836e-11
-3.92189e-09
1.39572e-09
-1.6955e-08
1.85876e-09
-6.58385e-08
6.69608e-10
-1.14421e-07
-1.12298e-08
-2.80411e-06
-9.69367e-08
-7.74679e-06
-2.83913e-08
-2.11318e-06
5.90122e-08
-3.38523e-07
5.97717e-08
-2.10151e-07
6.79481e-09
-1.82223e-07
-1.32202e-08
-1.85564e-06
-8.00578e-07
-3.93998e-05
-7.67642e-06
-0.000126153
-0.000131728
-9.02219e-05
-0.000155653
-5.22003e-05
-8.42127e-05
-1.87639e-05
-5.40232e-05
-4.20248e-05
-1.2226e-11
6.14635e-13
-8.63643e-11
-2.6279e-13
-3.38125e-10
6.16129e-12
-2.22367e-10
6.59019e-12
1.06912e-09
-3.54449e-12
-4.09168e-08
-1.93522e-10
-1.935e-07
3.32641e-09
-2.40172e-07
-7.43278e-09
-1.24136e-07
-1.44131e-08
-1.86246e-08
-1.0919e-08
-1.41974e-08
2.99195e-09
-2.27219e-08
-2.11755e-09
-7.08044e-07
-8.81711e-08
-7.15998e-06
-9.65557e-07
-9.93933e-05
-1.63793e-05
-0.000118953
-9.40761e-05
-6.26213e-05
-0.000138058
-1.22169e-05
-0.000106575
-4.24553e-05
-5.72927e-13
1.0682e-13
-1.9791e-12
4.72912e-14
-1.0842e-13
3.27964e-13
1.99401e-12
9.4821e-13
-3.64782e-12
1.15464e-12
-2.26745e-10
9.10093e-12
-1.97186e-08
-2.74859e-11
-7.36265e-08
-2.70003e-09
-4.35866e-08
5.74332e-09
-2.70326e-09
8.90998e-10
-1.38257e-09
4.41332e-10
-3.34619e-09
-8.55896e-11
-8.75845e-08
-2.81416e-09
-1.00852e-06
-3.20348e-08
-1.68293e-05
-4.27166e-07
-5.35065e-05
-4.31577e-06
-7.45349e-05
-3.89552e-05
-1.40354e-05
-0.00015311
-5.9272e-05
-5.22321e-14
7.75818e-14
-8.44887e-14
7.25028e-14
1.33826e-13
6.33777e-15
5.03352e-13
3.05223e-13
6.99313e-13
7.79514e-13
6.45505e-12
2.35997e-12
-5.48168e-11
1.467e-11
-6.5943e-09
9.39689e-11
-1.41244e-08
7.38106e-11
-8.59268e-09
9.78384e-09
-2.4848e-10
5.35434e-10
-3.39354e-10
-6.10852e-12
-2.82843e-09
-2.66513e-10
-3.12954e-08
-2.68407e-09
-4.15669e-07
-3.14606e-08
-4.349e-06
-2.94506e-07
-2.733e-05
-2.95225e-06
-2.73284e-05
-5.72129e-05
-0.000100679
-1.98348e-14
8.90005e-14
-6.45441e-15
8.46103e-14
1.18227e-14
8.67294e-14
4.88276e-14
1.40896e-13
7.15523e-14
5.59513e-13
6.61728e-13
1.59038e-12
9.41644e-12
4.9334e-12
6.53402e-11
1.90131e-11
3.05014e-11
6.77406e-11
-7.32804e-10
2.29939e-10
-7.43755e-11
9.98995e-10
-1.1813e-10
2.20108e-11
-2.51267e-10
-1.45602e-10
-9.91637e-10
-1.96262e-09
-1.57626e-08
-1.68032e-08
-1.99878e-07
-1.10219e-07
-2.37216e-06
-7.57992e-07
-2.38679e-05
-2.28072e-05
-0.000128115
-7.58343e-15
8.01579e-14
1.31857e-15
7.25052e-14
2.15119e-14
6.59549e-14
4.08008e-13
5.2497e-13
1.68275e-12
5.97196e-12
3.85027e-12
7.88178e-12
5.81482e-12
1.07607e-11
1.51416e-11
1.60447e-11
5.04858e-11
2.99092e-11
1.60065e-10
6.17258e-11
5.77561e-11
2.44695e-11
2.64132e-12
5.33697e-11
1.9036e-10
-4.15201e-10
-4.38531e-10
-3.59194e-09
1.10447e-09
-4.27667e-08
7.06772e-08
-2.42555e-07
1.77429e-07
-9.06948e-07
-1.45525e-05
-3.96577e-06
-2.09356e-05
1.11329e-16
6.15261e-14
7.08151e-15
6.14293e-14
1.49517e-14
5.73454e-14
1.65012e-12
2.23294e-13
5.7162e-12
5.89808e-12
7.58174e-12
8.6486e-12
1.04394e-11
1.03354e-11
1.04679e-11
1.56947e-11
2.00173e-11
1.96281e-11
5.09052e-11
2.74223e-11
4.61814e-11
2.62543e-11
8.27925e-11
1.60211e-11
3.73751e-10
-7.92816e-12
1.56566e-09
-2.90142e-09
9.94826e-09
-4.13141e-08
-4.85603e-08
-3.19012e-07
-1.90378e-07
-1.19557e-06
-2.72971e-07
-5.25069e-07
-6.59485e-07
4.77019e-15
5.58005e-14
1.13346e-14
5.77032e-14
1.64092e-14
5.15332e-14
6.04666e-13
6.88191e-14
5.44937e-12
1.55815e-13
7.7575e-12
3.54598e-12
1.14739e-11
9.05756e-12
1.10135e-11
9.61942e-12
1.50925e-11
1.48229e-11
2.12985e-11
2.03293e-11
2.52242e-11
2.1643e-11
2.38984e-11
1.68566e-11
5.51887e-10
1.45623e-11
2.50499e-09
-7.02904e-10
2.89387e-09
-8.87139e-09
-1.36146e-07
-8.01217e-08
-3.66844e-08
-9.41357e-07
-3.55782e-08
-6.49261e-07
-6.95063e-07
7.95892e-15
5.12488e-14
1.52617e-14
5.6459e-14
2.16419e-14
5.45561e-14
3.89273e-14
4.97927e-14
1.56881e-13
2.23834e-14
2.02936e-12
6.73485e-14
3.28381e-12
1.23896e-12
1.57317e-11
8.54801e-12
1.42821e-11
1.53859e-11
1.83088e-11
1.5617e-11
2.08398e-11
1.85576e-11
1.99921e-11
1.72049e-11
2.46658e-11
9.39224e-12
9.40186e-10
-6.32285e-10
1.43552e-09
-6.86809e-10
-1.79608e-08
-1.52605e-08
-2.14841e-08
-1.03095e-07
-4.46588e-09
-1.72161e-06
-6.99529e-07
9.92075e-15
3.54308e-14
1.78306e-14
4.54391e-14
2.84311e-14
4.90447e-14
6.33795e-14
7.54519e-14
9.18442e-14
8.34263e-14
1.90664e-13
5.80935e-14
1.44929e-12
5.97071e-14
3.81707e-11
2.99819e-12
4.41156e-11
4.55638e-11
2.51543e-11
2.71932e-11
2.1704e-11
2.22543e-11
2.16776e-11
1.6732e-11
6.37824e-11
3.89894e-11
1.41134e-09
-2.62633e-11
8.36861e-10
-1.74296e-10
8.93087e-09
-2.33422e-08
7.14606e-08
-3.60434e-07
2.39796e-07
-1.93505e-06
-8.95491e-06
7.10131e-15
1.398e-14
1.45678e-14
2.28152e-14
3.01219e-14
3.33034e-14
9.08791e-14
6.22602e-14
1.77177e-13
1.20951e-13
3.20919e-13
1.47558e-13
4.35571e-13
2.59304e-14
3.21637e-11
9.1391e-13
7.93194e-11
1.42288e-11
7.61487e-11
4.44899e-11
4.13909e-11
5.22915e-11
9.67645e-11
8.23137e-11
1.25683e-10
2.20634e-11
4.87917e-10
6.07259e-13
3.12957e-10
-1.19093e-10
1.99997e-07
-5.68522e-07
7.28509e-07
-2.47409e-06
4.33221e-07
-2.46547e-06
-8.43167e-05
3.44435e-15
5.07283e-15
8.23257e-15
9.75107e-15
2.03092e-14
1.51264e-14
8.92799e-14
2.10616e-14
5.47567e-13
1.1083e-13
1.10832e-12
3.00777e-14
1.72247e-12
-8.74193e-14
3.0975e-12
3.9852e-14
4.05094e-11
4.68102e-12
7.32316e-11
2.53223e-11
8.76734e-11
5.14866e-11
1.06043e-10
6.93082e-11
1.26296e-10
1.09768e-11
4.03342e-10
1.81402e-10
2.77342e-10
-6.49145e-11
7.00543e-07
-2.05232e-06
8.38035e-07
-3.26389e-06
3.0771e-06
-5.58131e-06
-9.41254e-05
1.85523e-15
2.879e-15
4.18645e-15
5.28116e-15
9.30171e-15
5.87413e-15
8.84904e-14
1.03604e-14
8.26259e-13
6.56643e-14
1.16316e-12
-1.81999e-13
1.4334e-12
-2.32837e-13
1.92149e-12
-1.53779e-13
6.84293e-12
2.85776e-14
4.8321e-11
9.14231e-12
7.26229e-11
4.0699e-11
9.14121e-11
3.24849e-11
1.4048e-10
6.32562e-12
7.44482e-10
3.60949e-10
5.45158e-10
-1.39675e-11
7.96409e-07
-1.37825e-06
7.45169e-07
-5.06915e-06
-2.12005e-06
-4.95631e-06
-1.64587e-07
1.17764e-15
1.81175e-15
2.25508e-15
3.25394e-15
4.28332e-15
4.03065e-15
4.92389e-14
1.28981e-14
3.4169e-13
2.22578e-16
6.13557e-13
-7.12069e-14
8.44803e-13
-1.29205e-13
1.0844e-12
-1.31815e-13
1.38482e-12
-3.48648e-14
1.06289e-11
1.05124e-14
4.87595e-11
1.30388e-11
5.60192e-11
1.33018e-11
7.39702e-11
3.04086e-12
7.70772e-10
1.79732e-10
5.27151e-10
1.15708e-11
3.99624e-07
-2.00433e-10
3.47165e-07
-2.54109e-06
-2.19271e-09
-1.21304e-06
-1.6678e-07
6.4434e-16
8.19098e-16
1.53758e-15
1.8708e-15
4.48669e-15
4.6908e-15
2.84035e-14
1.43737e-14
5.10593e-14
-8.40282e-15
3.19543e-14
-1.63805e-14
7.59348e-14
-1.59961e-14
5.42492e-13
-7.8411e-14
9.0208e-13
-9.57933e-14
9.74734e-13
5.38427e-14
6.26227e-12
8.79072e-14
1.00806e-11
4.243e-13
1.16203e-11
5.63057e-13
3.69436e-10
3.05228e-10
1.2586e-10
2.65916e-11
5.17194e-11
-3.64327e-10
6.07122e-08
-1.56114e-09
-8.48564e-09
-2.01606e-08
-1.75265e-07
2.41249e-16
1.94473e-16
9.10402e-16
9.89077e-16
5.40318e-15
6.28557e-15
1.42579e-14
1.35258e-14
1.64276e-14
-4.97421e-15
6.75429e-15
-7.39898e-15
9.62502e-15
-7.87314e-15
6.07524e-14
-4.99199e-15
1.5836e-13
-1.52137e-14
1.49192e-13
2.72661e-14
1.10684e-13
1.11391e-13
2.10317e-13
3.08591e-13
1.88358e-13
6.74077e-13
6.85598e-11
7.33535e-11
5.36686e-11
-9.06937e-13
8.80643e-11
-7.19846e-10
3.93671e-11
-1.8426e-09
-1.61835e-08
-3.98115e-09
-1.91449e-07
5.63745e-17
3.07489e-17
4.83201e-16
4.89276e-16
4.03081e-15
6.29049e-15
5.95362e-15
1.03731e-14
2.75366e-15
-3.16971e-15
1.24892e-15
-2.05009e-14
1.26469e-15
-2.00511e-14
9.33154e-16
-1.68226e-14
1.55851e-15
-4.02643e-15
3.96166e-15
7.8591e-15
7.10364e-15
9.23601e-14
3.55439e-14
2.65127e-13
1.23268e-10
2.83982e-10
3.48073e-11
5.90708e-11
7.95842e-10
-1.00209e-09
5.77544e-10
-1.81346e-09
9.41343e-10
1.0612e-10
1.3063e-08
-1.63829e-08
-5.19103e-06
1.11501e-17
5.30922e-18
2.02584e-16
1.59578e-16
2.39177e-15
3.07403e-15
3.4965e-15
5.38566e-15
-2.81155e-14
1.9926e-15
-2.8526e-14
-1.54633e-12
-1.28605e-14
-5.03232e-14
-5.75479e-15
-3.60904e-14
-2.42891e-14
-1.74639e-15
-6.44779e-14
3.2266e-14
-2.94269e-12
1.33703e-11
-1.0081e-10
3.163e-10
3.96491e-11
4.34284e-10
6.09653e-11
4.42314e-11
2.36145e-09
-1.1281e-11
1.89131e-09
-3.74315e-10
1.51205e-08
-1.59984e-08
7.4128e-07
-7.45602e-07
-5.04086e-05
2.26289e-18
8.55325e-19
5.26376e-17
2.29878e-17
8.52397e-16
4.77219e-16
1.58029e-15
1.18531e-15
7.07e-15
2.61416e-16
-2.84413e-12
-4.73356e-14
-3.03736e-12
-1.0729e-11
-9.26532e-14
-1.45806e-11
-1.11649e-13
1.46804e-15
-3.06871e-13
2.06674e-13
-4.02013e-11
2.95199e-11
-1.36914e-10
1.21695e-10
2.17205e-11
7.52006e-11
2.62153e-11
-1.90088e-12
1.51364e-11
-1.38929e-13
5.43564e-10
-9.03708e-10
8.78094e-08
-1.348e-07
6.2209e-06
-6.92788e-06
-7.38905e-05
3.60994e-19
8.71734e-20
7.29934e-18
1.53008e-18
1.36266e-16
2.50089e-17
3.08366e-16
1.2419e-16
4.82128e-15
2.42535e-16
-4.90043e-14
7.02351e-15
-1.79355e-11
-1.6652e-12
-1.16612e-11
-1.62643e-11
-4.2788e-13
4.88095e-14
-3.18916e-12
2.68169e-12
-1.50192e-11
2.06679e-11
-2.8263e-12
-3.71436e-12
1.65106e-12
-9.32961e-14
1.51451e-13
-6.02783e-13
4.24427e-14
-1.53582e-13
1.20567e-08
-1.29605e-08
2.18083e-07
-8.9982e-07
-3.14648e-06
-1.31181e-05
-5.55961e-05
3.67074e-20
5.96423e-21
6.12039e-19
9.08161e-20
1.0293e-17
1.0495e-18
7.44833e-17
1.01764e-17
2.61323e-16
1.08534e-16
7.25703e-15
3.00473e-17
1.11308e-12
9.75406e-14
-9.14772e-12
-2.14589e-12
-4.21471e-12
-1.02662e-12
4.42243e-13
9.8522e-12
6.41543e-12
1.59685e-11
2.92941e-12
4.26081e-12
1.64478e-12
-7.01645e-12
4.10576e-13
-4.17238e-12
3.16076e-13
-1.4284e-13
4.92697e-09
-1.78872e-08
-7.939e-07
-1.28658e-06
-2.55878e-06
-7.4117e-08
-2.95894e-06
2.89382e-21
4.69989e-22
5.17336e-20
9.04021e-21
7.43985e-19
1.13135e-19
8.02798e-18
7.6689e-19
2.3286e-17
2.17137e-18
5.25779e-17
5.44944e-20
9.75902e-14
5.69066e-18
6.67109e-12
4.79463e-17
1.85055e-11
-2.83831e-17
3.61538e-11
1.60602e-12
5.48152e-11
6.70914e-12
6.88193e-11
-3.41137e-13
3.1389e-11
-1.06413e-11
6.83608e-12
-5.11682e-13
6.70076e-12
-2.5381e-14
-1.82473e-08
-2.94087e-14
-1.65559e-09
-1.91947e-07
-3.44392e-08
-2.18165e-08
-2.99338e-06
2.49086e-22
5.19394e-23
5.48209e-21
1.16758e-21
9.82945e-20
2.33293e-20
4.59857e-19
3.72741e-20
7.96596e-19
3.1702e-20
1.07202e-19
2.44157e-20
5.93168e-18
9.93099e-22
5.38839e-17
-4.82487e-21
2.55008e-17
1.66025e-24
2.26511e-11
2.64312e-23
4.74444e-11
4.44843e-23
3.67216e-11
5.04407e-23
1.18945e-12
1.04269e-22
5.67369e-14
4.4142e-22
3.13559e-14
5.79681e-22
4.10698e-13
-4.26612e-13
1.28273e-07
-2.08979e-12
3.03286e-08
-6.15672e-14
-5.92725e-06
2.13259e-23
5.43142e-24
5.08976e-22
1.15508e-22
9.86321e-21
3.56106e-21
1.2539e-20
1.22469e-21
1.42773e-20
4.27585e-22
4.02312e-21
2.81926e-22
4.86775e-21
2.21497e-24
4.28738e-23
2.90861e-28
-5.3311e-24
2.31789e-22
-9.58334e-23
1.73666e-21
-2.76688e-22
1.95928e-21
-3.30145e-22
1.56177e-21
-4.28612e-22
1.62983e-21
-7.23885e-22
2.51583e-21
-6.55029e-22
2.00505e-21
3.92362e-13
-8.18974e-13
8.04099e-14
-1.81433e-12
1.17303e-14
-6.5877e-14
-6.89264e-06
1.28962e-24
3.5261e-25
2.92918e-23
6.32298e-24
5.40955e-22
1.58356e-22
2.02836e-22
3.28587e-23
1.45252e-22
5.68575e-24
1.50407e-22
7.0379e-23
1.17337e-23
1.62192e-25
-1.18266e-27
1.19136e-23
-3.28753e-22
3.5334e-21
-2.17267e-21
7.43658e-21
-3.35994e-21
7.29757e-21
-3.6263e-21
5.43608e-21
-3.56298e-21
3.8706e-21
-2.68932e-21
2.88895e-21
-1.48242e-21
1.42839e-21
4.4452e-12
-2.36959e-11
3.16902e-13
-3.54249e-12
2.9739e-13
-1.01351e-13
-1.92371e-07
4.12743e-26
1.15804e-26
8.25494e-25
1.67015e-25
1.07011e-23
1.85134e-24
3.09073e-24
8.28415e-25
2.20239e-24
1.45361e-25
-5.22908e-23
-2.74293e-23
-5.32365e-23
1.72343e-23
-1.99619e-23
2.16965e-22
-2.51832e-21
2.00538e-21
-3.90724e-21
2.67069e-21
-4.65043e-21
1.84741e-21
-4.85537e-21
9.95403e-22
-3.91723e-21
5.02595e-22
-1.93027e-21
2.34216e-22
-6.27779e-22
7.99755e-23
8.06319e-12
-1.77853e-11
8.04751e-13
-3.2828e-12
7.29909e-13
-4.49995e-14
-1.9237e-07
5.04024e-28
1.67569e-28
8.91186e-27
1.92336e-27
7.46439e-26
1.06696e-26
8.80016e-26
2.09622e-26
3.44965e-26
3.68285e-27
-2.44301e-23
-2.01223e-23
-5.44434e-23
3.97882e-24
-1.5478e-22
4.92333e-23
-7.55575e-22
5.39298e-22
-7.06491e-22
4.11568e-22
-5.28457e-22
1.56861e-22
-4.00042e-22
4.40955e-23
-2.35484e-22
1.09887e-23
-9.87828e-23
2.28853e-24
-2.07357e-23
4.10976e-25
4.86331e-12
8.11127e-26
7.13005e-13
2.03303e-26
6.68005e-13
5.79388e-27
1.39803e-29
8.98213e-31
1.8965e-29
1.93914e-28
4.84797e-28
1.609e-28
-3.10849e-24
-2.98267e-24
-1.241e-23
-8.09017e-23
-4.46599e-23
-1.56247e-23
-5.82732e-24
-1.5595e-24
-3.68557e-25
-4.26746e-26
-1.48168e-26
-4.99691e-27
-8.6576e-29
)
;

boundaryField
{
    leftWall
    {
        type            calculated;
        value           uniform 0;
    }
    rightWall
    {
        type            calculated;
        value           uniform 0;
    }
    lowerWall
    {
        type            calculated;
        value           uniform 0;
    }
    atmosphere
    {
        type            calculated;
        value           nonuniform List<scalar> 
46
(
-1.5281e-44
-1.2672e-46
-2.40696e-49
-3.78773e-50
-7.06894e-51
2.04636e-62
1.71705e-60
3.99184e-59
3.28393e-58
1.3475e-57
3.46678e-57
6.96426e-57
1.05233e-55
1.47142e-53
1.98499e-51
2.72183e-49
4.62279e-47
1.13436e-44
3.29588e-42
9.85244e-40
2.67685e-37
1.74723e-35
1.26809e-34
1.48934e-34
9.35118e-34
5.1337e-33
7.15672e-33
4.91328e-29
5.68e-28
3.69596e-27
7.40975e-27
1.0534e-27
-5.94488e-24
0
0
0
0
0
0
0
0
0
0
0
0
0
)
;
    }
    defaultFaces
    {
        type            empty;
        value           nonuniform 0();
    }
}


// ************************************************************************* //
