/*--------------------------------*- C++ -*----------------------------------*\
| =========                 |                                                 |
| \\      /  F ield         | OpenFOAM: The Open Source CFD Toolbox           |
|  \\    /   O peration     | Version:  5.x                                   |
|   \\  /    A nd           | Web:      www.OpenFOAM.org                      |
|    \\/     M anipulation  |                                                 |
\*---------------------------------------------------------------------------*/
FoamFile
{
    version     2.0;
    format      ascii;
    class       surfaceScalarField;
    location    "0.6";
    object      phi;
}
// * * * * * * * * * * * * * * * * * * * * * * * * * * * * * * * * * * * * * //

dimensions      [0 3 -1 0 0 0 0];

internalField   nonuniform List<scalar> 
4432
(
-3.16236e-06
3.16236e-06
-5.70688e-06
2.54452e-06
-6.07426e-06
3.67384e-07
-5.03938e-06
-1.03488e-06
-2.71064e-06
-2.32874e-06
8.87672e-07
-3.59831e-06
5.04096e-06
-4.15328e-06
8.69095e-06
-3.65e-06
1.11697e-05
-2.47871e-06
1.239e-05
-1.22032e-06
1.25305e-05
-1.40492e-07
1.17873e-05
7.43195e-07
1.03682e-05
1.41907e-06
8.39593e-06
1.97228e-06
5.8048e-06
2.59113e-06
2.34048e-06
3.46431e-06
-2.15667e-06
4.49714e-06
-6.72306e-06
4.56639e-06
-9.25424e-06
2.53118e-06
-1.41211e-05
4.86688e-06
-2.03839e-05
6.2628e-06
-1.58395e-05
-4.54439e-06
-1.58395e-05
-3.67576e-06
6.83811e-06
-5.44647e-06
4.31523e-06
-5.42524e-06
3.46159e-07
-4.55631e-06
-1.90381e-06
-2.51872e-06
-4.36633e-06
9.10835e-07
-7.02787e-06
5.08513e-06
-8.32758e-06
8.79726e-06
-7.36212e-06
1.12926e-05
-4.97408e-06
1.2514e-05
-2.44171e-06
1.28178e-05
-4.44267e-07
1.25795e-05
9.81526e-07
1.20253e-05
1.97328e-06
1.12674e-05
2.73014e-06
1.03116e-05
3.54695e-06
8.90555e-06
4.87031e-06
6.45618e-06
6.94651e-06
2.03019e-06
8.99239e-06
-4.31491e-06
8.87628e-06
-1.11636e-05
1.17156e-05
-1.52382e-05
1.03374e-05
-1.08388e-05
-8.94383e-06
-2.66783e-05
-2.75666e-06
9.59477e-06
-4.01024e-06
5.56881e-06
-4.17657e-06
5.12492e-07
-3.82493e-06
-2.25545e-06
-2.36355e-06
-5.8277e-06
7.33173e-07
-1.01246e-05
4.79846e-06
-1.23929e-05
8.50931e-06
-1.1073e-05
1.0975e-05
-7.43979e-06
1.21178e-05
-3.5845e-06
1.22716e-05
-5.98065e-07
1.1825e-05
1.42815e-06
1.10774e-05
2.7209e-06
1.02678e-05
3.53976e-06
9.60512e-06
4.20958e-06
9.27882e-06
5.19662e-06
9.25837e-06
6.96695e-06
8.34161e-06
9.90914e-06
4.91651e-06
1.23014e-05
-5.46948e-07
1.7179e-05
-4.74968e-06
1.45401e-05
-3.35851e-06
-1.0335e-05
-3.00368e-05
-1.37781e-06
1.09726e-05
-1.87057e-06
6.06157e-06
-2.08971e-06
7.31636e-07
-1.94394e-06
-2.40122e-06
-6.95889e-07
-7.07575e-06
1.91036e-06
-1.27308e-05
5.33194e-06
-1.58145e-05
8.43669e-06
-1.41777e-05
1.05065e-05
-9.50956e-06
1.14595e-05
-4.53754e-06
1.15405e-05
-6.7906e-07
1.10697e-05
1.89891e-06
1.03239e-05
3.46677e-06
9.52894e-06
4.33468e-06
8.86332e-06
4.8752e-06
8.50021e-06
5.55973e-06
8.80126e-06
6.66591e-06
9.80178e-06
8.90861e-06
1.03285e-05
1.17747e-05
1.01868e-05
1.73207e-05
8.44299e-06
1.62839e-05
5.14001e-06
-7.03201e-06
-2.48968e-05
5.06765e-07
1.04658e-05
1.30007e-06
5.26827e-06
1.72008e-06
3.11622e-07
2.57859e-06
-3.25973e-06
4.23474e-06
-8.73191e-06
6.31916e-06
-1.48153e-05
8.20618e-06
-1.77015e-05
9.58124e-06
-1.55528e-05
1.03824e-05
-1.03107e-05
1.07047e-05
-4.85989e-06
1.06094e-05
-5.8379e-07
1.01624e-05
2.3459e-06
9.52512e-06
4.10409e-06
8.90219e-06
4.95761e-06
8.44546e-06
5.33193e-06
8.20625e-06
5.79893e-06
8.36008e-06
6.51207e-06
9.44762e-06
7.82107e-06
1.16189e-05
9.6034e-06
1.4887e-05
1.40527e-05
1.60395e-05
1.51313e-05
1.05425e-05
-1.53495e-06
-1.43543e-05
2.98967e-06
7.47615e-06
5.75283e-06
2.50511e-06
7.89009e-06
-1.82564e-06
1.05034e-05
-5.87299e-06
1.29369e-05
-1.11654e-05
1.39481e-05
-1.58265e-05
1.34754e-05
-1.72288e-05
1.23313e-05
-1.44087e-05
1.11652e-05
-9.14456e-06
1.0287e-05
-3.98174e-06
9.70303e-06
2.19126e-10
9.17726e-06
2.87167e-06
8.64789e-06
4.63346e-06
8.22978e-06
5.37572e-06
8.04964e-06
5.51207e-06
8.0762e-06
5.77237e-06
8.36357e-06
6.2247e-06
9.26208e-06
6.92256e-06
1.11606e-05
7.70486e-06
1.50702e-05
1.01431e-05
1.76779e-05
1.25236e-05
1.26719e-05
3.47097e-06
-1.68241e-06
5.43119e-06
2.04496e-06
1.1024e-05
-3.08768e-06
1.66233e-05
-7.42492e-06
2.13477e-05
-1.05975e-05
2.32195e-05
-1.30372e-05
2.18532e-05
-1.44601e-05
1.87529e-05
-1.41285e-05
1.54903e-05
-1.1146e-05
1.27519e-05
-6.40623e-06
1.07088e-05
-1.93859e-06
9.30196e-06
1.40702e-06
8.3838e-06
3.78984e-06
7.78056e-06
5.2367e-06
7.53146e-06
5.62481e-06
7.65806e-06
5.38548e-06
7.96067e-06
5.46976e-06
8.4633e-06
5.72207e-06
9.44753e-06
5.93833e-06
1.08995e-05
6.25289e-06
1.38733e-05
7.16933e-06
1.68148e-05
9.5821e-06
1.41665e-05
6.11932e-06
1.2484e-05
8.34378e-06
-6.29882e-06
1.85756e-05
-1.33195e-05
2.71679e-05
-1.60173e-05
3.04258e-05
-1.38553e-05
2.88004e-05
-1.14119e-05
2.44661e-05
-1.01259e-05
2.00618e-05
-9.72424e-06
1.64843e-05
-7.56849e-06
1.37153e-05
-3.63726e-06
1.1781e-05
-4.24779e-09
1.00908e-05
3.09722e-06
8.61055e-06
5.27008e-06
7.49211e-06
6.35515e-06
6.95586e-06
6.16107e-06
7.15682e-06
5.18452e-06
7.6399e-06
4.98668e-06
8.35442e-06
5.00756e-06
9.61315e-06
4.6796e-06
1.11984e-05
4.66769e-06
1.33306e-05
5.03712e-06
1.54518e-05
7.46085e-06
1.35928e-05
7.97836e-06
2.60768e-05
-3.36081e-05
3.36081e-05
-5.02952e-05
1.66871e-05
-1.99012e-05
-3.0394e-05
2.24851e-05
-4.23863e-05
6.88793e-05
-4.63943e-05
7.40105e-05
-5.13117e-06
-1.9444e-06
7.59549e-05
-0.0001109
0.000108956
-0.000157146
4.62459e-05
-0.000160151
3.00557e-06
-0.000156479
-3.67219e-06
-0.000152762
-3.71704e-06
-0.000148829
-3.93289e-06
-0.000143136
-5.69385e-06
-0.000134125
-9.01066e-06
-0.000120582
-1.35429e-05
-8.69341e-05
-3.36479e-05
-2.63008e-05
-6.06332e-05
-2.63008e-05
-2.49283e-05
5.85364e-05
-2.27428e-05
1.45016e-05
3.46006e-06
-5.65968e-05
2.54176e-05
-6.43438e-05
5.94214e-05
-8.03981e-05
4.87461e-05
5.54411e-06
-7.88089e-05
0.00020351
-0.000216093
0.000246239
-0.000239693
6.98461e-05
-0.000224813
-1.18746e-05
-0.000211914
-1.65706e-05
-0.000200747
-1.48844e-05
-0.000191942
-1.27379e-05
-0.000182059
-1.5577e-05
-0.000166105
-2.49646e-05
-0.00014396
-3.56875e-05
-0.000102564
-7.50445e-05
-3.61664e-05
-0.000127031
-6.24672e-05
-9.80015e-06
6.83365e-05
1.2619e-07
4.57527e-06
1.79069e-05
-7.43775e-05
3.96324e-05
-8.60694e-05
6.61612e-05
-0.000106927
5.90455e-05
1.26598e-05
-5.52962e-05
0.000317852
-0.000188519
0.000379462
-0.000174456
5.5783e-05
-0.000177686
-8.64418e-06
-0.000196701
2.44439e-06
-0.000208541
-3.04444e-06
-0.000209887
-1.13919e-05
-0.000217828
-7.63544e-06
-0.000215086
-2.77071e-05
-0.000184377
-6.63968e-05
-0.000125053
-0.000134368
-4.68501e-05
-0.000205234
-0.000109317
-1.21554e-06
6.95521e-05
1.53835e-05
-1.20237e-05
3.14754e-05
-9.04694e-05
4.89158e-05
-0.00010351
6.98579e-05
-0.000127869
7.50382e-05
7.47948e-06
5.95659e-05
0.000333324
-5.68992e-05
0.000495927
-0.000119597
0.000118481
-0.000151948
2.3706e-05
-0.000146386
-3.1174e-06
-0.000131321
-1.81094e-05
-0.000122574
-2.01387e-05
-0.000130017
-1.92168e-07
-0.000160128
2.40367e-06
-0.000169578
-5.69466e-05
-0.000140696
-0.00016325
-5.35303e-05
-0.0002924
-0.000162848
6.86316e-06
6.26889e-05
2.73354e-05
-3.24959e-05
4.27216e-05
-0.000105856
5.52493e-05
-0.000116037
6.95876e-05
-0.000142207
6.98251e-05
7.24193e-06
3.8759e-05
0.00036439
-2.60077e-05
0.000560694
-0.000131675
0.000224148
-0.000161859
5.38899e-05
-0.000152972
-1.20036e-05
-0.000120704
-5.0378e-05
-6.33971e-05
-7.74455e-05
6.57365e-06
-7.01629e-05
-1.27278e-05
2.17051e-05
-8.6865e-05
1.71907e-05
-0.000118108
-0.000132007
-5.11479e-05
-0.00035936
-0.000213995
1.60005e-05
4.66884e-05
3.85681e-05
-5.50636e-05
5.03995e-05
-0.000117687
5.85291e-05
-0.000124167
6.68328e-05
-0.000150511
5.02879e-05
2.37868e-05
9.72472e-06
0.000404953
-5.02922e-05
0.000620711
-0.000154694
0.00032855
-0.000198641
9.78367e-05
-0.000196626
-1.40191e-05
-0.00015589
-9.11136e-05
-9.70965e-05
-0.000136239
-3.38506e-05
-0.000133409
4.42876e-05
-5.64331e-05
3.24296e-05
2.90488e-05
-5.29476e-05
-4.66297e-05
-4.28959e-05
-0.000369412
-0.000256891
2.75752e-05
1.91133e-05
4.83428e-05
-7.58312e-05
5.39486e-05
-0.000123293
5.92839e-05
-0.000129502
6.26088e-05
-0.000153836
3.67136e-05
4.96819e-05
1.53351e-06
0.000440133
-5.29387e-05
0.000675183
-0.000150759
0.00042637
-0.000215307
0.000162385
-0.000236702
7.37601e-06
-0.000192925
-0.000134891
-0.000130136
-0.000199028
-6.58074e-05
-0.000197737
1.27793e-05
-0.00013502
5.70519e-05
-1.52239e-05
3.05214e-06
7.37013e-06
-3.08461e-05
-0.000335513
-0.000287737
4.18297e-05
-2.27164e-05
5.40419e-05
-8.80434e-05
5.34829e-05
-0.000122734
5.84631e-05
-0.000134482
5.74764e-05
-0.000152849
2.95608e-05
7.75975e-05
1.16502e-05
0.000458044
-4.00078e-05
0.000726841
-0.000140399
0.000526762
-0.00022852
0.000250505
-0.000248208
2.70644e-05
-0.000218837
-0.000164262
-0.000154354
-0.000263511
-9.99569e-05
-0.000252135
-4.31118e-05
-0.000191865
4.34263e-06
-6.26784e-05
1.28669e-05
-1.1544e-06
-1.72312e-05
-0.000305415
-0.000304969
2.43914e-05
-3.06902e-05
4.12942e-05
-3.02223e-05
4.21344e-05
-1.68575e-05
3.4192e-05
-5.91287e-06
2.85066e-05
-5.7264e-06
2.37051e-05
-5.32444e-06
2.06303e-05
-6.64941e-06
1.91502e-05
-6.08842e-06
1.94189e-05
-3.90589e-06
2.04941e-05
-1.07943e-06
2.1175e-05
2.41628e-06
1.99964e-05
6.44864e-06
1.80941e-05
8.25749e-06
1.70207e-05
7.23448e-06
1.74158e-05
4.78934e-06
1.75607e-05
4.84181e-06
1.80575e-05
4.51076e-06
2.02917e-05
2.44542e-06
2.42505e-05
7.08909e-07
2.95068e-05
-2.19238e-07
3.73608e-05
-3.9309e-07
4.82297e-05
-2.89052e-06
3.55374e-06
7.07527e-05
4.95499e-06
-3.56452e-05
-6.45533e-05
3.9286e-05
-0.00011684
3.54294e-05
-9.0602e-05
-3.2151e-05
-5.573e-05
-4.05984e-05
-4.76803e-05
-1.33741e-05
-4.78951e-05
-6.43463e-06
-4.3544e-05
-1.04395e-05
-3.13446e-05
-1.61054e-05
-1.71031e-05
-1.53209e-05
-6.26484e-06
-8.42202e-06
3.02094e-06
-2.83714e-06
1.30881e-05
-1.80962e-06
1.8946e-05
1.37651e-06
2.18416e-05
1.89375e-06
2.09619e-05
5.72157e-06
1.97001e-05
5.77257e-06
2.12204e-05
9.25124e-07
2.47786e-05
-2.84937e-06
2.89311e-05
-4.37173e-06
3.43395e-05
-5.80148e-06
4.00234e-05
-8.57441e-06
-9.73102e-06
5.33082e-05
-1.73287e-05
-1.83165e-05
-4.29969e-05
6.49542e-05
-6.64628e-05
5.88952e-05
-9.08421e-05
-7.77171e-06
-0.000121542
-9.89816e-06
-0.000150436
1.55199e-05
-0.000173832
1.6961e-05
-0.00018735
3.07813e-06
-0.000191292
-1.21626e-05
-0.000180701
-2.59126e-05
-0.000151748
-3.73753e-05
-0.000116514
-3.80704e-05
-6.02754e-05
-5.80486e-05
-3.04355e-05
-2.84634e-05
-1.26186e-05
-1.59231e-05
1.22401e-06
-8.12105e-06
1.17807e-05
-4.78416e-06
2.2991e-05
-1.02852e-05
2.99368e-05
-9.79521e-06
3.41282e-05
-8.56308e-06
3.94382e-05
-1.11115e-05
4.6147e-05
-1.52832e-05
-1.76577e-05
5.40736e-05
-2.80361e-05
9.71959e-06
-1.15556e-05
4.84737e-05
-7.02272e-06
5.43623e-05
-2.94717e-05
1.46772e-05
-5.48916e-05
1.55217e-05
-6.76733e-05
2.83016e-05
-7.2169e-05
2.14567e-05
-7.74051e-05
8.31411e-06
-8.70266e-05
-2.54116e-06
-0.000102674
-1.02647e-05
-0.000126435
-1.36144e-05
-0.000134937
-2.95683e-05
-0.000148388
-4.45985e-05
-0.000145323
-3.15276e-05
-0.000133897
-2.73491e-05
-0.000104356
-3.76625e-05
-7.07285e-05
-3.84116e-05
-4.20464e-05
-3.89672e-05
-1.48582e-05
-3.69834e-05
1.19988e-06
-2.46212e-05
1.21086e-05
-2.20202e-05
2.0155e-05
-2.33296e-05
-2.30131e-05
2.55103e-05
-1.71668e-05
2.68864e-05
-1.30952e-06
3.26164e-05
9.53405e-06
4.35188e-05
7.47867e-06
1.67326e-05
5.96831e-06
1.7032e-05
5.61073e-06
2.86591e-05
8.84498e-06
1.82224e-05
1.32754e-05
3.88363e-06
1.4397e-05
-3.6627e-06
9.34464e-06
-5.21246e-06
-3.3247e-06
-9.45144e-07
-2.59642e-05
-6.92893e-06
-5.08396e-05
-1.97231e-05
-5.4741e-05
-2.76263e-05
-5.54928e-05
-2.65973e-05
-6.78876e-05
-2.52677e-05
-8.30769e-05
-2.32223e-05
-9.60582e-05
-2.59858e-05
-0.000106796
-2.62452e-05
-0.000111307
-2.01102e-05
-0.000109625
-2.37023e-05
-0.000102404
-3.05509e-05
-3.15894e-05
-9.38277e-05
-5.18591e-06
3.20723e-05
4.09698e-06
2.33334e-05
1.51508e-05
3.24649e-05
1.22588e-05
1.96245e-05
9.18911e-06
2.01017e-05
1.44652e-05
2.3383e-05
1.41256e-05
1.8562e-05
7.7719e-06
1.02373e-05
2.93289e-06
1.17631e-06
3.05053e-06
-5.33012e-06
9.30229e-06
-7.19695e-06
8.79384e-06
-6.42052e-06
-4.89948e-06
-6.02986e-06
-1.57461e-05
-1.67797e-05
-1.62964e-05
-2.6047e-05
-1.82392e-05
-2.33248e-05
-2.15558e-05
-1.99056e-05
-2.63341e-05
-2.12074e-05
-3.10963e-05
-2.14829e-05
-3.18243e-05
-1.93823e-05
-3.05187e-05
-2.50079e-05
-3.70355e-05
-2.40342e-05
-7.84401e-06
-6.07809e-05
-1.50647e-06
3.35788e-05
3.90171e-06
1.79252e-05
1.00725e-05
2.6294e-05
8.39246e-06
2.13046e-05
7.66612e-06
2.0828e-05
1.03491e-05
2.07e-05
1.12648e-05
1.76464e-05
8.99247e-06
1.25096e-05
3.71698e-06
6.45182e-06
-2.30451e-06
6.91369e-07
-5.20993e-06
-4.29154e-06
-5.47569e-06
-6.15478e-06
-7.70901e-06
-3.79654e-06
-1.2613e-05
-1.18758e-05
-1.83842e-05
-2.02757e-05
-2.00688e-05
-2.164e-05
-1.89036e-05
-2.10707e-05
-1.71009e-05
-2.301e-05
-1.37279e-05
-2.4856e-05
-8.33524e-06
-2.4775e-05
-2.5595e-08
-3.33176e-05
1.82928e-05
-4.23527e-05
-1.3939e-05
2.43878e-05
-9.68e-07
3.45467e-05
1.79213e-06
1.5165e-05
5.39511e-06
2.2691e-05
5.59726e-06
2.11023e-05
6.17786e-06
2.02473e-05
7.44368e-06
1.94342e-05
7.37243e-06
1.77176e-05
5.25469e-06
1.46274e-05
2.00761e-06
9.69893e-06
-9.53656e-07
3.65266e-06
-3.98875e-06
-1.25642e-06
-5.22623e-06
-4.91728e-06
-3.65071e-06
-5.37205e-06
-4.89022e-06
-1.06362e-05
-8.61777e-06
-1.6548e-05
-1.24745e-05
-1.77832e-05
-1.47596e-05
-1.87856e-05
-1.54468e-05
-2.23228e-05
-1.32647e-05
-2.70382e-05
-7.87697e-06
-3.01627e-05
-3.37636e-06
-3.78182e-05
5.97857e-06
-5.17077e-05
-3.48475e-05
2.68871e-05
-1.04641e-06
3.55931e-05
7.34409e-07
1.33841e-05
3.39382e-06
2.00315e-05
4.19119e-06
2.03049e-05
4.9574e-06
1.94811e-05
6.01571e-06
1.83759e-05
6.71443e-06
1.70189e-05
6.53702e-06
1.48049e-05
4.73894e-06
1.14971e-05
9.897e-07
7.40194e-06
-3.01674e-06
2.75005e-06
-5.77417e-06
-2.15982e-06
-5.62654e-06
-5.51963e-06
-6.54328e-06
-9.7194e-06
-9.68798e-06
-1.34033e-05
-1.25909e-05
-1.48802e-05
-1.47709e-05
-1.66056e-05
-1.61671e-05
-2.09267e-05
-1.53291e-05
-2.78761e-05
-1.09004e-05
-3.45915e-05
-7.03685e-06
-4.16818e-05
-3.91727e-06
-5.48273e-05
-4.4915e-05
6.15021e-06
-7.57879e-07
3.63509e-05
3.90136e-07
1.2236e-05
2.17284e-06
1.82487e-05
2.98575e-06
1.94919e-05
3.68793e-06
1.87789e-05
4.47562e-06
1.75882e-05
5.1727e-06
1.63219e-05
5.32125e-06
1.46563e-05
4.61073e-06
1.22076e-05
3.25287e-06
8.75986e-06
1.26047e-06
4.7425e-06
-1.49124e-06
5.91923e-07
-4.10468e-06
-2.90614e-06
-7.34115e-06
-6.48287e-06
-1.13399e-05
-9.40448e-06
-1.50498e-05
-1.11703e-05
-1.80927e-05
-1.35627e-05
-2.0412e-05
-1.86074e-05
-2.19044e-05
-2.63837e-05
-2.21611e-05
-3.43348e-05
-2.24677e-05
-4.13752e-05
-2.73837e-05
-4.99112e-05
-4.05857e-05
-3.1713e-05
-4.1362e-07
3.67645e-05
2.20718e-07
1.16016e-05
1.32056e-06
1.71488e-05
1.94842e-06
1.8864e-05
2.46625e-06
1.82611e-05
2.93108e-06
1.71234e-05
3.36333e-06
1.58897e-05
3.61422e-06
1.44055e-05
3.4158e-06
1.24061e-05
2.43352e-06
9.74219e-06
6.29056e-07
6.547e-06
-1.9586e-06
3.17961e-06
-5.01423e-06
1.49548e-07
-8.80759e-06
-2.68946e-06
-1.30593e-05
-5.15273e-06
-1.70052e-05
-7.22447e-06
-2.0636e-05
-9.93187e-06
-2.44823e-05
-1.47613e-05
-2.89329e-05
-2.19331e-05
-3.36961e-05
-2.95716e-05
-3.96383e-05
-3.5433e-05
-5.27833e-05
-3.67664e-05
-2.2734e-05
-7.0635e-05
-1.22151e-07
3.68866e-05
1.33889e-07
1.13455e-05
7.29275e-07
1.65534e-05
1.10305e-06
1.84902e-05
1.37308e-06
1.7991e-05
1.52938e-06
1.69671e-05
1.60204e-06
1.5817e-05
1.53327e-06
1.44743e-05
1.12737e-06
1.2812e-05
1.42923e-07
1.07267e-05
-1.60222e-06
8.29216e-06
-4.16389e-06
5.74131e-06
-7.35942e-06
3.34513e-06
-1.11464e-05
1.09756e-06
-1.52585e-05
-1.04067e-06
-1.93315e-05
-3.15144e-06
-2.36114e-05
-5.652e-06
-2.89117e-05
-9.46095e-06
-3.56634e-05
-1.51814e-05
-4.31356e-05
-2.20994e-05
-5.12155e-05
-2.7353e-05
-6.22466e-05
-2.57353e-05
-1.14609e-05
-7.35197e-05
8.18259e-08
3.68047e-05
5.55644e-08
1.13717e-05
2.6024e-07
1.63487e-05
3.91067e-07
1.83594e-05
4.19043e-07
1.7963e-05
3.10322e-07
1.70758e-05
4.60865e-08
1.60813e-05
-3.96955e-07
1.49174e-05
-1.12364e-06
1.35388e-05
-2.31564e-06
1.19187e-05
-4.14555e-06
1.01221e-05
-6.65058e-06
8.24637e-06
-9.71212e-06
6.4067e-06
-1.32779e-05
4.66337e-06
-1.72533e-05
2.93476e-06
-2.15994e-05
1.19466e-06
-2.65452e-05
-7.06204e-07
-3.28594e-05
-3.14667e-06
-4.12365e-05
-6.80417e-06
-5.14419e-05
-1.18939e-05
-6.25706e-05
-1.62244e-05
-7.37456e-05
-1.45601e-05
-1.34299e-06
-8.38635e-05
1.79687e-07
3.6625e-05
-4.88963e-08
1.16003e-05
-1.16303e-07
1.64161e-05
-2.04282e-07
1.84474e-05
-3.67327e-07
1.81261e-05
-6.73564e-07
1.73821e-05
-1.15892e-06
1.65667e-05
-1.86424e-06
1.56228e-05
-2.85752e-06
1.45321e-05
-4.2484e-06
1.33096e-05
-6.11477e-06
1.19885e-05
-8.50941e-06
1.06411e-05
-1.14217e-05
9.31907e-06
-1.48304e-05
8.07202e-06
-1.88031e-05
6.90751e-06
-2.34159e-05
5.80753e-06
-2.88264e-05
4.70431e-06
-3.5552e-05
3.57894e-06
-4.46489e-05
2.29266e-06
-5.73006e-05
7.57747e-07
-7.32751e-05
-2.49794e-07
-9.04828e-05
2.64758e-06
1.30226e-05
-0.000104848
1.73805e-07
3.64512e-05
-1.63186e-07
1.19373e-05
-4.30431e-07
1.66834e-05
-6.92426e-07
1.87094e-05
-1.01168e-06
1.84454e-05
-1.47028e-06
1.78407e-05
-2.10339e-06
1.71998e-05
-2.95669e-06
1.64761e-05
-4.08279e-06
1.56583e-05
-5.54163e-06
1.47685e-05
-7.39511e-06
1.3842e-05
-9.67964e-06
1.29256e-05
-1.24297e-05
1.20691e-05
-1.56801e-05
1.13225e-05
-1.95263e-05
1.07537e-05
-2.41081e-05
1.03894e-05
-2.95793e-05
1.01755e-05
-3.62148e-05
1.02144e-05
-4.47555e-05
1.08334e-05
-5.65513e-05
1.25534e-05
-7.25244e-05
1.57232e-05
-9.10049e-05
2.11282e-05
3.06223e-05
-0.000108605
1.16383e-07
3.63348e-05
-3.00552e-07
1.23542e-05
-7.11306e-07
1.70941e-05
-1.09631e-06
1.90944e-05
-1.53537e-06
1.88845e-05
-2.09975e-06
1.84051e-05
-2.82585e-06
1.7926e-05
-3.74924e-06
1.73996e-05
-4.91559e-06
1.68247e-05
-6.37104e-06
1.6224e-05
-8.15981e-06
1.56308e-05
-1.03206e-05
1.50864e-05
-1.28898e-05
1.46384e-05
-1.59208e-05
1.43536e-05
-1.94667e-05
1.42997e-05
-2.36273e-05
1.45501e-05
-2.85882e-05
1.51364e-05
-3.45356e-05
1.61618e-05
-4.16967e-05
1.79945e-05
-5.04515e-05
2.13082e-05
-6.17516e-05
2.70233e-05
-7.62322e-05
3.56088e-05
4.68649e-05
-9.24748e-05
4.35761e-08
3.62913e-05
-4.3929e-07
1.28371e-05
-9.48297e-07
1.76032e-05
-1.41374e-06
1.95599e-05
-1.9374e-06
1.94082e-05
-2.57438e-06
1.90421e-05
-3.35496e-06
1.87067e-05
-4.30703e-06
1.83518e-05
-5.4692e-06
1.7987e-05
-6.87894e-06
1.76338e-05
-8.5725e-06
1.73244e-05
-1.05857e-05
1.70997e-05
-1.29569e-05
1.70096e-05
-1.57196e-05
1.71164e-05
-1.89202e-05
1.75004e-05
-2.26143e-05
1.82442e-05
-2.6903e-05
1.9425e-05
-3.19401e-05
2.11988e-05
-3.77901e-05
2.38445e-05
-4.4383e-05
2.7901e-05
-5.16061e-05
3.42464e-05
-5.96501e-05
4.36529e-05
5.58312e-05
-6.86164e-05
-2.47449e-08
3.6316e-05
-5.67542e-07
1.33799e-05
-1.13489e-06
1.81705e-05
-1.65537e-06
2.00804e-05
-2.22979e-06
1.99826e-05
-2.90796e-06
1.97204e-05
-3.70878e-06
1.95076e-05
-4.66241e-06
1.93055e-05
-5.79269e-06
1.91173e-05
-7.12979e-06
1.89709e-05
-8.70326e-06
1.88979e-05
-1.05406e-05
1.89371e-05
-1.26665e-05
1.91354e-05
-1.51087e-05
1.95586e-05
-1.78913e-05
2.02831e-05
-2.10415e-05
2.13944e-05
-2.45985e-05
2.29818e-05
-2.85829e-05
2.51832e-05
-3.29816e-05
2.82432e-05
-3.76295e-05
3.25489e-05
-4.207e-05
3.8687e-05
-4.57134e-05
4.72963e-05
5.8384e-05
-4.82662e-05
-8.48873e-08
3.64009e-05
-6.7231e-07
1.39673e-05
-1.27272e-06
1.87709e-05
-1.82284e-06
2.06306e-05
-2.42102e-06
2.05808e-05
-3.11149e-06
2.04109e-05
-3.91065e-06
2.03068e-05
-4.83688e-06
2.02318e-05
-5.91154e-06
2.0192e-05
-7.15427e-06
2.02137e-05
-8.58442e-06
2.03281e-05
-1.02214e-05
2.05741e-05
-1.20819e-05
2.09959e-05
-1.41738e-05
2.16504e-05
-1.65033e-05
2.26126e-05
-1.90677e-05
2.39587e-05
-2.18646e-05
2.57787e-05
-2.48601e-05
2.81787e-05
-2.79642e-05
3.13473e-05
-3.0965e-05
3.55496e-05
-3.34133e-05
4.11353e-05
-3.46033e-05
4.84864e-05
5.76511e-05
-3.38703e-05
-1.32248e-07
3.65331e-05
-7.48381e-07
1.45834e-05
-1.36256e-06
1.93851e-05
-1.9218e-06
2.11898e-05
-2.52308e-06
2.11822e-05
-3.2052e-06
2.10931e-05
-3.97777e-06
2.10795e-05
-4.85577e-06
2.11098e-05
-5.853e-06
2.11892e-05
-6.98307e-06
2.13437e-05
-8.2578e-06
2.16028e-05
-9.68593e-06
2.20022e-05
-1.1271e-05
2.2581e-05
-1.3014e-05
2.33935e-05
-1.4902e-05
2.45006e-05
-1.69156e-05
2.59722e-05
-1.90164e-05
2.78795e-05
-2.11407e-05
3.0303e-05
-2.31671e-05
3.33738e-05
-2.48845e-05
3.72671e-05
-2.59189e-05
4.21697e-05
-2.57043e-05
4.82718e-05
5.55675e-05
-2.36207e-05
-1.61668e-07
3.66948e-05
-7.97178e-07
1.52189e-05
-1.40944e-06
1.99974e-05
-1.96147e-06
2.17419e-05
-2.55074e-06
2.17715e-05
-3.20549e-06
2.1748e-05
-3.93575e-06
2.18098e-05
-4.75063e-06
2.19247e-05
-5.65691e-06
2.20955e-05
-6.66295e-06
2.23497e-05
-7.77363e-06
2.27134e-05
-8.9904e-06
2.32189e-05
-1.03108e-05
2.39014e-05
-1.17225e-05
2.48051e-05
-1.32022e-05
2.59804e-05
-1.47139e-05
2.74839e-05
-1.6208e-05
2.93735e-05
-1.76025e-05
3.16974e-05
-1.8772e-05
3.45433e-05
-1.95225e-05
3.80176e-05
-1.95663e-05
4.22134e-05
-1.84943e-05
4.71998e-05
5.2929e-05
-1.58559e-05
-1.73745e-07
3.68685e-05
-8.17069e-07
1.58622e-05
-1.41626e-06
2.05966e-05
-1.94968e-06
2.22754e-05
-2.51288e-06
2.23347e-05
-3.13064e-06
2.23658e-05
-3.80701e-06
2.24862e-05
-4.54546e-06
2.26632e-05
-5.35303e-06
2.29031e-05
-6.23106e-06
2.32277e-05
-7.17981e-06
2.36622e-05
-8.19422e-06
2.42332e-05
-9.26478e-06
2.49719e-05
-1.03726e-05
2.59129e-05
-1.14872e-05
2.70949e-05
-1.2566e-05
2.85626e-05
-1.35493e-05
3.03569e-05
-1.43568e-05
3.25049e-05
-1.48674e-05
3.50539e-05
-1.4915e-05
3.80651e-05
-1.42786e-05
4.1577e-05
-1.26735e-05
4.55947e-05
5.00554e-05
-9.79981e-06
-1.69756e-07
3.70383e-05
-8.10745e-07
1.65032e-05
-1.38685e-06
2.11727e-05
-1.89303e-06
2.27815e-05
-2.42231e-06
2.28641e-05
-2.99424e-06
2.29377e-05
-3.60916e-06
2.31011e-05
-4.26865e-06
2.33227e-05
-4.97464e-06
2.36091e-05
-5.726e-06
2.39791e-05
-6.51831e-06
2.44545e-05
-7.34296e-06
2.50579e-05
-8.18563e-06
2.58145e-05
-9.02321e-06
2.67504e-05
-9.8219e-06
2.78935e-05
-1.05363e-05
2.9277e-05
-1.11067e-05
3.09273e-05
-1.14562e-05
3.28544e-05
-1.14798e-05
3.50775e-05
-1.10376e-05
3.7623e-05
-9.96181e-06
4.05012e-05
-8.05304e-06
4.3686e-05
4.71185e-05
-5.11601e-06
-1.52917e-07
3.71912e-05
-7.79093e-07
1.71293e-05
-1.3235e-06
2.17171e-05
-1.79673e-06
2.32547e-05
-2.28621e-06
2.33536e-05
-2.80759e-06
2.34591e-05
-3.35833e-06
2.36519e-05
-3.93792e-06
2.39023e-05
-4.54533e-06
2.42165e-05
-5.1766e-06
2.46104e-05
-5.82403e-06
2.51019e-05
-6.47622e-06
2.571e-05
-7.11616e-06
2.64544e-05
-7.71942e-06
2.73536e-05
-8.25278e-06
2.84269e-05
-8.67088e-06
2.96951e-05
-8.91715e-06
3.11736e-05
-8.92479e-06
3.2862e-05
-8.60211e-06
3.47548e-05
-7.83581e-06
3.68567e-05
-6.49993e-06
3.91653e-05
-4.45731e-06
4.16434e-05
4.42377e-05
-1.57643e-06
-1.26167e-07
3.73173e-05
-7.23491e-07
1.77265e-05
-1.22788e-06
2.22214e-05
-1.66444e-06
2.36913e-05
-2.11063e-06
2.37997e-05
-2.57907e-06
2.39275e-05
-3.06544e-06
2.41382e-05
-3.56699e-06
2.44039e-05
-4.08098e-06
2.47305e-05
-4.60079e-06
2.51302e-05
-5.11774e-06
2.56189e-05
-5.61875e-06
2.6211e-05
-6.08577e-06
2.69213e-05
-6.49277e-06
2.77606e-05
-6.80994e-06
2.8744e-05
-6.9948e-06
2.988e-05
-6.99611e-06
3.11749e-05
-6.75692e-06
3.26228e-05
-6.20118e-06
3.4199e-05
-5.23906e-06
3.58945e-05
-3.77454e-06
3.77008e-05
-1.71782e-06
3.95868e-05
4.14979e-05
1.02204e-06
-9.04401e-08
3.74077e-05
-6.45595e-07
1.82816e-05
-1.10324e-06
2.2679e-05
-1.49984e-06
2.40879e-05
-1.90161e-06
2.42015e-05
-2.31548e-06
2.43413e-05
-2.73922e-06
2.4562e-05
-3.16698e-06
2.48317e-05
-3.59574e-06
2.51592e-05
-4.01716e-06
2.55517e-05
-4.42063e-06
2.60224e-05
-4.79232e-06
2.65827e-05
-5.11376e-06
2.72427e-05
-5.36278e-06
2.80095e-05
-5.50916e-06
2.88904e-05
-5.51649e-06
2.98873e-05
-5.34165e-06
3.10001e-05
-4.93319e-06
3.22143e-05
-4.23588e-06
3.35016e-05
-3.17486e-06
3.48335e-05
-1.67833e-06
3.62044e-05
3.15325e-07
3.75932e-05
3.89648e-05
2.84844e-06
-4.2829e-08
3.74505e-05
-5.49807e-07
1.87885e-05
-9.55502e-07
2.30846e-05
-1.30938e-06
2.44418e-05
-1.66252e-06
2.45545e-05
-2.02379e-06
2.47025e-05
-2.38532e-06
2.49236e-05
-2.74567e-06
2.51921e-05
-3.09681e-06
2.55104e-05
-3.43139e-06
2.58863e-05
-3.73841e-06
2.63294e-05
-4.0035e-06
2.68478e-05
-4.20864e-06
2.74478e-05
-4.33276e-06
2.81336e-05
-4.3507e-06
2.89083e-05
-4.23041e-06
2.97669e-05
-3.93405e-06
3.07036e-05
-3.4254e-06
3.17056e-05
-2.65709e-06
3.27333e-05
-1.57461e-06
3.3751e-05
-1.18549e-07
3.47483e-05
1.7462e-06
3.57284e-05
3.66727e-05
4.03832e-06
2.34513e-08
3.7427e-05
-4.43231e-07
1.92552e-05
-7.92759e-07
2.34341e-05
-1.1019e-06
2.47509e-05
-1.40439e-06
2.48569e-05
-1.70982e-06
2.50079e-05
-2.01197e-06
2.52258e-05
-2.30671e-06
2.54869e-05
-2.58704e-06
2.57907e-05
-2.8448e-06
2.61441e-05
-3.06892e-06
2.65536e-05
-3.2459e-06
2.70248e-05
-3.35947e-06
2.75614e-05
-3.38894e-06
2.81631e-05
-3.31429e-06
2.88336e-05
-3.10849e-06
2.95611e-05
-2.74148e-06
3.03365e-05
-2.18208e-06
3.11461e-05
-1.40077e-06
3.19519e-05
-3.55085e-07
3.27054e-05
1.00151e-06
3.33918e-05
2.68824e-06
3.40417e-05
3.46455e-05
4.71555e-06
1.18919e-07
3.7308e-05
-3.28844e-07
1.97029e-05
-6.23675e-07
2.3729e-05
-8.86652e-07
2.50138e-05
-1.136e-06
2.51061e-05
-1.38651e-06
2.52584e-05
-1.62818e-06
2.54675e-05
-1.85892e-06
2.57176e-05
-2.07171e-06
2.60036e-05
-2.25876e-06
2.63312e-05
-2.40718e-06
2.67021e-05
-2.50956e-06
2.71272e-05
-2.54742e-06
2.75992e-05
-2.50681e-06
2.81224e-05
-2.36524e-06
2.8692e-05
-2.10436e-06
2.93002e-05
-1.70226e-06
2.99344e-05
-1.13066e-06
3.05745e-05
-3.74847e-07
3.11961e-05
5.89836e-07
3.17407e-05
1.80133e-06
3.21803e-05
3.28671e-06
3.25564e-05
3.29106e-05
5.02165e-06
2.47011e-07
3.7061e-05
-2.08596e-07
2.01585e-05
-4.60018e-07
2.39805e-05
-6.75381e-07
2.52291e-05
-8.71433e-07
2.53021e-05
-1.0671e-06
2.5454e-05
-1.24993e-06
2.56503e-05
-1.41768e-06
2.58855e-05
-1.56369e-06
2.61497e-05
-1.68029e-06
2.64479e-05
-1.76068e-06
2.67825e-05
-1.79206e-06
2.71585e-05
-1.76421e-06
2.75714e-05
-1.65956e-06
2.80178e-05
-1.46695e-06
2.84994e-05
-1.16768e-06
2.90009e-05
-7.45224e-07
2.9512e-05
-1.84118e-07
3.00134e-05
5.28868e-07
3.04832e-05
1.39973e-06
3.08698e-05
2.44728e-06
3.11327e-05
3.69887e-06
3.13048e-05
3.14566e-05
5.15285e-06
4.00852e-07
3.66602e-05
-8.09969e-08
2.06404e-05
-3.10144e-07
2.42097e-05
-4.79364e-07
2.53982e-05
-6.2563e-07
2.54483e-05
-7.70066e-07
2.55985e-05
-9.00411e-07
2.57807e-05
-1.00822e-06
2.59933e-05
-1.09044e-06
2.6232e-05
-1.14134e-06
2.64988e-05
-1.15441e-06
2.67955e-05
-1.11854e-06
2.71227e-05
-1.02247e-06
2.74753e-05
-8.60194e-07
2.78556e-05
-6.14677e-07
2.8254e-05
-2.78293e-07
2.86646e-05
1.64829e-07
2.90689e-05
7.217e-07
2.94565e-05
1.39942e-06
2.98054e-05
2.192e-06
3.00772e-05
3.10765e-06
3.02171e-05
4.16626e-06
3.02462e-05
3.02508e-05
5.3721e-06
5.56615e-07
3.61035e-05
4.70456e-08
2.115e-05
-1.82823e-07
2.44396e-05
-3.13919e-07
2.55292e-05
-4.21718e-07
2.5556e-05
-5.27391e-07
2.57041e-05
-6.10277e-07
2.58636e-05
-6.68361e-07
2.60515e-05
-6.96229e-07
2.62598e-05
-6.8884e-07
2.64914e-05
-6.39394e-07
2.67461e-05
-5.3989e-07
2.70232e-05
-3.85059e-07
2.73205e-05
-1.63405e-07
2.7634e-05
1.3401e-07
2.79566e-05
5.17218e-07
2.82814e-05
9.91645e-07
2.85944e-05
1.56758e-06
2.88806e-05
2.24102e-06
2.91319e-05
3.0113e-06
2.93069e-05
3.86675e-06
2.93616e-05
4.81615e-06
2.92968e-05
2.91951e-05
5.87185e-06
7.0258e-07
3.54009e-05
1.41755e-07
2.17108e-05
-8.93412e-08
2.46706e-05
-1.92836e-07
2.56327e-05
-2.79606e-07
2.56429e-05
-3.59578e-07
2.57841e-05
-4.14371e-07
2.59184e-05
-4.38874e-07
2.6076e-05
-4.27496e-07
2.62484e-05
-3.79511e-07
2.64434e-05
-2.86602e-07
2.66532e-05
-1.42268e-07
2.68789e-05
6.05604e-08
2.71178e-05
3.30887e-07
2.73637e-05
6.75542e-07
2.7612e-05
1.10385e-06
2.7853e-05
1.62146e-06
2.80768e-05
2.22991e-06
2.82721e-05
2.93787e-06
2.8424e-05
3.73787e-06
2.85069e-05
4.61865e-06
2.84809e-05
5.57038e-06
2.83451e-05
2.8153e-05
6.61263e-06
8.43031e-07
3.45579e-05
2.24574e-07
2.23293e-05
-2.92888e-08
2.49244e-05
-1.23119e-07
2.57266e-05
-2.11489e-07
2.57313e-05
-2.82905e-07
2.58556e-05
-3.27006e-07
2.59626e-05
-3.40138e-07
2.60891e-05
-3.19091e-07
2.62274e-05
-2.55202e-07
2.63795e-05
-1.44957e-07
2.65429e-05
1.90849e-08
2.67149e-05
2.44237e-07
2.68927e-05
5.36865e-07
2.70711e-05
9.05862e-07
2.72429e-05
1.35842e-06
2.74004e-05
1.90177e-06
2.75334e-05
2.54332e-06
2.76305e-05
3.28942e-06
2.76779e-05
4.14364e-06
2.76527e-05
5.08651e-06
2.7538e-05
6.11863e-06
2.7313e-05
2.70171e-05
7.25447e-06
9.63076e-07
3.35948e-05
2.87393e-07
2.30049e-05
-1.47117e-09
2.52133e-05
-1.04677e-07
2.58298e-05
-2.09303e-07
2.5836e-05
-2.90324e-07
2.59367e-05
-3.43888e-07
2.60161e-05
-3.68467e-07
2.61136e-05
-3.56966e-07
2.62158e-05
-3.04491e-07
2.6327e-05
-2.0606e-07
2.64445e-05
-5.54776e-08
2.65643e-05
1.55315e-07
2.66819e-05
4.33125e-07
2.67933e-05
7.8809e-07
2.6888e-05
1.22899e-06
2.69595e-05
1.76245e-06
2.7e-05
2.39958e-06
2.69934e-05
3.14964e-06
2.69279e-05
4.01348e-06
2.67889e-05
4.99706e-06
2.65544e-05
6.09854e-06
2.62115e-05
2.5788e-05
7.32758e-06
1.04564e-06
3.25492e-05
3.28741e-07
2.37217e-05
8.23026e-09
2.55338e-05
-1.19119e-07
2.59572e-05
-2.49782e-07
2.59667e-05
-3.5185e-07
2.60388e-05
-4.29194e-07
2.60935e-05
-4.76655e-07
2.6161e-05
-4.91806e-07
2.62309e-05
-4.70431e-07
2.63056e-05
-4.06161e-07
2.63802e-05
-2.95365e-07
2.64535e-05
-1.2731e-07
2.65139e-05
1.03895e-07
2.65621e-05
4.06173e-07
2.65857e-05
7.92369e-07
2.65733e-05
1.26737e-06
2.6525e-05
1.84345e-06
2.64174e-05
2.53201e-06
2.62393e-05
3.33875e-06
2.59821e-05
4.27643e-06
2.56168e-05
5.35247e-06
2.51354e-05
2.45678e-05
6.57261e-06
1.08639e-06
3.14628e-05
3.48997e-07
2.44591e-05
4.95516e-09
2.58778e-05
-1.46276e-07
2.61085e-05
-3.03555e-07
2.6124e-05
-4.28076e-07
2.61633e-05
-5.30827e-07
2.61962e-05
-6.07781e-07
2.62379e-05
-6.557e-07
2.62787e-05
-6.73541e-07
2.63234e-05
-6.52934e-07
2.63596e-05
-5.94156e-07
2.63948e-05
-4.80557e-07
2.64003e-05
-3.16335e-07
2.63979e-05
-9.05315e-08
2.63599e-05
2.1563e-07
2.62672e-05
5.95765e-07
2.61449e-05
1.06947e-06
2.59437e-05
1.64412e-06
2.56647e-05
2.32987e-06
2.52964e-05
3.13308e-06
2.48135e-05
4.0749e-06
2.41936e-05
2.34882e-05
5.15449e-06
1.06571e-06
3.0397e-05
3.44883e-07
2.51798e-05
7.98749e-10
2.62218e-05
-1.67042e-07
2.62763e-05
-3.46515e-07
2.63035e-05
-4.84658e-07
2.63015e-05
-6.07957e-07
2.63194e-05
-7.10387e-07
2.63403e-05
-7.82518e-07
2.63508e-05
-8.36593e-07
2.63774e-05
-8.54446e-07
2.63775e-05
-8.40196e-07
2.63805e-05
-7.94088e-07
2.63542e-05
-6.88878e-07
2.62927e-05
-5.38316e-07
2.62094e-05
-3.2887e-07
2.60578e-05
-4.92888e-08
2.58653e-05
3.057e-07
2.55887e-05
7.42541e-07
2.52278e-05
1.27783e-06
2.47611e-05
1.9102e-06
2.41811e-05
2.64766e-06
2.34561e-05
2.26246e-05
3.5112e-06
9.60048e-07
2.94369e-05
3.10695e-07
2.58292e-05
-4.11314e-09
2.65367e-05
-1.72385e-07
2.64446e-05
-3.5119e-07
2.64824e-05
-4.93805e-07
2.64441e-05
-6.20878e-07
2.64465e-05
-7.32209e-07
2.64516e-05
-8.25612e-07
2.64442e-05
-8.94493e-07
2.64463e-05
-9.45388e-07
2.64284e-05
-9.6963e-07
2.64047e-05
-9.58839e-07
2.63434e-05
-9.20497e-07
2.62544e-05
-8.31396e-07
2.61203e-05
-7.06918e-07
2.59333e-05
-5.20953e-07
2.56794e-05
-2.79386e-07
2.53472e-05
3.18584e-08
2.49166e-05
4.04582e-07
2.43884e-05
8.63447e-07
2.37223e-05
1.4078e-06
2.29117e-05
2.19881e-05
2.0442e-06
7.80085e-07
2.86568e-05
2.6461e-07
2.63446e-05
2.47753e-10
2.6801e-05
-1.47783e-07
2.65927e-05
-3.02163e-07
2.66368e-05
-4.2814e-07
2.657e-05
-5.4639e-07
2.65647e-05
-6.47373e-07
2.65525e-05
-7.38038e-07
2.65349e-05
-8.15553e-07
2.65238e-05
-8.75898e-07
2.64887e-05
-9.18077e-07
2.64469e-05
-9.39026e-07
2.63643e-05
-9.38176e-07
2.62535e-05
-9.07565e-07
2.60897e-05
-8.45795e-07
2.58716e-05
-7.44105e-07
2.55777e-05
-6.01772e-07
2.52049e-05
-4.09513e-07
2.47244e-05
-1.64791e-07
2.41437e-05
1.30388e-07
2.34271e-05
4.85078e-07
2.2557e-05
2.15634e-05
9.09739e-07
5.56978e-07
2.80998e-05
2.03778e-07
2.66978e-05
1.50705e-08
2.69898e-05
-9.63424e-08
2.67041e-05
-2.13413e-07
2.67538e-05
-3.06932e-07
2.66635e-05
-4.01015e-07
2.66587e-05
-4.78648e-07
2.66302e-05
-5.55601e-07
2.66118e-05
-6.22408e-07
2.65906e-05
-6.83577e-07
2.65498e-05
-7.31102e-07
2.64944e-05
-7.73256e-07
2.64065e-05
-7.94231e-07
2.62745e-05
-8.06549e-07
2.6102e-05
-7.92159e-07
2.58572e-05
-7.61707e-07
2.55473e-05
-6.99165e-07
2.51424e-05
-6.08686e-07
2.4634e-05
-4.87282e-07
2.40224e-05
-3.30941e-07
2.32708e-05
-1.43007e-07
2.23691e-05
2.13299e-05
9.05063e-08
2.53157e-07
1.0604e-07
2.35418e-08
-1.96664e-08
-7.43427e-08
-1.144e-07
-1.49794e-07
-1.8801e-07
-2.23169e-07
-2.54134e-07
-2.87031e-07
-3.15923e-07
-3.41121e-07
-3.67227e-07
-3.83841e-07
-3.996e-07
-4.03428e-07
-4.00878e-07
-3.93677e-07
-3.66493e-07
-3.25815e-07
-2.72831e-07
-1.95808e-07
7.02766e-05
4.76116e-07
7.2513e-05
-2.23642e-06
7.80346e-05
-5.52153e-06
-8.21757e-06
8.62521e-05
6.03516e-05
-6.56738e-06
6.69365e-05
-8.82128e-06
7.29747e-05
-1.15597e-05
-1.46206e-05
7.93777e-05
5.66355e-05
-9.12926e-06
5.78238e-05
-1.00096e-05
5.72598e-05
-1.09957e-05
-1.18678e-05
5.4507e-05
2.67723e-05
-1.03912e-05
2.37716e-05
-7.00889e-06
1.38637e-05
-1.08776e-06
4.23813e-06
-2.24222e-06
-8.21304e-05
-2.20885e-05
-9.11285e-05
1.98924e-06
-0.000109037
1.68204e-05
1.79645e-05
-0.000122763
-8.38023e-05
9.32929e-07
-0.00010669
2.48767e-05
-0.000119733
2.98637e-05
1.54587e-05
-0.000117227
1.35225e-05
1.17982e-05
1.18728e-05
2.65262e-05
6.73565e-06
3.50012e-05
2.82073e-05
-6.01334e-06
4.09703e-05
-2.28489e-06
5.17817e-05
1.57146e-05
5.37125e-05
3.30705e-05
4.14908e-05
4.04289e-05
1.05877e-05
-6.72241e-06
1.60977e-05
1.02048e-05
2.1773e-05
2.73952e-05
4.15862e-05
2.16774e-05
-3.71092e-05
-1.32635e-06
-3.89078e-05
1.20035e-05
-3.6073e-05
2.45604e-05
3.599e-05
-3.04769e-05
-7.6403e-05
4.4416e-06
-7.88612e-05
1.44616e-05
-7.67206e-05
2.24199e-05
2.81329e-05
-6.88635e-05
-7.47341e-05
5.65601e-06
-7.53012e-05
1.50287e-05
-7.5516e-05
2.26348e-05
2.80218e-05
-7.5405e-05
-8.73287e-05
9.12117e-06
-9.05956e-05
1.82956e-05
-9.64268e-05
2.8466e-05
3.8043e-05
-0.000106448
-0.000109658
1.39307e-05
-0.000114445
2.30822e-05
-0.000121012
3.50338e-05
4.76605e-05
-0.00013063
-0.000114932
2.02583e-05
-0.000119152
2.73018e-05
-0.000121408
3.72895e-05
4.89131e-05
-0.00012266
-9.91572e-05
2.69407e-05
-0.000103172
3.1317e-05
-0.000103247
3.73644e-05
4.49269e-05
-9.92611e-05
-7.27198e-05
3.10442e-05
-7.55616e-05
3.41589e-05
-7.57855e-05
3.75883e-05
4.15259e-05
-7.23846e-05
-4.9105e-05
3.1883e-05
-4.94606e-05
3.45144e-05
-4.88051e-05
3.69327e-05
3.91834e-05
-4.64625e-05
-3.27944e-05
3.08071e-05
-3.13128e-05
3.30328e-05
-2.93875e-05
3.50074e-05
3.66511e-05
-2.68553e-05
-2.18593e-05
2.90456e-05
-1.96664e-05
3.08399e-05
-1.71243e-05
3.24653e-05
3.38046e-05
-1.42778e-05
-1.39491e-05
2.71389e-05
-1.16335e-05
2.85243e-05
-8.97968e-06
2.98115e-05
3.08993e-05
-6.07442e-06
-7.923e-06
2.52621e-05
-5.69575e-06
2.62972e-05
-3.14634e-06
2.72621e-05
2.80966e-05
-3.43602e-07
-3.32684e-06
2.3473e-05
-1.25841e-06
2.42288e-05
1.09442e-06
2.49093e-05
2.5492e-05
3.69903e-06
9.97022e-08
2.17969e-05
1.99205e-06
2.23365e-05
4.11775e-06
2.27836e-05
2.31365e-05
6.47328e-06
2.56768e-06
2.02513e-05
4.28415e-06
2.062e-05
6.18826e-06
2.08795e-05
2.10368e-05
8.28791e-06
4.24921e-06
1.88506e-05
5.79099e-06
1.90783e-05
7.4823e-06
1.91882e-05
1.9182e-05
9.33719e-06
5.28011e-06
1.76089e-05
6.63605e-06
1.77225e-05
8.11638e-06
1.77079e-05
1.75691e-05
9.72931e-06
5.79052e-06
1.6534e-05
6.95298e-06
1.65601e-05
8.21252e-06
1.64484e-05
1.62072e-05
9.57437e-06
5.92525e-06
1.56304e-05
6.888e-06
1.55974e-05
7.91719e-06
1.54193e-05
1.51078e-05
9.01664e-06
5.89535e-06
1.4888e-05
6.66864e-06
1.48241e-05
7.47425e-06
1.46137e-05
1.42674e-05
8.31459e-06
5.97978e-06
1.42803e-05
6.59783e-06
1.42061e-05
7.21485e-06
1.39967e-05
1.36539e-05
7.82841e-06
6.39889e-06
1.37533e-05
6.92798e-06
1.3677e-05
7.43505e-06
1.34896e-05
1.31809e-05
7.908e-06
7.13215e-06
1.32338e-05
7.65458e-06
1.31546e-05
8.15492e-06
1.29892e-05
1.272e-05
8.61584e-06
7.82243e-06
1.26658e-05
8.40654e-06
1.25704e-05
8.98685e-06
1.24088e-05
1.21622e-05
9.54466e-06
7.95018e-06
1.20431e-05
8.60105e-06
1.19195e-05
9.27354e-06
1.17363e-05
1.14881e-05
9.94762e-06
7.19785e-06
1.14178e-05
7.8639e-06
1.12534e-05
8.56485e-06
1.10353e-05
1.07654e-05
9.2875e-06
5.71494e-06
1.08573e-05
6.31764e-06
1.06507e-05
6.95631e-06
1.03967e-05
1.01011e-05
7.62064e-06
3.96671e-06
1.04017e-05
4.45851e-06
1.01588e-05
4.97786e-06
9.87733e-06
9.56015e-06
5.51874e-06
2.38605e-06
1.00598e-05
2.75518e-06
9.78965e-06
3.14339e-06
9.48915e-06
9.15774e-06
3.54583e-06
1.14593e-06
9.8236e-06
1.39957e-06
9.53597e-06
1.66756e-06
9.22114e-06
8.87706e-06
1.94822e-06
2.36158e-07
9.67791e-06
3.94785e-07
9.37731e-06
5.60065e-07
9.05586e-06
8.71249e-06
7.24652e-07
-1.43599e-07
-8.87077e-08
-2.94261e-08
3.96078e-08
0.000107079
-4.35434e-05
0.000105921
-8.68857e-05
0.000100191
-0.000117003
0.000115516
-0.000149807
0.000100277
-0.000137611
4.45079e-05
0.000133367
-1.53801e-05
0.000517932
-0.000141548
0.000853009
-0.000315534
0.000700747
-0.000441765
0.000376736
-0.000465123
5.04222e-05
-0.000432905
-0.00019648
-0.000363687
-0.000332728
-0.000287105
-0.000328718
-0.000189124
-0.000289846
-6.44813e-05
-0.000187321
1.84149e-05
-8.40505e-05
-5.60254e-06
-0.000281398
-0.000310571
8.48586e-05
-4.90243e-05
7.77964e-05
-7.98235e-05
7.26147e-05
-0.000111822
8.51654e-05
-0.000162358
3.30835e-05
-8.55288e-05
-0.00011271
0.00027916
-0.000219474
0.000624697
-0.000298333
0.000931867
-0.000358461
0.000760876
-0.00037111
0.000389384
-0.000350484
2.97966e-05
-0.000301155
-0.000245808
-0.000257445
-0.000376439
-0.000210176
-0.000375987
-0.000167751
-0.000332271
-8.79995e-05
-0.000267072
1.69884e-05
-0.000189039
1.09066e-05
-0.000275316
-0.000299665
4.27149e-05
-3.72322e-05
3.33056e-05
-7.04143e-05
2.47251e-05
-0.000103241
-9.21574e-07
-0.000136711
-9.92145e-05
1.27641e-05
-0.000261757
0.000441702
-0.000388829
0.000751769
-0.00038171
0.000924749
-0.000317403
0.000696569
-0.000253699
0.00032568
-0.000194838
-2.90647e-05
-0.000154565
-0.000286081
-9.74153e-05
-0.000433588
-3.12813e-05
-0.000442121
-7.89253e-06
-0.000355659
-1.29328e-06
-0.000273671
3.32178e-05
-0.00022355
1.75965e-05
-0.000259695
-0.000282068
-2.36599e-05
-1.58145e-05
-2.23696e-05
-7.17046e-05
-3.63584e-05
-8.92522e-05
-9.75104e-05
-7.55595e-05
-0.000279493
0.000194747
-0.000381405
0.000543614
-0.000382615
0.000752979
-0.000287016
0.00082915
-0.000168242
0.000577794
-7.41932e-05
0.000231631
-3.01103e-05
-7.31478e-05
-2.91343e-05
-0.000287057
4.82774e-06
-0.00046755
5.92452e-05
-0.000496538
8.5698e-05
-0.000382112
6.90312e-05
-0.000257005
4.91194e-05
-0.000203638
2.30295e-05
-0.000233605
-0.000259038
-0.000105947
-3.26302e-05
-7.80639e-05
-9.95881e-05
-8.97462e-05
-7.75699e-05
-0.00013514
-3.0166e-05
-0.000208489
0.000268097
-0.000259604
0.000594728
-0.000202065
0.00069544
-6.29058e-05
0.000689991
6.20916e-05
0.000452797
0.000155741
0.000137982
0.000173697
-9.1104e-05
0.000138013
-0.000251373
0.00010515
-0.000434688
0.000107754
-0.000499142
0.000103859
-0.000378218
8.31713e-05
-0.000236317
5.67118e-05
-0.000177178
2.83454e-05
-0.000205238
-0.000230693
-0.000106099
-4.37581e-05
-0.000102648
-0.000103039
-0.000105797
-7.44211e-05
-0.00013066
-5.30332e-06
-1.56197e-06
0.000138999
5.87906e-06
0.000587287
8.75413e-05
0.000613778
0.000192037
0.000585496
0.000284433
0.000360401
0.000346818
7.55976e-05
0.000339489
-8.37746e-05
0.000304779
-0.000216663
0.0002467
-0.000376609
0.000173396
-0.000425837
0.000109109
-0.000313931
7.45444e-05
-0.000201752
6.58546e-05
-0.000168489
3.52002e-05
-0.000174584
-0.000195493
-5.99328e-05
1.01615e-05
-9.63909e-05
-6.65813e-05
-0.000100475
-7.03372e-05
-9.84176e-05
-7.36059e-06
-4.28837e-05
8.34654e-05
0.000280817
0.000263587
0.000424369
0.000470226
0.000484429
0.000525436
0.000489956
0.000354874
0.000457153
0.0001084
0.000434912
-6.15332e-05
0.000433762
-0.000215514
0.000377814
-0.000320661
0.00026189
-0.000309912
0.000157047
-0.000209088
0.000103225
-0.00014793
7.81422e-05
-0.000143407
4.46656e-05
-0.000141107
-0.000150827
-2.60532e-05
7.66436e-05
-8.7895e-05
-4.73946e-06
-9.01944e-05
-6.80378e-05
-8.15595e-05
-1.59955e-05
-5.22321e-05
5.4138e-05
8.78264e-05
0.000123528
0.000313016
0.000245037
0.000464057
0.000374394
0.000499395
0.000319536
0.000459988
0.000147807
0.000477715
-7.92603e-05
0.000500668
-0.000238467
0.000444165
-0.000264158
0.000333901
-0.000199648
0.000239106
-0.000114293
0.000166346
-7.51689e-05
0.000104989
-8.20493e-05
5.96495e-05
-9.57679e-05
-9.11778e-05
-4.7271e-06
0.000103048
-6.11126e-05
5.16461e-05
-0.000119358
-9.79288e-06
-8.84841e-05
-4.6869e-05
-6.39794e-05
2.96333e-05
-1.3217e-05
7.27661e-05
0.000125027
0.000106792
0.000326328
0.000173093
0.000409262
0.000236602
0.000375027
0.000182042
0.000372232
-7.64653e-05
0.000328225
-0.000194461
0.000241982
-0.000177914
0.000185944
-0.000143611
0.000175024
-0.000103373
0.000167913
-6.80579e-05
0.000134555
-4.86911e-05
7.45497e-05
-3.57623e-05
-1.66281e-05
-2.18905e-05
9.44617e-05
-3.85351e-05
6.82907e-05
-7.68402e-05
2.85122e-05
-0.000124705
9.95651e-07
-6.67187e-05
-2.83528e-05
-4.19226e-05
4.79699e-05
-1.26925e-05
7.75624e-05
6.94805e-05
9.09203e-05
0.000172105
0.000133978
0.000239705
0.000114442
0.000216201
-5.29611e-05
0.000140031
-0.000118291
9.05928e-05
-0.000128476
9.13926e-05
-0.000144411
0.00011199
-0.000123971
0.000128429
-8.44969e-05
0.000117455
-3.77167e-05
6.02729e-05
2.14196e-05
4.36448e-05
-4.40618e-05
6.966e-05
-4.00534e-05
6.42823e-05
-7.19522e-05
6.0411e-05
-9.90578e-05
2.81013e-05
-0.000106951
-2.04599e-05
-5.79256e-05
-1.05503e-06
-3.32711e-05
5.29079e-05
-1.54821e-05
7.31313e-05
3.75613e-05
8.09343e-05
9.30624e-05
5.89406e-05
5.48444e-05
-1.47432e-05
2.85485e-06
-6.63015e-05
-9.92217e-06
-0.000115699
8.34939e-06
-0.000162682
3.42563e-05
-0.000149878
4.80034e-05
-9.8244e-05
3.70896e-05
-2.68029e-05
9.75939e-06
4.87498e-05
5.34042e-05
-8.4686e-05
7.8941e-05
-0.000110775
9.03711e-05
-0.000123939
7.35752e-05
-0.000102536
6.69827e-06
-8.12024e-05
-4.17933e-05
-7.9145e-05
-3.11235e-06
-7.68009e-05
5.05638e-05
-6.13464e-05
5.76768e-05
-5.32731e-05
7.28611e-05
-6.13651e-05
6.70326e-05
-9.82573e-05
2.2149e-05
-0.000118393
-4.61662e-05
-9.70205e-05
-0.000137071
-6.04408e-05
-0.000199262
-4.4039e-05
-0.00016628
-4.74524e-05
-9.48306e-05
-4.82497e-05
-2.60056e-05
-2.48907e-05
2.53909e-05
2.85134e-05
-0.000141952
0.000114445
-0.000175138
0.000123558
-0.000179239
7.76754e-05
-0.000187927
1.53868e-05
-0.000216778
-1.29426e-05
-0.000185105
-3.47847e-05
-0.000151423
1.68814e-05
-0.000143196
4.945e-05
-0.000140541
7.02063e-05
-0.000145185
7.16767e-05
-0.000162794
3.97576e-05
-0.000183434
-2.55258e-05
-0.000147944
-0.000172562
-9.71914e-05
-0.000250014
-7.00879e-05
-0.000193383
-6.68162e-05
-9.81023e-05
-5.9475e-05
-3.33468e-05
-3.13533e-05
-2.73081e-06
-2.83985e-06
-0.000162779
0.000146594
-0.00020543
0.000166209
-0.000261015
0.000133261
-0.000314065
6.84367e-05
-0.000322412
-4.59557e-06
-0.000328117
-2.90796e-05
-0.000254296
-5.69392e-05
-0.000209623
4.77658e-06
-0.000191464
5.20468e-05
-0.000197538
7.77513e-05
-0.000240596
8.28155e-05
-0.000253423
-1.26989e-05
-0.000178994
-0.000246991
-0.000136028
-0.00029298
-9.76639e-05
-0.000231747
-7.01999e-05
-0.000125566
-5.17537e-05
-5.1793e-05
-2.70753e-05
-2.74092e-05
-2.99151e-05
-0.000127651
0.000151585
-0.000139989
0.000178546
-0.000164261
0.000157533
-0.00019344
9.76155e-05
-0.000221549
2.35131e-05
-0.000222782
-2.78463e-05
-0.000241744
-3.79771e-05
-0.000236071
-8.96926e-07
-0.000243307
5.92832e-05
-0.000286536
0.000120981
-0.000302196
9.84751e-05
-0.000261376
-5.35189e-05
-0.000224533
-0.000283834
-0.000184612
-0.000332901
-0.000140777
-0.000275581
-9.19955e-05
-0.000174348
-5.31097e-05
-9.06788e-05
-1.88532e-05
-6.16657e-05
-4.87684e-05
-8.12028e-05
0.000133526
-6.15016e-05
0.000158845
-5.33901e-05
0.000149421
-6.62561e-05
0.000110482
-0.000108794
6.60507e-05
-0.000173503
3.68628e-05
-0.000231436
1.9956e-05
-0.00026031
2.79768e-05
-0.00027591
7.48831e-05
-0.000273822
0.000118893
-0.00025825
8.29035e-05
-0.00024481
-6.69591e-05
-0.00026524
-0.000263404
-0.000249103
-0.000349039
-0.000194274
-0.000330411
-0.000128091
-0.000240531
-6.54501e-05
-0.000153319
-1.45786e-05
-0.000112537
-6.3347e-05
-5.1908e-05
0.00011305
-2.20111e-05
0.000128948
1.03734e-06
0.000126373
6.31355e-06
0.000105205
-1.26523e-05
8.50165e-05
-5.68491e-05
8.10596e-05
-0.000114538
7.76448e-05
-0.000165237
7.86757e-05
-0.000189512
9.91579e-05
-0.000192288
0.00012167
-0.000194316
8.49319e-05
-0.000213366
-4.79096e-05
-0.000256421
-0.000220349
-0.000268545
-0.000336914
-0.000247064
-0.000351892
-0.000180492
-0.000307103
-9.48784e-05
-0.000238933
-1.94833e-05
-0.000187932
-8.28303e-05
-3.3109e-05
9.96961e-05
-1.0675e-05
0.000106514
1.20803e-05
0.000103617
2.48574e-05
9.2428e-05
2.56376e-05
8.42364e-05
1.62391e-05
9.04582e-05
-1.29886e-05
0.000106872
-5.69861e-05
0.000122673
-9.17187e-05
0.000133891
-0.000107207
0.000137157
-0.000124484
0.00010221
-0.000160207
-1.21873e-05
-0.000212715
-0.00016784
-0.0002488
-0.000300829
-0.000239726
-0.000360966
-0.000198416
-0.000348413
-0.000128369
-0.000308979
-3.91472e-05
-0.000277154
-0.000121978
-1.77425e-05
9.05833e-05
-4.20852e-06
9.29802e-05
1.06403e-05
8.87684e-05
2.24429e-05
8.06254e-05
3.11003e-05
7.55791e-05
3.92986e-05
8.22599e-05
4.17727e-05
0.000104398
2.88911e-05
0.000135555
3.06824e-06
0.000159713
-2.20971e-05
0.000162323
-4.80882e-05
0.0001282
-9.20742e-05
3.17987e-05
-0.000146424
-0.00011349
-0.000192004
-0.000255249
-0.000204964
-0.000348007
-0.000176196
-0.000377181
-0.000118087
-0.000367088
-5.09761e-05
-0.000344265
-0.000172954
-6.38084e-06
8.26864e-05
2.93189e-06
8.36674e-05
1.28441e-05
7.88561e-05
2.22462e-05
7.12233e-05
3.16968e-05
6.61286e-05
4.39999e-05
6.99568e-05
6.05468e-05
8.78515e-05
7.50836e-05
0.000121018
7.60909e-05
0.000158706
6.14189e-05
0.000176995
3.27875e-05
0.000156832
-1.04636e-05
7.50498e-05
-6.29312e-05
-6.10224e-05
-0.000106946
-0.000211234
-0.000131259
-0.000323694
-0.00012104
-0.0003874
-9.30135e-05
-0.000395115
-5.34376e-05
-0.000383841
-0.000226391
1.40977e-06
7.52022e-05
9.40834e-06
7.56689e-05
1.73041e-05
7.09603e-05
2.54497e-05
6.30777e-05
3.5029e-05
5.65493e-05
4.7748e-05
5.72378e-05
6.58421e-05
6.97574e-05
9.06964e-05
9.61637e-05
0.000114452
0.00013495
0.000122574
0.000168873
0.000109652
0.000169754
7.26775e-05
0.000112024
1.84083e-05
-6.75323e-06
-3.21576e-05
-0.000160668
-6.75854e-05
-0.000288266
-7.35372e-05
-0.000381448
-7.76518e-05
-0.000391
-7.05207e-05
-0.000390972
-0.000296912
6.81662e-06
6.80419e-05
1.42669e-05
6.82186e-05
2.14688e-05
6.37583e-05
2.90066e-05
5.55398e-05
3.83826e-05
4.71732e-05
5.12669e-05
4.43535e-05
6.88635e-05
5.21607e-05
9.30547e-05
7.19725e-05
0.000124473
0.000103532
0.000151345
0.000142001
0.000157849
0.00016325
0.000135522
0.000134351
8.89725e-05
3.97963e-05
3.36877e-05
-0.000105383
-1.48517e-05
-0.000239726
-4.28885e-05
-0.000353411
-5.28874e-05
-0.000381001
-5.9265e-05
-0.000384595
-0.000356177
1.04584e-05
6.12825e-05
1.76052e-05
6.10717e-05
2.45568e-05
5.68066e-05
3.17409e-05
4.83556e-05
4.0597e-05
3.83171e-05
5.2815e-05
3.21355e-05
6.96087e-05
3.5367e-05
9.14865e-05
5.00947e-05
0.000120291
7.47274e-05
0.000153345
0.000108947
0.000175013
0.000141582
0.000169867
0.000139497
0.000135622
7.40405e-05
8.28787e-05
-5.26395e-05
2.84949e-05
-0.000185343
-1.33936e-05
-0.000311523
-1.17994e-05
-0.000382595
1.63689e-06
-0.000398031
-0.00035454
1.26928e-05
5.50629e-05
1.94783e-05
5.42861e-05
2.62578e-05
5.0027e-05
3.32568e-05
4.13566e-05
4.16419e-05
2.9932e-05
5.28055e-05
2.09719e-05
6.77682e-05
2.04042e-05
8.72178e-05
3.06452e-05
0.000111302
5.06435e-05
0.000141208
7.90402e-05
0.000168365
0.000114425
0.000176514
0.000131348
0.000157291
9.32628e-05
0.000115856
-1.12041e-05
6.91163e-05
-0.000138603
2.81723e-05
-0.000270578
2.03698e-05
-0.000374793
2.41804e-05
-0.000401842
-0.00033036
1.38811e-05
4.94697e-05
2.01273e-05
4.80399e-05
2.65633e-05
4.35908e-05
3.32978e-05
3.46221e-05
4.1309e-05
2.19207e-05
5.16809e-05
1.06001e-05
6.47507e-05
7.33442e-06
8.09284e-05
1.44675e-05
0.000100574
3.09983e-05
0.000124273
5.53409e-05
0.000149161
8.95371e-05
0.000163465
0.000117045
0.000156193
0.000100535
0.000126053
1.89359e-05
8.13515e-05
-9.39013e-05
6.15589e-05
-0.000250786
4.99068e-05
-0.000363141
5.06303e-05
-0.000402565
-0.000279729
1.42882e-05
4.45187e-05
1.98758e-05
4.24523e-05
2.57588e-05
3.77078e-05
3.20818e-05
2.82991e-05
3.98253e-05
1.41772e-05
4.97577e-05
6.67696e-07
6.13615e-05
-4.26932e-06
7.4266e-05
1.56304e-06
8.94977e-05
1.57668e-05
0.000107225
3.76137e-05
0.0001267
7.00622e-05
0.000141484
0.000102261
0.000141218
0.000100801
0.000119452
4.07024e-05
7.27046e-05
-4.71539e-05
5.72276e-05
-0.000235309
3.41109e-05
-0.000340024
1.80761e-05
-0.00038653
-0.000261653
1.40142e-05
4.02338e-05
1.88569e-05
3.76096e-05
2.40238e-05
3.25409e-05
2.98223e-05
2.25005e-05
3.73504e-05
6.64917e-06
4.69521e-05
-8.93407e-06
5.70561e-05
-1.43732e-05
6.72086e-05
-8.58955e-06
7.85245e-05
4.45087e-06
9.13727e-05
2.47656e-05
0.000105565
5.58696e-05
0.000118311
8.9515e-05
0.000122319
9.67929e-05
0.0001087
5.43212e-05
7.12328e-05
-9.68631e-06
5.25341e-05
-0.00021661
2.58786e-05
-0.000313368
-2.18119e-05
-0.00033884
-0.000283465
1.31397e-05
3.66685e-05
1.70751e-05
3.36741e-05
2.12182e-05
2.83978e-05
2.60857e-05
1.76328e-05
3.29273e-05
-1.92444e-07
4.17815e-05
-1.77882e-05
4.99707e-05
-2.25623e-05
5.73928e-05
-1.60118e-05
6.57919e-05
-3.94817e-06
7.5108e-05
1.54495e-05
8.53612e-05
4.56164e-05
9.5507e-05
7.93693e-05
0.000101479
9.08213e-05
9.47259e-05
6.10739e-05
7.57792e-05
9.26043e-06
5.34656e-05
-0.000194296
3.31165e-05
-0.000293019
-3.05245e-05
-0.000275199
-0.00031399
1.18016e-05
3.38835e-05
1.4658e-05
3.08177e-05
1.73304e-05
2.57254e-05
2.04113e-05
1.4552e-05
2.56766e-05
-5.45786e-06
3.296e-05
-2.50717e-05
3.88978e-05
-2.85001e-05
4.33525e-05
-2.04665e-05
4.88933e-05
-9.4891e-06
5.55274e-05
8.81535e-06
6.28887e-05
3.82551e-05
7.03523e-05
7.19057e-05
7.72722e-05
8.39014e-05
7.51562e-05
6.31899e-05
7.18697e-05
1.2547e-05
5.16171e-05
-0.000174044
3.53623e-05
-0.000276765
-1.395e-05
-0.000225887
-0.00032794
1.03309e-05
3.18672e-05
1.21211e-05
2.90274e-05
1.31813e-05
2.46651e-05
1.3893e-05
1.38403e-05
1.61074e-05
-7.67229e-06
2.01621e-05
-2.91265e-05
2.34357e-05
-3.17739e-05
2.48542e-05
-2.18852e-05
2.73099e-05
-1.19449e-05
3.11614e-05
4.96372e-06
3.59721e-05
3.34445e-05
4.10419e-05
6.68359e-05
4.91804e-05
7.5763e-05
5.03706e-05
6.19997e-05
6.24897e-05
4.27879e-07
5.04416e-05
-0.000161996
2.3889e-05
-0.000250212
3.93323e-06
-0.000205931
-0.000324006
9.19349e-06
3.05021e-05
1.01804e-05
2.80405e-05
1.00467e-05
2.47988e-05
8.17798e-06
1.57089e-05
5.52881e-06
-5.02321e-06
4.20546e-06
-2.78033e-05
5.01905e-06
-3.25876e-05
4.37226e-06
-2.12385e-05
2.91919e-06
-1.04919e-05
3.36865e-06
4.51417e-06
5.36919e-06
3.1444e-05
1.09218e-05
6.12833e-05
2.00182e-05
6.66665e-05
2.99162e-05
5.21017e-05
6.33686e-05
-3.30245e-05
7.2391e-05
-0.000171018
5.87504e-05
-0.000236571
2.24246e-05
-0.000169606
-0.000301582
8.87337e-06
2.95367e-05
9.51318e-06
2.74006e-05
9.09718e-06
2.52147e-05
5.59396e-06
1.9212e-05
-2.0148e-06
2.5854e-06
-9.06678e-06
-2.07514e-05
-1.17173e-05
-2.99372e-05
-1.36824e-05
-1.92734e-05
-1.8157e-05
-6.01732e-06
-2.18373e-05
8.1945e-06
-2.17656e-05
3.13722e-05
-1.29421e-05
5.24599e-05
1.70471e-06
5.20198e-05
2.88233e-05
2.49833e-05
7.08402e-05
-7.50415e-05
9.05401e-05
-0.000190718
0.000103608
-0.000249639
0.000126359
-0.000192357
-0.000175223
9.54403e-06
2.86085e-05
1.02711e-05
2.66734e-05
1.05394e-05
2.49464e-05
8.19184e-06
2.15596e-05
-8.21941e-07
1.15991e-05
-1.39156e-05
-7.6578e-06
-2.17882e-05
-2.20646e-05
-2.4017e-05
-1.70446e-05
-2.92162e-05
-8.18194e-07
-3.49878e-05
1.39661e-05
-3.46102e-05
3.09947e-05
-2.23486e-05
4.01984e-05
3.56115e-06
2.611e-05
3.79513e-05
-9.40686e-06
6.13952e-05
-9.84855e-05
6.08804e-05
-0.000190203
3.51217e-05
-0.000223881
3.66052e-05
-0.00019384
-0.000138618
1.07663e-05
2.73868e-05
1.18973e-05
2.55424e-05
1.31106e-05
2.37331e-05
1.33404e-05
2.13297e-05
8.66979e-06
1.62697e-05
-4.0218e-06
5.03376e-06
-1.77695e-05
-8.31699e-06
-2.26268e-05
-1.21873e-05
-2.30492e-05
-3.95672e-07
-2.50143e-05
1.59312e-05
-2.19782e-05
2.79586e-05
-6.94753e-06
2.51677e-05
1.67159e-05
2.44651e-06
3.80924e-05
-3.07834e-05
3.69516e-05
-9.73447e-05
7.543e-06
-0.000160795
-1.55093e-05
-0.000200828
-1.20141e-05
-0.000197335
-0.000150632
1.15625e-05
2.57719e-05
1.31906e-05
2.39142e-05
1.50931e-05
2.18306e-05
1.69964e-05
1.94265e-05
1.7266e-05
1.60001e-05
1.2388e-05
9.91191e-06
1.85816e-06
2.21283e-06
-6.49068e-06
-3.83849e-06
-5.3268e-06
-1.55952e-06
4.63483e-07
1.01409e-05
1.06781e-05
1.77441e-05
2.59628e-05
9.88303e-06
3.60822e-05
-7.67296e-06
3.90338e-05
-3.37352e-05
1.73917e-05
-7.57028e-05
-3.81879e-05
-0.000105215
-7.02415e-05
-0.000168775
-2.7976e-05
-0.000239601
-0.000178608
1.10967e-05
2.39627e-05
1.30187e-05
2.19922e-05
1.5198e-05
1.96514e-05
1.75914e-05
1.70331e-05
2.00138e-05
1.35777e-05
2.06763e-05
9.2494e-06
1.83555e-05
4.53374e-06
1.4841e-05
-3.23968e-07
1.63235e-05
-3.04196e-06
2.57947e-05
6.69739e-07
3.91256e-05
4.41321e-06
4.96129e-05
-6.04191e-07
5.24098e-05
-1.04698e-05
5.14244e-05
-3.27497e-05
3.43527e-05
-5.86312e-05
2.75625e-06
-7.36189e-05
-2.72902e-05
-0.000138728
-2.6273e-05
-0.000240618
-0.000204881
9.31044e-06
2.22729e-05
1.11495e-05
2.01531e-05
1.31552e-05
1.76456e-05
1.53434e-05
1.48449e-05
1.77994e-05
1.11217e-05
2.00929e-05
6.95589e-06
2.12408e-05
3.38586e-06
2.26138e-05
-1.697e-06
2.73419e-05
-7.77002e-06
3.73573e-05
-9.34558e-06
4.90292e-05
-7.25872e-06
5.65162e-05
-8.09126e-06
6.01447e-05
-1.40983e-05
6.60521e-05
-3.8657e-05
7.15615e-05
-6.41406e-05
8.5498e-05
-8.75555e-05
6.82924e-05
-0.000121523
1.39141e-05
-0.00018624
-0.000190966
6.88067e-06
2.0911e-05
8.35438e-06
1.86794e-05
9.90011e-06
1.60999e-05
1.16051e-05
1.314e-05
1.32623e-05
9.46448e-06
1.51214e-05
5.0967e-06
1.68452e-05
1.66199e-06
1.8969e-05
-3.82078e-06
2.35784e-05
-1.23793e-05
3.21136e-05
-1.78808e-05
4.22655e-05
-1.74105e-05
5.05191e-05
-1.63449e-05
5.75108e-05
-2.109e-05
6.40369e-05
-4.51831e-05
7.29553e-05
-7.3059e-05
8.02469e-05
-9.48471e-05
7.24053e-05
-0.000113681
3.51152e-05
-0.00014895
-0.000155851
4.53466e-06
1.99222e-05
5.58072e-06
1.76334e-05
6.64811e-06
1.50325e-05
7.85204e-06
1.1936e-05
8.87953e-06
8.43699e-06
1.01187e-05
3.8575e-06
1.19364e-05
-1.55627e-07
1.41721e-05
-6.05651e-06
1.70422e-05
-1.52494e-05
2.17827e-05
-2.26213e-05
2.89442e-05
-2.45719e-05
3.68034e-05
-2.42042e-05
4.55172e-05
-2.98039e-05
4.85813e-05
-4.82472e-05
5.39728e-05
-7.84505e-05
4.31249e-05
-8.39992e-05
1.96047e-05
-9.01606e-05
3.39288e-05
-0.000163275
-0.000121922
2.5884e-06
1.9282e-05
3.25352e-06
1.69682e-05
3.93957e-06
1.43464e-05
4.73224e-06
1.11433e-05
5.48386e-06
7.68533e-06
6.31765e-06
3.0237e-06
7.79737e-06
-1.63539e-06
9.63964e-06
-7.89872e-06
1.06556e-05
-1.62654e-05
1.16887e-05
-2.36544e-05
1.5345e-05
-2.82282e-05
2.11653e-05
-3.00245e-05
2.98092e-05
-3.84476e-05
3.25066e-05
-5.09447e-05
3.46852e-05
-8.06292e-05
2.95889e-05
-7.8903e-05
2.78076e-05
-8.83792e-05
5.44325e-05
-0.0001899
-6.74899e-05
1.09072e-06
1.89159e-05
1.4865e-06
1.65724e-05
1.91578e-06
1.39171e-05
2.38012e-06
1.06789e-05
2.8804e-06
7.185e-06
3.39208e-06
2.51204e-06
4.2689e-06
-2.51229e-06
5.44209e-06
-9.07186e-06
6.04059e-06
-1.68639e-05
6.20087e-06
-2.38147e-05
7.98074e-06
-3.0008e-05
1.19058e-05
-3.39495e-05
1.78424e-05
-4.43843e-05
2.15548e-05
-5.46571e-05
2.11201e-05
-8.01944e-05
2.88386e-05
-8.66217e-05
2.96188e-05
-8.91595e-05
3.22282e-05
-0.000192509
-3.52617e-05
1.69854e-07
3.22099e-07
5.01018e-07
7.12419e-07
9.74061e-07
1.29229e-06
1.68628e-06
2.22523e-06
2.49704e-06
2.56275e-06
2.95929e-06
4.43087e-06
6.22268e-06
8.69331e-06
8.2639e-06
1.51766e-05
2.11268e-05
2.14243e-06
)
;

boundaryField
{
    leftWall
    {
        type            calculated;
        value           uniform 0;
    }
    rightWall
    {
        type            calculated;
        value           uniform 0;
    }
    lowerWall
    {
        type            calculated;
        value           uniform 0;
    }
    atmosphere
    {
        type            calculated;
        value           nonuniform List<scalar> 
46
(
2.78467e-05
2.68449e-05
2.70723e-05
2.67473e-05
2.68085e-05
2.67036e-05
2.66941e-05
2.66683e-05
2.66469e-05
2.66215e-05
2.65827e-05
2.65233e-05
2.64317e-05
2.63006e-05
2.61186e-05
2.5873e-05
2.55511e-05
2.51399e-05
2.46268e-05
2.39952e-05
2.32301e-05
2.2316e-05
2.12528e-05
9.62573e-06
9.32245e-06
8.99656e-06
8.64346e-06
1.87857e-05
1.64201e-05
1.37381e-05
1.04675e-05
6.92327e-06
2.19383e-06
-2.90635e-06
-9.61084e-06
-1.71357e-05
-2.38804e-05
-3.04046e-05
-3.54211e-05
-4.61761e-05
-5.71278e-05
-7.9765e-05
-9.35344e-05
-9.51098e-05
-0.000173524
-3.31193e-05
)
;
    }
    defaultFaces
    {
        type            empty;
        value           nonuniform 0();
    }
}


// ************************************************************************* //
