/*--------------------------------*- C++ -*----------------------------------*\
| =========                 |                                                 |
| \\      /  F ield         | OpenFOAM: The Open Source CFD Toolbox           |
|  \\    /   O peration     | Version:  5.x                                   |
|   \\  /    A nd           | Web:      www.OpenFOAM.org                      |
|    \\/     M anipulation  |                                                 |
\*---------------------------------------------------------------------------*/
FoamFile
{
    version     2.0;
    format      ascii;
    class       volScalarField;
    location    "0.3";
    object      p_rgh;
}
// * * * * * * * * * * * * * * * * * * * * * * * * * * * * * * * * * * * * * //

dimensions      [1 -1 -2 0 0 0 0];

internalField   nonuniform List<scalar> 
8000
(
0.00387517
0.00387521
0.00387525
0.00387529
0.00387532
0.00387535
0.00387537
0.00387539
0.0038754
0.00387541
0.00387541
0.0038754
0.00387539
0.00387538
0.00387535
0.00387533
0.00387529
0.00387525
0.00387521
0.00387519
0.011626
0.011626
0.0116261
0.0116261
0.0116261
0.0116262
0.0116262
0.0116262
0.0116262
0.0116263
0.0116263
0.0116263
0.0116262
0.0116262
0.0116262
0.0116262
0.0116261
0.0116261
0.011626
0.011626
0.019377
0.019377
0.019377
0.0193771
0.0193771
0.0193771
0.0193771
0.0193771
0.0193771
0.0193771
0.0193771
0.0193771
0.0193772
0.0193772
0.0193771
0.0193771
0.0193771
0.0193771
0.0193771
0.0193772
0.027128
0.027128
0.027128
0.027128
0.027128
0.027128
0.027128
0.027128
0.0271281
0.0271281
0.0271281
0.0271281
0.0271281
0.0271281
0.0271281
0.0271281
0.0271281
0.0271281
0.0271281
0.0271284
0.0348789
0.034879
0.034879
0.034879
0.034879
0.034879
0.034879
0.034879
0.034879
0.034879
0.034879
0.034879
0.0348791
0.0348791
0.0348791
0.0348791
0.0348791
0.0348791
0.0348791
0.0348796
0.0426298
0.04263
0.04263
0.04263
0.04263
0.04263
0.04263
0.04263
0.04263
0.04263
0.04263
0.0426301
0.0426301
0.0426301
0.0426301
0.0426302
0.0426302
0.0426302
0.0426301
0.0426305
0.0503808
0.050381
0.050381
0.050381
0.050381
0.050381
0.050381
0.050381
0.050381
0.0503811
0.0503811
0.0503811
0.0503811
0.0503811
0.0503812
0.0503812
0.0503812
0.0503812
0.0503812
0.0503812
0.0581318
0.058132
0.0581321
0.0581321
0.0581321
0.0581321
0.0581321
0.0581321
0.0581321
0.0581321
0.0581321
0.0581322
0.0581322
0.0581322
0.0581322
0.0581322
0.0581322
0.0581322
0.0581323
0.058132
0.0658829
0.0658831
0.0658831
0.0658831
0.0658831
0.0658832
0.0658832
0.0658832
0.0658832
0.0658832
0.0658832
0.0658832
0.0658832
0.0658832
0.0658832
0.0658832
0.0658832
0.0658832
0.0658833
0.0658828
0.0736341
0.0736342
0.0736342
0.0736342
0.0736342
0.0736342
0.0736343
0.0736343
0.0736343
0.0736343
0.0736343
0.0736343
0.0736343
0.0736343
0.0736342
0.0736342
0.0736342
0.0736342
0.0736343
0.0736336
0.0813853
0.0813853
0.0813853
0.0813853
0.0813853
0.0813853
0.0813854
0.0813854
0.0813854
0.0813854
0.0813854
0.0813853
0.0813853
0.0813853
0.0813852
0.0813852
0.0813852
0.0813852
0.0813853
0.0813845
0.0891364
0.0891364
0.0891364
0.0891364
0.0891364
0.0891364
0.0891364
0.0891364
0.0891364
0.0891364
0.0891364
0.0891364
0.0891363
0.0891363
0.0891363
0.0891362
0.0891362
0.0891362
0.0891362
0.0891356
0.0968875
0.0968874
0.0968874
0.0968875
0.0968875
0.0968875
0.0968875
0.0968875
0.0968875
0.0968875
0.0968874
0.0968874
0.0968874
0.0968873
0.0968873
0.0968872
0.0968872
0.0968872
0.0968871
0.0968868
0.104638
0.104638
0.104638
0.104638
0.104638
0.104638
0.104638
0.104638
0.104638
0.104638
0.104638
0.104638
0.104638
0.104638
0.104638
0.104638
0.104638
0.104638
0.104638
0.104638
0.112389
0.11239
0.11239
0.11239
0.11239
0.11239
0.11239
0.11239
0.112389
0.112389
0.112389
0.112389
0.112389
0.112389
0.112389
0.112389
0.112389
0.112389
0.112389
0.112389
0.12014
0.120141
0.120141
0.120141
0.120141
0.120141
0.120141
0.120141
0.120141
0.12014
0.12014
0.12014
0.12014
0.12014
0.12014
0.12014
0.12014
0.12014
0.12014
0.12014
0.127891
0.127892
0.127892
0.127892
0.127892
0.127892
0.127892
0.127892
0.127892
0.127892
0.127892
0.127891
0.127891
0.127891
0.127891
0.127891
0.127891
0.127891
0.127891
0.127891
0.135642
0.135643
0.135643
0.135643
0.135643
0.135643
0.135643
0.135643
0.135643
0.135643
0.135643
0.135643
0.135643
0.135642
0.135642
0.135642
0.135642
0.135642
0.135642
0.135643
0.143394
0.143394
0.143394
0.143394
0.143394
0.143394
0.143394
0.143394
0.143394
0.143394
0.143394
0.143394
0.143394
0.143394
0.143393
0.143393
0.143393
0.143393
0.143394
0.143394
0.151145
0.151145
0.151145
0.151145
0.151145
0.151145
0.151145
0.151145
0.151145
0.151145
0.151145
0.151145
0.151145
0.151145
0.151145
0.151145
0.151144
0.151145
0.151145
0.151145
0.158897
0.158896
0.158896
0.158896
0.158896
0.158896
0.158896
0.158896
0.158896
0.158896
0.158896
0.158896
0.158896
0.158896
0.158896
0.158896
0.158896
0.158896
0.158896
0.158897
0.166648
0.166647
0.166647
0.166647
0.166647
0.166647
0.166647
0.166647
0.166647
0.166647
0.166647
0.166647
0.166647
0.166647
0.166647
0.166647
0.166647
0.166647
0.166647
0.166648
0.174399
0.174398
0.174398
0.174398
0.174398
0.174398
0.174398
0.174398
0.174398
0.174398
0.174398
0.174398
0.174398
0.174398
0.174398
0.174398
0.174398
0.174398
0.174398
0.174399
0.182149
0.182149
0.182149
0.182149
0.182149
0.182149
0.182149
0.182149
0.182149
0.182149
0.182149
0.182149
0.182149
0.182149
0.182149
0.182149
0.182149
0.182149
0.182149
0.18215
0.1899
0.1899
0.1899
0.1899
0.1899
0.1899
0.1899
0.1899
0.1899
0.1899
0.1899
0.1899
0.1899
0.1899
0.1899
0.1899
0.1899
0.189901
0.189901
0.189901
0.197651
0.197652
0.197651
0.197651
0.197651
0.197651
0.197651
0.197651
0.197651
0.197651
0.197651
0.197651
0.197652
0.197652
0.197652
0.197652
0.197652
0.197652
0.197652
0.197652
0.205402
0.205403
0.205403
0.205403
0.205403
0.205403
0.205403
0.205403
0.205403
0.205403
0.205403
0.205403
0.205403
0.205403
0.205403
0.205403
0.205403
0.205403
0.205403
0.205403
0.213153
0.213154
0.213154
0.213154
0.213154
0.213154
0.213154
0.213154
0.213154
0.213154
0.213154
0.213154
0.213154
0.213154
0.213154
0.213154
0.213154
0.213154
0.213154
0.213154
0.220904
0.220905
0.220905
0.220905
0.220905
0.220905
0.220905
0.220905
0.220905
0.220905
0.220905
0.220905
0.220905
0.220905
0.220905
0.220905
0.220905
0.220905
0.220905
0.220906
0.228656
0.228656
0.228656
0.228656
0.228656
0.228656
0.228656
0.228656
0.228656
0.228656
0.228656
0.228656
0.228656
0.228656
0.228656
0.228657
0.228657
0.228656
0.228656
0.228657
0.236407
0.236407
0.236407
0.236407
0.236407
0.236407
0.236408
0.236408
0.236408
0.236408
0.236408
0.236408
0.236408
0.236408
0.236408
0.236408
0.236408
0.236408
0.236408
0.236408
0.244158
0.244159
0.244159
0.244159
0.244159
0.244159
0.244159
0.244159
0.244159
0.244159
0.244159
0.244159
0.244159
0.244159
0.244159
0.244159
0.244159
0.244159
0.244159
0.244159
0.25191
0.25191
0.25191
0.25191
0.25191
0.25191
0.25191
0.25191
0.25191
0.25191
0.25191
0.25191
0.25191
0.25191
0.25191
0.25191
0.25191
0.25191
0.25191
0.25191
0.259661
0.259661
0.259661
0.259661
0.259661
0.259661
0.259661
0.259661
0.259661
0.259661
0.259661
0.259661
0.259661
0.259661
0.259661
0.259661
0.259661
0.259661
0.259661
0.259661
0.267412
0.267412
0.267412
0.267412
0.267412
0.267412
0.267412
0.267412
0.267412
0.267412
0.267412
0.267412
0.267412
0.267412
0.267412
0.267412
0.267412
0.267412
0.267412
0.267412
0.275163
0.275163
0.275163
0.275163
0.275163
0.275163
0.275163
0.275163
0.275163
0.275163
0.275163
0.275163
0.275163
0.275163
0.275163
0.275163
0.275163
0.275163
0.275163
0.275163
0.282914
0.282914
0.282914
0.282914
0.282914
0.282914
0.282914
0.282914
0.282914
0.282914
0.282914
0.282914
0.282914
0.282914
0.282914
0.282914
0.282914
0.282914
0.282914
0.282914
0.290665
0.290665
0.290665
0.290665
0.290665
0.290665
0.290665
0.290665
0.290665
0.290665
0.290665
0.290665
0.290665
0.290665
0.290665
0.290665
0.290665
0.290665
0.290665
0.290665
0.298417
0.298416
0.298416
0.298416
0.298416
0.298416
0.298416
0.298416
0.298416
0.298416
0.298416
0.298416
0.298416
0.298416
0.298416
0.298416
0.298416
0.298416
0.298416
0.298416
0.306168
0.306167
0.306167
0.306167
0.306167
0.306167
0.306167
0.306167
0.306167
0.306167
0.306167
0.306167
0.306167
0.306167
0.306167
0.306167
0.306167
0.306167
0.306167
0.306167
0.313919
0.313919
0.313918
0.313918
0.313918
0.313918
0.313918
0.313918
0.313918
0.313918
0.313918
0.313918
0.313918
0.313918
0.313918
0.313918
0.313918
0.313918
0.313918
0.313918
0.32167
0.32167
0.32167
0.32167
0.32167
0.321669
0.321669
0.321669
0.321669
0.321669
0.321669
0.321669
0.321669
0.321669
0.321669
0.321669
0.321669
0.321669
0.321669
0.321669
0.329422
0.329421
0.329421
0.329421
0.329421
0.329421
0.329421
0.329421
0.329421
0.329421
0.329421
0.329421
0.329421
0.329421
0.32942
0.32942
0.32942
0.32942
0.329421
0.329421
0.337173
0.337172
0.337172
0.337172
0.337172
0.337172
0.337172
0.337172
0.337172
0.337172
0.337172
0.337172
0.337172
0.337172
0.337172
0.337172
0.337172
0.337172
0.337172
0.337172
0.344924
0.344923
0.344923
0.344923
0.344923
0.344923
0.344923
0.344923
0.344923
0.344923
0.344923
0.344923
0.344923
0.344923
0.344923
0.344923
0.344923
0.344923
0.344923
0.344923
0.352675
0.352674
0.352674
0.352674
0.352674
0.352674
0.352674
0.352674
0.352674
0.352674
0.352674
0.352674
0.352674
0.352674
0.352674
0.352674
0.352674
0.352674
0.352674
0.352675
0.360426
0.360426
0.360426
0.360426
0.360425
0.360425
0.360425
0.360425
0.360425
0.360425
0.360425
0.360425
0.360425
0.360425
0.360425
0.360425
0.360425
0.360426
0.360426
0.360426
0.368177
0.368177
0.368177
0.368177
0.368177
0.368177
0.368177
0.368177
0.368177
0.368177
0.368177
0.368177
0.368177
0.368177
0.368177
0.368177
0.368177
0.368177
0.368177
0.368178
0.375929
0.375928
0.375928
0.375928
0.375928
0.375928
0.375928
0.375928
0.375928
0.375928
0.375928
0.375928
0.375928
0.375928
0.375928
0.375928
0.375928
0.375928
0.375929
0.37593
0.38368
0.38368
0.38368
0.38368
0.38368
0.383679
0.383679
0.383679
0.383679
0.383679
0.383679
0.38368
0.38368
0.38368
0.38368
0.38368
0.38368
0.38368
0.38368
0.383681
0.391431
0.391431
0.391431
0.391431
0.391431
0.391431
0.391431
0.391431
0.391431
0.391431
0.391431
0.391431
0.391431
0.391431
0.391431
0.391432
0.391432
0.391432
0.391432
0.391433
0.399183
0.399183
0.399183
0.399183
0.399183
0.399183
0.399183
0.399183
0.399183
0.399183
0.399183
0.399183
0.399183
0.399183
0.399183
0.399183
0.399183
0.399184
0.399184
0.399185
0.406935
0.406935
0.406935
0.406935
0.406935
0.406935
0.406935
0.406935
0.406935
0.406935
0.406935
0.406935
0.406935
0.406935
0.406935
0.406935
0.406935
0.406936
0.406936
0.406937
0.414687
0.414687
0.414687
0.414687
0.414687
0.414687
0.414687
0.414687
0.414687
0.414687
0.414687
0.414687
0.414687
0.414687
0.414687
0.414687
0.414688
0.414688
0.414688
0.414689
0.42244
0.42244
0.42244
0.42244
0.422439
0.422439
0.422439
0.422439
0.422439
0.422439
0.422439
0.422439
0.422439
0.422439
0.42244
0.42244
0.42244
0.42244
0.42244
0.422442
0.430193
0.430193
0.430192
0.430192
0.430192
0.430192
0.430192
0.430192
0.430192
0.430192
0.430192
0.430192
0.430192
0.430192
0.430192
0.430192
0.430193
0.430193
0.430193
0.430194
0.437946
0.437946
0.437945
0.437945
0.437945
0.437945
0.437945
0.437944
0.437944
0.437944
0.437944
0.437944
0.437945
0.437945
0.437945
0.437945
0.437946
0.437946
0.437946
0.437947
0.4457
0.445699
0.445699
0.445698
0.445698
0.445698
0.445698
0.445698
0.445697
0.445697
0.445697
0.445698
0.445698
0.445698
0.445698
0.445699
0.445699
0.445699
0.445699
0.445701
0.453454
0.453453
0.453452
0.453452
0.453452
0.453451
0.453451
0.453451
0.453451
0.453451
0.453451
0.453451
0.453451
0.453452
0.453452
0.453452
0.453453
0.453453
0.453453
0.453455
0.461208
0.461207
0.461207
0.461206
0.461206
0.461206
0.461205
0.461205
0.461205
0.461205
0.461205
0.461205
0.461206
0.461206
0.461206
0.461207
0.461207
0.461207
0.461208
0.461209
0.468963
0.468962
0.468961
0.468961
0.468961
0.46896
0.46896
0.46896
0.46896
0.46896
0.46896
0.46896
0.46896
0.468961
0.468961
0.468961
0.468962
0.468962
0.468963
0.468964
0.476719
0.476718
0.476717
0.476717
0.476716
0.476716
0.476716
0.476715
0.476715
0.476715
0.476715
0.476716
0.476716
0.476716
0.476717
0.476717
0.476718
0.476718
0.476719
0.47672
0.484475
0.484474
0.484473
0.484473
0.484472
0.484472
0.484472
0.484472
0.484472
0.484472
0.484472
0.484472
0.484472
0.484473
0.484473
0.484474
0.484474
0.484475
0.484476
0.484476
0.492232
0.492231
0.492231
0.49223
0.49223
0.492229
0.492229
0.492229
0.492229
0.492229
0.492229
0.492229
0.492229
0.49223
0.49223
0.492231
0.492232
0.492232
0.492233
0.492234
0.49999
0.499989
0.499989
0.499988
0.499988
0.499988
0.499987
0.499987
0.499987
0.499987
0.499987
0.499987
0.499988
0.499988
0.499989
0.499989
0.49999
0.499991
0.499992
0.499993
0.50775
0.507749
0.507748
0.507748
0.507747
0.507747
0.507747
0.507747
0.507746
0.507746
0.507747
0.507747
0.507747
0.507748
0.507748
0.507749
0.50775
0.507751
0.507751
0.507752
0.51551
0.515509
0.515509
0.515508
0.515508
0.515508
0.515507
0.515507
0.515507
0.515507
0.515507
0.515508
0.515508
0.515508
0.515509
0.51551
0.51551
0.515511
0.515512
0.515513
0.523272
0.523271
0.52327
0.52327
0.52327
0.523269
0.523269
0.523269
0.523269
0.523269
0.523269
0.523269
0.52327
0.52327
0.523271
0.523272
0.523272
0.523273
0.523274
0.523275
0.531035
0.531034
0.531033
0.531033
0.531032
0.531032
0.531032
0.531032
0.531032
0.531032
0.531032
0.531032
0.531033
0.531033
0.531034
0.531034
0.531035
0.531036
0.531037
0.531037
0.538798
0.538797
0.538797
0.538797
0.538796
0.538796
0.538796
0.538796
0.538796
0.538796
0.538796
0.538796
0.538797
0.538797
0.538798
0.538799
0.538799
0.5388
0.538801
0.538801
0.546562
0.546562
0.546562
0.546561
0.546561
0.546561
0.546561
0.546561
0.546561
0.546561
0.546561
0.546562
0.546562
0.546562
0.546563
0.546563
0.546564
0.546565
0.546565
0.546565
0.554327
0.554328
0.554327
0.554327
0.554327
0.554327
0.554327
0.554327
0.554327
0.554327
0.554327
0.554327
0.554328
0.554328
0.554329
0.554329
0.55433
0.55433
0.554331
0.554331
0.562093
0.562094
0.562093
0.562093
0.562093
0.562093
0.562093
0.562093
0.562093
0.562094
0.562094
0.562094
0.562094
0.562095
0.562095
0.562095
0.562096
0.562096
0.562096
0.562096
0.56986
0.56986
0.56986
0.56986
0.56986
0.56986
0.56986
0.56986
0.56986
0.569861
0.569861
0.569861
0.569861
0.569861
0.569862
0.569862
0.569862
0.569862
0.569862
0.569863
0.577626
0.577627
0.577627
0.577627
0.577627
0.577627
0.577627
0.577627
0.577627
0.577628
0.577628
0.577628
0.577628
0.577628
0.577628
0.577628
0.577628
0.577628
0.577629
0.577629
0.585393
0.585393
0.585393
0.585394
0.585394
0.585394
0.585394
0.585394
0.585394
0.585394
0.585394
0.585395
0.585395
0.585395
0.585395
0.585395
0.585395
0.585394
0.585394
0.585395
0.593159
0.593159
0.59316
0.59316
0.59316
0.59316
0.593161
0.593161
0.593161
0.593161
0.593161
0.593161
0.593161
0.593161
0.593161
0.59316
0.59316
0.59316
0.59316
0.59316
0.600925
0.600925
0.600926
0.600926
0.600926
0.600926
0.600926
0.600926
0.600926
0.600926
0.600926
0.600926
0.600926
0.600926
0.600926
0.600926
0.600925
0.600925
0.600925
0.600925
0.608691
0.60869
0.608691
0.608691
0.608691
0.608691
0.608691
0.608691
0.608691
0.608691
0.608691
0.608691
0.608691
0.608691
0.60869
0.60869
0.60869
0.608689
0.608689
0.608689
0.616455
0.616454
0.616455
0.616455
0.616455
0.616455
0.616455
0.616455
0.616455
0.616455
0.616455
0.616455
0.616455
0.616454
0.616454
0.616454
0.616453
0.616453
0.616452
0.616452
0.624218
0.624218
0.624218
0.624218
0.624218
0.624218
0.624218
0.624218
0.624218
0.624218
0.624218
0.624218
0.624218
0.624217
0.624217
0.624217
0.624216
0.624216
0.624215
0.624215
0.63198
0.63198
0.63198
0.63198
0.63198
0.63198
0.63198
0.63198
0.63198
0.63198
0.63198
0.63198
0.63198
0.631979
0.631979
0.631979
0.631978
0.631978
0.631978
0.631977
0.639742
0.639742
0.639742
0.639742
0.639742
0.639742
0.639742
0.639742
0.639742
0.639742
0.639742
0.639742
0.639741
0.639741
0.639741
0.639741
0.63974
0.63974
0.63974
0.639739
0.647503
0.647503
0.647503
0.647503
0.647503
0.647503
0.647503
0.647503
0.647503
0.647503
0.647503
0.647503
0.647503
0.647503
0.647502
0.647502
0.647502
0.647502
0.647502
0.647502
0.655265
0.655265
0.655265
0.655265
0.655265
0.655264
0.655264
0.655264
0.655264
0.655264
0.655264
0.655264
0.655264
0.655264
0.655264
0.655264
0.655264
0.655264
0.655264
0.655264
0.663026
0.663027
0.663026
0.663026
0.663026
0.663026
0.663026
0.663026
0.663026
0.663026
0.663026
0.663026
0.663026
0.663026
0.663026
0.663026
0.663026
0.663027
0.663027
0.663027
0.670788
0.670789
0.670788
0.670788
0.670788
0.670788
0.670788
0.670788
0.670788
0.670788
0.670788
0.670788
0.670788
0.670788
0.670789
0.670789
0.670789
0.670789
0.67079
0.67079
0.678551
0.678551
0.678551
0.67855
0.67855
0.67855
0.67855
0.67855
0.678551
0.678551
0.678551
0.678551
0.678551
0.678552
0.678552
0.678552
0.678552
0.678553
0.678553
0.678553
0.686314
0.686314
0.686314
0.686314
0.686314
0.686314
0.686314
0.686314
0.686314
0.686314
0.686315
0.686315
0.686315
0.686315
0.686316
0.686316
0.686316
0.686316
0.686317
0.686317
0.694078
0.694078
0.694078
0.694078
0.694078
0.694078
0.694078
0.694078
0.694078
0.694079
0.694079
0.694079
0.694079
0.69408
0.69408
0.69408
0.69408
0.69408
0.694081
0.69408
0.701843
0.701843
0.701843
0.701843
0.701843
0.701843
0.701843
0.701843
0.701843
0.701843
0.701844
0.701844
0.701844
0.701844
0.701844
0.701844
0.701845
0.701845
0.701845
0.701844
0.709608
0.709608
0.709608
0.709608
0.709608
0.709608
0.709608
0.709608
0.709608
0.709608
0.709609
0.709609
0.709609
0.709609
0.709609
0.709609
0.709609
0.709609
0.709609
0.709608
0.717372
0.717373
0.717373
0.717373
0.717373
0.717373
0.717373
0.717373
0.717373
0.717373
0.717373
0.717373
0.717373
0.717373
0.717373
0.717373
0.717373
0.717373
0.717372
0.717371
0.725137
0.725138
0.725138
0.725138
0.725138
0.725138
0.725138
0.725138
0.725138
0.725138
0.725138
0.725137
0.725137
0.725137
0.725137
0.725137
0.725136
0.725136
0.725136
0.725135
0.732902
0.732902
0.732902
0.732903
0.732903
0.732903
0.732902
0.732902
0.732902
0.732902
0.732901
0.732901
0.732901
0.7329
0.7329
0.7329
0.732899
0.732899
0.732899
0.732898
0.740666
0.740666
0.740666
0.740666
0.740666
0.740666
0.740666
0.740666
0.740665
0.740665
0.740665
0.740664
0.740664
0.740663
0.740663
0.740663
0.740663
0.740662
0.740662
0.740662
0.748429
0.74843
0.74843
0.74843
0.74843
0.748429
0.748429
0.748429
0.748428
0.748428
0.748427
0.748427
0.748427
0.748426
0.748426
0.748426
0.748426
0.748425
0.748425
0.748425
0.756192
0.756192
0.756193
0.756192
0.756192
0.756192
0.756192
0.756191
0.756191
0.75619
0.75619
0.75619
0.756189
0.756189
0.756189
0.756189
0.75619
0.756189
0.756189
0.756189
0.763955
0.763955
0.763955
0.763955
0.763954
0.763954
0.763954
0.763954
0.763953
0.763953
0.763953
0.763952
0.763952
0.763952
0.763952
0.763952
0.763952
0.763952
0.763953
0.763953
0.771717
0.771717
0.771717
0.771717
0.771717
0.771717
0.771716
0.771716
0.771716
0.771716
0.771716
0.771716
0.771716
0.771716
0.771716
0.771716
0.771716
0.771716
0.771717
0.771717
0.779479
0.77948
0.77948
0.77948
0.779479
0.779479
0.779479
0.779479
0.779479
0.779479
0.779479
0.779479
0.77948
0.77948
0.77948
0.779481
0.77948
0.779481
0.779481
0.779481
0.787242
0.787242
0.787242
0.787242
0.787242
0.787242
0.787242
0.787243
0.787243
0.787243
0.787243
0.787244
0.787244
0.787244
0.787244
0.787245
0.787245
0.787245
0.787245
0.787245
0.795006
0.795006
0.795005
0.795005
0.795006
0.795006
0.795006
0.795007
0.795007
0.795007
0.795008
0.795008
0.795009
0.795009
0.795009
0.795009
0.795009
0.795009
0.795009
0.795009
0.802769
0.802769
0.802769
0.802769
0.802769
0.80277
0.80277
0.802771
0.802771
0.802772
0.802772
0.802773
0.802773
0.802773
0.802773
0.802773
0.802773
0.802773
0.802773
0.802772
0.810533
0.810533
0.810533
0.810533
0.810534
0.810534
0.810535
0.810535
0.810536
0.810536
0.810536
0.810537
0.810537
0.810537
0.810537
0.810537
0.810537
0.810537
0.810536
0.810536
0.818297
0.818297
0.818297
0.818297
0.818298
0.818298
0.818299
0.818299
0.8183
0.8183
0.8183
0.8183
0.8183
0.8183
0.8183
0.8183
0.8183
0.8183
0.818299
0.818299
0.826061
0.826061
0.826061
0.826062
0.826062
0.826062
0.826062
0.826063
0.826063
0.826063
0.826063
0.826063
0.826063
0.826063
0.826063
0.826063
0.826063
0.826062
0.826062
0.826063
0.833826
0.833825
0.833825
0.833825
0.833826
0.833826
0.833826
0.833826
0.833826
0.833826
0.833826
0.833826
0.833826
0.833826
0.833825
0.833825
0.833825
0.833825
0.833825
0.833826
0.841589
0.841589
0.841589
0.841589
0.841589
0.841589
0.841589
0.841589
0.841589
0.841588
0.841588
0.841588
0.841588
0.841588
0.841588
0.841588
0.841588
0.841589
0.841589
0.841589
0.849353
0.849353
0.849353
0.849353
0.849352
0.849352
0.849352
0.849352
0.849351
0.849351
0.849351
0.849351
0.849351
0.849351
0.849351
0.849352
0.849352
0.849353
0.849353
0.849353
0.857116
0.857116
0.857116
0.857116
0.857116
0.857115
0.857115
0.857114
0.857114
0.857114
0.857114
0.857114
0.857114
0.857114
0.857115
0.857116
0.857116
0.857117
0.857117
0.857117
0.86488
0.86488
0.86488
0.864879
0.864879
0.864879
0.864878
0.864878
0.864877
0.864877
0.864877
0.864877
0.864878
0.864879
0.864879
0.86488
0.864881
0.864881
0.864882
0.864881
0.872644
0.872644
0.872643
0.872643
0.872643
0.872642
0.872642
0.872641
0.872641
0.872641
0.872641
0.872642
0.872642
0.872643
0.872644
0.872645
0.872645
0.872646
0.872646
0.872645
0.880408
0.880407
0.880407
0.880407
0.880406
0.880406
0.880405
0.880405
0.880405
0.880405
0.880406
0.880406
0.880407
0.880408
0.880408
0.880409
0.880409
0.880409
0.880409
0.880408
0.888171
0.888171
0.888171
0.88817
0.88817
0.88817
0.888169
0.888169
0.888169
0.88817
0.88817
0.888171
0.888171
0.888172
0.888172
0.888172
0.888172
0.888172
0.888172
0.888171
0.895935
0.895934
0.895934
0.895934
0.895934
0.895934
0.895934
0.895934
0.895934
0.895934
0.895935
0.895935
0.895935
0.895935
0.895935
0.895935
0.895935
0.895935
0.895934
0.895934
0.903698
0.903698
0.903697
0.903697
0.903697
0.903697
0.903698
0.903698
0.903698
0.903698
0.903699
0.903699
0.903699
0.903699
0.903698
0.903698
0.903697
0.903697
0.903696
0.903696
0.911461
0.911461
0.911461
0.911461
0.911461
0.911461
0.911461
0.911462
0.911462
0.911462
0.911463
0.911462
0.911462
0.911461
0.911461
0.91146
0.911459
0.911459
0.911459
0.911458
0.919224
0.919224
0.919224
0.919224
0.919224
0.919225
0.919225
0.919226
0.919226
0.919226
0.919226
0.919226
0.919225
0.919224
0.919224
0.919223
0.919222
0.919222
0.919221
0.919221
0.926987
0.926987
0.926987
0.926987
0.926987
0.926988
0.926989
0.926989
0.92699
0.92699
0.92699
0.926989
0.926989
0.926988
0.926987
0.926986
0.926985
0.926985
0.926985
0.926985
0.93475
0.93475
0.93475
0.93475
0.934751
0.934752
0.934752
0.934753
0.934754
0.934754
0.934754
0.934754
0.934753
0.934752
0.934751
0.93475
0.93475
0.934749
0.934749
0.934749
0.942513
0.942513
0.942513
0.942513
0.942514
0.942515
0.942516
0.942517
0.942517
0.942517
0.942518
0.942517
0.942516
0.942516
0.942515
0.942515
0.942514
0.942514
0.942514
0.942514
0.950277
0.950276
0.950276
0.950277
0.950278
0.950278
0.950279
0.95028
0.95028
0.950281
0.950281
0.95028
0.95028
0.95028
0.950279
0.950279
0.950278
0.950278
0.950278
0.950278
0.95804
0.95804
0.95804
0.95804
0.958041
0.958042
0.958042
0.958043
0.958043
0.958044
0.958044
0.958044
0.958044
0.958043
0.958043
0.958043
0.958042
0.958042
0.958042
0.958041
0.965804
0.965803
0.965804
0.965804
0.965804
0.965805
0.965805
0.965806
0.965806
0.965806
0.965806
0.965806
0.965806
0.965806
0.965806
0.965806
0.965806
0.965806
0.965805
0.965805
0.973567
0.973567
0.973567
0.973567
0.973567
0.973568
0.973568
0.973568
0.973568
0.973568
0.973569
0.973569
0.973569
0.973569
0.973569
0.973569
0.973569
0.973569
0.973569
0.973569
0.981331
0.981331
0.981331
0.981331
0.981331
0.981331
0.981331
0.981331
0.981331
0.981331
0.981331
0.981331
0.981331
0.981332
0.981332
0.981332
0.981332
0.981332
0.981332
0.981332
0.989095
0.989095
0.989095
0.989094
0.989094
0.989094
0.989093
0.989093
0.989093
0.989093
0.989093
0.989094
0.989094
0.989095
0.989095
0.989096
0.989096
0.989096
0.989096
0.989095
0.996859
0.996859
0.996858
0.996858
0.996857
0.996857
0.996856
0.996856
0.996856
0.996856
0.996857
0.996857
0.996858
0.996858
0.996859
0.996859
0.99686
0.99686
0.996859
0.996859
1.00462
1.00462
1.00462
1.00462
1.00462
1.00462
1.00462
1.00462
1.00462
1.00462
1.00462
1.00462
1.00462
1.00462
1.00462
1.00462
1.00462
1.00462
1.00462
1.00462
1.01239
1.01239
1.01239
1.01238
1.01238
1.01238
1.01238
1.01238
1.01238
1.01238
1.01238
1.01238
1.01239
1.01239
1.01239
1.01239
1.01239
1.01239
1.01239
1.01239
1.02015
1.02015
1.02015
1.02015
1.02015
1.02015
1.02015
1.02015
1.02015
1.02015
1.02015
1.02015
1.02015
1.02015
1.02015
1.02015
1.02015
1.02015
1.02015
1.02015
1.02791
1.02791
1.02791
1.02791
1.02791
1.02791
1.02791
1.02791
1.02791
1.02791
1.02791
1.02791
1.02791
1.02791
1.02791
1.02791
1.02791
1.02791
1.02791
1.02791
1.03568
1.03567
1.03567
1.03567
1.03567
1.03567
1.03567
1.03567
1.03567
1.03567
1.03567
1.03568
1.03568
1.03568
1.03568
1.03568
1.03568
1.03568
1.03568
1.03568
1.04344
1.04344
1.04344
1.04344
1.04343
1.04343
1.04343
1.04343
1.04343
1.04344
1.04344
1.04344
1.04344
1.04344
1.04344
1.04344
1.04344
1.04344
1.04344
1.04344
1.0512
1.0512
1.0512
1.0512
1.0512
1.0512
1.0512
1.0512
1.0512
1.0512
1.0512
1.0512
1.0512
1.0512
1.05121
1.05121
1.05121
1.05121
1.05121
1.05121
1.05897
1.05896
1.05896
1.05896
1.05896
1.05896
1.05896
1.05896
1.05896
1.05896
1.05896
1.05897
1.05897
1.05897
1.05897
1.05897
1.05897
1.05897
1.05897
1.05897
1.06673
1.06673
1.06672
1.06672
1.06672
1.06672
1.06672
1.06672
1.06672
1.06673
1.06673
1.06673
1.06673
1.06673
1.06673
1.06673
1.06674
1.06673
1.06673
1.06673
1.07449
1.07449
1.07449
1.07449
1.07449
1.07448
1.07448
1.07449
1.07449
1.07449
1.07449
1.07449
1.07449
1.0745
1.0745
1.0745
1.0745
1.0745
1.0745
1.0745
1.08226
1.08225
1.08225
1.08225
1.08225
1.08225
1.08225
1.08225
1.08225
1.08225
1.08225
1.08226
1.08226
1.08226
1.08226
1.08226
1.08226
1.08226
1.08226
1.08226
1.09002
1.09002
1.09001
1.09001
1.09001
1.09001
1.09001
1.09001
1.09001
1.09001
1.09002
1.09002
1.09002
1.09003
1.09003
1.09003
1.09003
1.09003
1.09003
1.09002
1.09778
1.09778
1.09777
1.09777
1.09777
1.09777
1.09777
1.09777
1.09777
1.09778
1.09778
1.09778
1.09779
1.09779
1.09779
1.09779
1.09779
1.09779
1.09779
1.09779
1.10554
1.10554
1.10554
1.10553
1.10553
1.10553
1.10553
1.10553
1.10554
1.10554
1.10554
1.10555
1.10555
1.10556
1.10556
1.10556
1.10556
1.10556
1.10556
1.10555
1.11331
1.1133
1.1133
1.11329
1.11329
1.11329
1.11329
1.11329
1.1133
1.1133
1.11331
1.11331
1.11332
1.11332
1.11333
1.11333
1.11333
1.11333
1.11332
1.11332
1.12107
1.12107
1.12106
1.12105
1.12105
1.12105
1.12105
1.12105
1.12106
1.12106
1.12107
1.12108
1.12108
1.12109
1.12109
1.12109
1.1211
1.12109
1.12109
1.12109
1.12884
1.12883
1.12882
1.12882
1.12881
1.12881
1.12881
1.12881
1.12882
1.12882
1.12883
1.12884
1.12885
1.12885
1.12886
1.12886
1.12886
1.12886
1.12886
1.12886
1.13661
1.1366
1.13659
1.13658
1.13657
1.13657
1.13657
1.13657
1.13658
1.13658
1.13659
1.1366
1.13661
1.13662
1.13663
1.13663
1.13663
1.13663
1.13663
1.13663
1.14438
1.14436
1.14435
1.14434
1.14433
1.14432
1.14432
1.14433
1.14433
1.14434
1.14435
1.14436
1.14438
1.14439
1.14439
1.1444
1.1444
1.14441
1.14441
1.1444
1.15215
1.15213
1.15211
1.1521
1.15209
1.15208
1.15208
1.15208
1.15209
1.1521
1.15211
1.15213
1.15214
1.15215
1.15216
1.15217
1.15218
1.15218
1.15218
1.15217
1.15992
1.1599
1.15988
1.15986
1.15984
1.15984
1.15983
1.15984
1.15984
1.15986
1.15987
1.15989
1.1599
1.15992
1.15993
1.15994
1.15995
1.15996
1.15996
1.15995
1.1677
1.16767
1.16765
1.16762
1.1676
1.16759
1.16759
1.16759
1.1676
1.16761
1.16763
1.16765
1.16767
1.16769
1.1677
1.16772
1.16773
1.16774
1.16774
1.16774
1.17549
1.17545
1.17541
1.17538
1.17536
1.17534
1.17534
1.17534
1.17535
1.17536
1.17538
1.1754
1.17543
1.17545
1.17548
1.1755
1.17552
1.17553
1.17554
1.17553
1.18328
1.18323
1.18319
1.18315
1.18311
1.18309
1.18308
1.18308
1.18309
1.1831
1.18313
1.18316
1.18319
1.18322
1.18325
1.18328
1.1833
1.18332
1.18334
1.18334
1.19108
1.19102
1.19096
1.19091
1.19087
1.19084
1.19082
1.19082
1.19083
1.19084
1.19087
1.1909
1.19094
1.19098
1.19103
1.19106
1.1911
1.19112
1.19115
1.19115
1.19889
1.19882
1.19874
1.19868
1.19863
1.19859
1.19856
1.19855
1.19856
1.19857
1.1986
1.19864
1.19869
1.19875
1.1988
1.19886
1.1989
1.19893
1.19897
1.19897
1.2067
1.20663
1.20653
1.20645
1.20639
1.20634
1.2063
1.20628
1.20628
1.20629
1.20633
1.20638
1.20644
1.20651
1.20659
1.20666
1.20672
1.20676
1.20682
1.2068
1.21447
1.21446
1.21433
1.21424
1.21416
1.21409
1.21403
1.214
1.21398
1.21399
1.21403
1.21409
1.21417
1.21427
1.21437
1.21447
1.21456
1.2146
1.2147
1.21459
1.22215
1.22233
1.22214
1.22205
1.22194
1.22184
1.22176
1.2217
1.22167
1.22167
1.22171
1.22178
1.22189
1.22202
1.22216
1.2223
1.22244
1.22246
1.22264
1.22227
1.23009
1.23032
1.22998
1.22989
1.22975
1.2296
1.22948
1.22938
1.22932
1.22931
1.22935
1.22944
1.22957
1.22975
1.22996
1.23016
1.23038
1.23033
1.23074
1.23001
1.23657
1.23854
1.23783
1.23779
1.23757
1.23736
1.23718
1.23703
1.23694
1.2369
1.23693
1.23704
1.23721
1.23745
1.23774
1.23804
1.2384
1.23822
1.2391
1.2367
1.24078
1.24727
1.24598
1.24584
1.24543
1.24511
1.24485
1.24465
1.2445
1.24442
1.24444
1.24456
1.24478
1.24509
1.24549
1.24596
1.24653
1.24654
1.24803
1.24097
1.31464
1.25775
1.25498
1.25403
1.25328
1.25283
1.25248
1.2522
1.25198
1.25185
1.25185
1.25197
1.25223
1.25261
1.25313
1.25381
1.25474
1.25592
1.25874
1.31387
1.29426
1.26677
1.26227
1.2614
1.26079
1.2604
1.26004
1.25968
1.25937
1.25916
1.25911
1.25923
1.25952
1.25995
1.26051
1.26124
1.26204
1.26359
1.26871
1.2977
1.27575
1.29284
1.26824
1.26769
1.268
1.26792
1.26757
1.2671
1.26665
1.26633
1.26621
1.26632
1.26664
1.26711
1.26767
1.26833
1.26807
1.26989
1.29678
1.27818
1.27968
1.31174
1.2772
1.27468
1.2757
1.27574
1.27523
1.27452
1.27381
1.27329
1.27307
1.27318
1.27359
1.27419
1.27487
1.27571
1.27477
1.27916
1.31997
1.28404
1.28713
1.29984
1.28353
1.28489
1.28455
1.28413
1.28313
1.28193
1.28081
1.27999
1.27962
1.27975
1.28032
1.28121
1.28227
1.28342
1.28528
1.2849
1.30948
1.28742
1.29167
1.30151
1.30998
1.29317
1.29304
1.29275
1.29115
1.28923
1.28752
1.28626
1.2857
1.28587
1.28668
1.2879
1.28917
1.28939
1.29177
1.31078
1.30097
1.31176
1.54039
1.30836
1.31787
1.30509
1.30475
1.30275
1.29947
1.29637
1.29373
1.29189
1.29108
1.29135
1.29257
1.29448
1.29669
1.29842
1.29701
1.31501
1.31453
1.31682
1.44532
1.3193
1.31982
1.32376
1.31579
1.31303
1.30753
1.30285
1.29905
1.29649
1.2954
1.29583
1.29764
1.30057
1.30428
1.30737
1.32693
1.31106
1.31424
1.31775
1.31881
1.31677
1.33024
1.33725
1.33832
1.32376
1.31474
1.3081
1.30297
1.29957
1.2982
1.29887
1.30141
1.30577
1.31269
1.32186
1.33824
1.31641
1.32219
1.3185
1.32903
1.33661
1.34413
1.32378
1.35325
1.34528
1.32004
1.31149
1.3049
1.30057
1.29885
1.2997
1.30279
1.30754
1.32208
1.33946
1.33305
1.32862
1.33191
1.33247
1.32927
1.3713
1.35185
1.36322
1.3354
1.36697
1.32311
1.3122
1.30408
1.29872
1.29671
1.29809
1.30214
1.30776
1.35113
1.34947
1.34095
1.34229
1.34101
1.33642
1.3268
1.44116
1.38407
1.38044
1.36835
1.34191
1.33193
1.31096
1.30026
1.29329
1.29113
1.29363
1.29993
1.31371
1.33052
1.3374
1.34751
1.35265
1.35321
1.35014
1.35109
1.36683
1.45519
1.4249
1.38051
1.35977
1.33007
1.30788
1.2918
1.28273
1.28048
1.28477
1.29473
1.3108
1.32683
1.34383
1.35762
1.36587
1.36779
1.3652
1.38021
1.39482
1.36639
1.45891
1.41695
1.36608
1.32727
1.29637
1.27535
1.26409
1.26216
1.26899
1.28387
1.30439
1.32788
1.35115
1.37052
1.38321
1.38582
1.38314
1.41097
1.42949
1.43526
1.36735
1.4615
1.37123
1.30787
1.27184
1.2467
1.23382
1.23273
1.24297
1.26406
1.29243
1.32537
1.35782
1.38613
1.40661
1.40899
1.40671
1.42052
1.41818
1.4276
1.42166
1.32486
1.38648
1.27801
1.23209
1.20228
1.18788
1.18797
1.20236
1.23112
1.27187
1.31695
1.36228
1.40442
1.44118
1.44384
1.43787
1.47131
1.56697
1.58722
1.4128
1.34964
1.28748
1.25454
1.17105
1.13808
1.12112
1.12226
1.14171
1.18205
1.23586
1.30054
1.36329
1.48488
1.65425
1.62738
1.50513
1.53794
1.6592
1.65372
1.55024
1.33668
1.27011
1.16849
1.1021
1.04822
1.02629
1.02785
1.05295
1.10697
1.18123
1.2705
1.3667
1.61326
1.71449
1.7161
1.5725
1.58722
1.63901
1.55882
1.44326
1.31782
1.20347
1.08201
1.00157
0.919365
0.891768
0.893143
0.925915
0.994394
1.09497
1.21625
1.34552
1.47996
1.58024
1.65634
1.62088
1.72184
1.76512
1.64602
1.48553
1.29873
1.11729
0.953481
0.838492
0.741962
0.703279
0.70457
0.744931
0.832728
0.966484
1.13386
1.32353
1.51932
1.68942
1.81931
1.75644
1.90167
1.94896
1.74525
1.52383
1.2482
0.990122
0.770185
0.59838
0.499584
0.446007
0.448491
0.49384
0.606622
0.781765
1.00429
1.26625
1.54569
1.76708
1.98839
1.92753
2.18073
2.26923
1.90864
1.57607
1.1759
0.817646
0.528071
0.297249
0.16826
0.116085
0.117624
0.16293
0.304154
0.537688
0.82926
1.18947
1.59092
1.92334
2.31402
2.19726
2.61687
2.57164
2.21539
1.72179
1.11232
0.615058
0.244667
-0.0907948
-0.261411
-0.290366
-0.289605
-0.256244
-0.0836074
0.25331
0.625308
1.12362
1.73279
2.22381
2.56151
2.62273
3.20441
3.08843
2.74495
2.06821
1.1293
0.428542
-0.0164713
-0.588085
-0.774798
-0.770808
-0.77054
-0.768476
-0.579857
-0.0087878
0.43858
1.14003
2.0776
2.75004
3.08899
3.20635
3.95086
3.82064
3.58084
2.69438
1.23575
0.294956
-0.339907
-1.22938
-1.41351
-1.31223
-1.31791
-1.3996
-1.21671
-0.336689
0.306848
1.24883
2.70382
3.58201
3.81516
3.94743
4.34861
4.1236
4.82336
4.10263
2.11519
0.745306
0.0825777
-8.9043
-9.01886
-8.4694
-8.48722
-8.99146
-8.86507
0.0632178
0.766242
2.14256
4.11395
4.81636
4.09976
4.33644
5.93951
6.27053
7.40493
3.89173
-11.8336
-30.697
-19.0207
-0.487593
1.64436
1.07004
1.07215
1.64387
-0.497356
-19.0626
-30.6525
-11.7705
3.92182
7.39925
6.24907
5.92649
4.4951
1.11199
-3.01398
-22.6954
-16.6171
-0.201736
0.0417296
-0.00959468
0.00947125
0.060276
0.0602475
0.00930909
-0.00995015
0.0414206
-0.203453
-16.6821
-22.7001
-3.02586
1.06877
4.49103
1.43619
3.15684
-17.8246
-0.494582
0.180333
0.0234926
0.0399455
0.0334976
0.0355999
0.0500466
0.0500319
0.0355348
0.0334102
0.0398124
0.0229912
0.181094
-0.49177
-17.8318
3.11291
1.40795
-0.231496
-0.264197
0.685473
0.0890148
0.157836
0.0480952
0.0435697
0.0348635
0.0349337
0.0413388
0.0413313
0.0349065
0.0348566
0.04366
0.0480647
0.158003
0.0892555
0.686791
-0.263075
-0.229569
-0.443284
-1.13548
-0.209117
-0.0320141
0.0481372
0.0298749
0.0324492
0.0310722
0.032237
0.0353612
0.0353634
0.0322435
0.0311119
0.0325689
0.0300696
0.0485017
-0.0318119
-0.209843
-1.13874
-0.445682
0.46564
-0.172742
0.0166729
0.00459041
0.0262558
0.0244856
0.0269411
0.0280511
0.0296061
0.0313257
0.0313334
0.0296321
0.028114
0.0270662
0.0246728
0.0264794
0.00488239
0.0171117
-0.173026
0.465871
0.122129
-0.0496898
0.0147828
0.00922163
0.0207223
0.021161
0.0237622
0.025711
0.0273583
0.0285617
0.0285687
0.0273915
0.0257754
0.0238731
0.0213069
0.0208317
0.00934606
0.014013
-0.0503339
0.121497
0.0926164
0.0103541
0.0170167
0.0153521
0.0193053
0.0205089
0.0225691
0.0244195
0.0258906
0.02681
0.026818
0.0259186
0.0244712
0.0226484
0.0206095
0.0193675
0.0153215
0.016726
0.00983803
0.0917409
0.0532377
0.0188382
0.017878
0.0177996
0.0193955
0.0206766
0.0223023
0.0238046
0.0249929
0.0257139
0.0257221
0.0250194
0.0238512
0.022367
0.0207492
0.0194622
0.0178147
0.0177844
0.0183136
0.0515049
0.0329117
0.0168192
0.0174295
0.0183762
0.0196196
0.0208212
0.022133
0.0233356
0.024281
0.0248562
0.0248663
0.0243134
0.0233932
0.0222176
0.0209363
0.0197783
0.0186032
0.0177554
0.0167416
0.0280567
0.0461738
0.0127844
0.0161936
0.018029
0.0194416
0.0206648
0.0217891
0.0227772
0.023543
0.0240085
0.0240208
0.0235829
0.0228504
0.0219064
0.0208577
0.0197827
0.0186392
0.0173191
0.0146171
0.0228762
0.238361
0.0197264
0.016511
0.017782
0.0191711
0.0203373
0.0213098
0.0221227
0.0227488
0.0231251
0.0231366
0.0227859
0.0221915
0.0214223
0.0205262
0.0195064
0.0183739
0.0174062
0.0229828
0.109296
0.0636911
0.0190105
0.0155912
0.0174319
0.0188096
0.0199003
0.0207661
0.0214436
0.0219493
0.022248
0.0222546
0.0219703
0.0214815
0.020828
0.0200099
0.0190324
0.0178971
0.0174977
0.0345601
0.0388772
0.0254508
0.0173728
0.0168595
0.0177871
0.0187262
0.0195604
0.0202651
0.0208173
0.0212136
0.0214392
0.0214383
0.0212095
0.0208058
0.0202391
0.0195095
0.0188964
0.019444
0.0208946
0.0187212
0.0248957
0.0191333
0.0173021
0.0174401
0.0180993
0.0186516
0.0192592
0.0198162
0.0202622
0.0205757
0.0207442
0.0207366
0.0205513
0.0202128
0.0197327
0.0192365
0.0191762
0.0181078
0.017148
0.0179827
0.0193111
0.0175996
0.0172234
0.0175495
0.0179961
0.0185068
0.0189823
0.0194212
0.0197774
0.0200275
0.0201639
0.0201468
0.0199942
0.0197134
0.019314
0.0188803
0.0182883
0.0178397
0.0175069
0.0174851
0.0176991
0.0172117
0.0172598
0.017604
0.0179761
0.018359
0.0187405
0.0190841
0.0193645
0.0195615
0.0196834
0.0196496
0.0195282
0.0193024
0.0189926
0.018609
0.0182307
0.0178751
0.0175728
0.0173699
0.0172692
0.0171945
0.0173554
0.0176428
0.0179385
0.0182393
0.0185342
0.0188011
0.0190194
0.019172
0.0192716
0.0192372
0.0191431
0.0189699
0.0187303
0.0184478
0.0181524
0.0178722
0.0176187
0.0173978
0.0172241
0.0172973
0.0174512
0.0176709
0.0178984
0.0181309
0.0183581
0.0185638
0.018733
0.0188531
0.0189251
0.0189003
0.0188274
0.0186948
0.0185125
0.0182977
0.0180719
0.0178537
0.0176512
0.0174631
0.0173083
0.0174103
0.0175262
0.0176851
0.0178559
0.0180328
0.0182061
0.018363
0.0184931
0.0185992
0.0186345
0.0186234
0.0185667
0.0184657
0.0183281
0.018164
0.0179923
0.0178245
0.0176684
0.0175257
0.0174123
0.0174932
0.0175729
0.0176839
0.0178093
0.0179419
0.0180726
0.0181906
0.0183092
0.0183777
0.0183947
0.0183912
0.0183478
0.0182708
0.0181669
0.0180437
0.0179139
0.0177869
0.0176703
0.0175686
0.0174926
0.0175385
0.017591
0.0176667
0.0177572
0.0178552
0.0179527
0.0180411
0.0181367
0.0181886
0.0181968
0.0181934
0.0181611
0.0181031
0.0180248
0.0179331
0.0178359
0.0177413
0.0176563
0.0175866
0.017538
0.0175499
0.0175835
0.0176344
0.0176988
0.0177704
0.0178424
0.0179084
0.0179648
0.0180087
0.0180243
0.0180226
0.0179989
0.0179558
0.0178975
0.0178293
0.0177573
0.0176879
0.017627
0.0175803
0.0175511
0.0175346
0.0175545
0.0175887
0.0176342
0.0176859
0.0177388
0.0177878
0.0178292
0.0178589
0.0178739
0.0178726
0.0178552
0.0178233
0.0177802
0.01773
0.0176773
0.017627
0.017584
0.0175532
0.0175366
0.0174977
0.0175091
0.0175317
0.0175636
0.0176009
0.0176394
0.0176755
0.0177059
0.0177279
0.017739
0.0177381
0.0177253
0.0177019
0.0176704
0.0176336
0.0175954
0.0175592
0.0175291
0.0175093
0.0175006
0.0174446
0.017451
0.0174657
0.017488
0.0175145
0.0175424
0.0175688
0.0175912
0.0176074
0.0176156
0.0176149
0.0176056
0.0175887
0.0175659
0.0175389
0.0175113
0.0174855
0.0174648
0.0174522
0.0174482
0.01738
0.0173834
0.0173928
0.017408
0.0174269
0.017447
0.0174663
0.0174828
0.0174947
0.0175007
0.0175001
0.0174934
0.0174812
0.0174646
0.0174453
0.0174254
0.0174072
0.0173929
0.0173852
0.0173837
0.017307
0.0173087
0.0173146
0.0173249
0.0173381
0.0173527
0.0173668
0.0173788
0.0173875
0.0173918
0.0173914
0.0173866
0.0173778
0.0173659
0.017352
0.0173378
0.017325
0.0173154
0.0173107
0.0173105
0.017228
0.0172286
0.0172323
0.0172392
0.0172485
0.017259
0.0172692
0.0172779
0.017284
0.0172872
0.017287
0.0172837
0.0172774
0.0172689
0.017259
0.0172489
0.01724
0.0172335
0.0172307
0.0172312
0.0171446
0.0171446
0.0171469
0.0171516
0.0171581
0.0171655
0.0171728
0.017179
0.0171834
0.0171858
0.0171859
0.0171835
0.0171791
0.017173
0.017166
0.0171589
0.0171527
0.0171483
0.0171466
0.0171473
0.0170582
0.0170579
0.0170593
0.0170625
0.017067
0.0170722
0.0170774
0.0170817
0.017085
0.0170868
0.0170869
0.0170853
0.0170821
0.0170779
0.017073
0.017068
0.0170636
0.0170606
0.0170595
0.0170603
0.0169696
0.0169693
0.0169701
0.0169723
0.0169754
0.016979
0.0169826
0.0169857
0.016988
0.0169893
0.0169895
0.0169883
0.0169862
0.0169832
0.0169798
0.0169763
0.0169732
0.016971
0.0169705
0.0169712
0.0168795
0.0168792
0.0168797
0.0168812
0.0168834
0.0168858
0.0168883
0.0168905
0.0168921
0.016893
0.016893
0.0168923
0.0168909
0.0168889
0.0168865
0.0168839
0.0168817
0.0168803
0.01688
0.0168807
0.0167882
0.016788
0.0167884
0.0167894
0.016791
0.0167926
0.0167943
0.0167958
0.0167969
0.0167974
0.0167974
0.016797
0.0167961
0.0167947
0.016793
0.0167912
0.0167896
0.0167887
0.0167887
0.0167893
0.0166962
0.0166961
0.0166963
0.0166971
0.0166982
0.0166994
0.0167006
0.0167015
0.0167021
0.0167025
0.0167025
0.0167023
0.0167017
0.0167007
0.0166994
0.0166981
0.0166971
0.0166966
0.0166967
0.0166973
0.0166037
0.0166036
0.0166039
0.0166045
0.0166054
0.0166062
0.0166069
0.0166075
0.0166078
0.0166081
0.0166082
0.0166081
0.0166076
0.0166067
0.0166057
0.0166048
0.0166042
0.0166041
0.0166043
0.0166047
0.0165109
0.0165109
0.0165111
0.0165116
0.0165123
0.0165128
0.0165132
0.0165135
0.0165138
0.0165141
0.0165142
0.016514
0.0165135
0.0165127
0.016512
0.0165114
0.0165112
0.0165112
0.0165114
0.0165118
0.0164179
0.0164179
0.0164181
0.0164185
0.0164189
0.0164192
0.0164195
0.0164198
0.0164201
0.0164204
0.0164204
0.01642
0.0164194
0.0164188
0.0164182
0.0164179
0.0164179
0.016418
0.0164182
0.0164184
0.0163247
0.0163248
0.0163249
0.0163251
0.0163253
0.0163255
0.0163258
0.0163261
0.0163265
0.0163267
0.0163265
0.0163261
0.0163255
0.0163249
0.0163246
0.0163244
0.0163244
0.0163246
0.0163247
0.0163249
0.0162315
0.0162315
0.0162315
0.0162316
0.0162317
0.0162319
0.0162322
0.0162326
0.0162329
0.016233
0.0162326
0.0162321
0.0162316
0.0162312
0.016231
0.0162309
0.0162309
0.016231
0.0162311
0.0162312
0.0161382
0.0161381
0.0161381
0.0161381
0.0161381
0.0161384
0.0161388
0.0161391
0.0161393
0.0161391
0.0161387
0.0161383
0.0161379
0.0161376
0.0161375
0.0161374
0.0161374
0.0161374
0.0161375
0.0161376
0.0160448
0.0160448
0.0160447
0.0160446
0.0160447
0.016045
0.0160453
0.0160455
0.0160455
0.0160452
0.0160449
0.0160446
0.0160443
0.0160441
0.016044
0.0160439
0.0160438
0.0160438
0.0160439
0.0160439
0.0159514
0.0159513
0.0159512
0.0159512
0.0159514
0.0159516
0.0159518
0.0159518
0.0159516
0.0159514
0.0159512
0.015951
0.0159508
0.0159506
0.0159504
0.0159503
0.0159502
0.0159502
0.0159503
0.0159504
0.0158578
0.0158578
0.0158577
0.0158578
0.0158579
0.0158581
0.0158581
0.015858
0.0158579
0.0158577
0.0158576
0.0158574
0.0158571
0.0158569
0.0158567
0.0158566
0.0158566
0.0158566
0.0158567
0.0158568
0.0157642
0.0157641
0.0157642
0.0157643
0.0157644
0.0157645
0.0157645
0.0157644
0.0157643
0.0157641
0.0157639
0.0157636
0.0157634
0.0157631
0.015763
0.0157629
0.0157629
0.015763
0.0157631
0.0157632
0.0156705
0.0156705
0.0156706
0.0156707
0.0156708
0.0156709
0.0156709
0.0156709
0.0156708
0.0156705
0.0156702
0.0156698
0.0156695
0.0156693
0.0156692
0.0156692
0.0156693
0.0156694
0.0156695
0.0156695
0.0155768
0.0155768
0.0155769
0.0155771
0.0155773
0.0155774
0.0155775
0.0155774
0.0155772
0.0155768
0.0155764
0.015576
0.0155757
0.0155755
0.0155755
0.0155755
0.0155756
0.0155757
0.0155757
0.0155757
0.0154831
0.0154832
0.0154833
0.0154835
0.0154837
0.0154839
0.015484
0.0154838
0.0154835
0.0154831
0.0154826
0.0154823
0.015482
0.0154819
0.0154819
0.015482
0.015482
0.015482
0.0154819
0.0154819
0.0153894
0.0153895
0.0153897
0.0153899
0.0153902
0.0153903
0.0153903
0.0153901
0.0153897
0.0153893
0.0153889
0.0153887
0.0153886
0.0153885
0.0153885
0.0153885
0.0153884
0.0153882
0.0153881
0.015388
0.0152959
0.0152959
0.0152961
0.0152963
0.0152965
0.0152965
0.0152964
0.0152961
0.0152958
0.0152955
0.0152953
0.0152953
0.0152952
0.0152952
0.0152951
0.0152949
0.0152947
0.0152945
0.0152943
0.0152942
0.0152024
0.0152025
0.0152026
0.0152027
0.0152027
0.0152026
0.0152024
0.0152021
0.0152019
0.0152018
0.0152018
0.0152019
0.0152019
0.0152018
0.0152016
0.0152014
0.015201
0.0152008
0.0152006
0.0152006
0.015109
0.0151091
0.0151091
0.015109
0.0151088
0.0151086
0.0151083
0.0151081
0.0151081
0.0151081
0.0151083
0.0151084
0.0151084
0.0151083
0.0151081
0.0151078
0.0151074
0.0151072
0.0151071
0.015107
0.0150157
0.0150157
0.0150156
0.0150153
0.015015
0.0150146
0.0150143
0.0150142
0.0150143
0.0150145
0.0150146
0.0150148
0.0150148
0.0150147
0.0150145
0.0150142
0.0150139
0.0150137
0.0150137
0.0150137
0.0149223
0.0149222
0.014922
0.0149216
0.0149212
0.0149208
0.0149206
0.0149205
0.0149206
0.0149208
0.014921
0.0149211
0.0149211
0.014921
0.0149208
0.0149207
0.0149205
0.0149204
0.0149204
0.0149204
0.0148288
0.0148287
0.0148284
0.014828
0.0148275
0.0148272
0.014827
0.0148269
0.014827
0.0148271
0.0148272
0.0148273
0.0148273
0.0148273
0.0148272
0.0148272
0.0148271
0.0148271
0.0148271
0.0148271
0.0147353
0.0147351
0.0147348
0.0147344
0.0147341
0.0147338
0.0147336
0.0147335
0.0147335
0.0147335
0.0147335
0.0147336
0.0147336
0.0147336
0.0147336
0.0147337
0.0147337
0.0147338
0.0147338
0.0147338
0.0146416
0.0146415
0.0146412
0.0146409
0.0146406
0.0146403
0.0146401
0.01464
0.0146399
0.0146399
0.0146399
0.0146399
0.0146399
0.01464
0.01464
0.0146401
0.0146402
0.0146403
0.0146403
0.0146403
0.0145478
0.0145477
0.0145476
0.0145473
0.0145471
0.0145469
0.0145467
0.0145465
0.0145464
0.0145463
0.0145463
0.0145462
0.0145462
0.0145463
0.0145464
0.0145465
0.0145466
0.0145467
0.0145468
0.0145468
0.014454
0.0144539
0.0144537
0.0144536
0.0144534
0.0144533
0.0144531
0.014453
0.0144529
0.0144527
0.0144526
0.0144526
0.0144526
0.0144526
0.0144527
0.0144528
0.014453
0.0144531
0.0144532
0.0144532
0.01436
0.0143599
0.0143598
0.0143597
0.0143597
0.0143596
0.0143595
0.0143594
0.0143593
0.0143591
0.014359
0.0143589
0.0143589
0.0143589
0.014359
0.0143592
0.0143593
0.0143595
0.0143596
0.0143596
0.014266
0.0142659
0.0142659
0.0142659
0.0142659
0.0142659
0.0142659
0.0142658
0.0142657
0.0142655
0.0142654
0.0142653
0.0142652
0.0142653
0.0142654
0.0142655
0.0142657
0.0142659
0.014266
0.0142661
0.0141721
0.0141721
0.0141721
0.0141722
0.0141723
0.0141723
0.0141723
0.0141722
0.0141721
0.0141719
0.0141717
0.0141716
0.0141716
0.0141717
0.0141718
0.014172
0.0141722
0.0141724
0.0141725
0.0141725
0.0140784
0.0140784
0.0140785
0.0140786
0.0140787
0.0140788
0.0140787
0.0140786
0.0140784
0.0140782
0.0140781
0.014078
0.0140781
0.0140782
0.0140784
0.0140785
0.0140787
0.0140789
0.0140789
0.014079
0.0139849
0.0139849
0.0139851
0.0139852
0.0139852
0.0139852
0.0139851
0.0139849
0.0139847
0.0139846
0.0139845
0.0139845
0.0139846
0.0139848
0.0139849
0.0139851
0.0139852
0.0139853
0.0139854
0.0139854
0.0138914
0.0138915
0.0138916
0.0138916
0.0138916
0.0138915
0.0138913
0.0138912
0.013891
0.013891
0.013891
0.0138911
0.0138912
0.0138913
0.0138915
0.0138916
0.0138917
0.0138917
0.0138917
0.0138917
0.0137979
0.0137979
0.013798
0.0137979
0.0137978
0.0137976
0.0137975
0.0137974
0.0137974
0.0137974
0.0137975
0.0137976
0.0137978
0.0137979
0.013798
0.013798
0.0137981
0.013798
0.013798
0.013798
0.0137041
0.0137041
0.0137041
0.0137039
0.0137038
0.0137037
0.0137036
0.0137037
0.0137038
0.0137039
0.0137041
0.0137042
0.0137044
0.0137044
0.0137045
0.0137044
0.0137044
0.0137043
0.0137042
0.0137042
0.0136101
0.01361
0.0136099
0.0136098
0.0136098
0.0136098
0.0136099
0.01361
0.0136102
0.0136105
0.0136107
0.0136108
0.0136109
0.0136109
0.0136109
0.0136108
0.0136107
0.0136106
0.0136106
0.0136105
0.0135159
0.0135158
0.0135157
0.0135157
0.0135158
0.0135159
0.0135162
0.0135165
0.0135168
0.0135171
0.0135173
0.0135174
0.0135175
0.0135174
0.0135173
0.0135172
0.0135171
0.013517
0.013517
0.013517
0.0134217
0.0134216
0.0134217
0.0134218
0.013422
0.0134223
0.0134227
0.0134231
0.0134234
0.0134237
0.0134239
0.013424
0.013424
0.0134239
0.0134238
0.0134237
0.0134236
0.0134235
0.0134235
0.0134235
0.0133277
0.0133277
0.0133278
0.0133281
0.0133284
0.0133288
0.0133293
0.0133297
0.01333
0.0133303
0.0133305
0.0133305
0.0133305
0.0133304
0.0133303
0.0133302
0.0133301
0.0133301
0.0133301
0.0133301
0.013234
0.0132341
0.0132343
0.0132346
0.013235
0.0132354
0.0132358
0.0132362
0.0132365
0.0132367
0.0132369
0.013237
0.013237
0.0132369
0.0132369
0.0132368
0.0132368
0.0132368
0.0132368
0.0132368
0.0131405
0.0131406
0.0131409
0.0131412
0.0131415
0.0131419
0.0131423
0.0131426
0.0131429
0.013143
0.0131432
0.0131433
0.0131433
0.0131433
0.0131434
0.0131434
0.0131434
0.0131434
0.0131434
0.0131434
0.0130471
0.0130472
0.0130475
0.0130477
0.013048
0.0130483
0.0130486
0.0130488
0.013049
0.0130492
0.0130493
0.0130495
0.0130496
0.0130497
0.0130498
0.0130499
0.01305
0.01305
0.01305
0.01305
0.0129537
0.0129538
0.0129539
0.0129541
0.0129543
0.0129545
0.0129547
0.0129549
0.0129551
0.0129552
0.0129554
0.0129556
0.0129558
0.012956
0.0129562
0.0129563
0.0129564
0.0129565
0.0129566
0.0129566
0.0128602
0.0128602
0.0128603
0.0128604
0.0128605
0.0128606
0.0128608
0.0128609
0.0128611
0.0128613
0.0128615
0.0128617
0.012862
0.0128622
0.0128625
0.0128627
0.0128628
0.0128629
0.012863
0.012863
0.0127666
0.0127666
0.0127666
0.0127666
0.0127667
0.0127668
0.0127669
0.012767
0.0127672
0.0127674
0.0127677
0.0127679
0.0127682
0.0127685
0.0127688
0.012769
0.0127692
0.0127693
0.0127694
0.0127694
0.012673
0.012673
0.012673
0.012673
0.012673
0.0126731
0.0126732
0.0126733
0.0126735
0.0126737
0.012674
0.0126742
0.0126745
0.0126748
0.0126751
0.0126753
0.0126755
0.0126756
0.0126757
0.0126757
0.0125795
0.0125795
0.0125795
0.0125795
0.0125795
0.0125796
0.0125797
0.0125798
0.01258
0.0125802
0.0125804
0.0125807
0.0125809
0.0125812
0.0125815
0.0125817
0.0125819
0.012582
0.0125821
0.0125821
0.0124861
0.0124861
0.0124861
0.0124862
0.0124862
0.0124863
0.0124864
0.0124865
0.0124866
0.0124868
0.012487
0.0124872
0.0124875
0.0124877
0.0124879
0.0124881
0.0124883
0.0124884
0.0124885
0.0124885
0.0123928
0.0123928
0.0123929
0.0123929
0.012393
0.012393
0.0123931
0.0123932
0.0123933
0.0123935
0.0123936
0.0123938
0.012394
0.0123942
0.0123944
0.0123946
0.0123947
0.0123949
0.0123949
0.012395
0.0122995
0.0122995
0.0122996
0.0122997
0.0122997
0.0122998
0.0122998
0.0122999
0.0123
0.0123001
0.0123003
0.0123004
0.0123006
0.0123008
0.012301
0.0123011
0.0123012
0.0123013
0.0123014
0.0123014
0.0122061
0.0122062
0.0122062
0.0122062
0.0122063
0.0122063
0.0122064
0.0122065
0.0122066
0.0122067
0.0122068
0.012207
0.0122071
0.0122073
0.0122075
0.0122076
0.0122077
0.0122078
0.0122078
0.0122078
0.0121125
0.0121126
0.0121126
0.0121126
0.0121126
0.0121127
0.0121128
0.0121128
0.012113
0.0121131
0.0121133
0.0121134
0.0121136
0.0121137
0.0121139
0.012114
0.0121141
0.0121141
0.0121142
0.0121141
0.0120188
0.0120188
0.0120188
0.0120188
0.0120188
0.0120189
0.012019
0.0120191
0.0120193
0.0120194
0.0120196
0.0120198
0.0120199
0.0120201
0.0120202
0.0120203
0.0120204
0.0120204
0.0120204
0.0120204
0.011925
0.011925
0.0119249
0.0119249
0.011925
0.0119251
0.0119252
0.0119253
0.0119255
0.0119257
0.0119258
0.011926
0.0119262
0.0119263
0.0119264
0.0119265
0.0119266
0.0119266
0.0119266
0.0119265
0.0118312
0.0118311
0.0118311
0.0118311
0.0118312
0.0118313
0.0118314
0.0118316
0.0118317
0.0118319
0.0118321
0.0118323
0.0118324
0.0118325
0.0118326
0.0118326
0.0118327
0.0118327
0.0118326
0.0118326
0.0117375
0.0117375
0.0117374
0.0117375
0.0117375
0.0117376
0.0117378
0.0117379
0.0117381
0.0117382
0.0117384
0.0117385
0.0117386
0.0117386
0.0117387
0.0117387
0.0117387
0.0117387
0.0117386
0.0117386
0.0116441
0.0116441
0.011644
0.0116441
0.0116442
0.0116443
0.0116444
0.0116445
0.0116446
0.0116446
0.0116447
0.0116447
0.0116448
0.0116447
0.0116447
0.0116447
0.0116446
0.0116446
0.0116446
0.0116445
0.0115509
0.0115509
0.0115509
0.011551
0.011551
0.0115511
0.0115511
0.0115512
0.0115512
0.0115512
0.0115511
0.0115511
0.011551
0.0115509
0.0115508
0.0115507
0.0115506
0.0115506
0.0115505
0.0115505
0.011458
0.011458
0.011458
0.0114581
0.0114581
0.0114581
0.011458
0.011458
0.0114579
0.0114577
0.0114576
0.0114574
0.0114572
0.0114571
0.0114569
0.0114567
0.0114566
0.0114565
0.0114565
0.0114565
0.0113652
0.0113652
0.0113652
0.0113652
0.0113652
0.0113651
0.011365
0.0113648
0.0113646
0.0113643
0.0113641
0.0113638
0.0113635
0.0113633
0.0113631
0.0113629
0.0113627
0.0113626
0.0113626
0.0113626
0.0112723
0.0112724
0.0112724
0.0112724
0.0112722
0.0112721
0.0112718
0.0112716
0.0112713
0.0112709
0.0112706
0.0112702
0.0112699
0.0112696
0.0112693
0.0112691
0.0112689
0.0112688
0.0112688
0.0112688
0.0111793
0.0111794
0.0111794
0.0111793
0.0111791
0.0111789
0.0111786
0.0111782
0.0111778
0.0111774
0.011177
0.0111766
0.0111763
0.0111759
0.0111756
0.0111754
0.0111753
0.0111752
0.0111752
0.0111752
0.0110861
0.0110861
0.0110861
0.011086
0.0110857
0.0110855
0.0110851
0.0110847
0.0110843
0.0110839
0.0110835
0.0110831
0.0110827
0.0110824
0.0110821
0.0110819
0.0110817
0.0110817
0.0110817
0.0110817
0.0109926
0.0109926
0.0109925
0.0109924
0.0109921
0.0109918
0.0109915
0.0109911
0.0109907
0.0109903
0.0109899
0.0109895
0.0109892
0.0109889
0.0109887
0.0109885
0.0109883
0.0109883
0.0109883
0.0109883
0.0108988
0.0108988
0.0108987
0.0108985
0.0108983
0.010898
0.0108977
0.0108973
0.010897
0.0108966
0.0108963
0.010896
0.0108957
0.0108955
0.0108953
0.0108952
0.0108951
0.010895
0.010895
0.0108951
0.0108048
0.0108048
0.0108047
0.0108045
0.0108043
0.0108041
0.0108038
0.0108035
0.0108033
0.010803
0.0108028
0.0108025
0.0108023
0.0108022
0.010802
0.010802
0.0108019
0.0108019
0.0108019
0.0108019
0.0107107
0.0107107
0.0107106
0.0107104
0.0107103
0.0107101
0.0107099
0.0107097
0.0107096
0.0107094
0.0107092
0.0107091
0.010709
0.0107089
0.0107088
0.0107088
0.0107088
0.0107088
0.0107088
0.0107088
0.0106166
0.0106165
0.0106164
0.0106163
0.0106163
0.0106162
0.0106161
0.010616
0.0106159
0.0106158
0.0106158
0.0106158
0.0106157
0.0106157
0.0106157
0.0106157
0.0106157
0.0106157
0.0106157
0.0106157
0.0105226
0.0105225
0.0105224
0.0105224
0.0105223
0.0105223
0.0105223
0.0105223
0.0105223
0.0105224
0.0105224
0.0105224
0.0105225
0.0105225
0.0105225
0.0105226
0.0105226
0.0105226
0.0105226
0.0105226
0.0104286
0.0104286
0.0104286
0.0104286
0.0104286
0.0104286
0.0104287
0.0104288
0.0104288
0.0104289
0.010429
0.0104291
0.0104292
0.0104293
0.0104294
0.0104294
0.0104294
0.0104294
0.0104294
0.0104294
0.0103349
0.0103348
0.0103348
0.0103349
0.0103349
0.010335
0.0103352
0.0103353
0.0103354
0.0103356
0.0103357
0.0103358
0.0103359
0.010336
0.0103361
0.0103362
0.0103362
0.0103362
0.0103362
0.0103362
0.0102413
0.0102413
0.0102413
0.0102413
0.0102414
0.0102416
0.0102417
0.0102419
0.010242
0.0102422
0.0102423
0.0102425
0.0102426
0.0102427
0.0102428
0.0102429
0.0102429
0.0102429
0.0102429
0.0102429
0.0101478
0.0101478
0.0101478
0.0101479
0.010148
0.0101482
0.0101483
0.0101485
0.0101486
0.0101488
0.010149
0.0101491
0.0101492
0.0101493
0.0101494
0.0101495
0.0101495
0.0101495
0.0101495
0.0101494
0.0100544
0.0100544
0.0100544
0.0100545
0.0100546
0.0100548
0.0100549
0.0100551
0.0100552
0.0100554
0.0100555
0.0100556
0.0100557
0.0100558
0.0100559
0.010056
0.010056
0.010056
0.0100559
0.0100559
0.00996098
0.00996102
0.00996109
0.00996117
0.00996127
0.00996138
0.0099615
0.00996163
0.00996175
0.00996187
0.00996199
0.00996209
0.00996218
0.00996226
0.00996231
0.00996235
0.00996236
0.00996236
0.00996233
0.0099623
0.0098676
0.00986764
0.0098677
0.00986777
0.00986785
0.00986794
0.00986803
0.00986813
0.00986822
0.00986831
0.0098684
0.00986847
0.00986854
0.0098686
0.00986864
0.00986867
0.00986868
0.00986867
0.00986865
0.00986862
0.00977419
0.00977422
0.00977426
0.00977432
0.00977437
0.00977443
0.00977449
0.00977456
0.00977462
0.00977468
0.00977474
0.00977479
0.00977484
0.00977488
0.0097749
0.00977492
0.00977493
0.00977493
0.00977492
0.0097749
0.00968072
0.00968074
0.00968077
0.0096808
0.00968083
0.00968086
0.0096809
0.00968093
0.00968097
0.009681
0.00968103
0.00968106
0.00968109
0.00968112
0.00968114
0.00968115
0.00968116
0.00968116
0.00968116
0.00968115
0.0095872
0.00958721
0.00958722
0.00958723
0.00958724
0.00958725
0.00958726
0.00958727
0.00958728
0.00958729
0.0095873
0.00958732
0.00958733
0.00958734
0.00958736
0.00958737
0.00958738
0.00958739
0.0095874
0.0095874
0.00949364
0.00949364
0.00949363
0.00949363
0.00949362
0.00949361
0.0094936
0.00949359
0.00949358
0.00949358
0.00949358
0.00949358
0.00949358
0.00949359
0.0094936
0.00949361
0.00949362
0.00949364
0.00949365
0.00949367
0.00940006
0.00940005
0.00940003
0.00940001
0.00939999
0.00939997
0.00939995
0.00939993
0.00939991
0.0093999
0.00939988
0.00939988
0.00939988
0.00939988
0.00939989
0.0093999
0.00939991
0.00939993
0.00939996
0.00939998
0.00930649
0.00930647
0.00930644
0.00930642
0.00930639
0.00930636
0.00930633
0.0093063
0.00930628
0.00930626
0.00930624
0.00930623
0.00930623
0.00930623
0.00930623
0.00930625
0.00930627
0.00930629
0.00930632
0.00930635
0.00921295
0.00921292
0.00921289
0.00921286
0.00921283
0.00921279
0.00921276
0.00921273
0.00921271
0.00921269
0.00921267
0.00921266
0.00921265
0.00921265
0.00921266
0.00921267
0.00921269
0.00921272
0.00921276
0.00921279
0.00911944
0.00911942
0.00911939
0.00911935
0.00911932
0.00911929
0.00911926
0.00911923
0.00911921
0.00911919
0.00911917
0.00911916
0.00911916
0.00911916
0.00911916
0.00911918
0.0091192
0.00911923
0.00911927
0.0091193
0.00902599
0.00902597
0.00902594
0.00902591
0.00902588
0.00902585
0.00902583
0.0090258
0.00902578
0.00902577
0.00902575
0.00902575
0.00902574
0.00902574
0.00902575
0.00902576
0.00902579
0.00902582
0.00902585
0.00902589
0.0089326
0.00893258
0.00893255
0.00893253
0.00893251
0.00893248
0.00893246
0.00893245
0.00893243
0.00893242
0.00893241
0.0089324
0.0089324
0.0089324
0.00893241
0.00893242
0.00893244
0.00893247
0.00893251
0.00893254
0.00883926
0.00883924
0.00883922
0.00883921
0.00883919
0.00883918
0.00883916
0.00883915
0.00883914
0.00883913
0.00883913
0.00883912
0.00883912
0.00883912
0.00883913
0.00883914
0.00883916
0.00883919
0.00883922
0.00883924
0.00874597
0.00874596
0.00874595
0.00874594
0.00874593
0.00874592
0.00874591
0.00874591
0.0087459
0.0087459
0.0087459
0.00874589
0.00874589
0.0087459
0.0087459
0.00874591
0.00874593
0.00874595
0.00874597
0.00874599
0.00865273
0.00865272
0.00865271
0.00865271
0.00865271
0.0086527
0.0086527
0.0086527
0.0086527
0.0086527
0.0086527
0.0086527
0.0086527
0.0086527
0.00865271
0.00865272
0.00865273
0.00865274
0.00865276
0.00865277
0.00855951
0.0085595
0.0085595
0.00855951
0.00855951
0.00855951
0.00855952
0.00855952
0.00855952
0.00855952
0.00855952
0.00855952
0.00855952
0.00855953
0.00855953
0.00855953
0.00855954
0.00855955
0.00855956
0.00855956
0.0084663
0.00846631
0.00846631
0.00846632
0.00846633
0.00846633
0.00846634
0.00846634
0.00846635
0.00846635
0.00846635
0.00846635
0.00846635
0.00846635
0.00846636
0.00846636
0.00846636
0.00846636
0.00846636
0.00846636
0.0083731
0.00837311
0.00837312
0.00837313
0.00837314
0.00837315
0.00837316
0.00837316
0.00837317
0.00837317
0.00837317
0.00837317
0.00837317
0.00837317
0.00837317
0.00837317
0.00837317
0.00837316
0.00837316
0.00837315
0.00827989
0.00827991
0.00827992
0.00827993
0.00827994
0.00827995
0.00827996
0.00827996
0.00827997
0.00827997
0.00827997
0.00827997
0.00827997
0.00827997
0.00827997
0.00827996
0.00827996
0.00827995
0.00827994
0.00827993
0.00818666
0.00818668
0.00818669
0.0081867
0.00818671
0.00818672
0.00818673
0.00818673
0.00818674
0.00818674
0.00818674
0.00818674
0.00818674
0.00818674
0.00818674
0.00818673
0.00818672
0.00818671
0.0081867
0.00818668
0.0080934
0.00809342
0.00809343
0.00809344
0.00809345
0.00809346
0.00809346
0.00809347
0.00809347
0.00809348
0.00809348
0.00809348
0.00809348
0.00809348
0.00809347
0.00809346
0.00809345
0.00809344
0.00809342
0.00809341
0.0080001
0.00800012
0.00800013
0.00800014
0.00800015
0.00800016
0.00800016
0.00800017
0.00800017
0.00800018
0.00800018
0.00800018
0.00800018
0.00800017
0.00800017
0.00800016
0.00800015
0.00800013
0.00800012
0.0080001
0.00790676
0.00790678
0.00790679
0.0079068
0.00790681
0.00790682
0.00790682
0.00790683
0.00790683
0.00790684
0.00790684
0.00790684
0.00790684
0.00790683
0.00790683
0.00790682
0.00790681
0.00790679
0.00790678
0.00790676
0.00781338
0.0078134
0.00781341
0.00781342
0.00781343
0.00781343
0.00781344
0.00781345
0.00781345
0.00781346
0.00781346
0.00781346
0.00781346
0.00781346
0.00781345
0.00781344
0.00781343
0.00781342
0.0078134
0.00781338
0.00771997
0.00771998
0.00771999
0.00772
0.00772001
0.00772002
0.00772002
0.00772003
0.00772004
0.00772004
0.00772005
0.00772005
0.00772005
0.00772004
0.00772004
0.00772003
0.00772002
0.00772001
0.00771999
0.00771997
0.00762651
0.00762652
0.00762654
0.00762655
0.00762656
0.00762657
0.00762657
0.00762658
0.00762659
0.0076266
0.0076266
0.0076266
0.0076266
0.0076266
0.00762659
0.00762659
0.00762658
0.00762656
0.00762654
0.00762653
0.00753303
0.00753304
0.00753305
0.00753306
0.00753308
0.00753309
0.0075331
0.0075331
0.00753311
0.00753312
0.00753312
0.00753312
0.00753312
0.00753312
0.00753312
0.00753311
0.0075331
0.00753309
0.00753307
0.00753305
0.00743953
0.00743954
0.00743955
0.00743956
0.00743957
0.00743958
0.00743959
0.0074396
0.0074396
0.00743961
0.00743961
0.00743962
0.00743962
0.00743961
0.00743961
0.0074396
0.00743959
0.00743958
0.00743957
0.00743955
0.007346
0.00734601
0.00734602
0.00734603
0.00734604
0.00734605
0.00734606
0.00734607
0.00734607
0.00734608
0.00734608
0.00734609
0.00734609
0.00734608
0.00734608
0.00734607
0.00734606
0.00734605
0.00734604
0.00734603
0.00725245
0.00725246
0.00725247
0.00725248
0.00725249
0.0072525
0.00725251
0.00725252
0.00725252
0.00725253
0.00725253
0.00725253
0.00725253
0.00725253
0.00725253
0.00725252
0.00725251
0.0072525
0.00725249
0.00725248
0.00715889
0.0071589
0.00715891
0.00715892
0.00715892
0.00715893
0.00715894
0.00715895
0.00715895
0.00715896
0.00715896
0.00715896
0.00715896
0.00715896
0.00715896
0.00715896
0.00715895
0.00715894
0.00715893
0.00715892
0.00706532
0.00706532
0.00706533
0.00706534
0.00706534
0.00706535
0.00706536
0.00706536
0.00706537
0.00706537
0.00706538
0.00706538
0.00706538
0.00706538
0.00706538
0.00706537
0.00706537
0.00706536
0.00706535
0.00706534
0.00697173
0.00697174
0.00697174
0.00697175
0.00697175
0.00697176
0.00697176
0.00697177
0.00697177
0.00697178
0.00697178
0.00697178
0.00697179
0.00697179
0.00697178
0.00697178
0.00697178
0.00697177
0.00697176
0.00697176
0.00687814
0.00687814
0.00687815
0.00687815
0.00687815
0.00687816
0.00687816
0.00687816
0.00687817
0.00687817
0.00687818
0.00687818
0.00687818
0.00687818
0.00687818
0.00687818
0.00687817
0.00687817
0.00687816
0.00687816
0.00678454
0.00678454
0.00678454
0.00678454
0.00678455
0.00678455
0.00678455
0.00678456
0.00678456
0.00678456
0.00678457
0.00678457
0.00678457
0.00678457
0.00678457
0.00678456
0.00678456
0.00678456
0.00678455
0.00678455
0.00669093
0.00669093
0.00669093
0.00669093
0.00669094
0.00669094
0.00669094
0.00669094
0.00669095
0.00669095
0.00669095
0.00669095
0.00669095
0.00669095
0.00669095
0.00669094
0.00669094
0.00669094
0.00669093
0.00669093
0.00659732
0.00659732
0.00659732
0.00659732
0.00659733
0.00659733
0.00659733
0.00659733
0.00659733
0.00659733
0.00659733
0.00659733
0.00659733
0.00659732
0.00659732
0.00659732
0.00659731
0.00659731
0.00659731
0.0065973
0.00650371
0.00650371
0.00650371
0.00650371
0.00650371
0.00650371
0.00650371
0.00650371
0.00650371
0.00650371
0.00650371
0.0065037
0.0065037
0.0065037
0.00650369
0.00650369
0.00650368
0.00650368
0.00650368
0.00650368
0.0064101
0.0064101
0.0064101
0.0064101
0.0064101
0.0064101
0.0064101
0.00641009
0.00641009
0.00641008
0.00641008
0.00641007
0.00641007
0.00641007
0.00641006
0.00641006
0.00641005
0.00641005
0.00641005
0.00641004
0.00631649
0.00631649
0.00631649
0.00631649
0.00631649
0.00631648
0.00631648
0.00631647
0.00631647
0.00631646
0.00631645
0.00631645
0.00631644
0.00631643
0.00631643
0.00631642
0.00631642
0.00631642
0.00631641
0.00631641
0.00622287
0.00622288
0.00622287
0.00622287
0.00622287
0.00622286
0.00622286
0.00622285
0.00622284
0.00622284
0.00622283
0.00622282
0.00622281
0.0062228
0.0062228
0.00622279
0.00622279
0.00622278
0.00622278
0.00622278
0.00612926
0.00612926
0.00612926
0.00612925
0.00612925
0.00612924
0.00612924
0.00612923
0.00612922
0.00612921
0.0061292
0.00612919
0.00612918
0.00612918
0.00612917
0.00612916
0.00612916
0.00612915
0.00612915
0.00612915
0.00603564
0.00603564
0.00603563
0.00603563
0.00603563
0.00603562
0.00603561
0.0060356
0.00603559
0.00603558
0.00603557
0.00603557
0.00603556
0.00603555
0.00603554
0.00603554
0.00603553
0.00603553
0.00603553
0.00603553
0.00594201
0.00594201
0.00594201
0.00594201
0.005942
0.00594199
0.00594199
0.00594198
0.00594197
0.00594196
0.00594195
0.00594194
0.00594193
0.00594192
0.00594192
0.00594191
0.00594191
0.00594191
0.00594191
0.00594191
0.00584839
0.00584839
0.00584838
0.00584838
0.00584837
0.00584837
0.00584836
0.00584835
0.00584834
0.00584833
0.00584833
0.00584832
0.00584831
0.0058483
0.0058483
0.00584829
0.00584829
0.00584829
0.00584829
0.00584829
0.00575476
0.00575476
0.00575476
0.00575475
0.00575475
0.00575474
0.00575473
0.00575473
0.00575472
0.00575471
0.0057547
0.0057547
0.00575469
0.00575469
0.00575468
0.00575468
0.00575468
0.00575468
0.00575468
0.00575468
0.00566113
0.00566113
0.00566113
0.00566112
0.00566112
0.00566111
0.00566111
0.0056611
0.0056611
0.00566109
0.00566109
0.00566108
0.00566108
0.00566107
0.00566107
0.00566107
0.00566107
0.00566107
0.00566107
0.00566107
0.00556751
0.0055675
0.0055675
0.0055675
0.0055675
0.00556749
0.00556749
0.00556748
0.00556748
0.00556748
0.00556747
0.00556747
0.00556747
0.00556747
0.00556747
0.00556747
0.00556747
0.00556747
0.00556747
0.00556747
0.00547388
0.00547388
0.00547388
0.00547388
0.00547387
0.00547387
0.00547387
0.00547387
0.00547386
0.00547386
0.00547386
0.00547386
0.00547386
0.00547386
0.00547387
0.00547387
0.00547387
0.00547387
0.00547387
0.00547387
0.00538026
0.00538026
0.00538026
0.00538026
0.00538026
0.00538025
0.00538025
0.00538025
0.00538026
0.00538026
0.00538026
0.00538026
0.00538026
0.00538027
0.00538027
0.00538027
0.00538027
0.00538027
0.00538027
0.00538028
0.00528664
0.00528664
0.00528664
0.00528664
0.00528664
0.00528664
0.00528665
0.00528665
0.00528665
0.00528665
0.00528666
0.00528666
0.00528667
0.00528667
0.00528667
0.00528667
0.00528668
0.00528668
0.00528668
0.00528668
0.00519303
0.00519303
0.00519303
0.00519303
0.00519303
0.00519304
0.00519304
0.00519304
0.00519305
0.00519305
0.00519306
0.00519306
0.00519307
0.00519307
0.00519307
0.00519308
0.00519308
0.00519308
0.00519308
0.00519308
0.00509943
0.00509943
0.00509943
0.00509943
0.00509943
0.00509944
0.00509944
0.00509945
0.00509945
0.00509946
0.00509946
0.00509947
0.00509947
0.00509947
0.00509948
0.00509948
0.00509948
0.00509948
0.00509948
0.00509948
0.00500582
0.00500582
0.00500583
0.00500583
0.00500583
0.00500584
0.00500584
0.00500585
0.00500585
0.00500586
0.00500586
0.00500587
0.00500587
0.00500588
0.00500588
0.00500588
0.00500588
0.00500589
0.00500589
0.00500589
0.00491223
0.00491223
0.00491223
0.00491223
0.00491224
0.00491224
0.00491225
0.00491225
0.00491226
0.00491226
0.00491227
0.00491227
0.00491228
0.00491228
0.00491228
0.00491228
0.00491229
0.00491229
0.00491229
0.00491229
0.00481864
0.00481864
0.00481864
0.00481864
0.00481864
0.00481865
0.00481865
0.00481866
0.00481866
0.00481867
0.00481867
0.00481867
0.00481868
0.00481868
0.00481868
0.00481869
0.00481869
0.00481869
0.00481869
0.00481869
0.00472505
0.00472505
0.00472505
0.00472505
0.00472505
0.00472506
0.00472506
0.00472506
0.00472507
0.00472507
0.00472507
0.00472508
0.00472508
0.00472508
0.00472509
0.00472509
0.00472509
0.00472509
0.00472509
0.00472509
0.00463146
0.00463146
0.00463146
0.00463146
0.00463146
0.00463146
0.00463147
0.00463147
0.00463147
0.00463148
0.00463148
0.00463148
0.00463148
0.00463149
0.00463149
0.00463149
0.00463149
0.0046315
0.0046315
0.0046315
0.00453787
0.00453787
0.00453787
0.00453787
0.00453787
0.00453787
0.00453788
0.00453788
0.00453788
0.00453788
0.00453788
0.00453789
0.00453789
0.00453789
0.00453789
0.00453789
0.0045379
0.0045379
0.0045379
0.0045379
0.00444428
0.00444428
0.00444428
0.00444428
0.00444428
0.00444428
0.00444428
0.00444429
0.00444429
0.00444429
0.00444429
0.00444429
0.00444429
0.00444429
0.0044443
0.0044443
0.0044443
0.0044443
0.0044443
0.0044443
0.00435069
0.00435069
0.00435069
0.00435069
0.00435069
0.00435069
0.00435069
0.00435069
0.0043507
0.0043507
0.0043507
0.0043507
0.0043507
0.0043507
0.0043507
0.0043507
0.0043507
0.0043507
0.0043507
0.0043507
0.00425711
0.00425711
0.00425711
0.00425711
0.00425711
0.00425711
0.0042571
0.0042571
0.0042571
0.0042571
0.0042571
0.0042571
0.0042571
0.0042571
0.0042571
0.0042571
0.0042571
0.00425711
0.00425711
0.00425711
0.00416352
0.00416352
0.00416352
0.00416352
0.00416352
0.00416352
0.00416352
0.00416351
0.00416351
0.00416351
0.00416351
0.00416351
0.00416351
0.00416351
0.00416351
0.00416351
0.00416351
0.00416351
0.00416351
0.00416351
0.00406993
0.00406993
0.00406993
0.00406993
0.00406993
0.00406993
0.00406993
0.00406992
0.00406992
0.00406992
0.00406992
0.00406992
0.00406992
0.00406992
0.00406992
0.00406992
0.00406992
0.00406992
0.00406992
0.00406992
0.00397635
0.00397635
0.00397634
0.00397634
0.00397634
0.00397634
0.00397634
0.00397634
0.00397633
0.00397633
0.00397633
0.00397633
0.00397633
0.00397633
0.00397633
0.00397633
0.00397633
0.00397633
0.00397633
0.00397633
0.00388276
0.00388276
0.00388276
0.00388276
0.00388275
0.00388275
0.00388275
0.00388275
0.00388275
0.00388274
0.00388274
0.00388274
0.00388274
0.00388274
0.00388274
0.00388274
0.00388274
0.00388274
0.00388274
0.00388274
0.00378917
0.00378917
0.00378917
0.00378917
0.00378917
0.00378917
0.00378916
0.00378916
0.00378916
0.00378916
0.00378916
0.00378916
0.00378916
0.00378916
0.00378916
0.00378916
0.00378916
0.00378916
0.00378916
0.00378916
0.00369559
0.00369559
0.00369559
0.00369559
0.00369558
0.00369558
0.00369558
0.00369558
0.00369558
0.00369558
0.00369558
0.00369557
0.00369557
0.00369557
0.00369557
0.00369557
0.00369558
0.00369558
0.00369558
0.00369558
0.00360201
0.00360201
0.003602
0.003602
0.003602
0.003602
0.003602
0.003602
0.003602
0.003602
0.003602
0.003602
0.003602
0.003602
0.003602
0.003602
0.003602
0.003602
0.003602
0.003602
0.00350843
0.00350843
0.00350842
0.00350842
0.00350842
0.00350842
0.00350842
0.00350842
0.00350842
0.00350842
0.00350842
0.00350842
0.00350842
0.00350842
0.00350842
0.00350842
0.00350842
0.00350842
0.00350842
0.00350842
0.00341485
0.00341485
0.00341485
0.00341485
0.00341485
0.00341485
0.00341485
0.00341485
0.00341485
0.00341485
0.00341484
0.00341484
0.00341484
0.00341484
0.00341484
0.00341484
0.00341484
0.00341484
0.00341484
0.00341484
0.00332128
0.00332128
0.00332128
0.00332128
0.00332128
0.00332128
0.00332128
0.00332128
0.00332127
0.00332127
0.00332127
0.00332127
0.00332127
0.00332127
0.00332127
0.00332127
0.00332127
0.00332127
0.00332127
0.00332127
0.00322771
0.00322771
0.00322771
0.00322771
0.00322771
0.00322771
0.00322771
0.00322771
0.00322771
0.0032277
0.0032277
0.0032277
0.0032277
0.0032277
0.0032277
0.0032277
0.00322769
0.00322769
0.0032277
0.0032277
0.00313414
0.00313414
0.00313414
0.00313414
0.00313414
0.00313414
0.00313414
0.00313414
0.00313414
0.00313414
0.00313414
0.00313413
0.00313413
0.00313413
0.00313413
0.00313413
0.00313413
0.00313413
0.00313413
0.00313413
0.00304058
0.00304058
0.00304058
0.00304058
0.00304058
0.00304058
0.00304058
0.00304058
0.00304058
0.00304057
0.00304057
0.00304057
0.00304057
0.00304057
0.00304056
0.00304056
0.00304056
0.00304056
0.00304056
0.00304057
0.00294702
0.00294702
0.00294702
0.00294702
0.00294702
0.00294702
0.00294702
0.00294702
0.00294702
0.00294701
0.00294701
0.00294701
0.00294701
0.00294701
0.002947
0.002947
0.002947
0.002947
0.002947
0.002947
0.00285347
0.00285347
0.00285347
0.00285347
0.00285346
0.00285346
0.00285346
0.00285346
0.00285346
0.00285346
0.00285345
0.00285345
0.00285345
0.00285345
0.00285345
0.00285345
0.00285344
0.00285344
0.00285345
0.00285345
0.00275991
0.00275991
0.00275991
0.00275991
0.00275991
0.00275991
0.00275991
0.0027599
0.0027599
0.0027599
0.0027599
0.0027599
0.00275989
0.00275989
0.00275989
0.00275989
0.00275989
0.00275989
0.00275989
0.00275989
0.00266636
0.00266636
0.00266636
0.00266636
0.00266636
0.00266636
0.00266636
0.00266635
0.00266635
0.00266635
0.00266634
0.00266634
0.00266634
0.00266634
0.00266634
0.00266634
0.00266634
0.00266634
0.00266634
0.00266634
0.00257282
0.00257282
0.00257281
0.00257281
0.00257281
0.00257281
0.00257281
0.0025728
0.0025728
0.0025728
0.00257279
0.00257279
0.00257279
0.00257279
0.00257279
0.00257278
0.00257278
0.00257278
0.00257278
0.00257278
0.00247927
0.00247927
0.00247927
0.00247927
0.00247926
0.00247926
0.00247926
0.00247925
0.00247925
0.00247925
0.00247924
0.00247924
0.00247924
0.00247924
0.00247924
0.00247923
0.00247923
0.00247923
0.00247923
0.00247923
0.00238572
0.00238572
0.00238572
0.00238572
0.00238572
0.00238571
0.00238571
0.00238571
0.0023857
0.0023857
0.0023857
0.00238569
0.00238569
0.00238569
0.00238569
0.00238569
0.00238569
0.00238569
0.00238569
0.00238569
0.00229218
0.00229218
0.00229218
0.00229218
0.00229217
0.00229217
0.00229217
0.00229216
0.00229216
0.00229215
0.00229215
0.00229215
0.00229215
0.00229214
0.00229214
0.00229214
0.00229214
0.00229214
0.00229214
0.00229214
0.00219863
0.00219863
0.00219863
0.00219863
0.00219863
0.00219862
0.00219862
0.00219862
0.00219861
0.00219861
0.00219861
0.0021986
0.0021986
0.0021986
0.0021986
0.0021986
0.0021986
0.0021986
0.0021986
0.0021986
0.00210509
0.00210509
0.00210509
0.00210508
0.00210508
0.00210508
0.00210508
0.00210507
0.00210507
0.00210507
0.00210506
0.00210506
0.00210506
0.00210506
0.00210506
0.00210506
0.00210506
0.00210505
0.00210506
0.00210506
0.00201154
0.00201154
0.00201154
0.00201154
0.00201154
0.00201153
0.00201153
0.00201153
0.00201153
0.00201152
0.00201152
0.00201152
0.00201152
0.00201152
0.00201152
0.00201151
0.00201151
0.00201151
0.00201151
0.00201151
0.00191799
0.00191799
0.00191799
0.00191799
0.00191799
0.00191799
0.00191799
0.00191798
0.00191798
0.00191798
0.00191798
0.00191798
0.00191798
0.00191798
0.00191797
0.00191797
0.00191797
0.00191797
0.00191797
0.00191797
0.00182444
0.00182444
0.00182444
0.00182444
0.00182444
0.00182444
0.00182444
0.00182444
0.00182444
0.00182444
0.00182444
0.00182443
0.00182443
0.00182443
0.00182443
0.00182443
0.00182443
0.00182443
0.00182443
0.00182443
0.00173089
0.00173089
0.00173089
0.00173089
0.00173089
0.00173089
0.00173089
0.00173089
0.00173089
0.00173089
0.00173089
0.00173089
0.00173089
0.00173089
0.00173089
0.00173089
0.00173089
0.00173089
0.00173089
0.00173089
0.00163734
0.00163734
0.00163734
0.00163734
0.00163734
0.00163734
0.00163734
0.00163734
0.00163734
0.00163734
0.00163734
0.00163734
0.00163734
0.00163734
0.00163734
0.00163735
0.00163735
0.00163734
0.00163734
0.00163734
0.00154378
0.00154378
0.00154378
0.00154378
0.00154378
0.00154378
0.00154379
0.00154379
0.00154379
0.00154379
0.00154379
0.00154379
0.0015438
0.0015438
0.0015438
0.0015438
0.0015438
0.0015438
0.0015438
0.0015438
0.00145022
0.00145022
0.00145022
0.00145022
0.00145023
0.00145023
0.00145023
0.00145023
0.00145024
0.00145024
0.00145024
0.00145024
0.00145025
0.00145025
0.00145025
0.00145025
0.00145025
0.00145025
0.00145025
0.00145025
0.00135666
0.00135666
0.00135666
0.00135667
0.00135667
0.00135667
0.00135667
0.00135668
0.00135668
0.00135668
0.00135669
0.00135669
0.00135669
0.0013567
0.0013567
0.0013567
0.0013567
0.0013567
0.0013567
0.0013567
0.0012631
0.0012631
0.0012631
0.00126311
0.00126311
0.00126311
0.00126311
0.00126312
0.00126312
0.00126313
0.00126313
0.00126314
0.00126314
0.00126314
0.00126315
0.00126315
0.00126315
0.00126315
0.00126315
0.00126315
0.00116954
0.00116954
0.00116954
0.00116954
0.00116955
0.00116955
0.00116955
0.00116956
0.00116956
0.00116957
0.00116957
0.00116958
0.00116958
0.00116959
0.00116959
0.0011696
0.0011696
0.0011696
0.0011696
0.0011696
0.00107598
0.00107598
0.00107598
0.00107598
0.00107598
0.00107599
0.00107599
0.001076
0.001076
0.00107601
0.00107602
0.00107602
0.00107603
0.00107603
0.00107604
0.00107604
0.00107605
0.00107605
0.00107605
0.00107605
0.000982415
0.000982415
0.000982416
0.000982418
0.000982421
0.000982425
0.00098243
0.000982436
0.000982442
0.000982449
0.000982456
0.000982462
0.000982469
0.000982475
0.000982481
0.000982486
0.00098249
0.000982493
0.000982494
0.000982495
0.000888852
0.000888852
0.000888853
0.000888855
0.000888858
0.000888862
0.000888868
0.000888874
0.00088888
0.000888887
0.000888895
0.000888902
0.000888909
0.000888916
0.000888922
0.000888927
0.000888932
0.000888935
0.000888937
0.000888938
0.00079529
0.00079529
0.00079529
0.000795292
0.000795295
0.0007953
0.000795305
0.000795311
0.000795318
0.000795325
0.000795332
0.00079534
0.000795347
0.000795354
0.000795361
0.000795366
0.000795371
0.000795375
0.000795377
0.000795378
0.00070173
0.000701728
0.000701729
0.00070173
0.000701733
0.000701737
0.000701742
0.000701748
0.000701755
0.000701762
0.000701769
0.000701777
0.000701784
0.000701791
0.000701798
0.000701804
0.000701809
0.000701813
0.000701816
0.000701817
0.000608169
0.000608168
0.000608167
0.000608168
0.000608171
0.000608174
0.000608179
0.000608185
0.000608191
0.000608198
0.000608205
0.000608212
0.000608219
0.000608226
0.000608232
0.000608238
0.000608244
0.000608248
0.000608251
0.000608253
0.00051461
0.000514608
0.000514606
0.000514607
0.000514608
0.000514612
0.000514616
0.000514621
0.000514626
0.000514632
0.000514639
0.000514646
0.000514652
0.000514659
0.000514665
0.000514671
0.000514676
0.00051468
0.000514684
0.000514687
0.000421051
0.000421048
0.000421045
0.000421045
0.000421046
0.000421048
0.000421052
0.000421056
0.000421061
0.000421066
0.000421072
0.000421078
0.000421084
0.000421089
0.000421095
0.000421101
0.000421105
0.00042111
0.000421115
0.000421118
0.000327492
0.000327487
0.000327484
0.000327482
0.000327483
0.000327484
0.000327487
0.00032749
0.000327494
0.000327499
0.000327503
0.000327508
0.000327513
0.000327518
0.000327523
0.000327528
0.000327532
0.000327537
0.000327542
0.000327547
0.000233933
0.000233927
0.000233923
0.000233922
0.000233922
0.000233923
0.000233925
0.000233928
0.00023393
0.000233934
0.000233937
0.000233941
0.000233945
0.000233948
0.000233952
0.000233955
0.000233959
0.000233963
0.000233968
0.000233973
0.000140372
0.000140368
0.000140365
0.000140364
0.000140364
0.000140365
0.000140366
0.000140367
0.000140369
0.000140371
0.000140373
0.000140375
0.000140377
0.00014038
0.000140382
0.000140384
0.000140387
0.000140389
0.000140393
0.000140397
4.68052e-05
4.68027e-05
4.68001e-05
4.67976e-05
4.67952e-05
4.67931e-05
4.67914e-05
4.67904e-05
4.67899e-05
4.67901e-05
4.67908e-05
4.67921e-05
4.67939e-05
4.67962e-05
4.6799e-05
4.68021e-05
4.68053e-05
4.68082e-05
4.68111e-05
4.68136e-05
)
;

boundaryField
{
    inlet
    {
        type            fixedValue;
        value           uniform 0;
    }
    atmosphere
    {
        type            fixedValue;
        value           uniform 0;
    }
    walls
    {
        type            fixedFluxPressure;
        gradient        nonuniform List<scalar> 
800
(
-3.62129e-05
-0.000322066
-0.00010394
0.0137308
0.0178215
0.0200024
0.0191785
0.0161959
0.0118438
0.00737575
0.00318763
-0.00066629
-0.00698301
-0.0101093
-0.0107105
-0.0113061
-0.0124373
-0.014099
-0.0164566
-0.0234112
-0.0396784
-0.0449721
-0.0419031
-0.0270511
-0.0073017
0.00315235
0.007295
0.012981
0.0144948
0.0196866
0.026403
0.0312459
0.0337856
0.0372936
0.0390012
0.0393044
0.0381857
0.0360059
0.0335536
0.0295211
0.0241707
0.018977
0.018763
0.00999108
0.00599503
0.00237333
-0.00300486
-0.00718619
-0.0057673
0.00284379
0.0306077
0.032786
0.0344892
0.0365809
0.0372055
0.036455
0.035351
0.0272805
0.0274136
0.0246468
0.0274133
0.0277713
0.0253665
0.0229003
0.0169893
0.00760527
0.00239429
-0.00694429
-0.0129234
-0.0114821
-0.00481097
0.0105291
0.00923454
0.0122839
0.0143351
0.0119171
0.00386032
-0.0154078
-0.0551318
-0.0619489
-0.0420806
-0.0218417
-0.019
-0.0241045
-0.0326075
-0.032315
-0.0242665
-0.0113222
-0.00370327
-0.00272588
-0.00322012
-0.00178525
0.00163402
0.00395735
0.00482647
0.00549072
0.00797805
0.0100132
0.0110506
0.0108256
0.00839136
0.00159346
-0.00468684
-0.00466585
-0.00167169
-0.0015674
-0.0071096
-0.00982714
-0.00481512
0.0301098
0.0289839
0.0253375
0.0273323
0.0301551
0.0333824
0.0354815
0.0358121
0.0347111
0.0329184
0.0356429
0.0332828
0.0271458
0.0387902
0.0368076
0.0206934
0.0193063
0.0167283
0.0163175
0.0159823
0.0116737
0.00919316
0.00889586
0.00746066
0.020873
0.0194368
0.0194776
0.0123721
0.00852293
0.0250618
0.0238168
0.0207708
0.0146748
0.00810599
0.00631961
0.00720241
0.00658284
0.00685155
0.00181809
-0.0147534
-0.0202882
-0.00766471
-0.00329801
-0.00659799
-0.0312453
-0.204555
-0.0170568
0.00344734
-0.784267
-1.17646
0.501309
0.0813009
-932.553
-1011.67
7.29229
0.0539199
0.433048
0.190173
-3479.25
-3146.01
11.2364
-0.00300512
0.00180392
-0.00553759
1.76138
-13.4275
1.8779
-2.27393
-0.00850293
1.8172
3.9534
-194.214
-15.1995
39.699
-58.5587
-119.573
27.5324
-13.8839
892.149
-242.09
-29288.3
577843
-228027
-62472.4
-4.23
-0.0699594
-3.14157
-110.685
1063.25
509.733
1559
-211.48
-0.0276995
-0.00542217
-0.0408992
-0.0817201
-0.126071
-0.140683
-0.119025
-0.0833329
-0.0999863
-0.122992
-0.137418
-0.0748667
-0.00446956
-2.98449e-05
-3.10087e-08
-1.11719e-09
-1.4308e-10
-4.32679e-11
-1.61552e-11
-4.19848e-12
-3.74541e-13
-4.4642e-15
-2.52485e-18
-6.2609e-23
-6.52936e-26
-1.92204e-28
-8.47227e-32
-1.661e-32
-1.71074e-32
-1.31658e-32
-8.04788e-33
-4.13453e-33
-1.84646e-33
-7.33847e-34
-2.64224e-34
-8.74406e-35
-2.69251e-35
-7.79765e-36
-2.144e-36
-5.64193e-37
-1.43018e-37
-3.50993e-38
-8.38947e-39
-1.96847e-39
-4.56284e-40
-1.05446e-40
-2.44328e-41
-5.66905e-42
-1.32195e-42
-3.13723e-43
-7.63394e-44
-1.90053e-44
-4.85234e-45
-1.24269e-45
-3.14595e-46
-7.96824e-47
-2.07946e-47
-5.78097e-48
-1.65271e-48
-4.71258e-49
-1.2873e-49
-3.31188e-50
-8.06016e-51
-1.98596e-51
-4.96732e-52
-1.2526e-52
-3.30622e-53
-9.58683e-54
-2.94278e-54
-8.77288e-55
-2.50736e-55
-7.27774e-56
-2.18746e-56
-6.31582e-57
-1.71511e-57
-4.72569e-58
-1.28754e-58
-3.41268e-59
-8.65271e-60
-2.2824e-60
-7.98594e-61
-2.94417e-61
-9.38844e-62
-2.51941e-62
-5.91035e-63
-1.38431e-63
-3.50105e-64
-8.88442e-65
-2.03146e-65
-5.03818e-66
-1.59901e-66
-5.30361e-67
-1.61707e-67
-4.3146e-68
-1.26942e-68
-4.06448e-69
-1.30501e-69
-4.02229e-70
-1.1894e-70
-3.77532e-71
-1.20017e-71
-3.74397e-72
-1.12112e-72
-2.9597e-73
-8.33862e-74
-2.40866e-74
-6.92096e-75
-2.01958e-75
-5.65853e-76
-1.45135e-76
-3.51508e-77
-8.96566e-78
-2.58038e-78
-8.04753e-79
-2.71147e-79
-9.481e-80
-3.69491e-80
-1.9615e-80
-1.05167e-80
-4.95702e-81
-1.93477e-81
-6.31094e-82
-1.7578e-82
-4.30691e-83
-9.30411e-84
-1.82636e-84
-3.25944e-85
-5.86626e-86
-1.27391e-86
-3.43561e-87
-9.99277e-88
-2.75796e-88
-6.68146e-89
-1.42447e-89
-2.86484e-90
-6.07277e-91
-1.75497e-91
-6.13447e-92
-2.35012e-92
-9.59532e-93
-3.9136e-93
-1.58283e-93
-6.76983e-94
-2.82961e-94
-1.07868e-94
-3.52473e-95
-9.59867e-96
-2.23567e-96
-4.77956e-97
-1.05251e-97
-2.39637e-98
-5.05438e-99
-9.39989e-100
-1.74419e-100
-3.78267e-101
-9.76438e-102
-2.62191e-102
-7.47655e-103
-2.12212e-103
-5.38257e-104
-1.22736e-104
-3.10371e-105
-9.41328e-106
-3.2273e-106
-1.26146e-106
-5.45582e-107
-2.18763e-107
-7.43404e-108
-2.31378e-108
-6.82783e-109
-1.91782e-109
-5.07583e-110
-1.26536e-110
-3.12372e-111
-8.07857e-112
-2.03825e-112
-4.92794e-113
-1.19642e-113
-3.04857e-114
-7.76867e-115
-2.01634e-115
-5.133e-116
-1.34454e-116
-3.62313e-117
-1.01179e-117
-3.12135e-118
-1.08676e-118
-2.79343e-119
-1.91604e-119
-5.83474e-119
-1.03109e-118
-1.63075e-118
-2.38598e-118
-3.14531e-118
-3.61748e-118
-3.26519e-118
-2.45638e-118
-5.04119e-118
-4.06484e-118
0.000224106
-0.00338164
-0.00919674
-0.0184697
-0.0271555
-0.0295554
-0.027206
-0.0261461
-0.0215849
-0.0148318
-0.00808018
-0.00192493
0.015996
0.0195573
0.0211466
0.0216053
0.0240382
0.0249189
0.0260101
0.0310273
0.033697
0.0327109
0.0308923
0.0298834
0.0282069
0.0254644
0.0154009
0.00855374
0.002562
-0.00662401
-0.0176787
-0.022414
-0.0200553
-0.0180449
-0.0131037
-0.0031723
0.0167754
0.0234074
0.0292907
0.0323176
0.0355023
0.040216
0.0430815
0.04466
0.0463471
0.0486549
0.050512
0.0516259
0.051617
0.0506679
0.0497143
0.0480583
0.0461621
0.0439263
0.0402662
0.0339116
0.0269288
0.0227314
0.0186092
0.0155843
0.0113306
-0.00024517
-0.00371932
-0.00840885
-0.0175356
-0.0161814
-0.0165505
-0.010135
-0.00183789
0.003135
0.00546876
0.00558136
0.00310084
-0.004332
-0.0181216
-0.0257449
-0.0249659
-0.0199399
-0.0141489
-0.0122113
-0.0114294
-0.0099338
-0.00504817
0.000933342
0.00280872
0.00191724
-0.00119721
-0.00695349
-0.00777585
-0.00220257
0.00430507
0.004936
0.0042273
0.000715813
-0.00547153
-0.0127305
-0.0166594
-0.0197872
-0.0204099
-0.0177218
-0.0111119
-0.00993739
-0.0109511
-0.0180942
-0.0322068
-0.0376879
-0.0360423
-0.0216945
-0.00538828
0.000973116
0.0125544
0.0166534
0.0148191
0.0115841
0.0118539
0.011103
0.0174893
0.023415
0.0235718
0.0212075
0.0229836
0.0235153
0.0198007
0.0168526
0.0119879
0.00771958
0.00718662
0.0113195
0.010327
0.00287651
-0.00549394
-0.00408678
0.00941796
0.0154861
0.00905826
0.00514504
-0.0078433
-0.00923313
0.00743504
0.00506979
-0.00329797
-0.00403207
0.00704206
0.00144299
-0.00700739
0.0222149
0.0275449
0.0260549
0.0252033
0.0248893
0.0143046
0.0084982
0.00241056
-0.00220255
-0.0448695
-0.101741
0.00442003
0.00242795
-2.17832
1.25579
0.103846
-954.081
-1026.15
8.53479
-0.0213457
-0.0343613
-612.959
-497.536
4.46608
52.4801
-136.306
6.17736
0.00199433
0.0202929
0.646437
0.682852
-1.45064
-0.0125174
3.02312
6.7584
-459.013
-0.969915
29.8452
-69.9139
-83.5326
22.833
-14.7254
1382.4
-17.9422
-29100.6
579585
-228465
-62583.7
-1.45826
-0.226282
-1.36554
-25.9533
168.744
489.539
618.113
-219.28
-0.00125524
-0.00232154
-0.0318014
-0.0725598
-0.117632
-0.141528
-0.124848
-0.0942357
-0.0958034
-0.118503
-0.137017
-0.0955153
-0.00862539
-8.08004e-05
-9.12985e-08
-7.34898e-10
-1.25562e-10
-5.54095e-11
-2.35017e-11
-6.05567e-12
-5.62967e-13
-7.76988e-15
-4.9387e-18
-1.22964e-22
-7.40839e-26
-1.89126e-28
-1.1251e-31
-3.74433e-32
-3.73643e-32
-2.77161e-32
-1.66036e-32
-8.4275e-33
-3.7361e-33
-1.47863e-33
-5.31384e-34
-1.75834e-34
-5.42047e-35
-1.57251e-35
-4.33098e-36
-1.14121e-36
-2.89682e-37
-7.12634e-38
-1.70863e-38
-4.01586e-39
-9.30389e-40
-2.13779e-40
-4.915e-41
-1.14355e-41
-2.71563e-42
-6.60619e-43
-1.64267e-43
-4.15124e-44
-1.06249e-44
-2.73616e-45
-7.03449e-46
-1.80113e-46
-4.57332e-47
-1.14826e-47
-2.8539e-48
-6.99741e-49
-1.69189e-49
-4.21559e-50
-1.10938e-50
-3.12957e-51
-9.39201e-52
-2.73493e-52
-7.66113e-53
-2.12975e-53
-6.00654e-54
-1.71714e-54
-4.87904e-55
-1.3806e-55
-3.91263e-56
-1.09945e-56
-3.07024e-57
-8.48027e-58
-2.3099e-58
-6.29856e-59
-1.72014e-59
-4.66204e-60
-1.26844e-60
-3.4074e-61
-8.85665e-62
-2.25682e-62
-5.69302e-63
-1.43728e-63
-3.80528e-64
-1.04042e-64
-3.02768e-65
-9.16438e-66
-2.76322e-66
-8.36824e-67
-2.58253e-67
-7.55985e-68
-2.06386e-68
-5.57361e-69
-1.56387e-69
-4.61816e-70
-1.5959e-70
-5.68799e-71
-1.84038e-71
-5.31686e-72
-1.45653e-72
-3.76819e-73
-8.91415e-74
-1.97225e-74
-4.40856e-75
-1.18927e-75
-4.22253e-76
-1.65142e-76
-6.87188e-77
-2.77802e-77
-9.91803e-78
-2.99473e-78
-7.58805e-79
-1.68343e-79
-3.37707e-80
-6.38132e-81
-1.26302e-81
-2.76389e-82
-7.35881e-83
-2.39774e-83
-1.01632e-83
-5.04261e-84
-2.44858e-84
-1.1239e-84
-5.44227e-85
-2.40633e-85
-9.23272e-86
-3.03632e-86
-8.73382e-87
-2.17542e-87
-4.73437e-88
-9.20282e-89
-1.67903e-89
-3.19553e-90
-6.91631e-91
-1.68283e-91
-4.58202e-92
-1.43915e-92
-4.91897e-93
-1.70188e-93
-5.7274e-94
-1.97628e-94
-6.61296e-95
-2.05104e-95
-5.59306e-96
-1.36416e-96
-3.03807e-97
-6.41152e-98
-1.3325e-98
-2.78632e-99
-6.19496e-100
-1.50944e-100
-3.76243e-101
-9.70586e-102
-2.74302e-102
-8.09109e-103
-2.2456e-103
-5.59684e-104
-1.38029e-104
-3.49684e-105
-9.26492e-106
-2.62182e-106
-8.6191e-107
-3.33143e-107
-1.3197e-107
-4.9684e-108
-1.7259e-108
-5.73349e-109
-1.83153e-109
-5.28214e-110
-1.35691e-110
-3.40084e-111
-8.89144e-112
-2.32205e-112
-5.65091e-113
-1.33972e-113
-3.27359e-114
-8.1611e-115
-1.81936e-115
-3.71707e-116
-8.23273e-117
-2.3745e-117
-7.80881e-118
-2.41548e-118
-5.52473e-119
-2.1638e-119
-4.66774e-119
-1.03054e-118
-1.77641e-118
-2.76693e-118
-4.0698e-118
-5.4254e-118
-6.28015e-118
-5.67998e-118
-4.19763e-118
-8.56818e-118
-6.94451e-118
)
;
        value           nonuniform List<scalar> 
800
(
0.00387517
0.011626
0.019377
0.0271283
0.0348793
0.0426303
0.0503812
0.0581322
0.0658832
0.0736343
0.0813853
0.0891364
0.0968873
0.104638
0.112389
0.12014
0.127891
0.135642
0.143393
0.151144
0.158896
0.166647
0.174398
0.182149
0.1899
0.197651
0.205402
0.213153
0.220905
0.228656
0.236408
0.244159
0.25191
0.259662
0.267413
0.275164
0.282915
0.290666
0.298418
0.306169
0.31392
0.321671
0.329422
0.337173
0.344924
0.352675
0.360426
0.368177
0.375928
0.38368
0.391432
0.399184
0.406936
0.414688
0.422441
0.430194
0.437947
0.4457
0.453454
0.461209
0.468964
0.476719
0.484475
0.492233
0.499991
0.50775
0.51551
0.523272
0.531034
0.538798
0.546562
0.554328
0.562093
0.56986
0.577627
0.585393
0.593159
0.600925
0.60869
0.616454
0.624217
0.631979
0.639741
0.647503
0.655264
0.663026
0.670788
0.67855
0.686314
0.694078
0.701843
0.709608
0.717372
0.725137
0.732902
0.740666
0.748429
0.756193
0.763955
0.771717
0.77948
0.787242
0.795005
0.802769
0.810533
0.818297
0.826061
0.833825
0.841589
0.849354
0.857117
0.864881
0.872644
0.880408
0.888172
0.895936
0.903699
0.911462
0.919225
0.926988
0.934751
0.942514
0.950278
0.958041
0.965804
0.973568
0.981332
0.989096
0.99686
1.00462
1.01239
1.02015
1.02791
1.03568
1.04344
1.0512
1.05897
1.06673
1.07449
1.08226
1.09002
1.09778
1.10555
1.11331
1.12107
1.12884
1.13661
1.14438
1.15215
1.15992
1.1677
1.17549
1.18328
1.19108
1.19889
1.2067
1.21447
1.22213
1.23006
1.23658
1.24078
1.29133
1.26896
1.27593
1.27968
1.28714
1.29167
1.45341
1.36667
1.31909
1.32903
1.32927
1.3268
1.35113
1.37988
1.41102
1.42046
1.47131
1.53799
1.58732
1.71698
1.90129
2.18172
2.6154
3.20142
3.95154
4.34826
5.96182
4.48904
0.703984
14.2146
-6.14397
-1.09617
0.122024
0.0926147
0.0531592
0.0301446
0.072755
0.251104
0.102666
0.0201638
0.0191327
0.0175994
0.0172107
0.0171924
0.0172942
0.0174068
0.0174902
0.0175364
0.0175474
0.0175315
0.0174943
0.0174428
0.0173799
0.017307
0.017228
0.0171446
0.0170582
0.0169696
0.0168795
0.0167882
0.0166962
0.0166037
0.0165109
0.0164179
0.0163247
0.0162315
0.0161382
0.0160448
0.0159514
0.0158578
0.0157642
0.0156705
0.0155768
0.0154831
0.0153894
0.0152959
0.0152024
0.015109
0.0150157
0.0149223
0.0148288
0.0147353
0.0146416
0.0145478
0.014454
0.01436
0.014266
0.0141721
0.0140784
0.0139849
0.0138914
0.0137979
0.0137041
0.0136101
0.0135159
0.0134217
0.0133277
0.013234
0.0131405
0.0130471
0.0129537
0.0128602
0.0127666
0.012673
0.0125795
0.0124861
0.0123928
0.0122995
0.0122061
0.0121125
0.0120188
0.011925
0.0118312
0.0117375
0.0116441
0.0115509
0.011458
0.0113652
0.0112723
0.0111793
0.0110861
0.0109926
0.0108988
0.0108048
0.0107107
0.0106166
0.0105226
0.0104286
0.0103349
0.0102413
0.0101478
0.0100544
0.00996098
0.0098676
0.00977419
0.00968072
0.0095872
0.00949364
0.00940006
0.00930649
0.00921295
0.00911944
0.00902599
0.0089326
0.00883926
0.00874597
0.00865273
0.00855951
0.0084663
0.0083731
0.00827989
0.00818666
0.0080934
0.0080001
0.00790676
0.00781338
0.00771997
0.00762651
0.00753303
0.00743953
0.007346
0.00725245
0.00715889
0.00706532
0.00697173
0.00687814
0.00678454
0.00669093
0.00659732
0.00650371
0.0064101
0.00631649
0.00622287
0.00612926
0.00603564
0.00594201
0.00584839
0.00575476
0.00566113
0.00556751
0.00547388
0.00538026
0.00528664
0.00519303
0.00509943
0.00500582
0.00491223
0.00481864
0.00472505
0.00463146
0.00453787
0.00444428
0.00435069
0.00425711
0.00416352
0.00406993
0.00397635
0.00388276
0.00378917
0.00369559
0.00360201
0.00350843
0.00341485
0.00332128
0.00322771
0.00313414
0.00304058
0.00294702
0.00285347
0.00275991
0.00266636
0.00257282
0.00247927
0.00238572
0.00229218
0.00219863
0.00210509
0.00201154
0.00191799
0.00182444
0.00173089
0.00163734
0.00154378
0.00145022
0.00135666
0.0012631
0.00116954
0.00107598
0.000982415
0.000888852
0.00079529
0.00070173
0.000608169
0.00051461
0.000421051
0.000327492
0.000233933
0.000140372
4.68052e-05
0.00387519
0.0116259
0.019377
0.027128
0.0348789
0.0426297
0.0503806
0.0581313
0.0658822
0.0736332
0.0813843
0.0891356
0.0968872
0.104638
0.11239
0.120141
0.127892
0.135643
0.143395
0.151146
0.158897
0.166649
0.1744
0.182151
0.189902
0.197653
0.205404
0.213155
0.220906
0.228657
0.236408
0.244159
0.251909
0.25966
0.267411
0.275163
0.282914
0.290665
0.298417
0.306168
0.313919
0.32167
0.329422
0.337173
0.344925
0.352676
0.360428
0.368179
0.375931
0.383683
0.391434
0.399186
0.406938
0.41469
0.422443
0.430195
0.437948
0.445701
0.453455
0.461209
0.468964
0.47672
0.484476
0.492234
0.499992
0.507752
0.515513
0.523274
0.531037
0.538801
0.546566
0.554331
0.562097
0.569863
0.577629
0.585394
0.59316
0.600924
0.608688
0.616452
0.624215
0.631977
0.639739
0.647502
0.655264
0.663027
0.67079
0.678553
0.686317
0.69408
0.701844
0.709608
0.717371
0.725135
0.732898
0.740662
0.748425
0.756189
0.763952
0.771716
0.779481
0.787245
0.795008
0.802772
0.810535
0.818298
0.826062
0.833825
0.841589
0.849353
0.857117
0.864882
0.872645
0.880409
0.888172
0.895934
0.903697
0.911459
0.919222
0.926986
0.93475
0.942514
0.950278
0.958042
0.965805
0.973569
0.981332
0.989096
0.996859
1.00462
1.01239
1.02015
1.02791
1.03568
1.04344
1.05121
1.05897
1.06673
1.0745
1.08226
1.09002
1.09779
1.10555
1.11332
1.12109
1.12886
1.13663
1.1444
1.15217
1.15995
1.16774
1.17553
1.18334
1.19115
1.19897
1.20679
1.21459
1.22227
1.22995
1.23673
1.24097
1.29001
1.27204
1.27839
1.28404
1.28742
1.29644
1.30438
1.31786
1.31982
1.32906
1.33658
1.35014
1.3652
1.38316
1.40673
1.43784
1.50513
1.57258
1.62105
1.74497
1.9275
2.198
2.62098
3.20426
3.94801
4.33607
5.96105
4.49058
0.680437
14.2601
-6.15732
-1.09872
0.121461
0.0917352
0.0514708
0.0274079
0.0270949
0.121534
0.05433
0.0194137
0.0193111
0.0176991
0.0172684
0.0172222
0.0173053
0.0174088
0.0174895
0.0175357
0.0175487
0.0175336
0.0174972
0.0174458
0.0173834
0.0173105
0.0172312
0.0171473
0.0170603
0.0169712
0.0168807
0.0167893
0.0166973
0.0166047
0.0165118
0.0164184
0.0163249
0.0162312
0.0161376
0.0160439
0.0159504
0.0158568
0.0157632
0.0156695
0.0155757
0.0154819
0.015388
0.0152942
0.0152006
0.015107
0.0150137
0.0149204
0.0148271
0.0147338
0.0146403
0.0145468
0.0144532
0.0143596
0.0142661
0.0141725
0.014079
0.0139854
0.0138917
0.013798
0.0137042
0.0136105
0.013517
0.0134235
0.0133301
0.0132368
0.0131434
0.01305
0.0129566
0.012863
0.0127694
0.0126757
0.0125821
0.0124885
0.012395
0.0123014
0.0122078
0.0121141
0.0120204
0.0119265
0.0118326
0.0117386
0.0116445
0.0115505
0.0114565
0.0113626
0.0112688
0.0111752
0.0110817
0.0109883
0.0108951
0.0108019
0.0107088
0.0106157
0.0105226
0.0104294
0.0103362
0.0102429
0.0101494
0.0100559
0.0099623
0.00986862
0.0097749
0.00968115
0.0095874
0.00949367
0.00939998
0.00930635
0.00921279
0.0091193
0.00902589
0.00893254
0.00883924
0.00874599
0.00865277
0.00855956
0.00846636
0.00837315
0.00827993
0.00818668
0.00809341
0.0080001
0.00790676
0.00781338
0.00771997
0.00762653
0.00753305
0.00743955
0.00734603
0.00725248
0.00715892
0.00706534
0.00697176
0.00687816
0.00678455
0.00669093
0.0065973
0.00650368
0.00641004
0.00631641
0.00622278
0.00612915
0.00603553
0.00594191
0.00584829
0.00575468
0.00566107
0.00556747
0.00547387
0.00538028
0.00528668
0.00519308
0.00509948
0.00500589
0.00491229
0.00481869
0.00472509
0.0046315
0.0045379
0.0044443
0.0043507
0.00425711
0.00416351
0.00406992
0.00397633
0.00388274
0.00378916
0.00369558
0.003602
0.00350842
0.00341484
0.00332127
0.0032277
0.00313413
0.00304057
0.002947
0.00285345
0.00275989
0.00266634
0.00257278
0.00247923
0.00238569
0.00229214
0.0021986
0.00210506
0.00201151
0.00191797
0.00182443
0.00173089
0.00163734
0.0015438
0.00145025
0.0013567
0.00126315
0.0011696
0.00107605
0.000982495
0.000888938
0.000795378
0.000701817
0.000608253
0.000514687
0.000421118
0.000327547
0.000233973
0.000140397
4.68136e-05
)
;
    }
    frontAndBack
    {
        type            empty;
    }
}


// ************************************************************************* //
