/*--------------------------------*- C++ -*----------------------------------*\
| =========                 |                                                 |
| \\      /  F ield         | OpenFOAM: The Open Source CFD Toolbox           |
|  \\    /   O peration     | Version:  5.x                                   |
|   \\  /    A nd           | Web:      www.OpenFOAM.org                      |
|    \\/     M anipulation  |                                                 |
\*---------------------------------------------------------------------------*/
FoamFile
{
    version     2.0;
    format      ascii;
    class       surfaceScalarField;
    location    "0.9";
    object      phi;
}
// * * * * * * * * * * * * * * * * * * * * * * * * * * * * * * * * * * * * * //

dimensions      [0 3 -1 0 0 0 0];

internalField   nonuniform List<scalar> 
4432
(
-1.67874e-07
1.67874e-07
-2.34648e-06
2.1786e-06
-6.72667e-06
4.3802e-06
-1.18356e-05
5.10893e-06
-1.41259e-05
2.2903e-06
-1.24888e-05
-1.63713e-06
-9.46794e-06
-3.02084e-06
-7.30013e-06
-2.16781e-06
-6.25008e-06
-1.05005e-06
-6.10857e-06
-1.41516e-07
-6.75529e-06
6.46721e-07
-7.95839e-06
1.2031e-06
-9.11317e-06
1.15478e-06
-9.29326e-06
1.80104e-07
-8.68413e-06
-6.09133e-07
-1.10443e-05
2.36014e-06
-1.88125e-05
7.76818e-06
-2.56968e-05
6.88431e-06
-2.51642e-05
-5.32533e-07
-1.97999e-05
-5.36432e-06
-1.3217e-05
-6.58286e-06
-5.93953e-06
-7.27751e-06
-5.93952e-06
-4.60447e-06
4.77235e-06
-9.81968e-06
7.39381e-06
-1.45882e-05
9.14873e-06
-1.72095e-05
7.73023e-06
-1.65343e-05
1.61512e-06
-1.35678e-05
-4.60372e-06
-1.01424e-05
-6.44614e-06
-7.59069e-06
-4.71957e-06
-6.27767e-06
-2.36307e-06
-5.87152e-06
-5.4766e-07
-6.09299e-06
8.68191e-07
-6.80842e-06
1.91854e-06
-8.11909e-06
2.46545e-06
-1.04478e-05
2.50877e-06
-1.42189e-05
3.16196e-06
-1.91427e-05
7.28397e-06
-2.25578e-05
1.11833e-05
-2.14842e-05
5.81071e-06
-1.68822e-05
-5.13455e-06
-1.22566e-05
-9.98992e-06
-8.3216e-06
-1.05178e-05
-3.81511e-06
-1.1784e-05
-9.75464e-06
-5.77279e-06
1.05451e-05
-1.11542e-05
1.27752e-05
-1.52558e-05
1.32503e-05
-1.75219e-05
9.99637e-06
-1.72916e-05
1.38482e-06
-1.45935e-05
-7.30183e-06
-1.10794e-05
-9.9602e-06
-8.36504e-06
-7.43397e-06
-6.762e-06
-3.96611e-06
-6.03696e-06
-1.2727e-06
-5.78847e-06
6.19704e-07
-5.7577e-06
1.88778e-06
-6.09251e-06
2.80026e-06
-7.42593e-06
3.8422e-06
-1.0368e-05
6.10399e-06
-1.32988e-05
1.02148e-05
-1.30969e-05
1.09814e-05
-9.88525e-06
2.59905e-06
-6.49632e-06
-8.52347e-06
-4.52265e-06
-1.19636e-05
-3.45481e-06
-1.15857e-05
-1.73827e-06
-1.35005e-05
-1.14929e-05
-4.88748e-06
1.54326e-05
-9.54576e-06
1.74335e-05
-1.33465e-05
1.70511e-05
-1.59657e-05
1.26156e-05
-1.62828e-05
1.70186e-06
-1.41164e-05
-9.46822e-06
-1.13925e-05
-1.26841e-05
-9.14622e-06
-9.68028e-06
-7.56706e-06
-5.54526e-06
-6.81757e-06
-2.02219e-06
-6.61595e-06
4.18087e-07
-6.56486e-06
1.83669e-06
-6.48653e-06
2.72194e-06
-6.39132e-06
3.74699e-06
-6.22086e-06
5.93353e-06
-5.2355e-06
9.22943e-06
-2.91872e-06
8.66463e-06
-8.8446e-07
5.64795e-07
-6.97484e-07
-8.71044e-06
-1.34892e-06
-1.13121e-05
-2.06368e-06
-1.08709e-05
-1.3503e-06
-1.42139e-05
-1.28432e-05
-3.14065e-06
1.85733e-05
-6.7851e-06
2.1078e-05
-9.97234e-06
2.02383e-05
-1.2355e-05
1.49982e-05
-1.2992e-05
2.33891e-06
-1.18264e-05
-1.06339e-05
-1.06836e-05
-1.38269e-05
-9.55218e-06
-1.08117e-05
-8.32318e-06
-6.77425e-06
-7.60783e-06
-2.73754e-06
-7.40708e-06
2.17334e-07
-7.38627e-06
1.81587e-06
-7.31713e-06
2.65279e-06
-6.91613e-06
3.34598e-06
-5.50678e-06
4.52418e-06
-2.58346e-06
6.3061e-06
4.38976e-07
5.6422e-06
1.24856e-06
-2.44781e-07
-7.27904e-07
-6.73399e-06
-2.27297e-06
-9.76708e-06
-2.87116e-06
-1.02727e-05
-1.8433e-06
-1.52418e-05
-1.46865e-05
-9.71532e-07
1.95448e-05
-3.2602e-06
2.33666e-05
-5.43545e-06
2.24136e-05
-7.25653e-06
1.68193e-05
-8.17443e-06
3.25681e-06
-8.46672e-06
-1.03416e-05
-9.41819e-06
-1.28754e-05
-9.55478e-06
-1.06751e-05
-8.68767e-06
-7.64136e-06
-7.99681e-06
-3.42841e-06
-7.67034e-06
-1.09146e-07
-7.47466e-06
1.62019e-06
-7.35935e-06
2.53748e-06
-7.1024e-06
3.08902e-06
-5.97775e-06
3.39953e-06
-3.57235e-06
3.90071e-06
-1.18456e-06
3.25441e-06
-7.72594e-07
-6.56741e-07
-2.04784e-06
-5.45873e-06
-2.95793e-06
-8.85697e-06
-2.90057e-06
-1.03301e-05
-1.79534e-06
-1.6347e-05
-1.64818e-05
1.68357e-06
1.78613e-05
6.91155e-07
2.43591e-05
-7.9612e-07
2.39008e-05
-1.82168e-06
1.78448e-05
-2.42693e-06
3.86205e-06
-4.88054e-06
-7.88796e-06
-8.22575e-06
-9.53016e-06
-8.70021e-06
-1.02006e-05
-7.28268e-06
-9.0589e-06
-6.30496e-06
-4.40613e-06
-5.81656e-06
-5.97547e-07
-5.45714e-06
1.26078e-06
-5.43368e-06
2.51403e-06
-5.53062e-06
3.18595e-06
-4.93221e-06
2.80112e-06
-3.34697e-06
2.31548e-06
-1.54579e-06
1.45323e-06
-8.06616e-07
-1.39592e-06
-1.06197e-06
-5.20338e-06
-1.56273e-06
-8.3562e-06
-1.6182e-06
-1.02746e-05
-9.52227e-07
-1.70129e-05
-1.74341e-05
4.83124e-06
1.303e-05
5.15343e-06
2.40369e-05
5.39819e-06
2.36561e-05
5.97123e-06
1.72718e-05
4.43653e-06
5.39677e-06
-1.92827e-06
-1.52316e-06
-7.24302e-06
-4.21541e-06
-6.67701e-06
-1.07666e-05
-4.28992e-06
-1.1446e-05
-3.88742e-06
-4.80863e-06
-4.17835e-06
-3.06616e-07
-3.75937e-06
8.41809e-07
-3.54013e-06
2.29478e-06
-3.55682e-06
3.20264e-06
-3.03839e-06
2.28269e-06
-1.7729e-06
1.04997e-06
-3.12108e-07
-7.56317e-09
6.71381e-07
-2.3794e-06
8.93817e-07
-5.42582e-06
2.74207e-07
-7.7366e-06
-1.65516e-07
-9.83487e-06
-5.98391e-07
-1.65801e-05
-1.80324e-05
-7.93547e-06
7.93547e-06
-2.11795e-05
1.3244e-05
-9.62545e-06
-1.1554e-05
1.67626e-05
-2.63881e-05
3.04073e-05
-1.36447e-05
3.16604e-05
-1.25316e-06
2.52347e-05
6.42577e-06
3.62509e-07
2.48722e-05
-6.15984e-06
6.52235e-06
9.40517e-06
-1.5565e-05
1.26685e-05
-3.26331e-06
7.73613e-06
4.93236e-06
4.96611e-06
2.77002e-06
-1.23931e-06
6.20542e-06
-1.65888e-05
1.53495e-05
-2.63241e-05
9.73531e-06
-3.61844e-05
9.86028e-06
-2.85888e-05
-7.5956e-06
-2.85888e-05
-1.56037e-05
2.35391e-05
-1.95342e-05
1.71746e-05
2.78087e-06
-3.38691e-05
2.56991e-05
-4.93063e-05
3.23053e-05
-2.02509e-05
3.15416e-05
-4.89481e-07
2.06731e-05
1.72943e-05
6.41193e-06
3.91333e-05
2.02472e-05
-7.31294e-06
3.9436e-05
-3.47538e-05
4.26834e-05
-6.51075e-06
2.5754e-05
2.18618e-05
1.03925e-05
1.81316e-05
1.83528e-06
1.47626e-05
-1.5073e-05
3.22578e-05
-3.29746e-05
2.76369e-05
-3.55662e-05
1.24519e-05
-1.60931e-05
-2.70687e-05
-4.46819e-05
-1.528e-05
3.88192e-05
-1.50164e-05
1.6911e-05
7.9451e-06
-5.68307e-05
2.57126e-05
-6.70738e-05
2.6245e-05
-2.07833e-05
1.49711e-05
1.07844e-05
-3.25918e-06
3.55245e-05
1.35341e-05
2.234e-05
4.37202e-05
-3.7499e-05
3.83475e-05
-2.93811e-05
3.31131e-05
-1.27638e-06
2.90189e-05
2.5956e-05
1.8336e-05
2.88145e-05
6.53907e-06
2.65595e-05
-9.59543e-06
4.83923e-05
-2.73814e-05
4.54229e-05
-2.74546e-05
1.2525e-05
-9.69453e-06
-4.48287e-05
-5.43764e-05
-1.19491e-05
5.07683e-05
-8.19142e-06
1.31533e-05
9.02447e-06
-7.40466e-05
1.44419e-05
-7.24913e-05
6.49176e-06
-1.28331e-05
-9.07148e-06
2.63477e-05
-1.06839e-05
3.7137e-05
2.10723e-05
-9.41622e-06
4.64949e-05
-6.29216e-05
4.45914e-05
-2.74775e-05
3.52085e-05
8.10643e-06
3.20578e-05
2.91068e-05
1.70951e-05
4.37772e-05
2.1527e-06
4.15019e-05
-8.76687e-06
5.93119e-05
-1.89462e-05
5.56022e-05
-1.44745e-05
8.05322e-06
-2.11603e-06
-5.71872e-05
-5.64924e-05
-7.6594e-06
5.84277e-05
-5.79407e-07
6.07329e-06
5.87215e-06
-8.04981e-05
-4.66309e-06
-6.19561e-05
-2.04287e-05
2.93248e-06
-2.76119e-05
3.35309e-05
-4.1388e-06
1.36639e-05
3.52841e-05
-4.88391e-05
5.70001e-05
-8.46376e-05
5.50875e-05
-2.5565e-05
1.2045e-05
5.11489e-05
-1.53582e-05
5.651e-05
-2.20262e-05
5.04452e-05
-1.66619e-05
3.61375e-05
-1.19282e-05
5.45782e-05
-1.20238e-05
5.56979e-05
-4.479e-06
5.08376e-07
4.07164e-06
-6.57378e-05
-5.24208e-05
-3.50566e-06
6.19333e-05
2.58566e-06
-1.8044e-08
-2.26274e-06
-7.56497e-05
-2.29205e-05
-4.12984e-05
-3.70512e-05
1.70633e-05
-2.98995e-05
2.63791e-05
-1.71727e-05
9.37145e-07
1.16848e-05
-7.76967e-05
5.24873e-05
-0.00012544
3.66771e-05
-9.75472e-06
-3.58873e-05
0.000123713
-7.17643e-05
9.23871e-05
-6.13869e-05
4.00677e-05
-4.12592e-05
1.60098e-05
-1.87835e-05
3.21025e-05
-8.24561e-06
4.516e-05
-3.38874e-06
-4.34849e-06
2.87479e-06
-7.20013e-05
-4.9546e-05
-5.71301e-07
6.25046e-05
3.36086e-06
-3.95021e-06
-1.00528e-05
-6.2236e-05
-3.42817e-05
-1.70695e-05
-4.24762e-05
2.52578e-05
-3.81825e-05
2.20854e-05
-4.37779e-05
6.53255e-06
-3.05903e-05
-9.08843e-05
-1.88605e-05
-0.00013717
-1.77346e-05
-1.08806e-05
-8.47197e-05
0.000190698
-0.000100013
0.000107681
-7.70716e-05
1.71263e-05
-5.44105e-05
-6.65129e-06
-3.14307e-05
9.12275e-06
-1.14148e-05
2.51441e-05
-7.01621e-06
-8.74708e-06
-2.59315e-06
-7.64244e-05
-5.21391e-05
2.83782e-06
5.96668e-05
3.27852e-06
-4.39093e-06
-1.60102e-05
-4.29473e-05
-3.76567e-05
4.57699e-06
-3.91067e-05
2.67079e-05
-4.69286e-05
2.99073e-05
-5.39281e-05
1.35321e-05
-5.28257e-05
-9.19866e-05
-6.19103e-05
-0.000128085
-7.46091e-05
1.81831e-06
-0.000110913
0.000227002
-0.00010222
9.8988e-05
-8.61047e-05
1.01091e-06
-7.22187e-05
-2.05373e-05
-5.13645e-05
-1.17314e-05
-3.09571e-05
4.7367e-06
-1.8975e-05
-2.07292e-05
-9.91344e-06
-8.54859e-05
-6.20526e-05
2.58422e-05
-1.28122e-05
3.06642e-05
1.92149e-05
3.1594e-05
2.27262e-05
1.9115e-05
2.97508e-05
-4.78781e-06
2.92996e-05
-2.30247e-05
1.67137e-05
-2.67253e-05
-5.14841e-07
-2.04834e-05
-1.70085e-05
-1.44554e-05
-1.7474e-05
-1.55112e-05
-3.75279e-06
-1.91847e-05
3.36688e-06
-1.82931e-05
-4.98172e-08
-1.63826e-05
3.84318e-07
-1.52242e-05
2.04424e-06
-1.33432e-05
4.01602e-07
-9.48799e-06
-2.8052e-06
-5.04705e-06
-4.4485e-06
-1.92168e-06
-5.50476e-06
-2.11511e-06
-5.23239e-06
-6.30716e-06
-3.54454e-06
-1.28451e-05
-3.2969e-06
-1.60163e-05
-1.34089e-05
-2.21377e-05
-1.19111e-05
3.05366e-05
-4.33488e-05
3.41816e-05
1.55698e-05
3.0732e-05
2.61759e-05
8.13623e-06
5.23465e-05
-2.80555e-05
6.54913e-05
-5.69137e-05
4.55719e-05
-6.83936e-05
1.0965e-05
-5.2305e-05
-3.3097e-05
-1.64693e-05
-5.33097e-05
4.43056e-06
-2.46526e-05
-6.65885e-06
1.44563e-05
-2.06515e-05
1.39428e-05
-2.67315e-05
6.4644e-06
-2.70855e-05
2.39823e-06
-2.86859e-05
2.00197e-06
-3.61574e-05
4.66634e-06
-4.43693e-05
3.76345e-06
-4.85952e-05
-1.27893e-06
-5.52307e-05
1.40319e-06
-7.36291e-05
1.48538e-05
-9.3987e-05
1.7061e-05
-7.08194e-05
-3.65765e-05
-5.51363e-05
-3.78207e-05
-1.16213e-05
-3.17275e-05
-4.08397e-05
4.47882e-05
-7.93809e-05
6.47171e-05
-0.000112682
8.56472e-05
-0.000136954
8.9764e-05
-0.000145675
5.42926e-05
-0.00013014
-4.56991e-06
-9.47178e-05
-6.85193e-05
-5.29111e-05
-9.51164e-05
-5.89923e-06
-7.16645e-05
-2.42264e-05
3.27834e-05
-0.000117226
0.000106943
-0.00025574
0.000144978
-0.000398126
0.000144784
-0.000500909
0.000104786
-0.000525087
2.88435e-05
-0.000477227
-4.40963e-05
-0.000398586
-7.99203e-05
-0.000329616
-6.75659e-05
-0.000281768
-3.29941e-05
-0.000213374
-5.1333e-05
-0.000137446
-0.000112505
-0.000109358
-8.32245e-05
-9.40962e-05
6.23687e-05
-0.00017419
0.000124882
-0.000247984
0.000138511
-0.000292561
0.000130225
-0.000299803
9.70061e-05
-0.000283402
3.78912e-05
-0.000255577
-3.2395e-05
-0.000235254
-8.88424e-05
-0.000231898
-9.84726e-05
-0.000270145
-3.34169e-05
-0.000300129
6.27674e-05
-0.000358214
0.000165028
-0.000444554
0.000231318
-0.000507594
0.000207824
-0.000493289
9.04804e-05
-0.000397403
-6.70422e-05
-0.00030756
-0.00013394
-0.00025025
-0.00013723
-0.000207963
-0.000109853
-0.000169084
-7.18732e-05
-0.000128016
-9.24013e-05
-0.000120505
-0.000120015
-0.000122763
-0.0001071
-0.000139878
0.000202246
-0.000255267
0.000240271
-0.000352713
0.000235958
-0.000368066
0.000145578
-0.000356539
8.54791e-05
-0.000348862
3.02142e-05
-0.000349049
-3.22086e-05
-0.000360853
-7.70382e-05
-0.000385507
-7.38187e-05
-0.000419955
1.03158e-06
-0.000440282
8.30943e-05
-0.000444516
0.000169262
-0.00042765
0.000214452
-0.000372285
0.000152459
-0.000283543
1.73804e-06
-0.000220033
-0.000130552
-0.000204748
-0.000149226
-0.000194711
-0.000147267
-0.000175428
-0.000129135
-0.000137152
-0.000110149
-0.00011679
-0.000112764
-0.000109667
-0.000127139
-0.000112913
-0.000119516
-0.00010625
0.000308496
-0.000243325
0.000377346
-0.000342562
0.000335195
-0.00035538
0.000158395
-0.000356194
8.62935e-05
-0.000360916
3.49365e-05
-0.000378376
-1.47492e-05
-0.00040198
-5.34346e-05
-0.000434163
-4.16352e-05
-0.000437441
4.30968e-06
-0.000413421
5.9074e-05
-0.000362883
0.000118724
-0.000305751
0.00015732
-0.000223367
7.00754e-05
-0.000169234
-5.2395e-05
-0.000170661
-0.000129125
-0.000176086
-0.000143801
-0.000177255
-0.000146098
-0.000168947
-0.000137443
-0.000154549
-0.000124547
-0.000143972
-0.000123341
-0.000141969
-0.000129141
-0.000117226
-0.000137657
-7.20232e-05
0.00038052
-0.000196959
0.000502281
-0.000268098
0.000406335
-0.000298822
0.000189119
-0.000322007
0.000109478
-0.000349658
6.25876e-05
-0.000380462
1.60558e-05
-0.000412453
-2.14437e-05
-0.000422931
-3.11573e-05
-0.000398747
-1.98746e-05
-0.000348315
8.64258e-06
-0.000271755
4.21636e-05
-0.000168039
5.36037e-05
-0.00011539
1.74267e-05
-0.000130696
-3.70882e-05
-0.000164147
-9.56746e-05
-0.000177552
-0.000130396
-0.000179863
-0.000143787
-0.000181718
-0.000135588
-0.000181973
-0.000124292
-0.000179324
-0.000125989
-0.000167574
-0.000140892
-0.000128766
-0.000156034
-3.86918e-05
0.000419211
-0.000112131
0.00057572
-0.000156406
0.00045061
-0.000200578
0.000233291
-0.000233752
0.000142652
-0.000266041
9.48769e-05
-0.000304274
5.42891e-05
-0.000346439
2.07207e-05
-0.000375086
-2.51034e-06
-0.000372709
-2.22521e-05
-0.000361474
-2.59173e-06
-0.000327209
7.89855e-06
-0.000269716
-3.88904e-06
-0.00023043
-2.18594e-05
-0.000218064
-4.94542e-05
-0.000231114
-8.26246e-05
-0.000243368
-0.000118142
-0.000264515
-0.00012264
-0.000300089
-0.000100015
-0.000301555
-0.000122826
-0.000256668
-0.000170876
-0.000213034
-0.000184526
-0.000167043
-0.000174757
-1.52973e-05
0.000434509
-5.63258e-05
0.000616749
-8.10424e-05
0.000475326
-0.000122422
0.000274671
-0.000158039
0.000178269
-0.000195857
0.000132696
-0.000235379
9.38103e-05
-0.00027356
5.89017e-05
-0.000304441
2.83709e-05
-0.000332597
5.90353e-06
-0.00034305
7.86205e-06
-0.000322992
-1.21596e-05
-0.000301222
-2.56594e-05
-0.000289935
-3.31461e-05
-0.00030046
-3.89296e-05
-0.000323136
-5.9949e-05
-0.00036805
-7.32277e-05
-0.000382267
-0.000108423
-0.000349161
-0.000133121
-0.000307092
-0.000164895
-0.000274248
-0.00020372
-0.000239158
-0.000219616
-0.000194273
-0.000211928
-3.26646e-05
0.000467173
-3.95438e-05
0.000623628
-3.94196e-05
0.000475201
-6.35801e-05
0.000298832
-9.15803e-05
0.000206269
-0.000124108
0.000165224
-0.000159992
0.000129693
-0.000199588
9.84983e-05
-0.000236482
6.52651e-05
-0.000265256
3.46776e-05
-0.000278372
2.0978e-05
-0.000304683
1.41519e-05
-0.000340126
9.78349e-06
-0.000375387
2.11461e-06
-0.00039309
-2.12265e-05
-0.000399188
-5.38506e-05
-0.000384093
-8.83229e-05
-0.000367479
-0.000125037
-0.000344984
-0.000155616
-0.000323803
-0.000186076
-0.000309075
-0.000218449
-0.000289242
-0.000239449
-0.000233369
-0.000250145
-2.63686e-05
0.000493542
-4.21372e-05
0.000639397
-2.68588e-05
0.000459923
-2.62748e-05
0.000298249
-5.11416e-05
0.000231136
-7.56954e-05
0.000189778
-0.000100114
0.000154112
-0.000126847
0.000125232
-0.000160298
9.87162e-05
-0.000199648
7.40269e-05
-0.000233792
5.51219e-05
-0.000262874
4.32339e-05
-0.00028982
3.67302e-05
-0.000310729
2.30237e-05
-0.000321708
-1.02477e-05
-0.000325774
-4.97842e-05
-0.000324357
-8.97398e-05
-0.000321148
-0.000128247
-0.000313933
-0.00016283
-0.000307585
-0.000192424
-0.000308617
-0.000217417
-0.000310387
-0.000237679
-0.000251612
-0.000292144
-1.46048e-05
0.000508147
-3.80791e-05
0.000662872
-1.80897e-05
0.000439933
-2.09448e-05
0.000301104
-5.04557e-05
0.000260648
-7.49511e-05
0.000214274
-9.05796e-05
0.00016974
-9.75044e-05
0.000132157
-0.000103443
0.000104655
-0.000116002
8.65853e-05
-0.000136207
7.53276e-05
-0.00015921
6.62369e-05
-0.000178969
5.64889e-05
-0.000195
3.90554e-05
-0.000212378
7.13006e-06
-0.000226156
-3.60056e-05
-0.000234056
-8.18405e-05
-0.000235704
-0.000126599
-0.00023486
-0.000163675
-0.000236466
-0.000190818
-0.000249499
-0.000204384
-0.00027472
-0.000212458
-0.000223259
-0.000303074
2.56289e-05
0.000482518
2.25053e-05
0.000665996
1.09164e-06
0.000461347
-3.70438e-05
0.000339239
-8.36398e-05
0.000307243
-0.000117797
0.000248431
-0.000131092
0.000183034
-0.000122372
0.000123437
-0.000100159
8.24421e-05
-7.54323e-05
6.18592e-05
-5.64885e-05
5.63839e-05
-4.71451e-05
5.68934e-05
-4.55714e-05
5.49151e-05
-4.95059e-05
4.299e-05
-6.06308e-05
1.82551e-05
-8.00677e-05
-1.65685e-05
-9.95561e-05
-6.23521e-05
-0.00011369
-0.000112464
-0.000125816
-0.000151549
-0.000136591
-0.000180042
-0.000152378
-0.000188597
-0.000180613
-0.000184223
-0.000185588
-0.000218284
3.40183e-06
0.000479116
4.51205e-05
0.000624278
5.20173e-06
0.000501265
-6.70054e-05
0.000411446
-0.000134294
0.000374532
-0.000181766
0.000295903
-0.000197506
0.000198774
-0.000178654
0.000104586
-0.000137021
4.0809e-05
-8.61245e-05
1.09629e-05
-3.60217e-05
6.28094e-06
7.06284e-06
1.38088e-05
4.01898e-05
2.17883e-05
6.04428e-05
2.27373e-05
6.73832e-05
1.13149e-05
6.15113e-05
-1.06965e-05
4.62716e-05
-4.71125e-05
2.36233e-05
-8.98163e-05
-6.09677e-06
-0.000121829
-3.67027e-05
-0.000149437
-6.13245e-05
-0.000163975
-8.9442e-05
-0.000156105
-0.000157889
-0.000117141
1.97299e-05
0.000459386
3.28158e-05
0.000611192
-1.43628e-05
0.000548444
-9.95506e-05
0.000496634
-0.000179509
0.00045449
-0.000237578
0.000353973
-0.000257847
0.000219043
-0.00023361
8.03488e-05
-0.000178529
-1.42715e-05
-0.00011078
-5.67865e-05
-4.59502e-05
-5.8549e-05
1.01117e-05
-4.2253e-05
5.76924e-05
-2.57922e-05
9.51393e-05
-1.47094e-05
0.00011964
-1.31862e-05
0.000130532
-2.1588e-05
0.000124019
-4.06001e-05
9.98352e-05
-6.56324e-05
6.80018e-05
-8.99963e-05
3.39677e-05
-0.000115403
2.44746e-06
-0.000132455
-2.25037e-05
-0.000131154
-0.000130952
-4.94414e-05
5.37611e-05
0.000405624
3.83638e-05
0.000626589
-2.19577e-05
0.000608766
-9.92812e-05
0.000573958
-0.000176552
0.00053176
-0.000238708
0.00041613
-0.000263639
0.000243974
-0.000239851
5.65606e-05
-0.000182447
-7.16753e-05
-0.00010733
-0.000131904
-3.78164e-05
-0.000128063
1.7716e-05
-9.77852e-05
5.95566e-05
-6.76325e-05
9.31667e-05
-4.83194e-05
0.000120042
-4.00614e-05
0.000138661
-4.02079e-05
0.000145045
-4.6984e-05
0.000137353
-5.79407e-05
0.000117766
-7.04089e-05
8.64422e-05
-8.40789e-05
5.22765e-05
-9.82894e-05
2.72105e-05
-0.000106088
-0.000111373
7.63148e-06
0.00011404
0.000291584
0.000131079
0.00060955
6.3149e-05
0.000676696
-1.63515e-05
0.000653459
-7.91071e-05
0.000594516
-0.000122882
0.000459905
-0.000137324
0.000258416
-0.000135321
5.45579e-05
-0.000102676
-0.000104321
-5.08845e-05
-0.000183695
3.7788e-06
-0.000182726
4.7183e-05
-0.000141189
7.79206e-05
-9.83701e-05
0.000100079
-7.04776e-05
0.000117211
-5.71938e-05
0.000130553
-5.35501e-05
0.000138816
-5.5247e-05
0.000140386
-5.9511e-05
0.00013458
-6.46029e-05
0.000120341
-6.98403e-05
9.73966e-05
-7.53445e-05
7.41264e-05
-8.2818e-05
-9.25225e-05
5.52762e-05
0.000134545
0.000157039
0.00024548
0.000498615
0.000244039
0.000678138
0.000187199
0.000710299
0.000132976
0.00064874
9.38311e-05
0.00049905
6.96947e-05
0.000282552
5.75167e-05
6.67359e-05
5.59338e-05
-0.000102738
6.28083e-05
-0.000190569
7.7757e-05
-0.000197675
9.38173e-05
-0.00015725
0.000106989
-0.000111542
0.000116766
-8.02547e-05
0.000123909
-6.43367e-05
0.000129025
-5.86666e-05
0.000132279
-5.85009e-05
0.000133369
-6.06004e-05
0.000132108
-6.33427e-05
0.000128559
-6.62912e-05
0.000122322
-6.91076e-05
0.000111936
-7.2432e-05
-7.8757e-05
9.81704e-05
0.000101026
5.60132e-05
0.000286278
0.000313363
0.000396313
0.000568103
0.00041878
0.000687831
0.000398146
0.000669374
0.00036284
0.000534356
0.000320467
0.000324925
0.000278812
0.000108391
0.000233113
-5.70387e-05
0.000192795
-0.000150251
0.000163748
-0.000168629
0.000147079
-0.00014058
0.000139176
-0.000103639
0.000135796
-7.68743e-05
0.000134177
-6.27183e-05
0.000132734
-5.72231e-05
0.000130853
-5.66202e-05
0.000128532
-5.8279e-05
0.000126063
-6.08746e-05
0.000123819
-6.40464e-05
0.000122421
-6.77097e-05
0.000121729
-7.17399e-05
-7.69917e-05
0.000119963
6.49366e-05
-8.92333e-06
0.000236424
0.000141876
0.000411704
0.000392823
0.000522522
0.000577013
0.000564556
0.00062734
0.000555419
0.000543493
0.000510667
0.000369677
0.000442725
0.000176333
0.000364289
2.13971e-05
0.000290087
-7.60488e-05
0.000230628
-0.00010917
0.000190045
-9.9996e-05
0.0001656
-7.91944e-05
0.000151609
-6.28831e-05
0.000142973
-5.40821e-05
0.000136713
-5.09633e-05
0.000131277
-5.11849e-05
0.000126195
-5.31962e-05
0.000121496
-5.61761e-05
0.000117487
-6.00374e-05
0.000114723
-6.49455e-05
0.000113522
-7.05399e-05
-7.66537e-05
0.000113184
3.1888e-05
-4.08114e-05
0.000138765
3.49983e-05
0.000300812
0.000230776
0.000445939
0.000431886
0.000537552
0.000535727
0.000568865
0.00051218
0.000546126
0.000392416
0.000484259
0.0002382
0.000405849
9.98069e-05
0.000326916
2.88403e-06
0.000259818
-4.20713e-05
0.000211348
-5.15263e-05
0.000179992
-4.78387e-05
0.000160433
-4.33245e-05
0.000147648
-4.12963e-05
0.000138292
-4.16073e-05
0.000130669
-4.35625e-05
0.000124001
-4.65288e-05
0.000117972
-5.01467e-05
0.000112472
-5.45375e-05
0.000107594
-6.0068e-05
0.000103546
-6.64919e-05
-7.30627e-05
9.99553e-05
-1.79152e-06
-3.902e-05
3.16195e-05
1.58704e-06
0.000137506
0.000124889
0.000265954
0.000303439
0.000373757
0.000427924
0.000436273
0.000449664
0.000447657
0.000381032
0.000419353
0.000266503
0.000368458
0.000150703
0.00030859
6.27517e-05
0.00025355
1.29681e-05
0.000211124
-9.10034e-06
0.000181595
-1.83093e-05
0.000161573
-2.33029e-05
0.000147437
-2.71603e-05
0.000136739
-3.0909e-05
0.000128059
-3.48823e-05
0.000120643
-3.91124e-05
0.000114062
-4.35661e-05
0.000107946
-4.8422e-05
0.000101902
-5.4024e-05
9.58266e-05
-6.04162e-05
-6.68851e-05
8.9649e-05
-2.92473e-05
-9.77281e-06
-4.15426e-05
1.38821e-05
-4.725e-06
8.80711e-05
8.27895e-05
0.000215924
0.000180933
0.00032978
0.000259936
0.000370661
0.000304496
0.000336471
0.000314295
0.000256704
0.000297206
0.000167792
0.000264177
9.57802e-05
0.000228131
4.90144e-05
0.000197411
2.16199e-05
0.00017396
5.14197e-06
0.000156419
-5.76183e-06
0.000143016
-1.37573e-05
0.000132379
-2.02726e-05
0.000123571
-2.6074e-05
0.000116003
-3.15444e-05
0.000109291
-3.68539e-05
0.000103025
-4.21565e-05
9.67239e-05
-4.77226e-05
8.99942e-05
-5.36865e-05
-5.96205e-05
8.27295e-05
-3.77382e-05
2.79653e-05
-7.41809e-05
5.03248e-05
-7.72722e-05
9.11625e-05
-3.15833e-05
0.000170235
4.61035e-05
0.000252094
0.000126597
0.000290168
0.000188216
0.000274853
0.000221738
0.000223182
0.000228265
0.000161264
0.000216383
0.000107662
0.000197168
6.82297e-05
0.000177871
4.09168e-05
0.000161115
2.18982e-05
0.000147163
8.19022e-06
0.000135632
-2.2258e-06
0.000125975
-1.06163e-05
0.000117695
-1.77938e-05
0.00011041
-2.42595e-05
0.000103817
-3.02608e-05
9.76289e-05
-3.59685e-05
9.14623e-05
-4.1556e-05
8.49129e-05
-4.71372e-05
-5.25282e-05
7.78206e-05
-2.98938e-05
5.7859e-05
-6.47897e-05
8.52209e-05
-7.89984e-05
0.000105371
-5.7121e-05
0.000148358
-2.40462e-06
0.000197377
6.41444e-05
0.000223619
0.00012248
0.000216517
0.000160053
0.000185608
0.000175704
0.000145614
0.000175789
0.000107577
0.000167899
7.61203e-05
0.000157163
5.16525e-05
0.000146113
3.29481e-05
0.000135789
1.85143e-05
0.000126489
7.07437e-06
0.000118278
-2.40546e-06
0.000110891
-1.04066e-05
0.000104167
-1.75353e-05
9.79183e-05
-2.40126e-05
9.19697e-05
-3.00199e-05
8.60652e-05
-3.56515e-05
7.99664e-05
-4.10384e-05
-4.60854e-05
7.35236e-05
-1.72912e-05
7.51503e-05
-3.94492e-05
0.000107379
-4.89099e-05
0.000114832
-3.55936e-05
0.000135042
5.82537e-07
0.000161201
4.80257e-05
0.000176176
9.15407e-05
0.000173002
0.000122245
0.000154903
0.000138734
0.000129125
0.000144197
0.000102114
0.000142756
7.75607e-05
0.000137631
5.67772e-05
0.00013088
3.96998e-05
0.000123672
2.57215e-05
0.000116599
1.41479e-05
0.000109829
4.3649e-06
0.000103509
-4.08691e-06
9.75188e-05
-1.15452e-05
9.1786e-05
-1.82797e-05
8.62015e-05
-2.44353e-05
8.06609e-05
-3.0111e-05
7.50271e-05
-3.54046e-05
-4.02687e-05
6.92103e-05
-8.20515e-06
8.33555e-05
-1.77728e-05
0.000116946
-1.98996e-05
0.000116959
-9.08501e-06
0.000124227
1.48587e-05
0.000137257
4.57552e-05
0.00014528
7.53346e-05
0.000143422
9.82297e-05
0.000132008
0.000112819
0.000114536
0.000120054
9.48796e-05
0.000121863
7.57513e-05
0.000120161
5.84794e-05
0.000116432
4.34289e-05
0.00011167
3.04832e-05
0.000106471
1.93466e-05
0.000101147
9.68943e-06
9.58495e-05
1.2103e-06
9.0654e-05
-6.34965e-06
8.55155e-05
-1.3141e-05
8.04122e-05
-1.93319e-05
7.53047e-05
-2.50035e-05
7.01214e-05
-3.02213e-05
-3.49701e-05
6.48226e-05
-3.44993e-06
8.68053e-05
-4.90343e-06
0.0001184
-2.12121e-06
0.000114176
7.40052e-06
0.000114705
2.40247e-05
0.000120633
4.44823e-05
0.000124822
6.48214e-05
0.000123083
8.18623e-05
0.000114967
9.40635e-05
0.000102334
0.00010138
8.75632e-05
0.000104635
7.24958e-05
0.000104917
5.8197e-05
0.000103209
4.5137e-05
0.000100257
3.3436e-05
9.65695e-05
2.30338e-05
9.24704e-05
1.37885e-05
8.8147e-05
5.53381e-06
8.3719e-05
-1.92158e-06
7.92238e-05
-8.64578e-06
7.46646e-05
-1.47726e-05
7.0038e-05
-2.0377e-05
6.53246e-05
-2.5508e-05
-3.01611e-05
6.05156e-05
-9.15031e-07
8.77202e-05
1.83261e-06
0.000115652
7.0419e-06
0.000108967
1.56929e-05
0.000106054
2.7854e-05
0.000108472
4.22615e-05
0.000110415
5.69269e-05
0.000108418
6.98866e-05
0.000102008
7.99038e-05
9.2317e-05
8.66381e-05
8.08287e-05
9.03922e-05
6.87414e-05
9.17531e-05
5.68359e-05
9.1336e-05
4.5554e-05
8.96649e-05
3.5107e-05
8.71417e-05
2.5557e-05
8.4054e-05
1.68763e-05
8.05964e-05
8.99144e-06
7.68673e-05
1.80754e-06
7.30162e-05
-4.79454e-06
6.90038e-05
-1.07601e-05
6.48839e-05
-1.62572e-05
6.06577e-05
-2.12819e-05
-2.58415e-05
5.63379e-05
6.73442e-07
8.70469e-05
5.34935e-06
0.000110976
1.15572e-05
0.000102759
1.92268e-05
9.83847e-05
2.86459e-05
9.90532e-05
3.94256e-05
9.96346e-05
5.04928e-05
9.73502e-05
6.0587e-05
9.19133e-05
6.87961e-05
8.41076e-05
7.47526e-05
7.4872e-05
7.85237e-05
6.49701e-05
8.04085e-05
5.4951e-05
8.07772e-05
4.51852e-05
7.99841e-05
3.59002e-05
7.83292e-05
2.72118e-05
7.60489e-05
1.91566e-05
7.33182e-05
1.17223e-05
7.02527e-05
4.87306e-06
6.69538e-05
-1.49557e-06
6.34853e-05
-7.29165e-06
5.98621e-05
-1.26341e-05
5.61166e-05
-1.75364e-05
-2.20013e-05
5.22763e-05
1.72909e-06
8.53179e-05
7.20659e-06
0.000105499
1.35387e-05
9.64273e-05
2.02962e-05
9.16272e-05
2.78991e-05
9.145e-05
3.63415e-05
9.11918e-05
4.50002e-05
8.86912e-05
5.30353e-05
8.38781e-05
5.9796e-05
7.73468e-05
6.49693e-05
6.96985e-05
6.8526e-05
6.14134e-05
7.06059e-05
5.28712e-05
7.14241e-05
4.4367e-05
7.1213e-05
3.61113e-05
7.01893e-05
2.82356e-05
6.85382e-05
2.08077e-05
6.64098e-05
1.38508e-05
6.3922e-05
7.36092e-06
6.11159e-05
1.31054e-06
5.81306e-05
-4.30639e-06
5.49772e-05
-9.48083e-06
5.16923e-05
-1.42516e-05
-1.86155e-05
4.83065e-05
2.36708e-06
8.29509e-05
8.06864e-06
9.97975e-05
1.41156e-05
9.03802e-05
2.00486e-05
8.56943e-05
2.63637e-05
8.51346e-05
3.32031e-05
8.43523e-05
4.01708e-05
8.17235e-05
4.6688e-05
7.73609e-05
5.22971e-05
7.17376e-05
5.67554e-05
6.52402e-05
6.00008e-05
5.8168e-05
6.20882e-05
5.0784e-05
6.31373e-05
4.33179e-05
6.32969e-05
3.59517e-05
6.27197e-05
2.8813e-05
6.15462e-05
2.19812e-05
5.98977e-05
1.54995e-05
5.78723e-05
9.38635e-06
5.5537e-05
3.64578e-06
5.30003e-05
-1.76971e-06
5.02613e-05
-6.74196e-06
4.73971e-05
-1.13874e-05
-1.56555e-05
4.44372e-05
2.70329e-06
8.02475e-05
8.28586e-06
9.42148e-05
1.38704e-05
8.47955e-05
1.90761e-05
8.04886e-05
2.44289e-05
7.97818e-05
3.01096e-05
7.86716e-05
3.58402e-05
7.59931e-05
4.12108e-05
7.19903e-05
4.59023e-05
6.70461e-05
4.9735e-05
6.14075e-05
5.26418e-05
5.52613e-05
5.46341e-05
4.87918e-05
5.57749e-05
4.21772e-05
5.61575e-05
3.55692e-05
5.58877e-05
2.90829e-05
5.50706e-05
2.27984e-05
5.38031e-05
1.67671e-05
5.21702e-05
1.10192e-05
5.0246e-05
5.56992e-06
4.80587e-05
4.17504e-07
4.57335e-05
-4.41683e-06
4.32619e-05
-8.91584e-06
-1.31061e-05
4.07124e-05
2.84652e-06
7.74009e-05
8.10362e-06
8.89577e-05
1.31548e-05
7.97444e-05
1.77207e-05
7.59227e-05
2.23203e-05
7.51822e-05
2.71224e-05
7.38697e-05
3.19126e-05
7.12029e-05
3.63951e-05
6.75077e-05
4.03485e-05
6.30926e-05
4.36429e-05
5.81131e-05
4.62173e-05
5.26869e-05
4.80625e-05
4.69466e-05
4.92086e-05
4.10311e-05
4.97135e-05
3.50644e-05
4.96499e-05
2.91466e-05
4.90958e-05
2.33525e-05
4.81277e-05
1.77353e-05
4.68162e-05
1.23306e-05
4.52246e-05
7.16137e-06
4.34019e-05
2.24007e-06
4.1422e-05
-2.43698e-06
3.93207e-05
-6.81461e-06
-1.09402e-05
3.71549e-05
2.87622e-06
7.45247e-05
7.69198e-06
8.41419e-05
1.21888e-05
7.52476e-05
1.61871e-05
7.19243e-05
2.01728e-05
7.11966e-05
2.42787e-05
6.97638e-05
2.83282e-05
6.71533e-05
3.21049e-05
6.37308e-05
3.54561e-05
5.97412e-05
3.82889e-05
5.52803e-05
4.05519e-05
5.04238e-05
4.22275e-05
4.5271e-05
4.33279e-05
3.99307e-05
4.38883e-05
3.4504e-05
4.39591e-05
2.90759e-05
4.3598e-05
2.37137e-05
4.28648e-05
1.84685e-05
4.18177e-05
1.33776e-05
4.05116e-05
8.4674e-06
3.89946e-05
3.75692e-06
3.73258e-05
-7.68265e-07
3.55473e-05
-5.03606e-06
-9.10634e-06
3.37133e-05
2.84164e-06
7.16831e-05
7.16124e-06
7.98224e-05
1.11067e-05
7.13021e-05
1.45954e-05
6.84356e-05
1.80627e-05
6.77293e-05
2.15956e-05
6.62308e-05
2.5042e-05
6.37067e-05
2.8243e-05
6.05296e-05
3.10939e-05
5.68902e-05
3.35288e-05
5.28453e-05
3.5506e-05
4.84466e-05
3.70058e-05
4.3771e-05
3.80309e-05
3.89055e-05
3.86026e-05
3.39324e-05
3.87551e-05
2.89233e-05
3.8531e-05
2.39377e-05
3.79762e-05
1.90232e-05
3.71372e-05
1.42164e-05
3.60602e-05
9.54431e-06
3.47911e-05
5.02592e-06
3.33546e-05
6.6815e-07
3.18251e-05
-3.5066e-06
-7.50772e-06
3.02264e-05
2.76768e-06
6.89155e-05
6.58096e-06
7.60091e-05
9.98997e-06
6.78931e-05
1.30137e-05
6.54118e-05
1.60285e-05
6.47145e-05
1.90725e-05
6.31866e-05
2.2012e-05
6.0767e-05
2.473e-05
5.78115e-05
2.71559e-05
5.44644e-05
2.92429e-05
5.07583e-05
3.09577e-05
4.67317e-05
3.22812e-05
4.24474e-05
3.3211e-05
3.79757e-05
3.3759e-05
3.33843e-05
3.39482e-05
2.87342e-05
3.3808e-05
2.40778e-05
3.3372e-05
1.94591e-05
3.2675e-05
1.49133e-05
3.17522e-05
1.0467e-05
3.06381e-05
6.14002e-06
2.9363e-05
1.94327e-06
2.79757e-05
-2.11933e-06
-6.03582e-06
2.65037e-05
2.66053e-06
6.6255e-05
5.98855e-06
7.2681e-05
8.88432e-06
6.49973e-05
1.14759e-05
6.28203e-05
1.40809e-05
6.21095e-05
1.66921e-05
6.05753e-05
1.91902e-05
5.82689e-05
2.14894e-05
5.55123e-05
2.35426e-05
5.24112e-05
2.53167e-05
4.8984e-05
2.67845e-05
4.52638e-05
2.79285e-05
4.13033e-05
2.87432e-05
3.71609e-05
2.92339e-05
3.28936e-05
2.94139e-05
2.85541e-05
2.93023e-05
2.41893e-05
2.89214e-05
1.98399e-05
2.82954e-05
1.55392e-05
2.74495e-05
1.13129e-05
2.64097e-05
7.17993e-06
2.52013e-05
3.15171e-06
2.38704e-05
-7.8845e-07
-4.60484e-06
2.24393e-05
2.52239e-06
6.37325e-05
5.40866e-06
6.97947e-05
7.81905e-06
6.2587e-05
1.00012e-05
6.06383e-05
1.22231e-05
5.98875e-05
1.44381e-05
5.83602e-05
1.65388e-05
5.61682e-05
1.8462e-05
5.35892e-05
2.01772e-05
5.0696e-05
2.166e-05
4.75012e-05
2.28874e-05
4.40363e-05
2.38435e-05
4.03471e-05
2.45208e-05
3.64835e-05
2.49194e-05
3.24948e-05
2.50456e-05
2.84278e-05
2.49099e-05
2.43249e-05
2.45261e-05
2.02237e-05
2.391e-05
1.61553e-05
2.30803e-05
1.21427e-05
2.20587e-05
8.20159e-06
2.08725e-05
4.33808e-06
1.9538e-05
5.46007e-07
-3.1958e-06
1.8129e-05
2.33482e-06
6.13976e-05
4.80601e-06
6.73235e-05
6.75961e-06
6.06334e-05
8.54651e-06
5.88513e-05
1.03925e-05
5.80415e-05
1.22233e-05
5.65294e-05
1.3945e-05
5.44466e-05
1.55104e-05
5.20239e-05
1.69005e-05
4.93059e-05
1.80958e-05
4.63057e-05
1.90771e-05
4.30549e-05
1.983e-05
3.9594e-05
2.03463e-05
3.5967e-05
2.06233e-05
3.22179e-05
2.06627e-05
2.83883e-05
2.047e-05
2.45176e-05
2.00537e-05
2.06401e-05
1.94254e-05
1.67837e-05
1.86005e-05
1.29678e-05
1.75992e-05
9.20299e-06
1.64473e-05
5.49011e-06
1.51758e-05
1.81759e-06
-1.86598e-06
1.3846e-05
2.17618e-06
5.92214e-05
4.31508e-06
6.51846e-05
5.86086e-06
5.90875e-05
7.30035e-06
5.74118e-05
8.81774e-06
5.65241e-05
1.0319e-05
5.50281e-05
1.17156e-05
5.30501e-05
1.29731e-05
5.07663e-05
1.40816e-05
4.81972e-05
1.50241e-05
4.5363e-05
1.5785e-05
4.22939e-05
1.63524e-05
3.90265e-05
1.67186e-05
3.56008e-05
1.68799e-05
3.20565e-05
1.68359e-05
2.84324e-05
1.65886e-05
2.47649e-05
1.6143e-05
2.10858e-05
1.55066e-05
1.74201e-05
1.46905e-05
1.3784e-05
1.37099e-05
1.01837e-05
1.25876e-05
6.61251e-06
1.13577e-05
3.0475e-06
-4.48704e-07
9.9405e-06
1.79279e-06
3.27926e-06
4.29115e-06
5.23005e-06
6.21765e-06
7.19394e-06
8.08371e-06
8.87261e-06
9.55e-06
1.01033e-05
1.0522e-05
1.07977e-05
1.09249e-05
1.09003e-05
1.07231e-05
1.0394e-05
9.91645e-06
9.2962e-06
8.54092e-06
7.66105e-06
6.66949e-06
5.59125e-06
4.58524e-06
-6.20193e-06
-5.70915e-06
-2.52413e-06
-3.6778e-06
-2.64612e-06
1.21991e-07
7.07457e-06
-9.72069e-06
-2.69961e-05
-1.65338e-05
-2.08867e-05
-9.7872e-06
-1.7091e-05
-3.67372e-06
3.52776e-06
-1.35442e-05
-6.48129e-05
-3.49454e-05
-5.1799e-05
-2.28011e-05
-4.3621e-05
-1.18517e-05
-1.33003e-06
-3.87632e-05
-9.94301e-05
-4.26153e-05
-9.50627e-05
-2.71686e-05
-9.43162e-05
-1.25982e-05
1.65835e-06
-9.73046e-05
-0.000120959
-4.11729e-05
-0.000123308
-2.48194e-05
-0.0001277
-8.20581e-06
6.55412e-06
-0.000132596
-0.000137795
-4.10344e-05
-0.000137952
-2.46622e-05
-0.000139151
-7.00667e-06
8.69084e-06
-0.000141288
-0.000152648
-4.44208e-05
-0.000148204
-2.91066e-05
-0.000143282
-1.19286e-05
4.93881e-06
-0.00013953
-0.000165252
-5.39258e-05
-0.000157591
-3.67675e-05
-0.000149523
-1.99964e-05
-4.56173e-06
-0.000140023
-0.00018958
-7.62738e-05
-0.000170213
-5.6134e-05
-0.000156832
-3.33775e-05
-1.87387e-05
-0.000142655
-0.000228239
-9.81799e-05
-0.000208814
-7.55595e-05
-0.000185256
-5.69357e-05
-4.33507e-05
-0.000160644
-0.000275001
-0.000115323
-0.000247713
-0.000102847
-0.000217256
-8.73932e-05
-6.60332e-05
-0.000194573
-0.000311124
-0.000107272
-0.000308399
-0.000105572
-0.000296081
-9.97117e-05
-9.02246e-05
-0.000271889
-0.000239424
-8.61319e-05
-0.00026093
-8.40671e-05
-0.000278934
-8.17075e-05
-7.68776e-05
-0.000292281
-0.000128148
-7.51253e-05
-0.000138081
-7.41331e-05
-0.000147455
-7.23345e-05
-6.8351e-05
-0.000155981
-6.1162e-05
-6.34047e-05
-6.99101e-05
-6.5385e-05
-7.51708e-05
-6.70738e-05
-6.76726e-05
-7.58491e-05
-1.84309e-06
-5.39302e-05
-1.13002e-05
-5.59279e-05
-2.00645e-05
-5.83096e-05
-6.19732e-05
-2.5764e-05
4.83375e-05
-4.69915e-05
4.19434e-05
-4.95338e-05
3.5898e-05
-5.22642e-05
-5.63269e-05
3.02517e-05
9.18991e-05
-4.07203e-05
8.60305e-05
-4.36653e-05
8.04625e-05
-4.66963e-05
-5.09161e-05
7.50516e-05
0.00011784
-3.85972e-05
0.000114545
-4.03704e-05
0.000110146
-4.22968e-05
-4.50333e-05
0.000104263
0.000113022
-3.84353e-05
0.000112533
-3.98805e-05
0.000111483
-4.12476e-05
-4.26975e-05
0.000109147
9.83695e-05
-3.68495e-05
9.66792e-05
-3.81903e-05
9.48504e-05
-3.94187e-05
-4.05229e-05
9.26759e-05
8.66686e-05
-3.38692e-05
8.35807e-05
-3.51024e-05
8.03113e-05
-3.61493e-05
-3.70436e-05
7.68319e-05
7.90878e-05
-3.02275e-05
7.53524e-05
-3.1367e-05
7.15538e-05
-3.23508e-05
-3.31967e-05
6.77069e-05
7.42647e-05
-2.66717e-05
7.06153e-05
-2.77176e-05
6.69156e-05
-2.86512e-05
-2.94973e-05
6.32162e-05
7.03463e-05
-2.34944e-05
6.71043e-05
-2.44756e-05
6.38231e-05
-2.53702e-05
-2.62e-05
6.05258e-05
6.63772e-05
-2.06614e-05
6.34999e-05
-2.15983e-05
6.05887e-05
-2.2459e-05
-2.32644e-05
5.7653e-05
6.2262e-05
-1.81009e-05
5.96708e-05
-1.90073e-05
5.70549e-05
-1.98431e-05
-2.06273e-05
5.44177e-05
5.82013e-05
-1.57867e-05
5.58661e-05
-1.66722e-05
5.35151e-05
-1.74922e-05
-1.82633e-05
5.11511e-05
5.42631e-05
-1.3712e-05
5.21728e-05
-1.45819e-05
5.00725e-05
-1.53919e-05
-1.61567e-05
4.79659e-05
5.04304e-05
-1.1866e-05
4.85719e-05
-1.27234e-05
4.67067e-05
-1.35266e-05
-1.4289e-05
4.4839e-05
4.66768e-05
-1.02363e-05
4.50368e-05
-1.10834e-05
4.3393e-05
-1.18828e-05
-1.26461e-05
4.17502e-05
4.30139e-05
-8.81293e-06
4.15838e-05
-9.65322e-06
4.01535e-05
-1.04524e-05
-1.12201e-05
3.87276e-05
3.94879e-05
-7.58843e-06
3.82606e-05
-8.42586e-06
3.70369e-05
-9.2287e-06
-1.00044e-05
3.58211e-05
3.61165e-05
-6.55006e-06
3.50781e-05
-7.38755e-06
3.40455e-05
-8.1961e-06
-8.98108e-06
3.30221e-05
3.28319e-05
-5.66874e-06
3.19497e-05
-6.50549e-06
3.10706e-05
-7.31707e-06
-8.10696e-06
3.01964e-05
2.94538e-05
-4.89618e-06
2.8674e-05
-5.72585e-06
2.78899e-05
-6.5331e-06
-7.31847e-06
2.71013e-05
2.57814e-05
-4.17396e-06
2.50451e-05
-4.98966e-06
2.42972e-05
-5.7853e-06
-6.55836e-06
2.3537e-05
2.17319e-05
-3.46656e-06
2.10087e-05
-4.26654e-06
2.02739e-05
-5.05053e-06
-5.81283e-06
1.95283e-05
1.74418e-05
-2.77943e-06
1.67441e-05
-3.56877e-06
1.60443e-05
-4.3508e-06
-5.12119e-06
1.53527e-05
1.32057e-05
-2.13917e-06
1.25677e-05
-2.93072e-06
1.19429e-05
-3.72591e-06
-4.52515e-06
1.13469e-05
9.29029e-06
-1.48891e-06
8.66139e-06
-2.30176e-06
8.06944e-06
-3.13388e-06
-3.9911e-06
7.53546e-06
4.10268e-06
3.65099e-06
3.2527e-06
2.9242e-06
2.1029e-06
4.78432e-05
-1.17774e-07
-2.17026e-06
-4.33249e-05
2.59735e-07
-7.22543e-05
3.35064e-05
-7.45112e-05
2.89648e-05
-9.74291e-05
5.28252e-05
-0.000109113
2.5216e-05
-0.000132081
-6.90185e-05
-0.000172522
-8.76444e-05
-0.000229229
5.85248e-05
-0.000255319
0.000253092
-0.000228929
7.25979e-05
-0.000203774
-2.41437e-05
-0.000157488
-6.68232e-05
-0.000109716
-5.95037e-05
-8.00331e-05
-2.4946e-05
-5.92865e-05
-4.14759e-05
-3.38121e-05
-0.00011096
-9.58647e-05
3.61065e-06
3.06884e-05
-1.67018e-05
1.81421e-05
-5.9996e-05
4.3554e-05
-7.36132e-05
4.71236e-05
-8.85316e-05
4.38832e-05
-9.37247e-05
5.80183e-05
-9.60385e-05
2.75298e-05
-0.000122837
-4.22204e-05
-0.000147865
-6.26159e-05
-0.00015605
6.67095e-05
-0.000155015
0.000252057
-0.000182224
9.98069e-05
-0.000154839
-5.15284e-05
-0.000112602
-0.00010906
-0.000101428
-7.06778e-05
-0.000110895
-1.54793e-05
-5.99187e-05
-9.24518e-05
-2.76646e-05
-0.000143215
-0.000123529
-3.67305e-05
2.86557e-05
-7.25373e-05
5.39489e-05
-9.6824e-05
6.78407e-05
-0.000105511
5.58102e-05
-0.000113277
5.165e-05
-9.56147e-05
4.03556e-05
-8.97106e-05
2.16257e-05
-0.000112135
-1.97958e-05
-0.000131739
-4.30121e-05
-9.41006e-05
2.90711e-05
-1.20505e-05
0.000170007
-3.62194e-05
0.000123976
-6.81916e-05
-1.95562e-05
-0.00012935
-4.79023e-05
-0.000166861
-3.31665e-05
-0.000151808
-3.05322e-05
-6.19988e-05
-0.000182261
3.47037e-05
-0.000239917
-8.88256e-05
-0.000109002
4.03536e-05
-0.000130136
7.50822e-05
-0.000140414
7.81189e-05
-0.00015175
6.71457e-05
-0.000138285
3.81858e-05
-0.000116825
1.88952e-05
-0.000118785
2.35858e-05
-0.000145909
7.32853e-06
-0.000169456
-1.94652e-05
-0.000135268
-5.11747e-06
-3.13643e-06
3.78753e-05
8.00221e-05
4.08173e-05
5.6913e-05
3.55285e-06
-2.91441e-05
3.81548e-05
-0.000130767
6.84565e-05
-0.000157447
-3.85294e-06
-0.000123885
-0.000215823
-5.10316e-05
-0.00031277
-0.000139857
-0.000148178
5.59353e-05
-0.000164136
9.10402e-05
-0.000174696
8.8679e-05
-0.000175536
6.79864e-05
-0.00015479
1.74397e-05
-0.000149712
1.38172e-05
-0.0001701
4.39733e-05
-0.000203717
4.09457e-05
-0.000208396
-1.47864e-05
-0.000173659
-3.98541e-05
-0.000117574
-1.82099e-05
-5.61467e-05
-2.061e-05
-2.80158e-05
-2.4578e-05
-0.000118682
0.000128821
-0.000195756
0.00014553
-0.000153238
-4.63707e-05
-0.000137209
-0.000231853
-9.49739e-05
-0.000355005
-0.000234831
-0.000150338
6.49853e-05
-0.000161909
0.000102611
-0.000175551
0.000102322
-0.000179455
7.18897e-05
-0.000175944
1.39294e-05
-0.000160167
-1.95982e-06
-0.000128706
1.25121e-05
-7.29752e-05
-1.47852e-05
-1.10399e-05
-7.67217e-05
1.39533e-05
-6.48473e-05
4.30468e-05
-4.73032e-05
7.04414e-05
-4.80045e-05
6.80758e-05
-2.22124e-05
3.24353e-05
0.000164462
-9.40095e-06
0.000187366
-4.3345e-05
-1.24267e-05
-5.98478e-05
-0.00021535
-6.8474e-05
-0.000346379
-0.000303305
-0.000136359
6.1815e-05
-0.000141806
0.000108058
-0.000151318
0.000111834
-0.000155406
7.59775e-05
-0.000152057
1.05802e-05
-0.000116636
-3.73806e-05
-5.16617e-05
-5.24622e-05
1.1069e-05
-7.7516e-05
3.03703e-05
-9.60229e-05
5.877e-05
-9.3247e-05
0.000132506
-0.000121039
0.000216832
-0.00013233
0.000249581
-5.49618e-05
0.000272193
0.00014185
0.000267117
0.000192442
0.000191705
6.29854e-05
9.88572e-05
-0.000122503
2.85477e-06
-0.000250376
-0.000300451
-0.000121291
4.30834e-05
-0.00011194
9.87065e-05
-0.000107668
0.000107561
-8.19701e-05
5.02799e-05
-4.54881e-05
-2.59018e-05
-7.94957e-06
-7.49191e-05
1.83338e-05
-7.87455e-05
1.85953e-05
-7.77774e-05
1.79036e-05
-9.53312e-05
5.17427e-05
-0.000127086
9.37698e-05
-0.000163067
0.00013441
-0.00017297
0.000200437
-0.000120989
0.0003244
1.78876e-05
0.000379319
0.000137523
0.000330974
0.000111331
0.000215858
-7.38686e-06
8.81841e-05
-0.000122702
-0.000212267
-0.000106377
6.80499e-06
-6.61249e-05
5.84544e-05
-2.36295e-05
6.5066e-05
2.46761e-05
1.97434e-06
4.70967e-05
-4.83225e-05
4.11223e-05
-6.89447e-05
2.7988e-05
-6.56113e-05
1.98342e-05
-6.96236e-05
3.10042e-05
-0.000106501
5.39327e-05
-0.000150014
7.72488e-05
-0.000186383
0.000112194
-0.000207916
0.000139632
-0.000148427
0.000240323
-8.28029e-05
0.000360839
1.70061e-05
0.000372387
9.97827e-05
0.000272921
9.20793e-05
0.000130608
1.96104e-05
-8.16587e-05
-0.000114563
-3.92758e-05
-5.62556e-05
1.47202e-07
-1.93792e-06
1.07484e-05
1.9873e-05
-1.98366e-05
1.67988e-05
-4.52483e-05
6.5509e-06
-5.86967e-05
6.31736e-06
-6.53777e-05
2.21405e-05
-8.54467e-05
4.7451e-05
-0.000131812
4.87192e-05
-0.000151283
9.27162e-06
-0.000146935
1.26947e-05
-0.000211339
8.98994e-05
-0.000225632
0.000138089
-0.000130993
0.000208328
-5.32333e-05
0.000269291
3.88196e-05
0.000234679
0.000126692
0.000115292
0.000138998
3.36329e-05
-0.000134533
-9.93162e-05
-8.79697e-05
-4.64159e-05
-5.10751e-05
-2.61462e-05
-3.18179e-05
-3.90938e-05
-2.10898e-05
-5.59764e-05
-9.48917e-06
-7.02973e-05
1.32571e-05
-8.8124e-05
5.13199e-05
-0.00012351
1.08487e-05
-9.13406e-05
3.46708e-06
-0.000143901
1.6528e-05
-0.000159996
2.37367e-05
-0.000218548
5.22667e-05
-0.000254162
0.000108783
-0.000187509
0.00012972
-7.41702e-05
0.000145866
2.26733e-05
0.000101704
0.000170854
2.82434e-05
0.000212459
6.18764e-05
-0.000204024
-0.000167182
-0.000145031
-0.000105408
-8.35986e-05
-8.75786e-05
-6.1552e-05
-6.11405e-05
-5.52534e-05
-6.22749e-05
-1.99007e-05
-0.00010565
-3.51429e-05
-7.28817e-05
-5.48865e-05
-0.000103766
-3.71063e-05
-0.000109121
-1.93675e-05
-0.00016164
1.2704e-05
-0.000192067
2.70258e-05
-0.00023287
2.39098e-05
-0.000251046
4.17368e-05
-0.000205336
4.57619e-05
-7.81954e-05
-8.0977e-06
7.65329e-05
-6.47378e-05
0.000227494
-3.75641e-05
0.000185285
2.43123e-05
-0.000308624
-0.000150839
-0.000295165
-0.000118867
-0.00027655
-0.000106194
-0.000238515
-9.91759e-05
-0.000188869
-0.00011192
-0.000163108
-0.000131412
-0.000109011
-0.000126978
-7.36845e-05
-0.000139093
-3.28972e-05
-0.000149908
-2.92884e-05
-0.000165249
-3.43001e-05
-0.000187056
-4.50857e-05
-0.000222084
-6.19369e-05
-0.000234195
-9.87585e-05
-0.000168514
-0.000160754
-1.62002e-05
-0.000219394
0.000135173
-0.000161577
0.000169676
-5.86298e-05
8.23385e-05
-3.43175e-05
-0.000164314
-0.000142506
-0.000159604
-0.000123577
-0.000137688
-0.000128109
-0.000103051
-0.000133813
-7.17355e-05
-0.000143236
-5.15338e-05
-0.000151613
-2.8659e-05
-0.000149853
-1.63337e-05
-0.000151418
-1.32977e-05
-0.000152944
-2.28003e-05
-0.000155746
-4.5048e-05
-0.000164808
-8.24724e-05
-0.00018466
-0.00012955
-0.000187117
-0.000180824
-0.00011724
-0.000221777
2.47529e-05
-0.00021259
0.000125986
-0.000127075
8.41614e-05
-4.72102e-05
2.47401e-06
-8.15277e-05
-6.7969e-05
-0.000150386
-6.0289e-05
-0.000131257
-4.38077e-05
-0.000144591
-2.37854e-05
-0.000153836
-7.97739e-06
-0.000159043
-2.30546e-07
-0.00015936
3.29078e-06
-0.000153374
6.67622e-07
-0.000148795
-6.48446e-06
-0.000145792
-1.89168e-05
-0.000143314
-4.00333e-05
-0.000143691
-7.62885e-05
-0.000148404
-0.000122644
-0.000140762
-0.000156888
-8.29961e-05
-0.000149031
1.68958e-05
-0.00010441
8.13647e-05
-4.94401e-05
2.91917e-05
-2.33922e-05
-2.35739e-05
-0.00010492
-2.80572e-05
-0.000148093
-2.04772e-05
-0.000138837
-7.90773e-06
-0.00015716
3.48208e-06
-0.000165226
1.12191e-05
-0.000166781
1.1944e-05
-0.000160085
8.76529e-06
-0.000150196
1.71506e-06
-0.000141745
-8.5309e-06
-0.000135546
-2.03533e-05
-0.000131492
-3.47605e-05
-0.000129284
-5.65204e-05
-0.000126645
-8.37947e-05
-0.000113488
-9.24655e-05
-7.43254e-05
-6.43079e-05
-1.12619e-05
-1.98911e-05
3.69479e-05
-1.55143e-06
1.08519e-05
-1.90627e-08
-2.51064e-05
-0.000104939
1.99368e-05
-0.000137778
2.07933e-05
-0.000139694
2.35443e-05
-0.000159911
2.47341e-05
-0.000166416
2.12565e-05
-0.000163303
1.43287e-05
-0.000153158
6.16174e-06
-0.000142029
-2.03939e-06
-0.000133544
-9.90128e-06
-0.000127684
-1.774e-05
-0.000123653
-2.65175e-05
-0.000120507
-3.801e-05
-0.000115152
-5.14733e-05
-0.000100025
-5.33858e-05
-7.2413e-05
-3.22182e-05
-3.24296e-05
-2.07688e-06
6.8065e-06
5.60707e-06
3.16786e-06
1.4675e-05
-3.41744e-05
-9.02641e-05
6.60906e-05
-0.000128817
6.3433e-05
-0.000137036
5.46626e-05
-0.000151141
4.48609e-05
-0.000156614
3.21226e-05
-0.000150565
1.90636e-05
-0.000140099
8.19105e-06
-0.000131156
1.31381e-08
-0.000125366
-6.05413e-06
-0.000121617
-1.06068e-05
-0.0001191
-1.44143e-05
-0.000116699
-1.88354e-05
-0.000110731
-2.36444e-05
-9.52159e-05
-2.44257e-05
-7.16319e-05
-1.47588e-05
-4.20967e-05
4.60789e-07
-8.41319e-06
1.00072e-05
-6.37871e-06
1.76345e-05
-4.18018e-05
-7.26297e-05
9.30687e-05
-0.000117623
8.45497e-05
-0.000128517
7.03213e-05
-0.000136913
5.30945e-05
-0.000139387
3.61371e-05
-0.000133608
2.18383e-05
-0.0001258
1.13839e-05
-0.000120702
4.18333e-06
-0.000118165
-5.25972e-07
-0.000116908
-2.79579e-06
-0.00011683
-2.86755e-06
-0.000116628
-2.17336e-06
-0.000111426
-1.58728e-06
-9.58021e-05
-6.37492e-07
-7.25818e-05
2.08874e-06
-4.4823e-05
8.21719e-06
-1.45418e-05
1.34497e-05
-1.16113e-05
1.14649e-05
-3.98171e-05
-6.11648e-05
9.90242e-05
-0.0001075
8.57476e-05
-0.000115241
6.86204e-05
-0.000119786
4.95501e-05
-0.000120317
3.28856e-05
-0.000116943
2.06483e-05
-0.000113563
1.22472e-05
-0.000112301
6.36214e-06
-0.00011228
2.90768e-06
-0.000113453
2.69247e-06
-0.000116615
5.30985e-06
-0.000119245
8.7642e-06
-0.00011488
1.17251e-05
-9.87631e-05
1.31433e-05
-7.40001e-05
1.36722e-05
-4.5352e-05
1.38528e-05
-1.47225e-05
1.46399e-05
-1.23985e-05
6.98856e-06
-3.21658e-05
-5.41763e-05
8.41081e-05
-9.8932e-05
7.18341e-05
-0.000102967
5.67828e-05
-0.000104734
4.12662e-05
-0.000104801
2.8538e-05
-0.000104215
1.92634e-05
-0.000104288
1.21814e-05
-0.000105219
6.63688e-06
-0.000106736
3.69747e-06
-0.000110514
4.50496e-06
-0.000117423
8.13014e-06
-0.00012287
1.24437e-05
-0.000119194
1.60891e-05
-0.000102409
1.78129e-05
-7.5724e-05
1.67342e-05
-4.42734e-05
1.43149e-05
-1.23033e-05
1.21873e-05
-1.0271e-05
2.97901e-06
-2.29576e-05
-5.11973e-05
6.74488e-05
-8.95489e-05
5.66606e-05
-9.21784e-05
4.53677e-05
-9.34414e-05
3.48276e-05
-9.42605e-05
2.59576e-05
-9.53451e-05
1.84129e-05
-9.67436e-05
1.1436e-05
-9.82418e-05
5.41861e-06
-0.000100718
2.12147e-06
-0.000107217
2.33003e-06
-0.000117631
4.56065e-06
-0.000125101
7.47222e-06
-0.000122105
1.04337e-05
-0.00010537
1.18851e-05
-7.71755e-05
9.99686e-06
-4.23853e-05
7.33539e-06
-9.64185e-06
3.30817e-06
-6.24377e-06
-2.15953e-06
-1.74899e-05
-5.33568e-05
5.84319e-05
-8.02738e-05
4.90855e-05
-8.28321e-05
4.04128e-05
-8.47688e-05
3.25123e-05
-8.63601e-05
2.49923e-05
-8.78251e-05
1.74439e-05
-8.91952e-05
9.75144e-06
-9.05494e-05
2.79944e-06
-9.37664e-05
-1.74262e-06
-0.000102675
-3.9113e-06
-0.000115463
-5.26964e-06
-0.000123743
-5.60367e-06
-0.000121771
-4.63562e-06
-0.000106338
-4.39733e-06
-7.74138e-05
-6.47444e-06
-4.03082e-05
-8.25575e-06
-7.86055e-06
-1.24414e-05
-2.05813e-06
-6.47473e-06
-2.34566e-05
-5.98316e-05
5.48265e-05
-7.1884e-05
4.68537e-05
-7.48594e-05
3.92634e-05
-7.71785e-05
3.18039e-05
-7.89005e-05
2.41878e-05
-8.02091e-05
1.62125e-05
-8.12199e-05
7.82446e-06
-8.21613e-05
-1.97066e-07
-8.57448e-05
-6.70903e-06
-9.61627e-05
-1.24048e-05
-0.000109767
-1.81581e-05
-0.00011799
-2.26971e-05
-0.000117232
-2.52573e-05
-0.000103778
-2.74935e-05
-7.51776e-05
-3.02804e-05
-3.75214e-05
-3.03639e-05
-7.77701e-06
-2.42265e-05
-8.19559e-06
-6.50499e-06
-4.11781e-05
-6.63366e-05
5.29253e-05
-6.42836e-05
4.55296e-05
-6.74637e-05
3.82352e-05
-6.98842e-05
3.08833e-05
-7.15485e-05
2.33232e-05
-7.2649e-05
1.53043e-05
-7.32011e-05
6.64001e-06
-7.3497e-05
-2.12843e-06
-7.69764e-05
-1.05243e-05
-8.77668e-05
-1.93555e-05
-0.000100936
-2.89996e-05
-0.000108345
-3.80595e-05
-0.000108172
-4.49381e-05
-9.68995e-05
-4.93385e-05
-7.07773e-05
-5.02257e-05
-3.66342e-05
-4.20077e-05
-1.59951e-05
-2.26032e-05
-2.76001e-05
-4.72748e-06
-5.90539e-05
-7.10641e-05
5.07497e-05
-5.73803e-05
4.38603e-05
-6.05743e-05
3.69594e-05
-6.29834e-05
3.00143e-05
-6.46034e-05
2.29034e-05
-6.55382e-05
1.5305e-05
-6.56027e-05
7.01368e-06
-6.52057e-05
-1.68083e-06
-6.8282e-05
-1.07901e-05
-7.86576e-05
-2.09598e-05
-9.07663e-05
-3.24467e-05
-9.68586e-05
-4.43492e-05
-9.62701e-05
-5.38814e-05
-8.73672e-05
-5.76898e-05
-6.69689e-05
-5.25607e-05
-4.17633e-05
-3.63084e-05
-3.22474e-05
-1.544e-05
-4.84685e-05
-4.71405e-06
-6.97799e-05
-7.57782e-05
4.81784e-05
-5.11411e-05
4.19294e-05
-5.43252e-05
3.56723e-05
-5.67264e-05
2.93979e-05
-5.83291e-05
2.30231e-05
-5.91634e-05
1.6337e-05
-5.89166e-05
9.2769e-06
-5.81458e-05
1.88867e-06
-6.08939e-05
-6.29996e-06
-7.0469e-05
-1.56217e-05
-8.14446e-05
-2.60124e-05
-8.64678e-05
-3.70581e-05
-8.52244e-05
-4.5843e-05
-7.85823e-05
-4.71025e-05
-6.57094e-05
-3.80216e-05
-5.08443e-05
-2.23501e-05
-4.79189e-05
-1.06626e-05
-6.0156e-05
-7.556e-06
-7.28865e-05
-8.33342e-05
4.55811e-05
-4.55711e-05
4.00083e-05
-4.87524e-05
3.44469e-05
-5.1165e-05
2.89456e-05
-5.28278e-05
2.35296e-05
-5.37475e-05
1.81962e-05
-5.35833e-05
1.30705e-05
-5.30202e-05
7.94977e-06
-5.57732e-05
1.89748e-06
-6.44168e-05
-5.18848e-06
-7.43586e-05
-1.25905e-05
-7.90658e-05
-1.98474e-05
-7.79674e-05
-2.55088e-05
-7.29209e-05
-2.55701e-05
-6.5648e-05
-1.85085e-05
-5.79059e-05
-1.00125e-05
-5.64149e-05
-9.21012e-06
-6.09584e-05
-1.19088e-05
-7.01879e-05
-9.5243e-05
4.30212e-05
-4.06263e-05
3.80915e-05
-4.38228e-05
3.32236e-05
-4.62971e-05
2.85415e-05
-4.81458e-05
2.41924e-05
-4.93984e-05
2.03876e-05
-4.97786e-05
1.73878e-05
-5.00205e-05
1.47333e-05
-5.31188e-05
1.10865e-05
-6.07699e-05
6.19377e-06
-6.94658e-05
1.4071e-06
-7.4279e-05
-2.29396e-06
-7.42663e-05
-4.64772e-06
-7.0567e-05
-4.72762e-06
-6.5568e-05
-2.57958e-06
-6.0054e-05
-6.74795e-07
-5.83197e-05
-6.55037e-06
-5.50828e-05
-1.425e-05
-6.24883e-05
-0.000109493
4.04689e-05
-3.62562e-05
3.61422e-05
-3.9496e-05
3.19508e-05
-4.21057e-05
2.80795e-05
-4.42745e-05
2.47607e-05
-4.60797e-05
2.23316e-05
-4.73496e-05
2.10526e-05
-4.87415e-05
2.02432e-05
-5.23093e-05
1.83246e-05
-5.88512e-05
1.48045e-05
-6.59455e-05
1.11511e-05
-7.06255e-05
8.79228e-06
-7.19074e-05
7.94826e-06
-6.97229e-05
7.69923e-06
-6.5319e-05
6.99402e-06
-5.93487e-05
5.84081e-06
-5.71665e-05
-6.72982e-07
-4.8569e-05
-7.64091e-06
-5.55203e-05
-0.000117134
3.79205e-05
-3.24264e-05
3.4178e-05
-3.57535e-05
3.0655e-05
-3.85828e-05
2.75538e-05
-4.11734e-05
2.51101e-05
-4.36361e-05
2.36364e-05
-4.58759e-05
2.32546e-05
-4.83596e-05
2.31595e-05
-5.22142e-05
2.18341e-05
-5.75257e-05
1.87855e-05
-6.28967e-05
1.53073e-05
-6.71472e-05
1.2753e-05
-6.93529e-05
1.14179e-05
-6.83878e-05
1.05018e-05
-6.44029e-05
9.51982e-06
-5.83667e-05
9.24972e-06
-5.68964e-05
9.25032e-06
-4.85696e-05
6.89017e-06
-5.31602e-05
-0.000110244
3.54265e-05
-2.91252e-05
3.22679e-05
-3.25949e-05
2.94003e-05
-3.57153e-05
2.69879e-05
-3.87611e-05
2.51748e-05
-4.1823e-05
2.41157e-05
-4.48168e-05
2.37422e-05
-4.79861e-05
2.32778e-05
-5.17497e-05
2.16032e-05
-5.58509e-05
1.85522e-05
-5.98456e-05
1.51148e-05
-6.37097e-05
1.21358e-05
-6.63739e-05
9.79794e-06
-6.60499e-05
8.22678e-06
-6.28317e-05
7.8698e-06
-5.80098e-05
8.85604e-06
-5.78826e-05
1.38463e-05
-5.35599e-05
1.73657e-05
-5.66795e-05
-9.2878e-05
3.30366e-05
-2.63408e-05
3.04387e-05
-2.9997e-05
2.81552e-05
-3.34319e-05
2.6264e-05
-3.68699e-05
2.47635e-05
-4.03224e-05
2.36238e-05
-4.36771e-05
2.26625e-05
-4.70247e-05
2.13126e-05
-5.03997e-05
1.9075e-05
-5.36132e-05
1.61682e-05
-5.69387e-05
1.30941e-05
-6.06356e-05
1.00296e-05
-6.33093e-05
7.25209e-06
-6.32724e-05
5.61748e-06
-6.11971e-05
5.79203e-06
-5.81843e-05
6.98279e-06
-5.90734e-05
1.15602e-05
-5.81373e-05
1.56444e-05
-6.07636e-05
-7.72335e-05
3.06978e-05
-2.40167e-05
2.85586e-05
-2.78579e-05
2.66796e-05
-3.1553e-05
2.50415e-05
-3.52317e-05
2.35259e-05
-3.88068e-05
2.20191e-05
-4.21701e-05
2.03807e-05
-4.53862e-05
1.83853e-05
-4.84042e-05
1.60862e-05
-5.1314e-05
1.37389e-05
-5.45914e-05
1.12449e-05
-5.81415e-05
8.44337e-06
-6.05079e-05
5.88188e-06
-6.07109e-05
4.56169e-06
-5.9877e-05
4.81984e-06
-5.84425e-05
5.47211e-06
-5.97256e-05
7.64346e-06
-6.03086e-05
9.5267e-06
-6.26468e-05
-6.77068e-05
2.81997e-05
-2.20201e-05
2.63303e-05
-2.59886e-05
2.46118e-05
-2.98344e-05
2.29663e-05
-3.35862e-05
2.1257e-05
-3.70975e-05
1.94304e-05
-4.03434e-05
1.75021e-05
-4.34578e-05
1.55465e-05
-4.64485e-05
1.37852e-05
-4.95527e-05
1.21199e-05
-5.29261e-05
1.00986e-05
-5.61203e-05
7.69632e-06
-5.81057e-05
5.62406e-06
-5.86387e-05
4.5024e-06
-5.87553e-05
4.41466e-06
-5.83547e-05
4.34898e-06
-5.96599e-05
4.67503e-06
-6.06346e-05
4.66018e-06
-6.26319e-05
-6.30466e-05
2.52564e-05
-2.01753e-05
2.34726e-05
-2.42049e-05
2.17525e-05
-2.81143e-05
2.0024e-05
-3.18576e-05
1.82272e-05
-3.53006e-05
1.64347e-05
-3.85508e-05
1.47707e-05
-4.17938e-05
1.33684e-05
-4.50461e-05
1.22306e-05
-4.8415e-05
1.09518e-05
-5.16473e-05
9.18872e-06
-5.43573e-05
7.18581e-06
-5.61028e-05
5.55116e-06
-5.70041e-05
4.47454e-06
-5.76787e-05
4.02585e-06
-5.7906e-05
3.55894e-06
-5.9193e-05
3.02118e-06
-6.00969e-05
2.10003e-06
-6.17108e-05
-6.09466e-05
2.17329e-05
-1.83712e-05
1.99845e-05
-2.24565e-05
1.82955e-05
-2.64253e-05
1.66459e-05
-3.02079e-05
1.5077e-05
-3.37317e-05
1.3713e-05
-3.71867e-05
1.26082e-05
-4.0689e-05
1.17264e-05
-4.41643e-05
1.08347e-05
-4.75234e-05
9.614e-06
-5.04267e-05
8.04152e-06
-5.27849e-05
6.43037e-06
-5.44917e-05
5.1339e-06
-5.57077e-05
4.14639e-06
-5.66913e-05
3.58035e-06
-5.734e-05
2.99808e-06
-5.86108e-05
2.25913e-06
-5.93579e-05
1.21065e-06
-6.06623e-05
-5.9736e-05
1.7803e-05
-1.66458e-05
1.6201e-05
-2.08544e-05
1.47213e-05
-2.49455e-05
1.34009e-05
-2.88874e-05
1.23073e-05
-3.26379e-05
1.14724e-05
-3.63518e-05
1.07806e-05
-3.99972e-05
1.00598e-05
-4.34436e-05
9.11502e-06
-4.65787e-05
7.9223e-06
-4.92341e-05
6.62005e-06
-5.14828e-05
5.40156e-06
-5.32733e-05
4.4062e-06
-5.47124e-05
3.60314e-06
-5.58882e-05
3.07621e-06
-5.68131e-05
2.48756e-06
-5.80221e-05
1.81819e-06
-5.86886e-05
9.24947e-07
-5.9769e-05
-5.8811e-05
1.38445e-05
-1.51376e-05
1.25369e-05
-1.95467e-05
1.1422e-05
-2.38305e-05
1.0544e-05
-2.80092e-05
9.88519e-06
-3.1979e-05
9.34397e-06
-3.58105e-05
8.74949e-06
-3.94028e-05
7.99679e-06
-4.2691e-05
7.07125e-06
-4.56533e-05
6.0871e-06
-4.825e-05
5.13009e-06
-5.05259e-05
4.26955e-06
-5.24129e-05
3.54414e-06
-5.39871e-05
2.93851e-06
-5.52826e-05
2.47961e-06
-5.63542e-05
1.93166e-06
-5.74742e-05
1.38802e-06
-5.81449e-05
6.50184e-07
-5.90312e-05
-5.81609e-05
1.01272e-05
-1.39177e-05
9.14859e-06
-1.85679e-05
8.40443e-06
-2.30861e-05
7.85608e-06
-2.74607e-05
7.39697e-06
-3.15199e-05
6.91255e-06
-3.53261e-05
6.33436e-06
-3.88247e-05
5.67744e-06
-4.20342e-05
4.98956e-06
-4.49655e-05
4.32791e-06
-4.75885e-05
3.69772e-06
-4.98958e-05
3.12523e-06
-5.18405e-05
2.62118e-06
-5.34831e-05
2.18286e-06
-5.48444e-05
1.8117e-06
-5.59831e-05
1.3672e-06
-5.70297e-05
9.45573e-07
-5.77233e-05
3.59351e-07
-5.8445e-05
-5.78015e-05
6.50999e-06
-1.28921e-05
5.79454e-06
-1.78524e-05
5.32194e-06
-2.26134e-05
4.94556e-06
-2.70842e-05
4.58011e-06
-3.11544e-05
4.19237e-06
-3.49384e-05
3.79177e-06
-3.84241e-05
3.4008e-06
-4.16433e-05
3.0211e-06
-4.45859e-05
2.65062e-06
-4.72181e-05
2.28343e-06
-4.95286e-05
1.94231e-06
-5.14994e-05
1.63169e-06
-5.31725e-05
1.35679e-06
-5.45695e-05
1.11228e-06
-5.57386e-05
8.22174e-07
-5.67396e-05
5.42003e-07
-5.74431e-05
1.52259e-07
-5.80553e-05
-5.76493e-05
2.36359e-06
2.05666e-06
1.86841e-06
1.69859e-06
1.54824e-06
1.40921e-06
1.2855e-06
1.16835e-06
1.04762e-06
9.22062e-07
7.94185e-07
6.75365e-07
5.66746e-07
4.71572e-07
3.85318e-07
2.8264e-07
1.8131e-07
2.59748e-08
)
;

boundaryField
{
    leftWall
    {
        type            calculated;
        value           uniform 0;
    }
    rightWall
    {
        type            calculated;
        value           uniform 0;
    }
    lowerWall
    {
        type            calculated;
        value           uniform 0;
    }
    atmosphere
    {
        type            calculated;
        value           nonuniform List<scalar> 
46
(
5.74286e-05
6.36981e-05
5.80756e-05
5.64728e-05
5.55365e-05
5.40518e-05
5.21603e-05
4.99773e-05
4.75197e-05
4.48097e-05
4.18752e-05
3.87508e-05
3.54737e-05
3.20811e-05
2.86096e-05
2.50941e-05
2.15635e-05
1.80405e-05
1.45393e-05
1.10636e-05
7.6041e-06
4.12577e-06
5.57367e-07
-1.0063e-06
-1.85002e-06
-2.73554e-06
-3.66255e-06
-1.23314e-05
-1.75453e-05
-2.24251e-05
-2.69144e-05
-3.1004e-05
-3.47994e-05
-3.83005e-05
-4.15262e-05
-4.44652e-05
-4.70926e-05
-4.94008e-05
-5.13806e-05
-5.30639e-05
-5.44743e-05
-5.56523e-05
-5.66369e-05
-5.73418e-05
-5.78999e-05
-5.76233e-05
)
;
    }
    defaultFaces
    {
        type            empty;
        value           nonuniform 0();
    }
}


// ************************************************************************* //
