/*--------------------------------*- C++ -*----------------------------------*\
| =========                 |                                                 |
| \\      /  F ield         | OpenFOAM: The Open Source CFD Toolbox           |
|  \\    /   O peration     | Version:  5.x                                   |
|   \\  /    A nd           | Web:      www.OpenFOAM.org                      |
|    \\/     M anipulation  |                                                 |
\*---------------------------------------------------------------------------*/
FoamFile
{
    version     2.0;
    format      ascii;
    class       surfaceScalarField;
    location    "0.35";
    object      phi;
}
// * * * * * * * * * * * * * * * * * * * * * * * * * * * * * * * * * * * * * //

dimensions      [0 3 -1 0 0 0 0];

internalField   nonuniform List<scalar> 
4432
(
-2.24231e-06
2.24231e-06
1.20719e-07
-2.36303e-06
5.59982e-06
-5.4791e-06
1.22485e-05
-6.64865e-06
1.85721e-05
-6.32368e-06
2.39157e-05
-5.34358e-06
2.81936e-05
-4.27789e-06
3.15802e-05
-3.38661e-06
3.4304e-05
-2.72379e-06
3.65449e-05
-2.24086e-06
3.83941e-05
-1.84923e-06
3.98522e-05
-1.45813e-06
4.08177e-05
-9.65493e-07
4.10734e-05
-2.5566e-07
4.01331e-05
9.4023e-07
3.71304e-05
3.00271e-06
3.10734e-05
6.05704e-06
2.10061e-05
1.00673e-05
7.46168e-06
1.35444e-05
-6.48547e-06
1.39472e-05
-1.5819e-05
9.33353e-06
-1.71892e-05
1.3702e-06
-1.71892e-05
-2.21671e-06
4.45902e-06
2.93246e-07
-4.87299e-06
5.84418e-06
-1.103e-05
1.24784e-05
-1.32828e-05
1.87555e-05
-1.26008e-05
2.40511e-05
-1.06392e-05
2.83015e-05
-8.52837e-06
3.16922e-05
-6.77725e-06
3.44517e-05
-5.48333e-06
3.67524e-05
-4.54149e-06
3.86768e-05
-3.77363e-06
4.02159e-05
-2.99729e-06
4.13059e-05
-2.05545e-06
4.18793e-05
-8.2906e-07
4.1952e-05
8.67516e-07
4.16635e-05
3.29116e-06
4.05994e-05
7.12115e-06
3.72264e-05
1.34403e-05
2.87192e-05
2.20516e-05
1.37212e-05
2.89451e-05
-4.38497e-06
2.74397e-05
-9.03265e-06
6.01789e-06
-2.62219e-05
-1.99599e-06
6.45501e-06
6.05754e-07
-7.47473e-06
6.21682e-06
-1.66411e-05
1.27761e-05
-1.98421e-05
1.89053e-05
-1.87299e-05
2.4048e-05
-1.57819e-05
2.81889e-05
-1.26692e-05
3.15345e-05
-1.01229e-05
3.43117e-05
-8.26052e-06
3.6677e-05
-6.90678e-06
3.86944e-05
-5.79103e-06
4.03455e-05
-4.64842e-06
4.15505e-05
-3.26041e-06
4.21705e-05
-1.44907e-06
4.20933e-05
9.44689e-07
4.125e-05
4.13453e-06
3.99191e-05
8.452e-06
3.87002e-05
1.46593e-05
3.66636e-05
2.40882e-05
3.03983e-05
3.52104e-05
1.8187e-05
3.9651e-05
6.13782e-06
1.8067e-05
-2.0084e-05
-1.70163e-06
8.15664e-06
1.07349e-06
-1.02498e-05
6.72838e-06
-2.2296e-05
1.31645e-05
-2.62783e-05
1.90792e-05
-2.46447e-05
2.40131e-05
-2.07158e-05
2.8017e-05
-1.66731e-05
3.13216e-05
-1.34275e-05
3.41442e-05
-1.10832e-05
3.66159e-05
-9.37845e-06
3.8774e-05
-7.94915e-06
4.0581e-05
-6.45549e-06
4.19478e-05
-4.62713e-06
4.27563e-05
-2.25761e-06
4.28673e-05
8.33655e-07
4.21729e-05
4.82895e-06
4.06623e-05
9.96262e-06
3.88654e-05
1.64562e-05
3.79782e-05
2.49754e-05
3.70906e-05
3.6098e-05
3.15107e-05
4.52309e-05
1.78134e-05
3.17644e-05
-2.27061e-06
-1.31144e-06
9.46808e-06
1.67496e-06
-1.32362e-05
7.34378e-06
-2.79648e-05
1.36009e-05
-3.25354e-05
1.92405e-05
-3.02842e-05
2.39236e-05
-2.53989e-05
2.77793e-05
-2.05288e-05
3.10583e-05
-1.67064e-05
3.3958e-05
-1.39829e-05
3.65738e-05
-1.19943e-05
3.891e-05
-1.02854e-05
4.09073e-05
-8.45271e-06
4.24683e-05
-6.18819e-06
4.34783e-05
-3.26758e-06
4.38258e-05
4.86138e-07
4.34244e-05
5.23038e-06
4.22389e-05
1.11481e-05
4.03462e-05
1.83488e-05
3.86075e-05
2.67141e-05
3.81716e-05
3.65339e-05
3.58145e-05
4.7588e-05
2.32912e-05
4.42877e-05
2.10206e-05
-8.25818e-07
1.02939e-05
2.39328e-06
-1.64553e-05
8.04761e-06
-3.36191e-05
1.40752e-05
-3.8563e-05
1.93923e-05
-3.56013e-05
2.38019e-05
-2.98085e-05
2.7516e-05
-2.42429e-05
3.07965e-05
-1.9987e-05
3.38083e-05
-1.69947e-05
3.66021e-05
-1.47881e-05
3.91448e-05
-1.2828e-05
4.13545e-05
-1.06624e-05
4.31267e-05
-7.96036e-06
4.4352e-05
-4.4929e-06
4.49319e-05
-9.38176e-08
4.4801e-05
5.36127e-06
4.39391e-05
1.20101e-05
4.23563e-05
1.99316e-05
4.01375e-05
2.89329e-05
3.83139e-05
3.83575e-05
3.60348e-05
4.98671e-05
2.51908e-05
5.51316e-05
4.62114e-05
-2.80561e-07
1.05745e-05
3.1999e-06
-1.99358e-05
8.81426e-06
-3.92335e-05
1.45742e-05
-4.4323e-05
1.95473e-05
-4.05743e-05
2.36897e-05
-3.39509e-05
2.72927e-05
-2.78459e-05
3.06165e-05
-2.33108e-05
3.37809e-05
-2.0159e-05
3.67856e-05
-1.77928e-05
3.95597e-05
-1.56021e-05
4.2001e-05
-1.31037e-05
4.39988e-05
-9.9582e-06
4.54463e-05
-5.94035e-06
4.6252e-05
-8.99491e-07
4.63635e-05
5.24968e-06
4.57504e-05
1.26232e-05
4.44451e-05
2.12369e-05
4.23009e-05
3.10771e-05
3.94467e-05
4.12116e-05
3.59568e-05
5.3357e-05
2.67669e-05
6.43215e-05
7.29783e-05
3.37307e-07
1.02371e-05
4.0506e-06
-2.36491e-05
9.57779e-06
-4.47607e-05
1.50372e-05
-4.97824e-05
1.9678e-05
-4.52151e-05
2.3597e-05
-3.78699e-05
2.71449e-05
-3.13937e-05
3.05621e-05
-2.67281e-05
3.39139e-05
-2.35109e-05
3.71488e-05
-2.10277e-05
4.01645e-05
-1.86179e-05
4.28485e-05
-1.57877e-05
4.50909e-05
-1.22006e-05
4.67829e-05
-7.63234e-06
4.78412e-05
-1.95784e-06
4.82088e-05
4.88217e-06
4.78226e-05
1.30093e-05
4.67038e-05
2.23558e-05
4.47807e-05
3.30002e-05
4.16823e-05
4.431e-05
3.69373e-05
5.8102e-05
2.73945e-05
7.38644e-05
0.000100373
-9.88283e-06
9.88283e-06
-1.21288e-05
2.2458e-06
-2.20104e-05
9.88167e-06
-2.83459e-05
6.33555e-06
-3.64635e-05
8.11758e-06
-4.28216e-05
6.3581e-06
-4.72368e-05
4.41508e-06
-4.99875e-05
2.75064e-06
-5.10188e-05
1.03128e-06
-5.04629e-05
-5.55748e-07
-4.84641e-05
-1.99875e-06
-4.53094e-05
-3.15479e-06
-4.11925e-05
-4.11695e-06
-3.61802e-05
-5.0122e-06
-3.03181e-05
-5.86203e-06
-2.36377e-05
-6.68026e-06
-1.62412e-05
-7.39648e-06
-8.2086e-06
-8.03265e-06
-8.20858e-06
-9.06447e-06
1.89473e-05
-1.14144e-05
4.59565e-06
-2.23142e-05
2.07816e-05
-2.87381e-05
1.27595e-05
-3.69943e-05
1.63738e-05
-4.31901e-05
1.25537e-05
-4.7111e-05
8.33596e-06
-4.92515e-05
4.89118e-06
-4.99254e-05
1.70531e-06
-4.90454e-05
-1.43571e-06
-4.66093e-05
-4.43487e-06
-4.27778e-05
-6.98629e-06
-3.78336e-05
-9.06112e-06
-3.2134e-05
-1.07115e-05
-2.59798e-05
-1.20161e-05
-1.96012e-05
-1.30589e-05
-1.31103e-05
-1.38874e-05
-6.50437e-06
-1.46386e-05
-1.47129e-05
-7.90372e-06
2.6851e-05
-9.28153e-06
5.97345e-06
-2.21323e-05
3.36324e-05
-2.83776e-05
1.90048e-05
-3.67553e-05
2.47514e-05
-4.32195e-05
1.90178e-05
-4.73926e-05
1.2509e-05
-4.97481e-05
7.24689e-06
-5.05206e-05
2.4778e-06
-4.96553e-05
-2.30102e-06
-4.72075e-05
-6.88273e-06
-4.34257e-05
-1.07681e-05
-3.8583e-05
-1.39038e-05
-3.2891e-05
-1.64032e-05
-2.6627e-05
-1.82801e-05
-2.00517e-05
-1.96344e-05
-1.3351e-05
-2.05881e-05
-6.61746e-06
-2.1372e-05
-2.13304e-05
-1.11191e-05
3.79701e-05
-8.27723e-06
3.1317e-06
-2.29131e-05
4.82684e-05
-2.88265e-05
2.49182e-05
-3.73861e-05
3.33111e-05
-4.43804e-05
2.60121e-05
-4.8411e-05
1.65396e-05
-5.06558e-05
9.49185e-06
-5.14139e-05
3.23594e-06
-5.05114e-05
-3.2037e-06
-4.79562e-05
-9.43792e-06
-4.40887e-05
-1.46355e-05
-3.92219e-05
-1.87705e-05
-3.35626e-05
-2.20625e-05
-2.73178e-05
-2.4525e-05
-2.07025e-05
-2.62499e-05
-1.38711e-05
-2.74195e-05
-6.88474e-06
-2.83583e-05
-2.82152e-05
-1.83535e-05
5.63237e-05
-8.31322e-06
-6.90852e-06
-2.52748e-05
6.523e-05
-2.96909e-05
2.93343e-05
-3.8304e-05
4.19243e-05
-4.59153e-05
3.36234e-05
-4.98689e-05
2.04933e-05
-5.18335e-05
1.14565e-05
-5.26095e-05
4.01196e-06
-5.16653e-05
-4.14802e-06
-4.89391e-05
-1.21641e-05
-4.48841e-05
-1.86904e-05
-3.98718e-05
-2.37829e-05
-3.40979e-05
-2.78365e-05
-2.7776e-05
-3.0847e-05
-2.10972e-05
-3.29288e-05
-1.41671e-05
-3.43495e-05
-7.05357e-06
-3.54719e-05
-3.52688e-05
-1.81266e-05
7.44504e-05
-3.38795e-06
-2.16471e-05
-2.7355e-05
8.91971e-05
-3.1417e-05
3.33962e-05
-3.96564e-05
5.01637e-05
-4.81906e-05
4.21576e-05
-5.18052e-05
2.41079e-05
-5.30881e-05
1.27395e-05
-5.40651e-05
4.98885e-06
-5.31434e-05
-5.06971e-06
-5.01981e-05
-1.51094e-05
-4.58749e-05
-2.30135e-05
-4.06631e-05
-2.89947e-05
-3.46676e-05
-3.38321e-05
-2.82158e-05
-3.72988e-05
-2.14159e-05
-3.97288e-05
-1.43807e-05
-4.13847e-05
-7.18711e-06
-4.26654e-05
-4.2456e-05
-3.31356e-05
0.000107586
-8.91468e-06
-4.58681e-05
-3.62573e-05
0.00011654
-3.68031e-05
3.3942e-05
-3.99118e-05
5.32724e-05
-5.06292e-05
5.2875e-05
-5.4049e-05
2.75277e-05
-5.41571e-05
1.28475e-05
-5.55925e-05
6.42424e-06
-5.47569e-05
-5.90535e-06
-5.16487e-05
-1.82175e-05
-4.70471e-05
-2.7615e-05
-4.16184e-05
-3.44235e-05
-3.54073e-05
-4.00433e-05
-2.8727e-05
-4.39791e-05
-2.17353e-05
-4.67205e-05
-1.46176e-05
-4.85025e-05
-7.2972e-06
-4.99859e-05
-4.97533e-05
-6.03725e-05
0.000167958
-2.6903e-05
-7.93377e-05
-5.87244e-05
0.000148361
-4.2115e-05
1.73325e-05
-4.07883e-05
5.19456e-05
-5.48726e-05
6.69594e-05
-5.75101e-05
3.01652e-05
-5.51396e-05
1.0477e-05
-5.75872e-05
8.87185e-06
-5.642e-05
-7.07251e-06
-5.29291e-05
-2.17083e-05
-4.81687e-05
-3.23754e-05
-4.27125e-05
-3.98797e-05
-3.62344e-05
-4.65213e-05
-2.93061e-05
-5.09074e-05
-2.21798e-05
-5.38468e-05
-1.48702e-05
-5.58122e-05
-7.42682e-06
-5.74294e-05
-5.71802e-05
2.9828e-06
7.25435e-06
1.16563e-05
-3.23226e-05
2.2824e-05
-5.59284e-05
3.32323e-05
-6.01907e-05
4.2005e-05
-5.39879e-05
4.9778e-05
-4.5643e-05
5.73402e-05
-3.89559e-05
6.50169e-05
-3.44047e-05
7.2735e-05
-3.12289e-05
8.02474e-05
-2.85401e-05
8.72881e-05
-2.56586e-05
9.36404e-05
-2.214e-05
9.91356e-05
-1.76958e-05
0.000103575
-1.20718e-05
0.000106744
-5.12628e-06
0.000108701
2.9244e-06
0.000108994
1.27167e-05
0.000107585
2.37648e-05
0.000104483
3.61022e-05
9.93195e-05
4.94733e-05
9.23245e-05
6.5097e-05
8.49697e-05
8.12192e-05
0.000111247
7.40955e-05
6.88202e-06
3.72323e-07
1.71623e-05
-4.26029e-05
2.67533e-05
-6.55193e-05
3.47542e-05
-6.81916e-05
4.18745e-05
-6.11081e-05
4.91046e-05
-5.28731e-05
5.69036e-05
-4.67549e-05
6.51772e-05
-4.26783e-05
7.35739e-05
-3.96256e-05
8.17183e-05
-3.66846e-05
8.93174e-05
-3.32576e-05
9.61933e-05
-2.90159e-05
0.000102309
-2.38113e-05
0.000107803
-1.7566e-05
0.000112706
-1.00296e-05
0.000115515
1.15966e-07
0.000117702
1.05296e-05
0.000118382
2.30845e-05
0.000117684
3.68003e-05
0.000116021
5.11367e-05
0.000114645
6.64725e-05
0.000114096
8.17685e-05
0.00010605
0.000119293
1.31414e-05
-1.27691e-05
2.7427e-05
-5.68885e-05
3.43625e-05
-7.24548e-05
3.78305e-05
-7.16596e-05
4.25336e-05
-6.58112e-05
4.95717e-05
-5.99112e-05
5.81806e-05
-5.53639e-05
6.74723e-05
-5.19699e-05
7.68432e-05
-4.89966e-05
8.58941e-05
-4.57354e-05
9.43567e-05
-4.17202e-05
0.000102031
-3.66904e-05
0.000108642
-3.04217e-05
0.000113878
-2.28019e-05
0.000117763
-1.39153e-05
0.00012216
-4.28087e-06
0.000124928
7.76183e-06
0.000126195
2.18175e-05
0.000126917
3.60786e-05
0.000127667
5.03858e-05
0.000129132
6.5008e-05
0.000130796
8.01046e-05
9.65174e-05
0.000140329
2.32609e-05
-3.60299e-05
4.43134e-05
-7.7941e-05
4.674e-05
-7.48815e-05
4.33331e-05
-6.82527e-05
4.50645e-05
-6.75427e-05
5.23551e-05
-6.72018e-05
6.21291e-05
-6.51378e-05
7.25365e-05
-6.23774e-05
8.29232e-05
-5.93833e-05
9.31257e-05
-5.59379e-05
0.000103232
-5.18262e-05
0.000113346
-4.68048e-05
0.000123422
-4.04974e-05
0.00013346
-3.28397e-05
0.000143006
-2.34616e-05
0.000150678
-1.19534e-05
0.000153802
4.63815e-06
0.000153016
2.26036e-05
0.000150186
3.89086e-05
0.000147199
5.33729e-05
0.000145211
6.69961e-05
0.000144912
8.04038e-05
9.18402e-05
0.000149589
3.30918e-05
-6.91217e-05
5.73209e-05
-0.00010217
5.42258e-05
-7.17864e-05
4.49928e-05
-5.90197e-05
4.28876e-05
-6.54375e-05
4.81308e-05
-7.24449e-05
5.53511e-05
-7.23582e-05
6.24244e-05
-6.94506e-05
6.87041e-05
-6.5663e-05
7.39844e-05
-6.12181e-05
7.75103e-05
-5.53522e-05
7.64013e-05
-4.56958e-05
7.76188e-05
-4.17148e-05
8.77959e-05
-4.30167e-05
0.000108863
-4.45282e-05
0.000141216
-4.43072e-05
0.000173935
-2.80801e-05
0.000185673
1.08656e-05
0.00018398
4.06015e-05
0.000178992
5.83601e-05
0.000173817
7.2171e-05
0.000168402
8.58195e-05
9.36952e-05
0.000166547
3.66155e-05
-0.000105737
3.06026e-05
-9.61571e-05
2.71892e-05
-6.83731e-05
2.14357e-05
-5.32661e-05
1.6011e-05
-6.00128e-05
1.12964e-05
-6.77303e-05
7.67678e-06
-6.87385e-05
4.08112e-06
-6.58549e-05
1.03423e-06
-6.26161e-05
5.76192e-07
-6.07601e-05
5.84463e-06
-6.06206e-05
1.9052e-05
-5.89031e-05
3.12979e-05
-5.39605e-05
3.74661e-05
-4.91848e-05
5.13561e-05
-5.84181e-05
7.7511e-05
-7.04619e-05
0.000117525
-6.80943e-05
0.000163429
-3.50381e-05
0.000191088
1.29428e-05
0.000196593
5.28547e-05
0.000186701
8.2063e-05
0.000176311
9.621e-05
9.26719e-05
0.000177334
-1.96225e-05
-8.61148e-05
-2.27478e-05
-9.30318e-05
-1.83674e-05
-7.27535e-05
-4.57523e-06
-6.70582e-05
9.52802e-07
-6.55407e-05
-1.42407e-08
-6.67632e-05
-2.60658e-06
-6.61461e-05
-4.50484e-06
-6.39566e-05
-4.45703e-06
-6.26639e-05
-1.05275e-06
-6.41643e-05
5.88609e-06
-6.75593e-05
1.56119e-05
-6.86288e-05
2.16472e-05
-5.99957e-05
2.24032e-05
-4.99407e-05
4.06977e-05
-7.67125e-05
7.44437e-05
-0.000104208
0.000110886
-0.000104537
0.000155609
-7.97606e-05
0.000202365
-3.38132e-05
0.000229924
2.52959e-05
0.000233194
7.8793e-05
0.000217172
0.000112232
0.000117163
0.000192681
-2.18262e-05
-6.42887e-05
-2.08754e-05
-9.39826e-05
-1.18962e-05
-8.17327e-05
-6.06549e-06
-7.28888e-05
-2.96968e-06
-6.86365e-05
-2.00884e-06
-6.7724e-05
-2.06535e-06
-6.60896e-05
-1.96012e-06
-6.40619e-05
-8.02895e-07
-6.38211e-05
1.83723e-06
-6.68043e-05
5.40154e-06
-7.11235e-05
9.67425e-06
-7.29014e-05
1.21884e-05
-6.25097e-05
1.59153e-05
-5.36676e-05
3.63022e-05
-9.70994e-05
5.80249e-05
-0.000125931
8.03085e-05
-0.00012682
0.000110361
-0.000109813
0.000146888
-7.034e-05
0.000182157
-9.97316e-06
0.000202352
5.85979e-05
0.000206578
0.000108006
0.000126235
0.000197506
-7.5394e-06
-5.67493e-05
-7.22183e-06
-9.43001e-05
-5.74284e-06
-8.32116e-05
-3.84632e-06
-7.47853e-05
-1.43499e-06
-7.10478e-05
2.16368e-07
-6.93754e-05
1.32515e-06
-6.71984e-05
2.17413e-06
-6.49108e-05
2.9456e-06
-6.45925e-05
3.52322e-06
-6.73818e-05
3.73173e-06
-7.13319e-05
4.88442e-06
-7.4054e-05
9.49754e-06
-6.71229e-05
2.05676e-05
-6.47376e-05
2.17399e-05
-9.82717e-05
1.84409e-05
-0.000122632
2.08413e-05
-0.00012922
2.62891e-05
-0.000115261
3.56625e-05
-7.97133e-05
5.72248e-05
-3.15354e-05
9.5006e-05
2.08168e-05
0.000130868
7.21443e-05
0.000104169
0.000152934
-1.67533e-06
-5.50739e-05
-3.22439e-06
-9.2751e-05
-2.85108e-06
-8.35849e-05
-1.41485e-06
-7.62215e-05
5.7406e-07
-7.30367e-05
2.39617e-06
-7.11975e-05
4.10116e-06
-6.89034e-05
5.6888e-06
-6.64984e-05
6.77231e-06
-6.56759e-05
6.85177e-06
-6.74612e-05
6.2369e-06
-7.0717e-05
6.30212e-06
-7.41192e-05
1.19561e-05
-7.27769e-05
1.99473e-05
-7.27289e-05
1.18749e-05
-9.01993e-05
2.85768e-07
-0.000111043
-1.2206e-05
-0.000116729
-2.59589e-05
-0.000101508
-3.16628e-05
-7.40094e-05
-2.35714e-05
-3.96268e-05
1.09872e-07
-2.86457e-06
3.36155e-05
3.86385e-05
7.35166e-05
6.42677e-05
5.76291e-07
-5.56502e-05
-5.09799e-07
-9.16648e-05
-4.82238e-07
-8.36124e-05
7.18386e-07
-7.74221e-05
2.56116e-06
-7.48796e-05
4.5458e-06
-7.31822e-05
6.78517e-06
-7.11427e-05
9.23343e-06
-6.89466e-05
1.13121e-05
-6.77545e-05
1.23659e-05
-6.85149e-05
1.26068e-05
-7.09578e-05
1.26568e-05
-7.41692e-05
1.60177e-05
-7.61378e-05
2.16196e-05
-7.83308e-05
1.81168e-05
-8.66965e-05
4.25702e-06
-9.71827e-05
-1.04545e-05
-0.000102017
-1.58685e-05
-9.60941e-05
-1.21445e-05
-7.77333e-05
-4.5654e-06
-4.72058e-05
7.09424e-06
-1.45242e-05
2.82281e-05
1.75047e-05
3.3514e-05
6.82308e-05
1.64743e-06
-5.72976e-05
1.21325e-06
-9.12306e-05
1.44448e-06
-8.38436e-05
2.62375e-06
-7.86014e-05
4.38929e-06
-7.66452e-05
6.48014e-06
-7.52731e-05
9.01233e-06
-7.36749e-05
1.20022e-05
-7.19364e-05
1.4994e-05
-7.07463e-05
1.73576e-05
-7.08784e-05
1.88862e-05
-7.24864e-05
1.9695e-05
-7.49781e-05
2.12353e-05
-7.7678e-05
2.35693e-05
-8.06649e-05
2.18305e-05
-8.49576e-05
1.34717e-05
-8.88238e-05
9.58448e-07
-8.95037e-05
-7.7432e-06
-8.73924e-05
-6.73264e-06
-7.87438e-05
3.29854e-06
-5.7237e-05
1.9824e-05
-3.10496e-05
4.17414e-05
-4.41276e-06
1.53616e-05
5.98937e-05
2.16104e-06
-5.94586e-05
2.26204e-06
-9.13315e-05
2.78736e-06
-8.43689e-05
4.0969e-06
-7.9911e-05
5.87063e-06
-7.8419e-05
7.97371e-06
-7.73762e-05
1.05071e-05
-7.62083e-05
1.35499e-05
-7.49792e-05
1.68542e-05
-7.40506e-05
1.98998e-05
-7.39239e-05
2.22361e-05
-7.48227e-05
2.37236e-05
-7.64656e-05
2.44978e-05
-7.84522e-05
2.43453e-05
-8.05124e-05
2.18018e-05
-8.2414e-05
1.62193e-05
-8.32413e-05
8.18813e-06
-8.14725e-05
-2.64386e-06
-7.65604e-05
-1.35872e-05
-6.78005e-05
-1.79854e-05
-5.28387e-05
-1.39839e-05
-3.50513e-05
-1.81582e-06
-1.65809e-05
3.9643e-07
1.31493e-05
2.37457e-06
-6.18331e-05
2.90929e-06
-9.18662e-05
3.75704e-06
-8.52167e-05
5.20918e-06
-8.13632e-05
7.01818e-06
-8.0228e-05
9.0914e-06
-7.94495e-05
1.14793e-05
-7.85962e-05
1.42516e-05
-7.77515e-05
1.72991e-05
-7.7098e-05
2.02618e-05
-7.68867e-05
2.27036e-05
-7.72644e-05
2.4347e-05
-7.8109e-05
2.5029e-05
-7.91341e-05
2.45179e-05
-8.00012e-05
2.24863e-05
-8.03824e-05
1.89558e-05
-7.97107e-05
1.45217e-05
-7.70383e-05
9.73284e-06
-7.17716e-05
5.55703e-06
-6.36247e-05
4.95495e-06
-5.22367e-05
8.84743e-06
-3.89438e-05
1.736e-05
-2.50935e-05
-1.20944e-05
2.98508e-05
2.39968e-06
-6.42327e-05
3.32653e-06
-9.2793e-05
4.46282e-06
-8.6353e-05
6.05119e-06
-8.29517e-05
7.90399e-06
-8.20809e-05
9.9521e-06
-8.14976e-05
1.22002e-05
-8.08443e-05
1.46674e-05
-8.02187e-05
1.72949e-05
-7.97255e-05
1.98716e-05
-7.94633e-05
2.20933e-05
-7.9486e-05
2.37065e-05
-7.97222e-05
2.45518e-05
-7.99794e-05
2.45305e-05
-7.99799e-05
2.35681e-05
-7.942e-05
2.17462e-05
-7.78888e-05
1.95604e-05
-7.48526e-05
1.76811e-05
-6.98922e-05
1.69193e-05
-6.2863e-05
1.85111e-05
-5.38285e-05
2.30865e-05
-4.35193e-05
3.07901e-05
-3.27971e-05
-2.25035e-05
4.11993e-05
2.3763e-06
-6.6609e-05
3.61367e-06
-9.40304e-05
4.9798e-06
-8.77192e-05
6.68595e-06
-8.46579e-05
8.5883e-06
-8.39833e-05
1.06349e-05
-8.35442e-05
1.28121e-05
-8.30215e-05
1.5101e-05
-8.25076e-05
1.74497e-05
-8.20742e-05
1.97404e-05
-8.1754e-05
2.17999e-05
-8.15455e-05
2.34648e-05
-8.1387e-05
2.46272e-05
-8.11417e-05
2.52463e-05
-8.0599e-05
2.53315e-05
-7.95052e-05
2.50143e-05
-7.75716e-05
2.46465e-05
-7.44848e-05
2.47506e-05
-6.99964e-05
2.59337e-05
-6.40461e-05
2.8888e-05
-5.6783e-05
3.4026e-05
-4.86572e-05
4.14124e-05
-4.01835e-05
-3.18247e-05
5.07336e-05
2.35036e-06
-6.89594e-05
3.82014e-06
-9.55002e-05
5.36336e-06
-8.92625e-05
7.17014e-06
-8.64646e-05
9.1242e-06
-8.59373e-05
1.11868e-05
-8.56068e-05
1.33462e-05
-8.51809e-05
1.55758e-05
-8.47371e-05
1.78272e-05
-8.43257e-05
2.00288e-05
-8.39555e-05
2.20882e-05
-8.36049e-05
2.39156e-05
-8.32143e-05
2.54503e-05
-8.26764e-05
2.66869e-05
-8.18357e-05
2.76851e-05
-8.05034e-05
2.85864e-05
-7.8473e-05
2.96459e-05
-7.55443e-05
3.12292e-05
-7.15798e-05
3.37565e-05
-6.65734e-05
3.76433e-05
-6.06698e-05
4.31579e-05
-5.41719e-05
5.03501e-05
-4.73758e-05
-4.05115e-05
5.90369e-05
2.33728e-06
-7.12967e-05
3.97461e-06
-9.71375e-05
5.65142e-06
-9.09393e-05
7.54294e-06
-8.83562e-05
9.54793e-06
-8.79423e-05
1.1636e-05
-8.76949e-05
1.38028e-05
-8.73476e-05
1.60304e-05
-8.69648e-05
1.82832e-05
-8.65785e-05
2.05144e-05
-8.61866e-05
2.26718e-05
-8.57622e-05
2.47097e-05
-8.52522e-05
2.6605e-05
-8.45717e-05
2.83758e-05
-8.36065e-05
3.00914e-05
-8.2219e-05
3.18825e-05
-8.02642e-05
3.39523e-05
-7.76142e-05
3.65678e-05
-7.41953e-05
4.00211e-05
-7.00267e-05
4.45818e-05
-6.52305e-05
5.04286e-05
-6.00187e-05
5.75994e-05
-5.45466e-05
-4.88841e-05
6.59718e-05
2.34101e-06
-7.36377e-05
4.09329e-06
-9.88898e-05
5.8693e-06
-9.27153e-05
7.83092e-06
-9.03177e-05
9.88437e-06
-8.99957e-05
1.20042e-05
-8.98146e-05
1.41916e-05
-8.95351e-05
1.64394e-05
-8.92125e-05
1.87276e-05
-8.88667e-05
2.10291e-05
-8.8488e-05
2.33163e-05
-8.80493e-05
2.55702e-05
-8.75061e-05
2.7792e-05
-8.67935e-05
3.00134e-05
-8.58279e-05
3.23062e-05
-8.45119e-05
3.47888e-05
-8.27468e-05
3.76254e-05
-8.04509e-05
4.10161e-05
-7.7586e-05
4.51681e-05
-7.41788e-05
5.0263e-05
-7.03254e-05
5.64187e-05
-6.61744e-05
6.36611e-05
-6.1789e-05
-5.71439e-05
7.19208e-05
2.35881e-06
-7.59965e-05
4.18462e-06
-0.000100716
6.03315e-06
-9.45638e-05
8.05172e-06
-9.23363e-05
1.01492e-05
-9.20932e-05
1.23039e-05
-9.19694e-05
1.45217e-05
-9.17529e-05
1.68026e-05
-9.14935e-05
1.91398e-05
-9.12039e-05
2.15228e-05
-9.0871e-05
2.3943e-05
-9.04695e-05
2.63998e-05
-8.99628e-05
2.89089e-05
-8.93027e-05
3.15103e-05
-8.84294e-05
3.42742e-05
-8.72758e-05
3.73032e-05
-8.57758e-05
4.07295e-05
-8.38772e-05
4.47039e-05
-8.15604e-05
4.93767e-05
-7.88517e-05
5.48779e-05
-7.58266e-05
6.1294e-05
-7.25906e-05
6.86497e-05
-6.91448e-05
-6.54101e-05
7.69157e-05
2.38605e-06
-7.83826e-05
4.25273e-06
-0.000102582
6.15208e-06
-9.64632e-05
8.2153e-06
-9.43995e-05
1.035e-05
-9.42279e-05
1.25386e-05
-9.4158e-05
1.47909e-05
-9.40053e-05
1.71128e-05
-9.38154e-05
1.95061e-05
-9.35973e-05
2.19726e-05
-9.33375e-05
2.45172e-05
-9.30141e-05
2.71522e-05
-9.2598e-05
2.9903e-05
-9.20536e-05
3.28128e-05
-9.13393e-05
3.59471e-05
-9.04102e-05
3.93942e-05
-8.92229e-05
4.32618e-05
-8.77449e-05
4.76684e-05
-8.5967e-05
5.27298e-05
-8.39131e-05
5.85472e-05
-8.1644e-05
6.51908e-05
-7.92341e-05
7.26882e-05
-7.66422e-05
-7.37656e-05
8.10437e-05
2.41729e-06
-8.07999e-05
4.29812e-06
-0.000104463
6.2303e-06
-9.83954e-05
8.32615e-06
-9.64954e-05
1.04894e-05
-9.63912e-05
1.27066e-05
-9.63752e-05
1.49909e-05
-9.62898e-05
1.7353e-05
-9.61775e-05
1.98011e-05
-9.60454e-05
2.23445e-05
-9.5881e-05
2.49971e-05
-9.56668e-05
2.77797e-05
-9.53806e-05
3.0723e-05
-9.49971e-05
3.38718e-05
-9.44882e-05
3.72863e-05
-9.38248e-05
4.10438e-05
-9.29804e-05
4.52348e-05
-9.19359e-05
4.99567e-05
-9.06888e-05
5.53042e-05
-8.92606e-05
6.13618e-05
-8.77016e-05
6.81931e-05
-8.60654e-05
7.58346e-05
-8.42838e-05
-8.22499e-05
8.43189e-05
2.44662e-06
-8.32465e-05
4.31944e-06
-0.000106336
6.26946e-06
-0.000100345
8.38565e-06
-9.86116e-05
1.05672e-05
-9.85729e-05
1.28041e-05
-9.86122e-05
1.51127e-05
-9.85984e-05
1.75071e-05
-9.8572e-05
2e-05
-9.85383e-05
2.26062e-05
-9.84873e-05
2.53446e-05
-9.84054e-05
2.8241e-05
-9.82771e-05
3.13289e-05
-9.80851e-05
3.46528e-05
-9.7812e-05
3.82685e-05
-9.74406e-05
4.2245e-05
-9.69568e-05
4.66609e-05
-9.63518e-05
5.15998e-05
-9.56277e-05
5.71438e-05
-9.48046e-05
6.33691e-05
-9.39268e-05
7.03392e-05
-9.30355e-05
7.81047e-05
-9.20493e-05
-9.08658e-05
8.67206e-05
2.46813e-06
-8.57147e-05
4.31562e-06
-0.000108184
6.27078e-06
-0.000102301
8.39445e-06
-0.000100735
1.05824e-05
-0.000100761
1.28276e-05
-0.000100857
1.51491e-05
-0.00010092
1.75633e-05
-0.000100986
2.0086e-05
-0.000101061
2.27353e-05
-0.000101137
2.55335e-05
-0.000101204
2.85083e-05
-0.000101252
3.16944e-05
-0.000101271
3.51346e-05
-0.000101252
3.88813e-05
-0.000101187
4.29967e-05
-0.000101072
4.75513e-05
-0.000100906
5.26199e-05
-0.000100696
5.82774e-05
-0.000100462
6.45964e-05
-0.000100246
7.16452e-05
-0.000100084
7.94901e-05
-9.98942e-05
-9.95796e-05
8.82039e-05
2.47691e-06
-8.81916e-05
4.28808e-06
-0.000109995
6.23707e-06
-0.00010425
8.3546e-06
-0.000102853
1.05353e-05
-0.000102942
1.27753e-05
-0.000103098
1.50955e-05
-0.00010324
1.75138e-05
-0.000103405
2.00476e-05
-0.000103595
2.27172e-05
-0.000103806
2.55463e-05
-0.000104033
2.85635e-05
-0.000104269
3.1803e-05
-0.000104511
3.53055e-05
-0.000104755
3.91197e-05
-0.000105002
4.33023e-05
-0.000105255
4.79176e-05
-0.000105522
5.30344e-05
-0.000105813
5.87238e-05
-0.000106151
6.5058e-05
-0.00010658
7.21119e-05
-0.000107138
7.9969e-05
-0.000107751
-0.000108327
8.87165e-05
2.47096e-06
-9.06625e-05
4.24151e-06
-0.000111765
6.17356e-06
-0.000106182
8.27046e-06
-0.00010495
1.0429e-05
-0.0001051
1.26486e-05
-0.000105317
1.4951e-05
-0.000105543
1.73548e-05
-0.000105808
1.98786e-05
-0.000106119
2.25433e-05
-0.000106471
2.53732e-05
-0.000106863
2.83965e-05
-0.000107293
3.16461e-05
-0.000107761
3.51603e-05
-0.000108269
3.89838e-05
-0.000108825
4.31681e-05
-0.000109439
4.7772e-05
-0.000110126
5.28598e-05
-0.000110901
5.84996e-05
-0.000111791
6.47637e-05
-0.000112844
7.17337e-05
-0.000114108
7.95087e-05
-0.000115526
-0.000117008
8.81893e-05
2.4526e-06
-9.31151e-05
4.18281e-06
-0.000113495
6.08655e-06
-0.000108085
8.14761e-06
-0.000107011
1.02685e-05
-0.000107221
1.24517e-05
-0.0001075
1.47187e-05
-0.00010781
1.70882e-05
-0.000108178
1.9579e-05
-0.00010861
2.22123e-05
-0.000109104
2.5012e-05
-0.000109662
2.80052e-05
-0.000110286
3.12231e-05
-0.000110978
3.47009e-05
-0.000111747
3.84794e-05
-0.000112604
4.26048e-05
-0.000113565
4.71301e-05
-0.000114651
5.21145e-05
-0.000115885
5.76229e-05
-0.0001173
6.37259e-05
-0.000118947
7.05083e-05
-0.00012089
7.80806e-05
-0.000123099
-0.00012548
8.65526e-05
2.42792e-06
-9.5543e-05
4.11774e-06
-0.000115185
5.98006e-06
-0.000109948
7.99017e-06
-0.000109021
1.00585e-05
-0.00010929
1.21896e-05
-0.000109632
1.44038e-05
-0.000110024
1.67192e-05
-0.000110493
1.91545e-05
-0.000111045
2.17301e-05
-0.00011168
2.44692e-05
-0.000112402
2.73974e-05
-0.000113214
3.05434e-05
-0.000114125
3.39396e-05
-0.000115143
3.76224e-05
-0.000116286
4.16326e-05
-0.000117575
4.60164e-05
-0.000119035
5.0827e-05
-0.000120696
5.61235e-05
-0.000122596
6.19715e-05
-0.000124795
6.84535e-05
-0.000127372
7.56848e-05
-0.00013033
-0.000133574
8.37787e-05
2.40389e-06
-9.79469e-05
4.04715e-06
-0.000116829
5.85268e-06
-0.000111753
7.79791e-06
-0.000110967
9.80014e-06
-0.000111292
1.18648e-05
-0.000111696
1.40104e-05
-0.000112169
1.62541e-05
-0.000112737
1.86135e-05
-0.000113404
2.11081e-05
-0.000114175
2.37594e-05
-0.000115053
2.65913e-05
-0.000116046
2.96298e-05
-0.000117163
3.2904e-05
-0.000118418
3.64456e-05
-0.000119828
4.02897e-05
-0.000121419
4.44751e-05
-0.00012322
4.90472e-05
-0.000125268
5.40562e-05
-0.000127605
5.95586e-05
-0.000130298
6.56272e-05
-0.000133441
7.23738e-05
-0.000137077
-0.00014111
7.991e-05
2.38467e-06
-0.000100332
3.96507e-06
-0.000118409
5.69746e-06
-0.000113486
7.56563e-06
-0.000112835
9.48977e-06
-0.000113216
1.14756e-05
-0.000113682
1.35395e-05
-0.000114233
1.56973e-05
-0.000114895
1.79649e-05
-0.000115672
2.03603e-05
-0.00011657
2.29029e-05
-0.000117596
2.56141e-05
-0.000118757
2.8517e-05
-0.000120066
3.1637e-05
-0.000121538
3.50009e-05
-0.000123192
3.86377e-05
-0.000125056
4.25785e-05
-0.000127161
4.68587e-05
-0.000129548
5.1517e-05
-0.000132263
5.65961e-05
-0.000135377
6.2152e-05
-0.000138997
6.82804e-05
-0.000143205
-0.000147914
7.50843e-05
2.36966e-06
-0.000102701
3.86051e-06
-0.0001199
5.50457e-06
-0.00011513
7.28499e-06
-0.000114615
9.1204e-06
-0.000115052
1.10164e-05
-0.000115578
1.2988e-05
-0.000116205
1.50489e-05
-0.000116956
1.72134e-05
-0.000117836
1.94973e-05
-0.000118854
2.19176e-05
-0.000120016
2.44926e-05
-0.000121332
2.72424e-05
-0.000122816
3.01878e-05
-0.000124483
3.33508e-05
-0.000126355
3.67539e-05
-0.000128459
4.04204e-05
-0.000130828
4.43747e-05
-0.000133503
4.86424e-05
-0.000136531
5.32489e-05
-0.000139983
5.82267e-05
-0.000143975
6.36407e-05
-0.000148619
-0.000153846
6.95727e-05
2.35484e-06
-0.000105056
3.72166e-06
-0.000121267
5.26414e-06
-0.000116673
6.94656e-06
-0.000116298
8.68247e-06
-0.000116788
1.04778e-05
-0.000117374
1.23465e-05
-0.000118074
1.43005e-05
-0.00011891
1.63525e-05
-0.000119888
1.85159e-05
-0.000121017
2.08052e-05
-0.000122305
2.32357e-05
-0.000123763
2.58235e-05
-0.000125404
2.85854e-05
-0.000127245
3.15383e-05
-0.000129308
3.46987e-05
-0.000131619
3.8082e-05
-0.000134211
4.1702e-05
-0.000137123
4.55717e-05
-0.000140401
4.96993e-05
-0.000144111
5.40902e-05
-0.000148366
5.87653e-05
-0.000153294
-0.000158852
6.37718e-05
2.33553e-06
-0.000107392
3.53899e-06
-0.00012247
4.96661e-06
-0.0001181
6.53942e-06
-0.000117871
8.16259e-06
-0.000118411
9.8437e-06
-0.000119055
1.15958e-05
-0.000119826
1.34299e-05
-0.000120744
1.53569e-05
-0.000121815
1.73885e-05
-0.000123049
1.95367e-05
-0.000124453
2.18138e-05
-0.00012604
2.42329e-05
-0.000127823
2.68069e-05
-0.000129819
2.95483e-05
-0.00013205
3.24682e-05
-0.000134539
3.55757e-05
-0.000137319
3.88763e-05
-0.000140424
4.23729e-05
-0.000143898
4.60597e-05
-0.000147798
4.99181e-05
-0.000152224
5.39219e-05
-0.000157298
-0.000163006
5.80752e-05
2.30782e-06
-0.0001097
3.30556e-06
-0.000123468
4.60247e-06
-0.000119397
6.05051e-06
-0.000119319
7.54326e-06
-0.000119904
9.09168e-06
-0.000120603
1.07082e-05
-0.000121442
1.24026e-05
-0.000122438
1.41848e-05
-0.000123598
1.60649e-05
-0.000124929
1.8053e-05
-0.000126442
2.01594e-05
-0.000128147
2.23948e-05
-0.000130058
2.47695e-05
-0.000132194
2.7293e-05
-0.000134573
2.99728e-05
-0.000137219
3.28137e-05
-0.00014016
3.58168e-05
-0.000143427
3.89786e-05
-0.000147059
4.22856e-05
-0.000151105
4.5704e-05
-0.000155642
4.91736e-05
-0.000160768
-0.00016649
5.26575e-05
2.26677e-06
-0.000111966
3.01707e-06
-0.000124218
4.1654e-06
-0.000120545
5.46919e-06
-0.000120622
6.81005e-06
-0.000121244
8.20304e-06
-0.000121996
9.6595e-06
-0.000122898
1.11882e-05
-0.000123967
1.27981e-05
-0.000125208
1.44978e-05
-0.000126629
1.62963e-05
-0.00012824
1.82026e-05
-0.000130053
2.02263e-05
-0.000132082
2.23761e-05
-0.000134344
2.466e-05
-0.000136857
2.70841e-05
-0.000139643
2.96514e-05
-0.000142727
3.23622e-05
-0.000146138
3.52107e-05
-0.000149908
3.81825e-05
-0.000154076
4.12401e-05
-0.0001587
4.43121e-05
-0.00016384
-0.000169515
4.7338e-05
2.20292e-06
-0.000114169
2.67477e-06
-0.00012469
3.65937e-06
-0.00012153
4.79752e-06
-0.000121761
5.96511e-06
-0.000122412
7.17952e-06
-0.00012321
8.45091e-06
-0.00012417
9.78677e-06
-0.000125303
1.11948e-05
-0.000126616
1.26827e-05
-0.000128117
1.42581e-05
-0.000129816
1.59294e-05
-0.000131724
1.77052e-05
-0.000133858
1.95937e-05
-0.000136232
2.16022e-05
-0.000138866
2.37367e-05
-0.000141778
2.60004e-05
-0.000144991
2.83944e-05
-0.000148532
3.0914e-05
-0.000152427
3.35479e-05
-0.00015671
3.62646e-05
-0.000161417
3.90023e-05
-0.000166577
-0.000172214
4.17007e-05
2.10005e-06
-0.000116269
2.28857e-06
-0.000124879
3.10231e-06
-0.000122344
4.05667e-06
-0.000122715
5.03489e-06
-0.00012339
6.05339e-06
-0.000124229
7.1209e-06
-0.000125237
8.24342e-06
-0.000126425
9.42715e-06
-0.000127799
1.06783e-05
-0.000129368
1.20037e-05
-0.000131141
1.34107e-05
-0.000133131
1.49069e-05
-0.000135354
1.65e-05
-0.000137826
1.81967e-05
-0.000140563
2.00027e-05
-0.000143584
2.19221e-05
-0.000146911
2.39564e-05
-0.000150566
2.61029e-05
-0.000154574
2.83544e-05
-0.000158962
3.06889e-05
-0.000163751
3.30658e-05
-0.000168954
-0.000174589
3.54409e-05
1.93427e-06
-0.000118203
1.87433e-06
-0.000124819
2.51972e-06
-0.000122989
3.2802e-06
-0.000123475
4.06198e-06
-0.000124172
4.8773e-06
-0.000125044
5.73281e-06
-0.000126093
6.63258e-06
-0.000127325
7.58099e-06
-0.000128748
8.58314e-06
-0.00013037
9.64508e-06
-0.000132203
1.07732e-05
-0.000134259
1.19739e-05
-0.000136555
1.32531e-05
-0.000139105
1.46166e-05
-0.000141926
1.60694e-05
-0.000145037
1.76151e-05
-0.000148456
1.92552e-05
-0.000152206
2.09883e-05
-0.000156307
2.28091e-05
-0.000160782
2.47043e-05
-0.000165646
2.66538e-05
-0.000170904
-0.000176567
2.86323e-05
1.67507e-06
-0.000119878
1.44787e-06
-0.000124591
1.93367e-06
-0.000123475
2.49942e-06
-0.000124041
3.08603e-06
-0.000124759
3.69946e-06
-0.000125658
4.34369e-06
-0.000126737
5.0211e-06
-0.000128002
5.7347e-06
-0.000129461
6.48894e-06
-0.000131124
7.28919e-06
-0.000133003
8.14049e-06
-0.000135111
9.04727e-06
-0.000137462
1.00137e-05
-0.000140071
1.1044e-05
-0.000142957
1.2142e-05
-0.000146135
1.33106e-05
-0.000149625
1.45503e-05
-0.000153446
1.58602e-05
-0.000157617
1.72357e-05
-0.000162158
1.8669e-05
-0.000167079
2.01538e-05
-0.000172389
-0.000178094
2.16802e-05
1.30607e-06
-0.000121185
1.02497e-06
-0.00012431
1.35899e-06
-0.000123809
1.7377e-06
-0.00012442
2.13672e-06
-0.000125158
2.55554e-06
-0.000126077
2.996e-06
-0.000127178
3.46014e-06
-0.000128466
3.95022e-06
-0.000129951
4.46906e-06
-0.000131643
5.02016e-06
-0.000133554
5.60732e-06
-0.000135698
6.23409e-06
-0.000138088
6.90318e-06
-0.00014074
7.61703e-06
-0.00014367
8.3782e-06
-0.000146896
9.18882e-06
-0.000150435
1.00489e-05
-0.000154306
1.09567e-05
-0.000158525
1.19086e-05
-0.000163109
1.29003e-05
-0.000168071
1.39292e-05
-0.000173417
-0.000179158
1.49933e-05
8.58483e-07
-0.000122043
6.16847e-07
-0.000124069
8.08569e-07
-0.000124001
1.01791e-06
-0.000124629
1.24573e-06
-0.000125386
1.48632e-06
-0.000126317
1.73988e-06
-0.000127431
2.00835e-06
-0.000128735
2.29325e-06
-0.000130236
2.59548e-06
-0.000131945
2.91627e-06
-0.000133875
3.25828e-06
-0.00013604
3.62476e-06
-0.000138455
4.01766e-06
-0.000141133
4.4375e-06
-0.00014409
4.8852e-06
-0.000147344
5.36243e-06
-0.000150913
5.86938e-06
-0.000154812
6.40387e-06
-0.000159059
6.9629e-06
-0.000163668
7.54456e-06
-0.000168653
8.14552e-06
-0.000174018
-0.000179768
8.75642e-06
3.5418e-07
2.11629e-07
2.76803e-07
3.46331e-07
4.22518e-07
5.03301e-07
5.88029e-07
6.77305e-07
7.72183e-07
8.7348e-07
9.81458e-07
1.0963e-06
1.21876e-06
1.34985e-06
1.49006e-06
1.63914e-06
1.79701e-06
1.96412e-06
2.13991e-06
2.32276e-06
2.51129e-06
2.70389e-06
2.8963e-06
1.88425e-05
5.5253e-05
-3.13443e-05
5.01868e-05
-7.2508e-05
4.11637e-05
4.25454e-05
-0.000115053
0.00011309
6.14556e-05
9.80988e-05
6.51782e-05
7.53394e-05
6.39231e-05
6.3556e-05
5.43288e-05
0.000149751
5.20333e-05
0.000158324
5.6605e-05
0.000162118
6.01286e-05
6.2518e-05
0.000163156
0.000155416
4.62064e-05
0.000163617
4.84038e-05
0.000173247
5.04986e-05
5.24712e-05
0.000183294
0.000167341
4.54125e-05
0.000169609
4.61354e-05
0.000173643
4.64646e-05
4.67504e-05
0.000179364
0.000177527
4.52196e-05
0.000178052
4.561e-05
0.000179373
4.51439e-05
4.45346e-05
0.000181589
0.000185124
5.2776e-05
0.000179522
5.12122e-05
0.000174762
4.99048e-05
4.82134e-05
0.000171083
0.00018997
6.03124e-05
0.000182286
5.88957e-05
0.000175635
5.65559e-05
5.33888e-05
0.00017046
0.000157935
5.5312e-05
0.000160392
5.64395e-05
0.000160706
5.6242e-05
5.54958e-05
0.000158599
7.94589e-05
4.01207e-05
9.37916e-05
4.21067e-05
0.000106889
4.31449e-05
4.35797e-05
0.000118805
8.90275e-05
1.93241e-05
0.000107986
2.3148e-05
0.000124939
2.61918e-05
2.73863e-05
0.000141133
6.55876e-05
1.36301e-05
7.14904e-05
1.72452e-05
7.81427e-05
1.95395e-05
2.06164e-05
8.49126e-05
2.17484e-05
5.03102e-06
3.1276e-05
7.71769e-06
4.09411e-05
9.87455e-06
1.14528e-05
5.01047e-05
3.66658e-05
-1.78394e-06
4.39906e-05
3.92932e-07
5.1426e-05
2.43923e-06
4.14617e-06
5.87327e-05
4.67924e-05
-7.37699e-06
5.26443e-05
-5.45893e-06
5.87844e-05
-3.70083e-06
-2.12176e-06
6.50523e-05
5.57192e-05
-1.23626e-05
6.09775e-05
-1.07172e-05
6.64345e-05
-9.15782e-06
-7.70427e-06
7.2017e-05
6.35847e-05
-1.69106e-05
6.83686e-05
-1.55012e-05
7.3338e-05
-1.41272e-05
-1.28185e-05
7.84522e-05
7.03057e-05
-2.12445e-05
7.48477e-05
-2.00433e-05
7.95667e-05
-1.88462e-05
-1.76844e-05
8.44326e-05
7.61503e-05
-2.5474e-05
8.05666e-05
-2.44597e-05
8.51497e-05
-2.34294e-05
-2.2411e-05
8.98763e-05
8.11215e-05
-2.96799e-05
8.55044e-05
-2.88426e-05
9.00507e-05
-2.79758e-05
-2.71016e-05
9.47412e-05
8.52808e-05
-3.39171e-05
8.96919e-05
-3.32538e-05
9.42663e-05
-3.25502e-05
-3.18267e-05
9.89914e-05
8.86177e-05
-3.82159e-05
9.30948e-05
-3.7731e-05
9.77419e-05
-3.71974e-05
-3.66401e-05
0.000102555
9.10891e-05
-4.25844e-05
9.56435e-05
-4.22854e-05
0.000100381
-4.19347e-05
-4.15663e-05
0.000105307
9.26298e-05
-4.70103e-05
9.72517e-05
-4.69073e-05
0.000102075
-4.67582e-05
-4.66047e-05
0.000107114
9.31709e-05
-5.14648e-05
9.78352e-05
-5.15716e-05
0.000102727
-5.165e-05
-5.17489e-05
0.000107871
9.26239e-05
-5.58994e-05
9.72862e-05
-5.6234e-05
0.000102208
-5.65715e-05
-5.69749e-05
0.000107434
9.08931e-05
-6.024e-05
9.5476e-05
-6.08169e-05
0.000100345
-6.14405e-05
-6.21986e-05
0.000105569
8.79326e-05
-6.4394e-05
9.23334e-05
-6.52178e-05
9.70334e-05
-6.61405e-05
-6.72772e-05
0.000102112
8.37793e-05
-6.82633e-05
8.78886e-05
-6.93271e-05
9.22939e-05
-7.05458e-05
-7.20502e-05
9.70669e-05
7.85698e-05
-7.17488e-05
8.22734e-05
-7.30308e-05
8.62459e-05
-7.45183e-05
-7.63417e-05
9.05373e-05
7.25876e-05
-7.47637e-05
7.57762e-05
-7.62193e-05
7.91695e-05
-7.79117e-05
-7.99587e-05
8.27865e-05
6.62744e-05
-7.72663e-05
6.88848e-05
-7.88298e-05
7.1603e-05
-8.06299e-05
-8.27686e-05
7.4413e-05
6.00982e-05
-7.92893e-05
6.21572e-05
-8.08887e-05
6.42209e-05
-8.26936e-05
-8.47927e-05
6.62451e-05
5.43021e-05
-8.09338e-05
5.59237e-05
-8.25103e-05
5.74727e-05
-8.42427e-05
-8.62091e-05
5.88891e-05
4.87287e-05
-8.23245e-05
5.00635e-05
-8.38451e-05
5.12903e-05
-8.54695e-05
-8.72651e-05
5.23462e-05
4.29298e-05
-8.35536e-05
4.41008e-05
-8.50161e-05
4.51725e-05
-8.65412e-05
-8.81787e-05
4.60862e-05
3.65347e-05
-8.46474e-05
3.75874e-05
-8.60688e-05
3.85769e-05
-8.75307e-05
-8.90614e-05
3.94596e-05
2.95606e-05
-8.55757e-05
3.04712e-05
-8.69793e-05
3.13569e-05
-8.84165e-05
-8.98985e-05
3.21941e-05
2.23979e-05
-8.62934e-05
2.31147e-05
-8.7696e-05
2.38304e-05
-8.91321e-05
-9.06045e-05
2.45365e-05
1.54928e-05
-8.67929e-05
1.59963e-05
-8.81995e-05
1.6504e-05
-8.96398e-05
-9.1115e-05
1.70146e-05
9.05461e-06
-8.7091e-05
9.3525e-06
-8.84973e-05
9.65279e-06
-8.994e-05
-9.14197e-05
9.9575e-06
2.98954e-06
3.08185e-06
3.17424e-06
3.26686e-06
-5.92549e-05
0.00011216
-0.000111814
-2.67786e-05
-0.000162845
0.000199392
-0.000107095
-3.84183e-05
-0.000108514
5.33646e-05
-0.000147402
0.000105848
-0.000155073
3.78359e-05
-0.000132158
-1.24376e-05
-0.000135274
1.19875e-05
-0.000132879
-9.46696e-06
-0.000120851
-3.37364e-05
-0.00010696
-4.62665e-05
-9.45812e-05
-5.22589e-05
-7.98599e-05
-6.12425e-05
-6.4251e-05
-6.65163e-05
-4.84225e-05
-6.96753e-05
-3.23178e-05
-7.1917e-05
-1.60993e-05
-7.36478e-05
-7.32794e-05
2.94338e-05
0.000137055
-9.2129e-05
9.47841e-05
-6.93622e-05
0.000176625
-0.000195588
8.78077e-05
-0.000179959
3.77352e-05
-0.00014557
7.14596e-05
-0.000147825
4.00907e-05
-0.000148748
-1.15146e-05
-0.000179639
4.28787e-05
-0.000164577
-2.45294e-05
-0.000150001
-4.83129e-05
-0.000123163
-7.31037e-05
-0.000102363
-7.3059e-05
-8.42826e-05
-7.9323e-05
-6.74661e-05
-8.33327e-05
-5.08412e-05
-8.63003e-05
-3.39674e-05
-8.87908e-05
-1.68278e-05
-9.07873e-05
-9.01072e-05
0.000153288
0.000146924
0.000107739
0.000140333
0.000126859
0.000157505
8.97404e-05
0.000124927
2.87222e-05
9.87534e-05
-1.074e-05
0.000110922
-6.89784e-05
9.83291e-05
-0.000142002
6.15089e-05
-0.000141506
4.23826e-05
-0.000147057
-1.89789e-05
-0.000171823
-2.35467e-05
-0.000153226
-9.17004e-05
-0.000122437
-0.000103848
-9.13437e-05
-0.000110417
-6.99687e-05
-0.000104708
-5.32578e-05
-0.000103011
-3.56756e-05
-0.000106373
-1.7761e-05
-0.000108702
-0.000107868
0.000199299
0.000130918
0.000204506
0.000135126
0.000223112
0.000138898
0.000216904
0.000131135
0.000195425
0.000120233
0.000185129
0.000121218
0.000168844
0.000114614
0.000131127
9.9226e-05
8.12736e-05
9.22362e-05
-2.62694e-05
8.8564e-05
-0.000102225
5.24085e-05
-0.000117592
-7.6333e-05
-0.00014503
-7.64099e-05
-0.00011786
-0.000137587
-7.42664e-05
-0.000148302
-5.45283e-05
-0.000122749
-3.77624e-05
-0.000123139
-1.88357e-05
-0.000127629
-0.000126704
0.000196149
0.000114133
0.000214681
0.000116595
0.000233469
0.00012011
0.000245482
0.000119122
0.000251528
0.000114187
0.000258656
0.00011409
0.000257191
0.000116078
0.000240223
0.000116194
0.000216831
0.000115629
0.000194355
0.00011104
0.000153199
9.35645e-05
7.81837e-07
7.60836e-05
-9.65101e-05
2.0882e-05
-0.000129484
-0.000104613
-9.66601e-05
-0.000181126
-5.71637e-05
-0.000162246
-3.95098e-05
-0.000140793
-2.00492e-05
-0.000147089
-0.000146753
0.000190644
0.000105077
0.000201769
0.00010547
0.000214076
0.000107803
0.00022668
0.000106518
0.000241031
9.98347e-05
0.000257058
9.80641e-05
0.000268713
0.000104423
0.000270579
0.000114327
0.000267629
0.000118579
0.000260731
0.000117938
0.000235371
0.000118925
0.000198477
0.000112977
0.000128455
9.09046e-05
-2.13845e-05
4.52265e-05
-9.84441e-05
-0.000104066
-8.35427e-05
-0.000177147
-4.69375e-05
-0.000177398
-2.18346e-05
-0.000172192
-0.000168587
0.000176986
9.91746e-05
0.000189422
9.30336e-05
0.00019969
9.75352e-05
0.000209506
9.67023e-05
0.000223085
8.62555e-05
0.000239754
8.1395e-05
0.000254143
9.00345e-05
0.000261443
0.000107027
0.000267219
0.000112803
0.000272184
0.000112973
0.000262747
0.000128363
0.000242539
0.000133185
0.000206488
0.000126956
0.000143793
0.000107922
-1.66905e-05
5.64173e-05
-0.000100332
-9.35054e-05
-7.79615e-05
-0.000199768
-2.67891e-05
-0.000223364
-0.000195377
0.000156732
0.000112903
0.00014849
0.000101276
0.000145478
0.000100547
0.000145916
9.6264e-05
0.000161643
7.05291e-05
0.00018755
5.54878e-05
0.000213965
6.36197e-05
0.000234358
8.66332e-05
0.000252425
9.47362e-05
0.000267311
9.80868e-05
0.000257218
0.000138456
0.000248155
0.000142248
0.000234425
0.000140686
0.000202546
0.0001398
0.000138989
0.000119974
-5.07704e-06
5.05611e-05
-0.000103719
-0.000101126
-4.52326e-05
-0.00028185
-0.000240609
0.000146147
0.000125355
0.000142292
0.00010513
0.000163084
7.97549e-05
0.000208735
5.06131e-05
0.000256834
2.24299e-05
0.000288029
2.42933e-05
0.000302379
4.92692e-05
0.000303701
8.53115e-05
0.000278139
0.000120299
0.000245425
0.000130801
0.000221097
0.000162784
0.000214943
0.000148401
0.000221906
0.000133723
0.000224163
0.000137544
0.000199708
0.000144429
0.000138007
0.000112262
1.04866e-05
2.63935e-05
-6.10746e-05
-0.000210289
-0.000301684
0.000151138
9.30213e-05
0.000194694
6.15746e-05
0.000231199
4.32499e-05
0.000246847
3.49654e-05
0.000238276
3.10001e-05
0.000219376
4.31935e-05
0.000212171
5.64741e-05
0.000219545
7.7938e-05
0.000218549
0.000121294
0.000185481
0.00016387
0.000159165
0.000189099
0.000131161
0.000176405
0.000136893
0.000127991
0.000203116
7.13203e-05
0.000211809
0.000135736
0.000186698
0.000137373
0.000122704
9.03867e-05
-2.34811e-05
-6.41026e-05
-0.000325165
0.000174522
5.96326e-05
0.000185512
5.05842e-05
0.000172601
5.61606e-05
0.000149852
5.7715e-05
0.000129298
5.15536e-05
0.000122733
4.97592e-05
0.000129839
4.93674e-05
0.000148824
5.89534e-05
0.000176088
9.40293e-05
0.000186826
0.000153132
0.000165283
0.000210642
0.00010752
0.000234168
6.20627e-05
0.000173448
0.000145771
-1.23884e-05
0.000191685
8.98228e-05
0.000189959
0.000139099
0.000164515
0.000115831
3.16507e-05
6.87614e-05
-0.000293515
9.62272e-05
4.83181e-05
9.75187e-05
4.92928e-05
0.000100275
5.34043e-05
0.000105777
5.22133e-05
0.000110186
4.71443e-05
0.000116537
4.3408e-05
0.000123338
4.25669e-05
0.000133343
4.89481e-05
0.000155493
7.18798e-05
0.000189395
0.00011923
0.000216336
0.000183701
0.000211562
0.000238942
0.000170951
0.000214059
0.000116407
4.21552e-05
0.000166865
3.93646e-05
0.000174433
0.000131532
0.000164803
0.000125461
0.000117668
0.000115897
-0.000175847
6.75758e-05
3.08472e-05
8.20664e-05
3.48023e-05
9.65043e-05
3.89664e-05
0.000108528
4.01898e-05
0.000118359
3.73134e-05
0.000128546
3.32208e-05
0.000139257
3.1856e-05
0.000149739
3.84656e-05
0.000164063
5.75564e-05
0.000189733
9.35603e-05
0.000225817
0.000147617
0.000254235
0.000210525
0.000233644
0.000234649
0.000128168
0.000147631
0.000134495
3.30373e-05
0.000150406
0.000115621
0.000148231
0.000127636
0.000122204
0.000141924
-5.36432e-05
7.46325e-05
1.49475e-05
8.86535e-05
2.07813e-05
0.00010144
2.61797e-05
0.000112881
2.87495e-05
0.000123796
2.6398e-05
0.000136076
2.09408e-05
0.000150043
1.78893e-05
0.000164549
2.39591e-05
0.000179257
4.28489e-05
0.000197117
7.56997e-05
0.000221372
0.000123362
0.000247269
0.000184627
0.000244618
0.000237301
0.000175817
0.000216432
0.000112773
9.60815e-05
0.000130621
9.77726e-05
0.000129987
0.00012827
0.00010758
0.000164331
5.39364e-05
7.9474e-05
5.25944e-07
9.29592e-05
7.2962e-06
0.000105733
1.34062e-05
0.000117997
1.64857e-05
0.000130616
1.37782e-05
0.00014478
6.77713e-06
0.000160186
2.48294e-06
0.000175107
9.03877e-06
0.000188344
2.96115e-05
0.000201242
6.28024e-05
0.000216213
0.000108391
0.000233564
0.000167277
0.000239662
0.000231203
0.000199823
0.000256271
0.000122311
0.000173594
0.000120591
9.94922e-05
0.000117783
0.000131078
9.39279e-05
0.000188187
0.000147864
8.51857e-05
-1.26427e-05
9.81358e-05
-5.65388e-06
0.000110882
6.60369e-07
0.000123694
3.67301e-06
0.000137334
1.38351e-07
0.000152416
-8.30473e-06
0.00016806
-1.31608e-05
0.000182085
-4.98634e-06
0.000192764
1.89324e-05
0.000200948
5.46187e-05
0.000209826
9.95125e-05
0.000221491
0.000155612
0.000231514
0.00022118
0.00021355
0.000274234
0.000141037
0.000246107
0.00011583
0.0001247
0.00011431
0.000132598
9.26571e-05
0.00020984
0.000240521
9.0754e-05
-2.49445e-05
0.0001033
-1.81996e-05
0.000116115
-1.21546e-05
0.00012934
-9.55215e-06
0.000143476
-1.3998e-05
0.000158719
-2.35469e-05
0.00017369
-2.81322e-05
0.000186064
-1.73606e-05
0.000194556
1.04409e-05
0.000199867
4.93078e-05
0.000204974
9.44054e-05
0.000212627
0.000147959
0.000222376
0.00021143
0.000217734
0.000278876
0.000171463
0.000292378
0.000117089
0.000179074
0.000124452
0.000125235
0.000108431
0.000225862
0.000348952
9.62276e-05
-3.67395e-05
0.000108569
-3.05411e-05
0.000121477
-2.50626e-05
0.000134794
-2.28686e-05
0.000148709
-2.79133e-05
0.000163242
-3.80803e-05
0.000176696
-4.15855e-05
0.000186598
-2.72631e-05
0.000192901
4.13799e-06
0.00019753
4.46786e-05
0.000202247
8.96885e-05
0.000208003
0.000142203
0.00021476
0.000204673
0.000215252
0.000278384
0.000199814
0.000307816
0.000141603
0.000237285
0.000149496
0.000117342
0.000131512
0.000243845
0.000480464
0.000101434
-4.82975e-05
0.000113768
-4.28746e-05
0.000126785
-3.80801e-05
0.000139951
-3.60343e-05
0.000153148
-4.11101e-05
0.00016639
-5.13223e-05
0.000177831
-5.30269e-05
0.000184662
-3.4094e-05
0.000187517
1.28325e-06
0.00019106
4.11348e-05
0.0001972
8.35483e-05
0.000203443
0.000135961
0.000206913
0.000201202
0.000205528
0.00027977
0.000211621
0.000301723
0.000194725
0.000254181
0.000193472
0.000118594
0.000167976
0.000269341
0.00064844
0.000106302
-5.98584e-05
0.000118797
-5.53697e-05
0.000131998
-5.12809e-05
0.000145129
-4.91652e-05
0.000157778
-5.37588e-05
0.00016982
-6.33645e-05
0.000179463
-6.26698e-05
0.000183557
-3.81884e-05
0.000182451
2.3891e-06
0.000183082
4.05035e-05
0.000188029
7.86018e-05
0.00019412
0.00012987
0.000196589
0.000198732
0.000200327
0.000276032
0.000226314
0.000275735
0.000254977
0.000225519
0.000260201
0.00011337
0.000212285
0.000317258
0.000860725
0.000110724
-7.15912e-05
0.000123485
-6.8131e-05
0.000137019
-6.48142e-05
0.000150535
-6.26812e-05
0.000163449
-6.66734e-05
0.000175317
-7.52323e-05
0.000184569
-7.19215e-05
0.000187873
-4.14932e-05
0.000184612
5.65054e-06
0.000180838
4.42775e-05
0.000179911
7.95282e-05
0.000180176
0.000129605
0.000186786
0.000192123
0.000221548
0.00024127
0.000291733
0.000205551
0.000332607
0.000184644
0.000355842
9.01349e-05
0.000247525
0.000425575
0.00110825
0.000114593
-8.36286e-05
0.000127773
-8.1311e-05
0.00014188
-7.89218e-05
0.00015624
-7.70405e-05
0.000170413
-8.08465e-05
0.00018352
-8.834e-05
0.000194405
-8.28059e-05
0.000199954
-4.70425e-05
0.000198065
7.54018e-06
0.000191577
5.07653e-05
0.000182055
8.90494e-05
0.000172123
0.000139538
0.000190432
0.000173814
0.000268258
0.000163444
0.000327856
0.000145952
0.000349015
0.000163485
0.000379418
5.97324e-05
0.000156852
0.000648142
0.0012651
0.000117763
-9.60847e-05
0.000131591
-9.51389e-05
0.000146522
-9.38525e-05
0.000162149
-9.26675e-05
0.000178542
-9.724e-05
0.000193866
-0.000103664
0.000206916
-9.58554e-05
0.000216711
-5.68376e-05
0.000219753
4.4979e-06
0.000215856
5.46621e-05
0.000203256
0.00010165
0.000195462
0.000147332
0.000233563
0.000135712
0.000309079
8.79271e-05
0.000304651
0.00015038
0.000307949
0.000160187
0.000219311
0.00014837
-9.0887e-05
0.00095834
0.00117421
0.000120049
-0.00010902
0.000134595
-0.000109685
0.000150474
-0.000109731
0.000167633
-0.000109827
0.000186735
-0.000116342
0.0002049
-0.000121829
0.000218764
-0.000109719
0.000230324
-6.83977e-05
0.00024005
-5.22778e-06
0.000245931
4.87809e-05
0.000246947
0.000100633
0.000273853
0.000120427
0.000334268
7.52972e-05
0.000313099
0.000109096
0.00028118
0.0001823
0.00026606
0.000175308
9.23743e-05
0.000322055
-0.000206017
0.00125673
0.000968198
0.000121306
-0.000122455
0.000136451
-0.00012483
0.000153397
-0.000126678
0.000172064
-0.000128493
0.000193501
-0.000137779
0.000215561
-0.00014389
0.000230514
-0.000124672
0.000240578
-7.84619e-05
0.000253124
-1.7773e-05
0.000274871
2.70332e-05
0.000322156
5.3348e-05
0.000392694
4.98894e-05
0.00037179
9.62011e-05
0.000291616
0.00018927
0.000264695
0.000209221
0.000234326
0.000205676
3.58364e-05
0.000520545
-0.000163987
0.00145655
0.000804211
0.000121284
-0.000136305
0.000136955
-0.000140501
0.000155183
-0.000144906
0.0001755
-0.000148809
0.000199212
-0.000161491
0.000226051
-0.000170729
0.000245704
-0.000144325
0.000260165
-9.29228e-05
0.000285062
-4.26705e-05
0.000343948
-3.18526e-05
0.000412866
-1.55693e-05
0.000381892
8.08627e-05
0.000299952
0.000178141
0.000268738
0.000220484
0.000262995
0.000214964
0.000217054
0.000251617
-6.7784e-06
0.000744377
-0.00020474
0.00165452
0.000599471
0.000119507
-0.000150243
0.000135571
-0.000156565
0.000154857
-0.000164192
0.000177102
-0.000171054
0.000204088
-0.000188477
0.000235005
-0.000201646
0.000260779
-0.000170098
0.00028903
-0.000121174
0.000341688
-9.53281e-05
0.000383644
-7.38084e-05
0.000320068
4.80063e-05
0.000255771
0.00014516
0.000236843
0.00019707
0.00024342
0.000213907
0.000261941
0.000196444
0.000181291
0.000332267
-7.34173e-05
0.000999086
-0.000171091
0.00175219
0.00042838
0.000115624
-0.000163756
0.000131562
-0.000172503
0.000150776
-0.000183406
0.000174319
-0.000194597
0.000204755
-0.000218914
0.000239608
-0.000236499
0.000268576
-0.000199066
0.000302717
-0.000155315
0.000349461
-0.000142072
0.000277375
-1.72213e-06
0.000201258
0.000124123
0.000185314
0.000161104
0.000198113
0.000184271
0.000217214
0.000194806
0.000220788
0.000192869
0.000113539
0.000439515
-0.000140164
0.00125279
-0.000114069
0.00172609
0.000314311
0.000109674
-0.000176363
0.000124736
-0.000187565
0.00014255
-0.000201219
0.000165812
-0.000217859
0.000196722
-0.000249824
0.000235677
-0.000275455
0.000271529
-0.000234917
0.000321858
-0.000205644
0.000278753
-9.89672e-05
0.000164617
0.000112414
0.000133888
0.000154852
0.000159422
0.00013557
0.000199407
0.000144287
0.000236693
0.000157519
0.000241847
0.000187716
8.0812e-05
0.00060055
-0.00013896
0.00147256
-8.98375e-05
0.00167697
0.000224474
0.000101772
-0.000187597
0.000115187
-0.000200981
0.000130978
-0.000217011
0.000152802
-0.000239683
0.000179174
-0.000276195
0.00021442
-0.000310701
0.000254131
-0.000274628
0.000289615
-0.000241128
0.000172889
1.77586e-05
0.000114759
0.000170544
0.000102475
0.000167135
0.000162931
7.51135e-05
0.000238316
6.89018e-05
0.000266544
0.000129292
0.000191138
0.000263122
1.85131e-05
0.000773175
-0.000116226
0.0016073
-6.80982e-05
0.00162884
0.000156376
9.20439e-05
-0.000196855
0.000102822
-0.000211759
0.000115829
-0.000230018
0.000134544
-0.000258397
0.000156344
-0.000297996
0.000187354
-0.000341711
0.000207446
-0.00029472
0.000193503
-0.000227185
0.000160046
5.1216e-05
0.000142603
0.000187986
0.000154618
0.00015512
0.000235099
-5.36731e-06
0.000259512
4.44887e-05
0.00022602
0.000162784
0.000121557
0.000367584
-1.47216e-05
0.000909454
-7.65606e-05
0.00166914
-2.77783e-05
0.00158006
0.000128598
8.121e-05
-0.000203652
8.84481e-05
-0.000218997
9.69241e-05
-0.000238494
0.000108045
-0.000269518
0.000123129
-0.000313079
0.000155499
-0.000374081
0.000193386
-0.000332607
0.000139955
-0.000173755
0.000171757
1.94145e-05
0.00015786
0.000201883
0.000103158
0.000209822
0.000117584
-1.97926e-05
0.000162952
-8.80094e-07
0.000145627
0.000180109
7.06152e-05
0.000442596
-2.00639e-05
0.00100013
-2.8764e-05
0.00167784
1.2953e-05
0.00153834
0.000141551
7.06274e-05
-0.000208034
7.43555e-05
-0.000222725
7.76318e-05
-0.00024177
7.89675e-05
-0.000270854
8.12218e-05
-0.000315334
8.98154e-05
-0.000382675
9.75295e-05
-0.000340321
0.000125244
-0.000201469
0.000147911
-3.25308e-06
0.000129764
0.000220031
6.45549e-05
0.00027503
4.09105e-05
3.85172e-06
7.81572e-05
-3.81269e-05
7.10718e-05
0.000187194
3.34364e-05
0.000480232
-1.31434e-05
0.00104671
1.32173e-05
0.00165148
4.48238e-05
0.00150674
0.000186374
6.14653e-05
-0.00021061
6.27019e-05
-0.000223961
6.21096e-05
-0.000241178
5.71262e-05
-0.00026587
5.04335e-05
-0.000308641
3.64366e-05
-0.000368678
6.35013e-06
-0.000310234
1.0652e-05
-0.000205771
0.000115869
-0.00010847
0.00012707
0.00020883
9.39936e-05
0.000308106
-1.13279e-05
0.000109173
-8.15858e-06
-4.12961e-05
-7.21333e-07
0.000179757
-1.61341e-05
0.000495645
-2.2389e-05
0.00105297
2.90232e-05
0.00160007
6.53462e-05
0.00147041
0.00025172
5.39801e-05
-0.000212244
5.40231e-05
-0.000224004
5.14604e-05
-0.000238615
4.43153e-05
-0.000258725
3.40064e-05
-0.000298332
2.41814e-05
-0.000358853
6.93317e-05
-0.000355385
0.000104088
-0.000240527
0.000128943
-0.000133325
0.000143131
0.000194642
0.000112205
0.000339032
-4.87013e-05
0.000270079
-8.12717e-05
-8.72559e-06
-6.70283e-05
0.000165514
-7.33135e-05
0.00050193
-4.99618e-05
0.00102962
2.20834e-05
0.00152802
7.1379e-05
0.00142112
0.000323099
4.75336e-05
-0.000213691
4.74833e-05
-0.000223954
4.46822e-05
-0.000235814
3.72196e-05
-0.000251263
2.15626e-05
-0.000282675
4.24995e-06
-0.000341541
2.9647e-05
-0.000380782
8.11139e-05
-0.000291994
8.52566e-05
-0.000137468
0.000138518
0.000141381
0.000133682
0.000343868
3.3258e-05
0.000370503
-8.0344e-05
0.000104877
-0.000104228
0.000189397
-0.000117582
0.000515284
-7.715e-05
0.000989185
1.13769e-05
0.00143949
7.39109e-05
0.00135859
0.00039701
4.11176e-05
-0.000215349
4.17144e-05
-0.000224551
4.02492e-05
-0.000234348
3.47121e-05
-0.000245726
1.8011e-05
-0.000265974
-9.47426e-06
-0.000314056
-2.28423e-05
-0.000367414
3.60811e-06
-0.000318445
5.41268e-05
-0.000187986
0.000132745
6.27628e-05
0.000146342
0.000330271
0.000104308
0.000412537
-6.13119e-05
0.000270497
-0.00011369
0.000241776
-0.000136725
0.000538319
-9.08719e-05
0.000943331
7.0307e-06
0.00134159
7.61949e-05
0.00128942
0.000473205
3.40208e-05
-0.000217176
3.53786e-05
-0.000225908
3.58082e-05
-0.000234778
3.40443e-05
-0.000243962
2.36573e-05
-0.000255587
-4.22777e-06
-0.000286171
-4.1228e-05
-0.000330414
-4.14093e-05
-0.000318264
-2.10961e-06
-0.000227286
0.000117006
-5.63523e-05
0.000151553
0.000295724
0.000126938
0.000437152
-1.33973e-05
0.000410832
-0.000102402
0.000330781
-0.000131461
0.000567378
-8.95056e-05
0.000901375
8.92805e-06
0.00124316
7.62823e-05
0.00122207
0.000549487
2.62419e-05
-0.000218881
2.7909e-05
-0.000227576
2.95375e-05
-0.000236406
3.08838e-05
-0.000245308
2.93662e-05
-0.000254069
1.38656e-05
-0.00027067
-1.28541e-05
-0.000303694
-5.54597e-07
-0.000330563
4.33148e-05
-0.000271155
0.000123093
-0.000136131
0.000156647
0.00026217
0.000145492
0.000448307
6.77589e-05
0.000488565
-6.4964e-05
0.000463504
-0.000105475
0.000607889
-7.90982e-05
0.000874998
1.21581e-05
0.0011519
7.2777e-05
0.00116145
0.000622264
1.82955e-05
-0.000220162
1.96803e-05
-0.00022896
2.13383e-05
-0.000238064
2.34536e-05
-0.000247423
2.59201e-05
-0.000256536
2.22472e-05
-0.000266997
4.65518e-06
-0.000286102
-1.01083e-05
-0.0003158
1.18012e-05
-0.000293065
0.000110157
-0.000234487
0.000157932
0.000214395
0.000156034
0.000450205
9.64056e-05
0.000548193
-2.78354e-05
0.000587745
-7.41667e-05
0.00065422
-7.15504e-05
0.000872382
1.10844e-05
0.00106927
6.42839e-05
0.00110825
0.000686548
1.06778e-05
-0.000220882
1.14592e-05
-0.000229742
1.24246e-05
-0.00023903
1.37788e-05
-0.000248777
1.60825e-05
-0.00025884
1.80965e-05
-0.000269011
1.25041e-05
-0.00028051
-1.81436e-05
-0.000285152
-3.68472e-05
-0.000274361
1.02574e-05
-0.000281591
0.000150627
7.40257e-05
0.000163941
0.000436891
5.15487e-05
0.000660586
-6.09158e-05
0.000700209
-6.08669e-05
0.000654172
-6.49287e-05
0.000876444
7.87077e-06
0.000996468
5.7226e-05
0.00105889
0.000743774
3.47762e-06
3.69056e-06
3.93026e-06
4.2534e-06
4.95305e-06
6.79582e-06
1.05084e-05
1.70525e-05
6.22822e-05
0.000166185
0.000428781
0.000256607
-9.37836e-06
-0.000360277
-0.000180137
-5.9803e-05
-4.83182e-06
3.86635e-05
)
;

boundaryField
{
    leftWall
    {
        type            calculated;
        value           uniform 0;
    }
    rightWall
    {
        type            calculated;
        value           uniform 0;
    }
    lowerWall
    {
        type            calculated;
        value           uniform 0;
    }
    atmosphere
    {
        type            calculated;
        value           nonuniform List<scalar> 
46
(
-0.000122397
-0.000123926
-0.000124066
-0.000124699
-0.000125462
-0.000126398
-0.000127516
-0.000128824
-0.000130331
-0.000132047
-0.000133983
-0.000136155
-0.000138577
-0.000141264
-0.00014423
-0.000147493
-0.00015107
-0.00015498
-0.000159235
-0.000163851
-0.000168841
-0.000174211
-0.000179961
-8.71842e-05
-8.85896e-05
-9.00324e-05
-9.15123e-05
-0.000221093
-0.000229955
-0.000239269
-0.000249101
-0.000259539
-0.000270854
-0.000284222
-0.000291696
-0.000319591
-0.000385494
-0.00018857
0.000609065
0.000926571
0.00105111
0.000474032
0.000756109
0.000941497
0.0010154
0.000782438
)
;
    }
    defaultFaces
    {
        type            empty;
        value           nonuniform 0();
    }
}


// ************************************************************************* //
