/*--------------------------------*- C++ -*----------------------------------*\
| =========                 |                                                 |
| \\      /  F ield         | OpenFOAM: The Open Source CFD Toolbox           |
|  \\    /   O peration     | Version:  5.x                                   |
|   \\  /    A nd           | Web:      www.OpenFOAM.org                      |
|    \\/     M anipulation  |                                                 |
\*---------------------------------------------------------------------------*/
FoamFile
{
    version     2.0;
    format      ascii;
    class       volScalarField;
    location    "0.15";
    object      p;
}
// * * * * * * * * * * * * * * * * * * * * * * * * * * * * * * * * * * * * * //

dimensions      [1 -1 -2 0 0 0 0];

internalField   nonuniform List<scalar> 
8000
(
-0.243131
-0.24313
-0.24313
-0.243131
-0.243131
-0.243131
-0.243131
-0.243131
-0.243131
-0.243131
-0.243131
-0.243131
-0.243131
-0.243131
-0.243131
-0.243131
-0.243131
-0.243131
-0.243131
-0.243131
-0.729392
-0.729392
-0.729392
-0.729392
-0.729392
-0.729392
-0.729392
-0.729392
-0.729392
-0.729392
-0.729392
-0.729392
-0.729392
-0.729392
-0.729392
-0.729392
-0.729392
-0.729392
-0.729392
-0.729393
-1.21565
-1.21565
-1.21565
-1.21565
-1.21565
-1.21565
-1.21565
-1.21565
-1.21565
-1.21565
-1.21565
-1.21565
-1.21565
-1.21565
-1.21565
-1.21565
-1.21565
-1.21565
-1.21565
-1.21565
-1.70191
-1.70191
-1.70191
-1.70191
-1.70191
-1.70191
-1.70192
-1.70192
-1.70192
-1.70192
-1.70192
-1.70192
-1.70192
-1.70192
-1.70192
-1.70192
-1.70192
-1.70192
-1.70192
-1.70192
-2.18818
-2.18818
-2.18818
-2.18818
-2.18818
-2.18818
-2.18818
-2.18818
-2.18818
-2.18818
-2.18818
-2.18818
-2.18818
-2.18818
-2.18818
-2.18818
-2.18818
-2.18818
-2.18818
-2.18818
-2.67444
-2.67444
-2.67444
-2.67444
-2.67444
-2.67444
-2.67444
-2.67444
-2.67444
-2.67444
-2.67444
-2.67444
-2.67444
-2.67444
-2.67444
-2.67444
-2.67444
-2.67444
-2.67444
-2.67444
-3.1607
-3.1607
-3.1607
-3.1607
-3.1607
-3.1607
-3.1607
-3.1607
-3.1607
-3.1607
-3.1607
-3.1607
-3.1607
-3.1607
-3.1607
-3.1607
-3.1607
-3.1607
-3.1607
-3.1607
-3.64696
-3.64696
-3.64696
-3.64696
-3.64696
-3.64696
-3.64696
-3.64696
-3.64696
-3.64696
-3.64696
-3.64696
-3.64696
-3.64696
-3.64696
-3.64696
-3.64696
-3.64696
-3.64696
-3.64696
-4.13322
-4.13322
-4.13322
-4.13322
-4.13322
-4.13322
-4.13322
-4.13322
-4.13322
-4.13322
-4.13322
-4.13322
-4.13322
-4.13322
-4.13322
-4.13322
-4.13323
-4.13323
-4.13323
-4.13323
-4.61948
-4.61948
-4.61948
-4.61948
-4.61948
-4.61948
-4.61948
-4.61948
-4.61948
-4.61949
-4.61949
-4.61949
-4.61949
-4.61949
-4.61949
-4.61949
-4.61949
-4.61949
-4.61949
-4.61949
-5.10575
-5.10575
-5.10575
-5.10575
-5.10575
-5.10575
-5.10575
-5.10575
-5.10575
-5.10575
-5.10575
-5.10575
-5.10575
-5.10575
-5.10575
-5.10575
-5.10575
-5.10575
-5.10575
-5.10575
-5.59201
-5.59201
-5.59201
-5.59201
-5.59201
-5.59201
-5.59201
-5.59201
-5.59201
-5.59201
-5.59201
-5.59201
-5.59201
-5.59201
-5.59201
-5.59201
-5.59201
-5.59201
-5.59201
-5.59201
-6.07827
-6.07827
-6.07827
-6.07827
-6.07827
-6.07827
-6.07827
-6.07827
-6.07827
-6.07827
-6.07827
-6.07827
-6.07827
-6.07827
-6.07827
-6.07827
-6.07827
-6.07827
-6.07827
-6.07827
-6.56453
-6.56453
-6.56453
-6.56453
-6.56453
-6.56453
-6.56453
-6.56453
-6.56453
-6.56453
-6.56453
-6.56453
-6.56453
-6.56453
-6.56453
-6.56453
-6.56453
-6.56453
-6.56453
-6.56453
-7.05079
-7.05079
-7.05079
-7.05079
-7.05079
-7.05079
-7.05079
-7.05079
-7.05079
-7.05079
-7.05079
-7.05079
-7.05079
-7.05079
-7.05079
-7.05079
-7.05079
-7.05079
-7.05079
-7.05079
-7.53705
-7.53706
-7.53706
-7.53706
-7.53706
-7.53706
-7.53706
-7.53706
-7.53706
-7.53706
-7.53706
-7.53706
-7.53706
-7.53706
-7.53706
-7.53706
-7.53706
-7.53706
-7.53706
-7.53706
-8.02332
-8.02332
-8.02332
-8.02332
-8.02332
-8.02332
-8.02332
-8.02332
-8.02332
-8.02332
-8.02332
-8.02332
-8.02332
-8.02332
-8.02332
-8.02332
-8.02332
-8.02332
-8.02332
-8.02332
-8.50958
-8.50958
-8.50958
-8.50958
-8.50958
-8.50958
-8.50958
-8.50958
-8.50958
-8.50958
-8.50958
-8.50958
-8.50958
-8.50958
-8.50958
-8.50958
-8.50958
-8.50958
-8.50958
-8.50958
-8.99584
-8.99584
-8.99584
-8.99584
-8.99584
-8.99584
-8.99584
-8.99584
-8.99584
-8.99584
-8.99584
-8.99584
-8.99584
-8.99584
-8.99584
-8.99584
-8.99584
-8.99584
-8.99584
-8.99584
-9.4821
-9.4821
-9.4821
-9.4821
-9.4821
-9.4821
-9.4821
-9.4821
-9.4821
-9.4821
-9.4821
-9.4821
-9.4821
-9.4821
-9.4821
-9.4821
-9.4821
-9.4821
-9.4821
-9.4821
-9.96836
-9.96836
-9.96836
-9.96836
-9.96836
-9.96836
-9.96836
-9.96836
-9.96836
-9.96836
-9.96836
-9.96836
-9.96836
-9.96836
-9.96836
-9.96836
-9.96836
-9.96836
-9.96836
-9.96836
-10.4546
-10.4546
-10.4546
-10.4546
-10.4546
-10.4546
-10.4546
-10.4546
-10.4546
-10.4546
-10.4546
-10.4546
-10.4546
-10.4546
-10.4546
-10.4546
-10.4546
-10.4546
-10.4546
-10.4546
-10.9409
-10.9409
-10.9409
-10.9409
-10.9409
-10.9409
-10.9409
-10.9409
-10.9409
-10.9409
-10.9409
-10.9409
-10.9409
-10.9409
-10.9409
-10.9409
-10.9409
-10.9409
-10.9409
-10.9409
-11.4272
-11.4272
-11.4272
-11.4272
-11.4272
-11.4271
-11.4271
-11.4271
-11.4271
-11.4271
-11.4271
-11.4271
-11.4271
-11.4271
-11.4271
-11.4271
-11.4271
-11.4271
-11.4271
-11.4271
-11.9134
-11.9134
-11.9134
-11.9134
-11.9134
-11.9134
-11.9134
-11.9134
-11.9134
-11.9134
-11.9134
-11.9134
-11.9134
-11.9134
-11.9134
-11.9134
-11.9134
-11.9134
-11.9134
-11.9134
-12.3997
-12.3997
-12.3997
-12.3997
-12.3997
-12.3997
-12.3997
-12.3997
-12.3997
-12.3997
-12.3997
-12.3997
-12.3997
-12.3997
-12.3997
-12.3997
-12.3997
-12.3997
-12.3997
-12.3997
-12.8859
-12.8859
-12.8859
-12.8859
-12.8859
-12.8859
-12.8859
-12.8859
-12.8859
-12.8859
-12.8859
-12.8859
-12.8859
-12.8859
-12.8859
-12.8859
-12.8859
-12.8859
-12.8859
-12.8859
-13.3722
-13.3722
-13.3722
-13.3722
-13.3722
-13.3722
-13.3722
-13.3722
-13.3722
-13.3722
-13.3722
-13.3722
-13.3722
-13.3722
-13.3722
-13.3722
-13.3722
-13.3722
-13.3722
-13.3722
-13.8585
-13.8585
-13.8585
-13.8585
-13.8585
-13.8585
-13.8585
-13.8585
-13.8585
-13.8585
-13.8585
-13.8585
-13.8585
-13.8585
-13.8585
-13.8585
-13.8585
-13.8585
-13.8585
-13.8585
-14.3447
-14.3447
-14.3447
-14.3447
-14.3447
-14.3447
-14.3447
-14.3447
-14.3447
-14.3447
-14.3447
-14.3447
-14.3447
-14.3447
-14.3447
-14.3447
-14.3447
-14.3447
-14.3447
-14.3447
-14.831
-14.831
-14.831
-14.831
-14.831
-14.831
-14.831
-14.831
-14.831
-14.831
-14.831
-14.831
-14.831
-14.831
-14.831
-14.831
-14.831
-14.831
-14.831
-14.831
-15.3172
-15.3172
-15.3172
-15.3172
-15.3172
-15.3172
-15.3172
-15.3172
-15.3172
-15.3172
-15.3172
-15.3172
-15.3172
-15.3172
-15.3172
-15.3172
-15.3172
-15.3172
-15.3172
-15.3172
-15.8035
-15.8035
-15.8035
-15.8035
-15.8035
-15.8035
-15.8035
-15.8035
-15.8035
-15.8035
-15.8035
-15.8035
-15.8035
-15.8035
-15.8035
-15.8035
-15.8035
-15.8035
-15.8035
-15.8035
-16.2898
-16.2898
-16.2898
-16.2898
-16.2898
-16.2898
-16.2898
-16.2898
-16.2898
-16.2898
-16.2898
-16.2898
-16.2898
-16.2898
-16.2898
-16.2898
-16.2898
-16.2898
-16.2898
-16.2898
-16.776
-16.776
-16.776
-16.776
-16.776
-16.776
-16.776
-16.776
-16.776
-16.776
-16.776
-16.776
-16.776
-16.776
-16.776
-16.776
-16.776
-16.776
-16.776
-16.776
-17.2623
-17.2623
-17.2623
-17.2623
-17.2623
-17.2623
-17.2623
-17.2623
-17.2623
-17.2623
-17.2623
-17.2623
-17.2623
-17.2623
-17.2623
-17.2623
-17.2623
-17.2623
-17.2623
-17.2623
-17.7486
-17.7486
-17.7486
-17.7486
-17.7486
-17.7486
-17.7486
-17.7486
-17.7486
-17.7486
-17.7486
-17.7486
-17.7486
-17.7486
-17.7486
-17.7486
-17.7486
-17.7486
-17.7486
-17.7486
-18.2348
-18.2348
-18.2348
-18.2348
-18.2348
-18.2348
-18.2348
-18.2348
-18.2348
-18.2348
-18.2348
-18.2348
-18.2348
-18.2348
-18.2348
-18.2348
-18.2348
-18.2348
-18.2348
-18.2348
-18.7211
-18.7211
-18.7211
-18.7211
-18.7211
-18.7211
-18.7211
-18.7211
-18.7211
-18.7211
-18.7211
-18.7211
-18.7211
-18.7211
-18.7211
-18.7211
-18.7211
-18.7211
-18.7211
-18.7211
-19.2073
-19.2073
-19.2073
-19.2073
-19.2073
-19.2073
-19.2073
-19.2073
-19.2073
-19.2073
-19.2073
-19.2073
-19.2073
-19.2073
-19.2073
-19.2073
-19.2073
-19.2073
-19.2073
-19.2073
-19.6936
-19.6936
-19.6936
-19.6936
-19.6936
-19.6936
-19.6936
-19.6936
-19.6936
-19.6936
-19.6936
-19.6936
-19.6936
-19.6936
-19.6936
-19.6936
-19.6936
-19.6936
-19.6936
-19.6936
-20.1799
-20.1799
-20.1799
-20.1799
-20.1799
-20.1799
-20.1799
-20.1799
-20.1799
-20.1799
-20.1799
-20.1799
-20.1799
-20.1799
-20.1799
-20.1799
-20.1799
-20.1799
-20.1799
-20.1799
-20.6661
-20.6661
-20.6661
-20.6661
-20.6661
-20.6661
-20.6661
-20.6661
-20.6661
-20.6661
-20.6661
-20.6661
-20.6661
-20.6661
-20.6661
-20.6661
-20.6661
-20.6661
-20.6661
-20.6661
-21.1524
-21.1524
-21.1524
-21.1524
-21.1524
-21.1524
-21.1524
-21.1524
-21.1524
-21.1524
-21.1524
-21.1524
-21.1524
-21.1524
-21.1524
-21.1524
-21.1524
-21.1524
-21.1524
-21.1524
-21.6386
-21.6386
-21.6386
-21.6386
-21.6386
-21.6386
-21.6386
-21.6386
-21.6386
-21.6386
-21.6386
-21.6386
-21.6386
-21.6386
-21.6386
-21.6386
-21.6386
-21.6386
-21.6386
-21.6386
-22.1249
-22.1249
-22.1249
-22.1249
-22.1249
-22.1249
-22.1249
-22.1249
-22.1249
-22.1249
-22.1249
-22.1249
-22.1249
-22.1249
-22.1249
-22.1249
-22.1249
-22.1249
-22.1249
-22.1249
-22.6112
-22.6112
-22.6112
-22.6112
-22.6112
-22.6112
-22.6112
-22.6112
-22.6112
-22.6112
-22.6112
-22.6112
-22.6112
-22.6112
-22.6112
-22.6112
-22.6112
-22.6112
-22.6112
-22.6112
-23.0974
-23.0974
-23.0974
-23.0974
-23.0974
-23.0974
-23.0974
-23.0974
-23.0974
-23.0974
-23.0974
-23.0974
-23.0974
-23.0974
-23.0974
-23.0974
-23.0974
-23.0974
-23.0974
-23.0974
-23.5837
-23.5837
-23.5837
-23.5837
-23.5837
-23.5837
-23.5837
-23.5837
-23.5837
-23.5837
-23.5837
-23.5837
-23.5837
-23.5837
-23.5837
-23.5837
-23.5837
-23.5837
-23.5837
-23.5837
-24.07
-24.07
-24.07
-24.07
-24.07
-24.07
-24.07
-24.07
-24.07
-24.07
-24.07
-24.07
-24.07
-24.07
-24.07
-24.07
-24.07
-24.07
-24.07
-24.07
-24.5562
-24.5562
-24.5562
-24.5562
-24.5562
-24.5562
-24.5562
-24.5562
-24.5562
-24.5562
-24.5562
-24.5562
-24.5562
-24.5562
-24.5562
-24.5562
-24.5562
-24.5562
-24.5562
-24.5562
-25.0425
-25.0425
-25.0425
-25.0425
-25.0425
-25.0425
-25.0425
-25.0425
-25.0425
-25.0425
-25.0425
-25.0425
-25.0425
-25.0425
-25.0425
-25.0425
-25.0425
-25.0425
-25.0425
-25.0425
-25.5287
-25.5287
-25.5287
-25.5287
-25.5287
-25.5287
-25.5287
-25.5287
-25.5287
-25.5287
-25.5287
-25.5287
-25.5287
-25.5287
-25.5287
-25.5287
-25.5287
-25.5287
-25.5287
-25.5287
-26.015
-26.015
-26.015
-26.015
-26.015
-26.015
-26.015
-26.015
-26.015
-26.015
-26.015
-26.015
-26.015
-26.015
-26.015
-26.015
-26.015
-26.015
-26.015
-26.015
-26.5013
-26.5013
-26.5013
-26.5013
-26.5013
-26.5013
-26.5013
-26.5013
-26.5013
-26.5013
-26.5013
-26.5013
-26.5013
-26.5013
-26.5013
-26.5013
-26.5013
-26.5013
-26.5013
-26.5013
-26.9875
-26.9875
-26.9875
-26.9875
-26.9875
-26.9875
-26.9875
-26.9875
-26.9875
-26.9875
-26.9875
-26.9875
-26.9875
-26.9875
-26.9875
-26.9875
-26.9875
-26.9875
-26.9875
-26.9875
-27.4738
-27.4738
-27.4738
-27.4738
-27.4738
-27.4738
-27.4738
-27.4738
-27.4738
-27.4738
-27.4738
-27.4738
-27.4738
-27.4738
-27.4738
-27.4738
-27.4738
-27.4738
-27.4738
-27.4738
-27.96
-27.96
-27.96
-27.96
-27.96
-27.96
-27.96
-27.96
-27.96
-27.96
-27.96
-27.96
-27.96
-27.96
-27.96
-27.96
-27.96
-27.96
-27.96
-27.96
-28.4463
-28.4463
-28.4463
-28.4463
-28.4463
-28.4463
-28.4463
-28.4463
-28.4463
-28.4463
-28.4463
-28.4463
-28.4463
-28.4463
-28.4463
-28.4463
-28.4463
-28.4463
-28.4463
-28.4463
-28.9326
-28.9326
-28.9326
-28.9326
-28.9326
-28.9326
-28.9326
-28.9326
-28.9326
-28.9326
-28.9326
-28.9326
-28.9326
-28.9326
-28.9326
-28.9326
-28.9326
-28.9326
-28.9326
-28.9326
-29.4188
-29.4188
-29.4188
-29.4188
-29.4188
-29.4188
-29.4188
-29.4188
-29.4188
-29.4188
-29.4188
-29.4188
-29.4188
-29.4188
-29.4188
-29.4188
-29.4188
-29.4188
-29.4188
-29.4188
-29.9051
-29.9051
-29.9051
-29.9051
-29.9051
-29.9051
-29.9051
-29.9051
-29.9051
-29.9051
-29.9051
-29.9051
-29.9051
-29.9051
-29.9051
-29.9051
-29.9051
-29.9051
-29.9051
-29.9051
-30.3914
-30.3914
-30.3914
-30.3914
-30.3914
-30.3914
-30.3914
-30.3914
-30.3914
-30.3914
-30.3914
-30.3914
-30.3914
-30.3914
-30.3914
-30.3914
-30.3914
-30.3914
-30.3914
-30.3914
-30.8776
-30.8776
-30.8776
-30.8776
-30.8776
-30.8776
-30.8776
-30.8776
-30.8776
-30.8776
-30.8776
-30.8776
-30.8776
-30.8776
-30.8776
-30.8776
-30.8776
-30.8776
-30.8776
-30.8776
-31.3639
-31.3639
-31.3639
-31.3639
-31.3639
-31.3639
-31.3639
-31.3639
-31.3639
-31.3639
-31.3639
-31.3639
-31.3639
-31.3639
-31.3639
-31.3639
-31.3639
-31.3639
-31.3639
-31.3639
-31.8501
-31.8501
-31.8501
-31.8501
-31.8501
-31.8501
-31.8501
-31.8501
-31.8501
-31.8501
-31.8501
-31.8501
-31.8501
-31.8501
-31.8501
-31.8501
-31.8501
-31.8501
-31.8501
-31.8501
-32.3364
-32.3364
-32.3364
-32.3364
-32.3364
-32.3364
-32.3364
-32.3364
-32.3364
-32.3364
-32.3364
-32.3364
-32.3364
-32.3364
-32.3364
-32.3364
-32.3364
-32.3364
-32.3364
-32.3364
-32.8227
-32.8227
-32.8227
-32.8227
-32.8227
-32.8227
-32.8227
-32.8227
-32.8227
-32.8227
-32.8227
-32.8227
-32.8227
-32.8227
-32.8227
-32.8227
-32.8227
-32.8227
-32.8227
-32.8227
-33.3089
-33.3089
-33.3089
-33.3089
-33.3089
-33.3089
-33.3089
-33.3089
-33.3089
-33.3089
-33.3089
-33.3089
-33.3089
-33.3089
-33.3089
-33.3089
-33.3089
-33.3089
-33.3089
-33.3089
-33.7952
-33.7952
-33.7952
-33.7952
-33.7952
-33.7952
-33.7952
-33.7952
-33.7952
-33.7952
-33.7952
-33.7952
-33.7952
-33.7952
-33.7952
-33.7952
-33.7952
-33.7952
-33.7952
-33.7952
-34.2814
-34.2814
-34.2814
-34.2814
-34.2814
-34.2814
-34.2814
-34.2814
-34.2814
-34.2814
-34.2814
-34.2814
-34.2814
-34.2814
-34.2814
-34.2814
-34.2814
-34.2814
-34.2814
-34.2814
-34.7677
-34.7677
-34.7677
-34.7677
-34.7677
-34.7677
-34.7677
-34.7677
-34.7677
-34.7677
-34.7677
-34.7677
-34.7677
-34.7677
-34.7677
-34.7677
-34.7677
-34.7677
-34.7677
-34.7677
-35.254
-35.254
-35.254
-35.254
-35.254
-35.254
-35.254
-35.254
-35.254
-35.254
-35.254
-35.254
-35.254
-35.254
-35.254
-35.254
-35.254
-35.254
-35.254
-35.254
-35.7402
-35.7402
-35.7402
-35.7402
-35.7402
-35.7402
-35.7402
-35.7402
-35.7402
-35.7402
-35.7402
-35.7402
-35.7402
-35.7402
-35.7402
-35.7402
-35.7402
-35.7402
-35.7402
-35.7402
-36.2265
-36.2265
-36.2265
-36.2265
-36.2265
-36.2265
-36.2265
-36.2265
-36.2265
-36.2265
-36.2265
-36.2265
-36.2265
-36.2265
-36.2265
-36.2265
-36.2265
-36.2265
-36.2265
-36.2265
-36.7128
-36.7128
-36.7128
-36.7128
-36.7128
-36.7128
-36.7128
-36.7128
-36.7128
-36.7128
-36.7128
-36.7128
-36.7128
-36.7128
-36.7128
-36.7128
-36.7128
-36.7128
-36.7128
-36.7128
-37.199
-37.199
-37.199
-37.199
-37.199
-37.199
-37.199
-37.199
-37.199
-37.199
-37.199
-37.199
-37.199
-37.199
-37.199
-37.199
-37.199
-37.199
-37.199
-37.199
-37.6853
-37.6853
-37.6853
-37.6853
-37.6853
-37.6853
-37.6853
-37.6853
-37.6853
-37.6853
-37.6853
-37.6853
-37.6853
-37.6853
-37.6853
-37.6853
-37.6853
-37.6853
-37.6853
-37.6853
-38.1715
-38.1715
-38.1715
-38.1715
-38.1715
-38.1715
-38.1715
-38.1715
-38.1715
-38.1715
-38.1715
-38.1715
-38.1715
-38.1715
-38.1715
-38.1715
-38.1715
-38.1715
-38.1715
-38.1715
-38.6578
-38.6578
-38.6578
-38.6578
-38.6578
-38.6578
-38.6578
-38.6578
-38.6578
-38.6578
-38.6578
-38.6578
-38.6578
-38.6578
-38.6578
-38.6578
-38.6578
-38.6578
-38.6578
-38.6578
-39.1441
-39.1441
-39.1441
-39.1441
-39.1441
-39.1441
-39.1441
-39.1441
-39.1441
-39.1441
-39.1441
-39.1441
-39.1441
-39.1441
-39.1441
-39.1441
-39.1441
-39.1441
-39.1441
-39.1441
-39.6303
-39.6303
-39.6303
-39.6303
-39.6303
-39.6303
-39.6303
-39.6303
-39.6303
-39.6303
-39.6303
-39.6303
-39.6303
-39.6303
-39.6303
-39.6303
-39.6303
-39.6303
-39.6303
-39.6303
-40.1166
-40.1166
-40.1166
-40.1166
-40.1166
-40.1166
-40.1166
-40.1166
-40.1166
-40.1166
-40.1166
-40.1166
-40.1166
-40.1166
-40.1166
-40.1166
-40.1166
-40.1166
-40.1166
-40.1166
-40.6029
-40.6029
-40.6029
-40.6029
-40.6029
-40.6029
-40.6029
-40.6029
-40.6029
-40.6029
-40.6029
-40.6029
-40.6029
-40.6029
-40.6029
-40.6029
-40.6029
-40.6029
-40.6029
-40.6029
-41.0891
-41.0891
-41.0891
-41.0891
-41.0891
-41.0891
-41.0891
-41.0891
-41.0891
-41.0891
-41.0891
-41.0891
-41.0891
-41.0891
-41.0891
-41.0891
-41.0891
-41.0891
-41.0891
-41.0891
-41.5754
-41.5754
-41.5754
-41.5754
-41.5754
-41.5754
-41.5754
-41.5754
-41.5754
-41.5754
-41.5754
-41.5754
-41.5754
-41.5754
-41.5754
-41.5754
-41.5754
-41.5754
-41.5754
-41.5754
-42.0616
-42.0616
-42.0616
-42.0616
-42.0616
-42.0616
-42.0616
-42.0616
-42.0616
-42.0616
-42.0616
-42.0616
-42.0616
-42.0616
-42.0616
-42.0616
-42.0616
-42.0616
-42.0616
-42.0616
-42.5479
-42.5479
-42.5479
-42.5479
-42.5479
-42.5479
-42.5479
-42.5479
-42.5479
-42.5479
-42.5479
-42.5479
-42.5479
-42.5479
-42.5479
-42.5479
-42.5479
-42.5479
-42.5479
-42.5479
-43.0342
-43.0342
-43.0342
-43.0342
-43.0342
-43.0342
-43.0342
-43.0342
-43.0342
-43.0342
-43.0342
-43.0342
-43.0342
-43.0342
-43.0342
-43.0342
-43.0342
-43.0342
-43.0342
-43.0342
-43.5204
-43.5204
-43.5204
-43.5204
-43.5204
-43.5204
-43.5204
-43.5204
-43.5204
-43.5204
-43.5204
-43.5204
-43.5204
-43.5204
-43.5204
-43.5204
-43.5204
-43.5204
-43.5204
-43.5204
-44.0067
-44.0067
-44.0067
-44.0067
-44.0067
-44.0067
-44.0067
-44.0067
-44.0067
-44.0067
-44.0067
-44.0067
-44.0067
-44.0067
-44.0067
-44.0067
-44.0067
-44.0067
-44.0067
-44.0067
-44.4929
-44.4929
-44.4929
-44.4929
-44.4929
-44.4929
-44.4929
-44.4929
-44.4929
-44.4929
-44.4929
-44.4929
-44.4929
-44.4929
-44.4929
-44.4929
-44.4929
-44.4929
-44.4929
-44.4929
-44.9792
-44.9792
-44.9792
-44.9792
-44.9792
-44.9792
-44.9792
-44.9792
-44.9792
-44.9792
-44.9792
-44.9792
-44.9792
-44.9792
-44.9792
-44.9792
-44.9792
-44.9792
-44.9792
-44.9792
-45.4655
-45.4655
-45.4655
-45.4655
-45.4655
-45.4655
-45.4655
-45.4655
-45.4655
-45.4655
-45.4655
-45.4655
-45.4655
-45.4655
-45.4655
-45.4655
-45.4655
-45.4655
-45.4655
-45.4655
-45.9517
-45.9517
-45.9517
-45.9517
-45.9517
-45.9517
-45.9517
-45.9517
-45.9517
-45.9517
-45.9517
-45.9517
-45.9517
-45.9517
-45.9517
-45.9517
-45.9517
-45.9517
-45.9517
-45.9517
-46.438
-46.438
-46.438
-46.438
-46.438
-46.438
-46.438
-46.438
-46.438
-46.438
-46.438
-46.438
-46.438
-46.438
-46.438
-46.438
-46.438
-46.438
-46.438
-46.438
-46.9243
-46.9243
-46.9243
-46.9243
-46.9243
-46.9243
-46.9243
-46.9243
-46.9243
-46.9243
-46.9243
-46.9243
-46.9242
-46.9242
-46.9242
-46.9242
-46.9242
-46.9242
-46.9242
-46.9242
-47.4105
-47.4105
-47.4105
-47.4105
-47.4105
-47.4105
-47.4105
-47.4105
-47.4105
-47.4105
-47.4105
-47.4105
-47.4105
-47.4105
-47.4105
-47.4105
-47.4105
-47.4105
-47.4105
-47.4105
-47.8968
-47.8968
-47.8968
-47.8968
-47.8968
-47.8968
-47.8968
-47.8968
-47.8968
-47.8968
-47.8968
-47.8968
-47.8968
-47.8968
-47.8968
-47.8968
-47.8968
-47.8968
-47.8968
-47.8968
-48.383
-48.383
-48.383
-48.383
-48.383
-48.383
-48.383
-48.383
-48.383
-48.383
-48.383
-48.383
-48.383
-48.383
-48.383
-48.383
-48.383
-48.383
-48.383
-48.383
-48.8693
-48.8693
-48.8693
-48.8693
-48.8693
-48.8693
-48.8693
-48.8693
-48.8693
-48.8693
-48.8693
-48.8693
-48.8693
-48.8693
-48.8693
-48.8693
-48.8693
-48.8693
-48.8693
-48.8693
-49.3556
-49.3556
-49.3556
-49.3556
-49.3556
-49.3556
-49.3556
-49.3556
-49.3556
-49.3556
-49.3556
-49.3556
-49.3556
-49.3556
-49.3556
-49.3556
-49.3556
-49.3556
-49.3556
-49.3556
-49.8418
-49.8418
-49.8418
-49.8418
-49.8418
-49.8418
-49.8418
-49.8418
-49.8418
-49.8418
-49.8418
-49.8418
-49.8418
-49.8418
-49.8418
-49.8418
-49.8418
-49.8418
-49.8418
-49.8418
-50.3281
-50.3281
-50.3281
-50.3281
-50.3281
-50.3281
-50.3281
-50.3281
-50.3281
-50.3281
-50.3281
-50.3281
-50.3281
-50.3281
-50.3281
-50.3281
-50.3281
-50.3281
-50.3281
-50.3281
-50.8143
-50.8143
-50.8143
-50.8143
-50.8143
-50.8143
-50.8143
-50.8143
-50.8143
-50.8143
-50.8143
-50.8143
-50.8143
-50.8143
-50.8143
-50.8143
-50.8143
-50.8143
-50.8143
-50.8143
-51.3006
-51.3006
-51.3006
-51.3006
-51.3006
-51.3006
-51.3006
-51.3006
-51.3006
-51.3006
-51.3006
-51.3006
-51.3006
-51.3006
-51.3006
-51.3006
-51.3006
-51.3006
-51.3006
-51.3006
-51.7869
-51.7869
-51.7869
-51.7869
-51.7869
-51.7869
-51.7869
-51.7869
-51.7869
-51.7869
-51.7869
-51.7869
-51.7869
-51.7869
-51.7869
-51.7869
-51.7869
-51.7869
-51.7869
-51.7869
-52.2731
-52.2731
-52.2731
-52.2731
-52.2731
-52.2731
-52.2731
-52.2731
-52.2731
-52.2731
-52.2731
-52.2731
-52.2731
-52.2731
-52.2731
-52.2731
-52.2731
-52.2731
-52.2731
-52.2731
-52.7594
-52.7594
-52.7594
-52.7594
-52.7594
-52.7594
-52.7594
-52.7594
-52.7594
-52.7594
-52.7594
-52.7594
-52.7594
-52.7594
-52.7594
-52.7594
-52.7594
-52.7594
-52.7594
-52.7594
-53.2457
-53.2457
-53.2457
-53.2457
-53.2457
-53.2457
-53.2457
-53.2457
-53.2457
-53.2457
-53.2456
-53.2456
-53.2456
-53.2456
-53.2456
-53.2456
-53.2456
-53.2456
-53.2456
-53.2456
-53.7319
-53.7319
-53.7319
-53.7319
-53.7319
-53.7319
-53.7319
-53.7319
-53.7319
-53.7319
-53.7319
-53.7319
-53.7319
-53.7319
-53.7319
-53.7319
-53.7319
-53.7319
-53.7319
-53.7319
-54.2182
-54.2182
-54.2182
-54.2182
-54.2182
-54.2182
-54.2182
-54.2182
-54.2182
-54.2182
-54.2182
-54.2182
-54.2182
-54.2182
-54.2182
-54.2182
-54.2182
-54.2182
-54.2182
-54.2182
-54.7045
-54.7045
-54.7044
-54.7044
-54.7044
-54.7044
-54.7044
-54.7044
-54.7044
-54.7044
-54.7044
-54.7044
-54.7044
-54.7044
-54.7044
-54.7044
-54.7044
-54.7044
-54.7044
-54.7044
-55.1907
-55.1907
-55.1907
-55.1907
-55.1907
-55.1907
-55.1907
-55.1907
-55.1907
-55.1907
-55.1907
-55.1907
-55.1907
-55.1907
-55.1907
-55.1907
-55.1907
-55.1907
-55.1907
-55.1907
-55.677
-55.677
-55.677
-55.677
-55.677
-55.677
-55.677
-55.677
-55.677
-55.677
-55.677
-55.677
-55.6769
-55.6769
-55.6769
-55.6769
-55.6769
-55.6769
-55.6769
-55.6769
-56.1632
-56.1632
-56.1632
-56.1632
-56.1632
-56.1632
-56.1632
-56.1632
-56.1632
-56.1632
-56.1632
-56.1632
-56.1632
-56.1632
-56.1632
-56.1632
-56.1632
-56.1632
-56.1632
-56.1632
-56.6495
-56.6495
-56.6495
-56.6495
-56.6495
-56.6495
-56.6495
-56.6495
-56.6495
-56.6495
-56.6495
-56.6495
-56.6495
-56.6495
-56.6495
-56.6495
-56.6495
-56.6494
-56.6494
-56.6494
-57.1358
-57.1358
-57.1358
-57.1358
-57.1358
-57.1358
-57.1358
-57.1358
-57.1358
-57.1357
-57.1357
-57.1357
-57.1357
-57.1357
-57.1357
-57.1357
-57.1357
-57.1357
-57.1357
-57.1357
-57.622
-57.622
-57.622
-57.622
-57.622
-57.622
-57.622
-57.622
-57.622
-57.622
-57.622
-57.622
-57.622
-57.622
-57.622
-57.622
-57.622
-57.622
-57.622
-57.622
-58.1083
-58.1083
-58.1083
-58.1083
-58.1083
-58.1083
-58.1083
-58.1083
-58.1083
-58.1083
-58.1083
-58.1083
-58.1082
-58.1082
-58.1082
-58.1082
-58.1082
-58.1082
-58.1082
-58.1082
-58.5946
-58.5946
-58.5946
-58.5946
-58.5946
-58.5946
-58.5946
-58.5945
-58.5945
-58.5945
-58.5945
-58.5945
-58.5945
-58.5945
-58.5945
-58.5945
-58.5945
-58.5945
-58.5945
-58.5945
-59.0809
-59.0809
-59.0809
-59.0808
-59.0808
-59.0808
-59.0808
-59.0808
-59.0808
-59.0808
-59.0808
-59.0808
-59.0808
-59.0807
-59.0807
-59.0807
-59.0807
-59.0807
-59.0807
-59.0807
-59.5671
-59.5671
-59.5671
-59.5671
-59.5671
-59.5671
-59.5671
-59.5671
-59.5671
-59.5671
-59.567
-59.567
-59.567
-59.567
-59.567
-59.567
-59.567
-59.567
-59.567
-59.567
-60.0534
-60.0534
-60.0534
-60.0534
-60.0534
-60.0534
-60.0534
-60.0533
-60.0533
-60.0533
-60.0533
-60.0533
-60.0533
-60.0533
-60.0532
-60.0532
-60.0532
-60.0532
-60.0532
-60.0532
-60.5397
-60.5397
-60.5397
-60.5397
-60.5397
-60.5396
-60.5396
-60.5396
-60.5396
-60.5396
-60.5396
-60.5395
-60.5395
-60.5395
-60.5395
-60.5395
-60.5395
-60.5395
-60.5395
-60.5395
-61.026
-61.026
-61.026
-61.026
-61.0259
-61.0259
-61.0259
-61.0259
-61.0259
-61.0258
-61.0258
-61.0258
-61.0258
-61.0258
-61.0257
-61.0257
-61.0257
-61.0257
-61.0257
-61.0257
-61.5123
-61.5123
-61.5122
-61.5122
-61.5122
-61.5122
-61.5122
-61.5122
-61.5121
-61.5121
-61.5121
-61.5121
-61.512
-61.512
-61.512
-61.512
-61.512
-61.5119
-61.5119
-61.5119
-61.9985
-61.9985
-61.9985
-61.9985
-61.9985
-61.9985
-61.9985
-61.9984
-61.9984
-61.9984
-61.9983
-61.9983
-61.9983
-61.9983
-61.9982
-61.9982
-61.9982
-61.9982
-61.9982
-61.9982
-62.4848
-62.4848
-62.4848
-62.4848
-62.4848
-62.4848
-62.4847
-62.4847
-62.4847
-62.4846
-62.4846
-62.4846
-62.4845
-62.4845
-62.4845
-62.4844
-62.4844
-62.4844
-62.4844
-62.4844
-62.9711
-62.9711
-62.9711
-62.9711
-62.9711
-62.971
-62.971
-62.971
-62.9709
-62.9709
-62.9709
-62.9708
-62.9708
-62.9707
-62.9707
-62.9707
-62.9707
-62.9706
-62.9706
-62.9706
-63.4574
-63.4574
-63.4574
-63.4574
-63.4574
-63.4573
-63.4573
-63.4573
-63.4572
-63.4572
-63.4571
-63.4571
-63.457
-63.457
-63.4569
-63.4569
-63.4569
-63.4569
-63.4568
-63.4568
-63.9438
-63.9437
-63.9437
-63.9437
-63.9437
-63.9436
-63.9436
-63.9435
-63.9435
-63.9434
-63.9434
-63.9433
-63.9433
-63.9432
-63.9432
-63.9431
-63.9431
-63.9431
-63.9431
-63.943
-64.4301
-64.4301
-64.43
-64.43
-64.43
-64.4299
-64.4299
-64.4298
-64.4298
-64.4297
-64.4296
-64.4296
-64.4295
-64.4294
-64.4294
-64.4293
-64.4293
-64.4293
-64.4293
-64.4293
-64.9164
-64.9164
-64.9164
-64.9163
-64.9163
-64.9162
-64.9162
-64.9161
-64.916
-64.916
-64.9159
-64.9158
-64.9157
-64.9157
-64.9156
-64.9156
-64.9155
-64.9155
-64.9155
-64.9154
-65.4028
-65.4027
-65.4027
-65.4027
-65.4026
-65.4026
-65.4025
-65.4024
-65.4023
-65.4022
-65.4021
-65.4021
-65.402
-65.4019
-65.4018
-65.4018
-65.4017
-65.4017
-65.4016
-65.4016
-65.8891
-65.8891
-65.8891
-65.889
-65.889
-65.8889
-65.8888
-65.8887
-65.8886
-65.8885
-65.8884
-65.8883
-65.8882
-65.8881
-65.888
-65.8879
-65.8879
-65.8878
-65.8878
-65.8878
-66.3755
-66.3755
-66.3754
-66.3754
-66.3753
-66.3752
-66.3751
-66.375
-66.3749
-66.3748
-66.3746
-66.3745
-66.3744
-66.3743
-66.3742
-66.3741
-66.374
-66.374
-66.374
-66.3739
-66.8619
-66.8619
-66.8618
-66.8617
-66.8617
-66.8616
-66.8614
-66.8613
-66.8612
-66.861
-66.8609
-66.8608
-66.8606
-66.8605
-66.8604
-66.8603
-66.8602
-66.8601
-66.8601
-66.8601
-67.3483
-67.3483
-67.3482
-67.3481
-67.348
-67.3479
-67.3478
-67.3476
-67.3475
-67.3473
-67.3471
-67.347
-67.3468
-67.3467
-67.3465
-67.3464
-67.3463
-67.3463
-67.3462
-67.3462
-67.8347
-67.8347
-67.8346
-67.8346
-67.8344
-67.8343
-67.8341
-67.834
-67.8338
-67.8336
-67.8334
-67.8332
-67.833
-67.8328
-67.8327
-67.8325
-67.8324
-67.8323
-67.8323
-67.8323
-68.3212
-68.3212
-68.3211
-68.321
-68.3209
-68.3207
-68.3205
-68.3203
-68.3201
-68.3199
-68.3196
-68.3194
-68.3192
-68.319
-68.3188
-68.3186
-68.3185
-68.3184
-68.3183
-68.3183
-68.8077
-68.8077
-68.8076
-68.8075
-68.8073
-68.8071
-68.8069
-68.8067
-68.8064
-68.8062
-68.8059
-68.8056
-68.8054
-68.8051
-68.8049
-68.8047
-68.8046
-68.8044
-68.8044
-68.8043
-69.2943
-69.2942
-69.2941
-69.294
-69.2938
-69.2936
-69.2933
-69.293
-69.2927
-69.2924
-69.2921
-69.2918
-69.2915
-69.2912
-69.291
-69.2908
-69.2906
-69.2904
-69.2903
-69.2903
-69.7809
-69.7808
-69.7807
-69.7805
-69.7803
-69.7801
-69.7798
-69.7794
-69.7791
-69.7787
-69.7784
-69.778
-69.7777
-69.7773
-69.777
-69.7768
-69.7766
-69.7764
-69.7763
-69.7762
-70.2675
-70.2674
-70.2673
-70.2671
-70.2669
-70.2666
-70.2662
-70.2658
-70.2654
-70.265
-70.2646
-70.2642
-70.2638
-70.2634
-70.263
-70.2627
-70.2625
-70.2623
-70.2622
-70.2621
-70.7542
-70.7542
-70.754
-70.7538
-70.7535
-70.7531
-70.7527
-70.7523
-70.7518
-70.7513
-70.7508
-70.7503
-70.7498
-70.7494
-70.749
-70.7486
-70.7484
-70.7481
-70.748
-70.7479
-71.241
-71.2409
-71.2408
-71.2405
-71.2402
-71.2397
-71.2393
-71.2387
-71.2382
-71.2376
-71.237
-71.2365
-71.2359
-71.2354
-71.2349
-71.2345
-71.2342
-71.2339
-71.2337
-71.2336
-71.7279
-71.7278
-71.7276
-71.7273
-71.7269
-71.7264
-71.7259
-71.7253
-71.7246
-71.7239
-71.7232
-71.7226
-71.7219
-71.7213
-71.7208
-71.7203
-71.7199
-71.7196
-71.7194
-71.7192
-72.2149
-72.2148
-72.2145
-72.2142
-72.2137
-72.2132
-72.2125
-72.2118
-72.211
-72.2102
-72.2095
-72.2087
-72.2079
-72.2072
-72.2065
-72.206
-72.2055
-72.2052
-72.2049
-72.2048
-72.702
-72.7019
-72.7016
-72.7012
-72.7006
-72.7
-72.6992
-72.6984
-72.6975
-72.6966
-72.6956
-72.6947
-72.6938
-72.693
-72.6923
-72.6916
-72.691
-72.6906
-72.6903
-72.6902
-73.1893
-73.1891
-73.1888
-73.1883
-73.1877
-73.1869
-73.186
-73.185
-73.184
-73.1829
-73.1818
-73.1808
-73.1797
-73.1787
-73.1779
-73.1771
-73.1765
-73.176
-73.1756
-73.1754
-73.6767
-73.6765
-73.6761
-73.6756
-73.6748
-73.6739
-73.6729
-73.6717
-73.6705
-73.6693
-73.668
-73.6667
-73.6655
-73.6644
-73.6634
-73.6625
-73.6617
-73.6611
-73.6607
-73.6605
-74.1644
-74.1641
-74.1637
-74.163
-74.1621
-74.1611
-74.1599
-74.1585
-74.1571
-74.1556
-74.1542
-74.1527
-74.1513
-74.1499
-74.1487
-74.1477
-74.1468
-74.1461
-74.1457
-74.1454
-74.6522
-74.6519
-74.6514
-74.6506
-74.6496
-74.6484
-74.647
-74.6454
-74.6437
-74.642
-74.6403
-74.6386
-74.6369
-74.6354
-74.634
-74.6327
-74.6317
-74.6309
-74.6304
-74.6301
-75.1404
-75.14
-75.1394
-75.1385
-75.1373
-75.1358
-75.1342
-75.1324
-75.1304
-75.1284
-75.1264
-75.1244
-75.1225
-75.1206
-75.119
-75.1176
-75.1164
-75.1155
-75.1148
-75.1145
-75.6289
-75.6284
-75.6277
-75.6266
-75.6252
-75.6235
-75.6216
-75.6195
-75.6172
-75.6149
-75.6125
-75.6101
-75.6079
-75.6058
-75.6038
-75.6021
-75.6007
-75.5997
-75.5989
-75.5986
-76.1178
-76.1171
-76.1164
-76.115
-76.1134
-76.1114
-76.1092
-76.1067
-76.1041
-76.1013
-76.0985
-76.0958
-76.0932
-76.0907
-76.0884
-76.0865
-76.0848
-76.0837
-76.0826
-76.0825
-76.6072
-76.6061
-76.6054
-76.6038
-76.6019
-76.5996
-76.597
-76.5941
-76.591
-76.5878
-76.5846
-76.5814
-76.5783
-76.5754
-76.5727
-76.5704
-76.5685
-76.5672
-76.5659
-76.5659
-77.0944
-77.0955
-77.0948
-77.0929
-77.0907
-77.0881
-77.085
-77.0817
-77.0781
-77.0743
-77.0706
-77.0668
-77.0632
-77.0598
-77.0567
-77.054
-77.0517
-77.0501
-77.0484
-77.0462
-77.5862
-77.5854
-77.5847
-77.5825
-77.58
-77.577
-77.5734
-77.5695
-77.5653
-77.5609
-77.5565
-77.5521
-77.5479
-77.5439
-77.5403
-77.5371
-77.5344
-77.5325
-77.5303
-77.5299
-78.0797
-78.0748
-78.0756
-78.0728
-78.0699
-78.0663
-78.0621
-78.0576
-78.0527
-78.0476
-78.0424
-78.0373
-78.0323
-78.0277
-78.0234
-78.0197
-78.0165
-78.0146
-78.0105
-78.0138
-78.5718
-78.5653
-78.5668
-78.5634
-78.5602
-78.5561
-78.5513
-78.546
-78.5403
-78.5343
-78.5283
-78.5223
-78.5165
-78.511
-78.506
-78.5016
-78.4977
-78.4954
-78.4903
-78.4949
-78.9785
-79.0543
-79.0567
-79.0545
-79.0511
-79.0466
-79.041
-79.0348
-79.0281
-79.0211
-79.0141
-79.0071
-79.0003
-78.9939
-78.9879
-78.9826
-78.9777
-78.9734
-78.9667
-78.889
-79.5017
-79.5444
-79.5493
-79.5477
-79.5434
-79.5381
-79.5314
-79.5241
-79.5162
-79.508
-79.4998
-79.4916
-79.4838
-79.4764
-79.4696
-79.4634
-79.4581
-79.452
-79.442
-79.3961
-80.0383
-80.0072
-80.048
-80.0451
-80.0376
-80.0309
-80.0227
-80.0139
-80.0046
-79.9951
-79.9854
-79.9759
-79.9668
-79.9584
-79.9508
-79.9441
-79.9403
-79.9342
-79.8878
-79.9156
-80.5467
-80.4854
-80.5436
-80.5425
-80.5324
-80.5243
-80.5145
-80.5042
-80.4933
-80.4821
-80.4708
-80.4598
-80.4492
-80.4394
-80.4307
-80.4232
-80.42
-80.4107
-80.3452
-80.4034
-81.0469
-80.9982
-81.0358
-81.0352
-81.0278
-81.018
-81.0071
-80.9951
-80.9824
-80.9692
-80.9561
-80.9431
-80.9308
-80.9194
-80.909
-80.9
-80.8922
-80.8805
-80.835
-80.8792
-81.5427
-81.5345
-81.5067
-81.5339
-81.5275
-81.5133
-81.5008
-81.4867
-81.4718
-81.4564
-81.441
-81.4259
-81.4115
-81.3983
-81.3863
-81.3776
-81.3672
-81.3256
-81.344
-81.3468
-82.0511
-82.039
-81.9818
-82.0297
-82.0287
-82.0102
-81.9954
-81.9789
-81.9616
-81.9437
-81.9257
-81.908
-81.8911
-81.8755
-81.8614
-81.8523
-81.8365
-81.7696
-81.8168
-81.8221
-82.5551
-82.5482
-82.4977
-82.5288
-82.5232
-82.5078
-82.4909
-82.472
-82.4518
-82.431
-82.4099
-82.3892
-82.3693
-82.3505
-82.3344
-82.3194
-82.3015
-82.2504
-82.2883
-82.2877
-83.0612
-83.0551
-83.0421
-83.0184
-83.0258
-83.0088
-82.9885
-82.9663
-82.9428
-82.9185
-82.8939
-82.8697
-82.8463
-82.8231
-82.8074
-82.7886
-82.7531
-82.7535
-82.7515
-82.749
-83.5726
-83.5674
-83.5537
-83.5001
-83.5302
-83.5118
-83.4878
-83.462
-83.4346
-83.4062
-83.3775
-83.3493
-83.3222
-83.2961
-83.2751
-83.2532
-83.1883
-83.2165
-83.2127
-83.2081
-84.0876
-84.0808
-84.0689
-84.0206
-84.0343
-84.015
-83.9888
-83.9592
-83.9273
-83.8942
-83.8607
-83.8276
-83.7957
-83.7654
-83.7381
-83.7104
-83.6568
-83.6755
-83.6667
-83.6623
-84.6064
-84.5977
-84.5851
-84.5657
-84.5378
-84.5243
-84.4936
-84.4587
-84.4214
-84.3826
-84.3434
-84.3047
-84.2675
-84.2328
-84.2006
-84.16
-84.1414
-84.1264
-84.1147
-84.1102
-85.1291
-85.1188
-85.106
-85.0866
-85.0411
-85.0389
-85.0018
-84.9606
-84.9168
-84.8714
-84.8255
-84.7804
-84.7369
-84.697
-84.6604
-84.598
-84.5914
-84.5709
-84.5554
-84.5504
-85.6558
-85.6432
-85.6295
-85.6101
-85.5715
-85.5553
-85.5125
-85.4649
-85.4137
-85.3605
-85.3068
-85.254
-85.203
-85.1558
-85.1125
-85.0537
-85.0323
-85.0056
-84.9862
-84.9811
-86.1863
-86.1707
-86.1578
-86.1368
-86.1128
-86.0761
-86.0282
-85.9728
-85.9127
-85.8501
-85.7872
-85.7256
-85.666
-85.6104
-85.5578
-85.5106
-85.4616
-85.4311
-85.4046
-85.3999
-86.7216
-86.701
-86.69
-86.6718
-86.6545
-86.6109
-86.5519
-86.486
-86.4141
-86.3402
-86.2663
-86.1944
-86.1264
-86.0634
-86.0031
-85.9477
-85.8828
-85.8449
-85.8078
-85.805
-87.2642
-87.2284
-87.2169
-87.1755
-87.2126
-87.1365
-87.0802
-87.0022
-86.9172
-86.8303
-86.7435
-86.6594
-86.5806
-86.5061
-86.4283
-86.3905
-86.2646
-86.2402
-86.187
-86.1954
-87.7937
-87.7144
-87.5953
-87.1932
-87.4826
-87.6555
-87.6126
-87.5192
-87.4218
-87.3204
-87.2181
-87.1183
-87.0239
-86.9392
-86.8297
-86.5874
-86.1398
-86.4971
-86.5133
-86.5471
-88.3316
-87.8804
-87.7822
-87.7864
-87.9727
-88.2112
-88.1448
-88.0437
-87.9314
-87.8127
-87.6917
-87.5733
-87.4594
-87.3505
-87.23
-86.864
-86.5364
-86.4243
-86.4456
-86.8707
-88.9921
-88.6844
-88.7122
-88.7882
-88.8199
-88.7778
-88.6912
-88.5749
-88.4529
-88.3122
-88.1683
-88.0296
-87.8859
-87.7553
-87.626
-87.4749
-87.2546
-86.9899
-86.8893
-87.2585
-89.4763
-89.571
-89.4885
-89.4472
-89.4178
-89.368
-89.2756
-89.1426
-88.9905
-88.8263
-88.6543
-88.4888
-88.3252
-88.1704
-88.0105
-87.8483
-87.6956
-87.6031
-87.6109
-87.4659
-90.2367
-90.1548
-90.0904
-90.0677
-90.0588
-90.0104
-89.9085
-89.7584
-89.5638
-89.3662
-89.161
-88.963
-88.7829
-88.5958
-88.4035
-88.206
-88.0215
-87.9007
-87.8716
-87.893
-90.8134
-90.7503
-90.7103
-90.6997
-90.7366
-90.7217
-90.613
-90.4283
-90.1929
-89.9406
-89.6947
-89.4691
-89.2604
-89.0459
-88.8165
-88.5677
-88.3198
-88.1685
-88.0998
-88.1045
-91.3656
-91.2983
-91.2902
-91.3736
-91.5063
-91.5374
-91.4231
-91.1838
-90.8737
-90.5505
-90.251
-89.9991
-89.7795
-89.5415
-89.265
-88.9339
-88.5635
-88.3231
-88.2313
-88.2361
-91.8766
-91.8476
-91.9568
-92.1562
-92.4233
-92.5143
-92.3897
-92.0498
-91.6092
-91.1865
-90.8209
-90.5452
-90.3431
-90.1189
-89.7974
-89.3764
-88.8623
-88.5039
-88.2943
-88.2793
-92.2914
-92.315
-92.5428
-92.9314
-93.4868
-93.7099
-93.5735
-93.0347
-92.3822
-91.827
-91.3788
-91.0927
-90.9629
-90.8039
-90.4704
-89.9177
-89.098
-88.5588
-88.2571
-88.1836
-92.577
-92.6528
-93.0576
-93.6881
-94.744
-95.1753
-95.0785
-94.1266
-93.1399
-92.4074
-91.8482
-91.593
-91.6414
-91.6981
-91.3994
-90.6269
-89.273
-88.452
-87.991
-87.9137
-92.7298
-92.8612
-93.4569
-94.3266
-96.2437
-96.9167
-97.0361
-95.2395
-93.7709
-92.7561
-92.0459
-91.9638
-92.3233
-92.7577
-92.238
-91.5162
-89.3764
-88.1579
-87.5179
-87.384
-92.9434
-92.8193
-93.4372
-94.4702
-98.1013
-99.7528
-99.7165
-96.2468
-93.1145
-90.7
-90.4813
-91.9868
-93.2462
-94.2936
-94.3432
-93.1836
-89.1942
-87.5417
-87.279
-87.4123
-93.6472
-92.148
-92.1239
-90.7723
-91.185
-85.4254
-54.81
-23.77
-10.3886
-5.74621
-7.14412
-13.8536
-36.3981
-64.8726
-81.8982
-84.3912
-84.6989
-84.9312
-85.1661
-86.7996
-94.8413
-93.45
-85.2578
-76.2583
-40.3291
-3.31102
-0.499715
-0.154528
-0.132436
-0.124769
-0.114881
-0.130547
-0.135047
-0.670966
-13.0095
-46.6871
-70.7369
-80.7313
-86.7935
-89.4084
-98.3161
-68.6633
-46.7877
-1.0034
-0.162187
-0.241269
-0.16356
-0.141819
-0.13201
-0.125592
-0.121015
-0.121219
-0.126163
-0.145358
-0.185165
-0.249161
-12.4668
-48.6691
-65.301
-91.7434
-51.488
-5.3619
0.59228
-0.0580049
-0.0367031
-0.114432
-0.131654
-0.132072
-0.128389
-0.125352
-0.122407
-0.120347
-0.116056
-0.099616
-0.0656832
-0.0275738
0.00735508
1.09935
-11.771
-54.0262
-1.73117
-0.441994
-0.135151
-0.163617
-0.117809
-0.136938
-0.133418
-0.129745
-0.127045
-0.125396
-0.124084
-0.123926
-0.12492
-0.12577
-0.12881
-0.144981
-0.255826
-0.476904
-2.15751
-7.62959
0.0155459
-0.165023
-0.0316991
-0.0899275
-0.0933309
-0.113812
-0.11756
-0.121992
-0.124171
-0.124582
-0.124453
-0.124413
-0.124599
-0.125387
-0.127719
-0.131666
-0.14033
-0.149883
-0.431405
0.32126
-0.048957
-0.131908
-0.0869737
-0.108056
-0.110854
-0.116988
-0.119961
-0.122623
-0.123673
-0.124444
-0.12503
-0.12571
-0.126668
-0.12834
-0.132238
-0.141212
-0.155239
-0.161071
-0.273704
-0.0314574
-0.0808178
-0.116869
-0.098855
-0.108911
-0.111738
-0.115975
-0.119225
-0.121689
-0.123281
-0.124487
-0.125528
-0.126635
-0.127988
-0.129857
-0.132956
-0.138368
-0.145223
-0.144329
-0.17849
-0.0594925
-0.0994967
-0.11398
-0.105811
-0.111214
-0.113766
-0.116789
-0.119457
-0.121626
-0.123317
-0.12472
-0.125981
-0.127295
-0.128802
-0.130668
-0.133141
-0.136483
-0.140407
-0.13938
-0.14931
-0.103379
-0.109086
-0.114412
-0.111436
-0.114119
-0.115991
-0.118151
-0.120233
-0.122078
-0.123671
-0.12509
-0.126427
-0.127795
-0.129295
-0.131022
-0.133041
-0.135314
-0.137541
-0.138693
-0.1429
-0.127929
-0.114236
-0.116111
-0.115148
-0.116666
-0.117975
-0.119568
-0.121207
-0.122763
-0.124201
-0.125549
-0.126856
-0.128187
-0.1296
-0.13114
-0.132818
-0.134565
-0.136199
-0.137567
-0.139863
-0.13548
-0.117417
-0.118029
-0.117836
-0.118663
-0.119684
-0.120915
-0.122228
-0.123538
-0.12481
-0.126045
-0.127268
-0.128508
-0.129797
-0.131149
-0.132558
-0.133975
-0.135291
-0.136485
-0.137984
-0.136956
-0.119642
-0.119811
-0.119848
-0.120396
-0.12119
-0.12216
-0.123226
-0.124332
-0.125443
-0.126551
-0.127662
-0.128787
-0.129938
-0.131116
-0.132305
-0.133477
-0.134559
-0.135553
-0.136601
-0.136596
-0.121335
-0.121376
-0.121477
-0.121893
-0.122518
-0.123296
-0.124173
-0.125108
-0.126072
-0.127051
-0.128042
-0.129044
-0.130058
-0.131077
-0.132084
-0.133054
-0.133945
-0.134748
-0.135496
-0.135741
-0.122727
-0.122738
-0.122855
-0.12319
-0.123694
-0.124328
-0.125057
-0.12585
-0.126682
-0.127539
-0.128411
-0.129293
-0.130177
-0.131052
-0.131905
-0.13271
-0.133439
-0.134075
-0.134611
-0.134856
-0.123914
-0.123927
-0.124047
-0.124326
-0.124741
-0.125267
-0.125878
-0.126552
-0.127269
-0.128013
-0.128774
-0.129541
-0.130305
-0.131054
-0.131774
-0.132442
-0.133037
-0.133537
-0.133925
-0.134113
-0.124956
-0.124979
-0.125096
-0.125335
-0.125683
-0.126123
-0.126639
-0.127213
-0.127828
-0.128471
-0.12913
-0.129794
-0.130451
-0.131089
-0.131695
-0.13225
-0.132735
-0.133129
-0.133415
-0.133549
-0.125891
-0.125922
-0.126033
-0.12624
-0.126535
-0.126908
-0.127346
-0.127835
-0.128363
-0.128916
-0.129484
-0.130055
-0.130617
-0.13116
-0.131669
-0.13213
-0.132526
-0.13284
-0.133051
-0.133148
-0.126741
-0.126776
-0.12688
-0.127061
-0.127313
-0.127631
-0.128004
-0.128422
-0.128874
-0.129349
-0.129836
-0.130325
-0.130805
-0.131265
-0.131693
-0.132076
-0.132401
-0.132651
-0.132812
-0.132883
-0.12752
-0.127558
-0.127654
-0.127812
-0.128029
-0.128301
-0.12862
-0.128977
-0.129364
-0.12977
-0.130187
-0.130605
-0.131014
-0.131403
-0.131763
-0.132082
-0.132348
-0.13255
-0.132675
-0.132726
-0.128242
-0.128281
-0.128368
-0.128506
-0.128693
-0.128926
-0.129199
-0.129505
-0.129835
-0.130183
-0.130539
-0.130895
-0.131242
-0.131572
-0.131874
-0.13214
-0.132359
-0.132524
-0.132622
-0.132659
-0.128917
-0.128954
-0.129031
-0.129151
-0.129313
-0.129513
-0.129747
-0.130008
-0.130291
-0.130588
-0.130892
-0.131195
-0.131489
-0.131768
-0.132022
-0.132244
-0.132426
-0.13256
-0.132639
-0.132667
-0.129551
-0.129584
-0.129652
-0.129756
-0.129896
-0.130068
-0.130268
-0.130491
-0.130733
-0.130986
-0.131245
-0.131503
-0.131753
-0.131988
-0.132202
-0.132387
-0.132538
-0.132649
-0.132713
-0.132734
-0.130149
-0.130177
-0.130237
-0.130327
-0.130447
-0.130595
-0.130766
-0.130957
-0.131163
-0.131379
-0.1316
-0.131819
-0.13203
-0.132229
-0.132409
-0.132565
-0.132691
-0.132782
-0.132835
-0.132852
-0.130715
-0.13074
-0.130791
-0.130869
-0.130972
-0.131098
-0.131245
-0.131408
-0.131584
-0.131768
-0.131955
-0.132141
-0.132321
-0.132489
-0.132641
-0.132771
-0.132877
-0.132953
-0.132996
-0.13301
-0.131254
-0.131275
-0.131319
-0.131385
-0.131474
-0.131582
-0.131707
-0.131846
-0.131996
-0.132153
-0.132312
-0.13247
-0.132623
-0.132765
-0.132893
-0.133003
-0.133091
-0.133155
-0.133191
-0.133202
-0.131769
-0.131787
-0.131824
-0.131881
-0.131956
-0.132049
-0.132155
-0.132274
-0.132402
-0.132535
-0.132671
-0.132805
-0.132934
-0.133054
-0.133162
-0.133255
-0.133329
-0.133382
-0.133412
-0.133422
-0.132263
-0.132278
-0.132309
-0.132358
-0.132422
-0.132501
-0.132592
-0.132693
-0.132802
-0.132915
-0.13303
-0.133144
-0.133253
-0.133355
-0.133446
-0.133525
-0.133587
-0.133632
-0.133657
-0.133665
-0.132739
-0.132751
-0.132778
-0.132819
-0.132874
-0.132941
-0.133018
-0.133104
-0.133197
-0.133293
-0.133391
-0.133487
-0.13358
-0.133666
-0.133743
-0.133809
-0.133862
-0.1339
-0.133921
-0.133928
-0.1332
-0.13321
-0.133232
-0.133267
-0.133313
-0.13337
-0.133436
-0.133509
-0.133588
-0.13367
-0.133753
-0.133834
-0.133913
-0.133986
-0.134051
-0.134107
-0.134152
-0.134184
-0.134202
-0.134207
-0.133647
-0.133655
-0.133673
-0.133703
-0.133742
-0.13379
-0.133846
-0.133909
-0.133975
-0.134045
-0.134115
-0.134185
-0.134251
-0.134313
-0.134369
-0.134416
-0.134453
-0.13448
-0.134496
-0.1345
-0.134082
-0.134088
-0.134104
-0.134129
-0.134162
-0.134203
-0.134251
-0.134303
-0.13436
-0.134419
-0.134479
-0.134538
-0.134594
-0.134647
-0.134694
-0.134734
-0.134765
-0.134788
-0.134801
-0.134805
-0.134507
-0.134512
-0.134525
-0.134546
-0.134575
-0.134609
-0.13465
-0.134694
-0.134743
-0.134793
-0.134843
-0.134893
-0.134941
-0.134986
-0.135025
-0.135059
-0.135086
-0.135106
-0.135117
-0.13512
-0.134924
-0.134928
-0.134939
-0.134957
-0.134981
-0.13501
-0.135044
-0.135082
-0.135123
-0.135166
-0.135209
-0.135251
-0.135292
-0.135329
-0.135363
-0.135391
-0.135414
-0.135431
-0.13544
-0.135443
-0.135333
-0.135337
-0.135346
-0.135361
-0.135381
-0.135406
-0.135435
-0.135467
-0.135502
-0.135538
-0.135574
-0.13561
-0.135645
-0.135677
-0.135705
-0.135729
-0.135749
-0.135763
-0.135771
-0.135773
-0.135737
-0.13574
-0.135747
-0.13576
-0.135777
-0.135798
-0.135823
-0.13585
-0.135879
-0.13591
-0.135941
-0.135971
-0.136
-0.136027
-0.136052
-0.136072
-0.136089
-0.1361
-0.136107
-0.136109
-0.136135
-0.136137
-0.136144
-0.136154
-0.136169
-0.136187
-0.136207
-0.136231
-0.136255
-0.136281
-0.136308
-0.136333
-0.136358
-0.136381
-0.136401
-0.136419
-0.136433
-0.136443
-0.136449
-0.13645
-0.136529
-0.136531
-0.136536
-0.136545
-0.136557
-0.136572
-0.13659
-0.136609
-0.136631
-0.136653
-0.136675
-0.136697
-0.136718
-0.136737
-0.136754
-0.136769
-0.136781
-0.136789
-0.136794
-0.136796
-0.136919
-0.13692
-0.136925
-0.136932
-0.136943
-0.136955
-0.13697
-0.136987
-0.137005
-0.137023
-0.137042
-0.137061
-0.137079
-0.137095
-0.13711
-0.137122
-0.137132
-0.137139
-0.137144
-0.137145
-0.137306
-0.137307
-0.137311
-0.137317
-0.137326
-0.137336
-0.137349
-0.137363
-0.137378
-0.137394
-0.13741
-0.137426
-0.137441
-0.137455
-0.137467
-0.137478
-0.137486
-0.137492
-0.137496
-0.137497
-0.13769
-0.137691
-0.137694
-0.137699
-0.137707
-0.137716
-0.137726
-0.137738
-0.137751
-0.137765
-0.137778
-0.137792
-0.137804
-0.137816
-0.137827
-0.137836
-0.137843
-0.137848
-0.137851
-0.137852
-0.138071
-0.138072
-0.138075
-0.13808
-0.138086
-0.138094
-0.138103
-0.138113
-0.138124
-0.138135
-0.138146
-0.138158
-0.138169
-0.138179
-0.138188
-0.138195
-0.138201
-0.138206
-0.138208
-0.138209
-0.138451
-0.138452
-0.138454
-0.138458
-0.138464
-0.13847
-0.138478
-0.138486
-0.138496
-0.138505
-0.138515
-0.138524
-0.138534
-0.138542
-0.13855
-0.138556
-0.138561
-0.138565
-0.138567
-0.138568
-0.13883
-0.13883
-0.138832
-0.138836
-0.13884
-0.138846
-0.138852
-0.138859
-0.138867
-0.138875
-0.138883
-0.138892
-0.138899
-0.138907
-0.138913
-0.138919
-0.138923
-0.138926
-0.138928
-0.138929
-0.139207
-0.139207
-0.139209
-0.139212
-0.139215
-0.13922
-0.139226
-0.139232
-0.139238
-0.139245
-0.139252
-0.139259
-0.139266
-0.139272
-0.139277
-0.139282
-0.139286
-0.139288
-0.13929
-0.13929
-0.139582
-0.139583
-0.139584
-0.139587
-0.13959
-0.139594
-0.139598
-0.139604
-0.139609
-0.139615
-0.139621
-0.139627
-0.139632
-0.139638
-0.139642
-0.139646
-0.139649
-0.139652
-0.139653
-0.139653
-0.139957
-0.139958
-0.139959
-0.139961
-0.139963
-0.139967
-0.139971
-0.139975
-0.13998
-0.139985
-0.13999
-0.139995
-0.14
-0.140004
-0.140008
-0.140011
-0.140014
-0.140016
-0.140017
-0.140017
-0.140331
-0.140332
-0.140332
-0.140334
-0.140336
-0.140339
-0.140343
-0.140346
-0.14035
-0.140355
-0.140359
-0.140363
-0.140367
-0.140371
-0.140374
-0.140377
-0.140379
-0.140381
-0.140382
-0.140382
-0.140704
-0.140705
-0.140706
-0.140707
-0.140709
-0.140711
-0.140714
-0.140717
-0.140721
-0.140724
-0.140728
-0.140732
-0.140735
-0.140738
-0.140741
-0.140743
-0.140745
-0.140747
-0.140747
-0.140748
-0.141077
-0.141077
-0.141078
-0.141079
-0.141081
-0.141083
-0.141085
-0.141088
-0.141091
-0.141094
-0.141097
-0.1411
-0.141103
-0.141106
-0.141108
-0.14111
-0.141112
-0.141113
-0.141114
-0.141114
-0.141449
-0.141449
-0.14145
-0.141451
-0.141452
-0.141454
-0.141456
-0.141459
-0.141461
-0.141464
-0.141466
-0.141469
-0.141471
-0.141473
-0.141475
-0.141477
-0.141479
-0.14148
-0.14148
-0.14148
-0.141821
-0.141821
-0.141822
-0.141823
-0.141824
-0.141825
-0.141827
-0.141829
-0.141831
-0.141833
-0.141835
-0.141838
-0.14184
-0.141842
-0.141843
-0.141845
-0.141846
-0.141847
-0.141847
-0.141847
-0.142192
-0.142192
-0.142193
-0.142194
-0.142195
-0.142196
-0.142197
-0.142199
-0.142201
-0.142203
-0.142205
-0.142206
-0.142208
-0.14221
-0.142211
-0.142212
-0.142214
-0.142214
-0.142215
-0.142215
-0.142563
-0.142564
-0.142564
-0.142565
-0.142565
-0.142566
-0.142568
-0.142569
-0.142571
-0.142572
-0.142574
-0.142575
-0.142577
-0.142578
-0.142579
-0.142581
-0.142581
-0.142582
-0.142582
-0.142583
-0.142934
-0.142934
-0.142935
-0.142935
-0.142936
-0.142937
-0.142938
-0.142939
-0.14294
-0.142942
-0.142943
-0.142944
-0.142946
-0.142947
-0.142948
-0.142949
-0.142949
-0.14295
-0.14295
-0.14295
-0.143305
-0.143305
-0.143305
-0.143306
-0.143306
-0.143307
-0.143308
-0.143309
-0.14331
-0.143311
-0.143312
-0.143313
-0.143314
-0.143315
-0.143316
-0.143317
-0.143318
-0.143318
-0.143318
-0.143319
-0.143675
-0.143675
-0.143676
-0.143676
-0.143676
-0.143677
-0.143678
-0.143679
-0.14368
-0.143681
-0.143682
-0.143683
-0.143683
-0.143684
-0.143685
-0.143686
-0.143686
-0.143687
-0.143687
-0.143687
-0.144045
-0.144046
-0.144046
-0.144046
-0.144046
-0.144047
-0.144048
-0.144048
-0.144049
-0.14405
-0.144051
-0.144052
-0.144052
-0.144053
-0.144054
-0.144054
-0.144055
-0.144055
-0.144055
-0.144055
-0.144416
-0.144416
-0.144416
-0.144416
-0.144416
-0.144417
-0.144417
-0.144418
-0.144419
-0.144419
-0.14442
-0.144421
-0.144421
-0.144422
-0.144423
-0.144423
-0.144424
-0.144424
-0.144424
-0.144424
-0.144786
-0.144786
-0.144786
-0.144786
-0.144786
-0.144787
-0.144787
-0.144788
-0.144788
-0.144789
-0.144789
-0.14479
-0.144791
-0.144791
-0.144792
-0.144792
-0.144792
-0.144793
-0.144793
-0.144793
-0.145155
-0.145156
-0.145156
-0.145156
-0.145156
-0.145156
-0.145157
-0.145157
-0.145158
-0.145158
-0.145159
-0.145159
-0.14516
-0.14516
-0.145161
-0.145161
-0.145161
-0.145161
-0.145162
-0.145162
-0.145525
-0.145525
-0.145525
-0.145526
-0.145526
-0.145526
-0.145526
-0.145527
-0.145527
-0.145528
-0.145528
-0.145529
-0.145529
-0.145529
-0.14553
-0.14553
-0.14553
-0.14553
-0.14553
-0.14553
-0.145895
-0.145895
-0.145895
-0.145895
-0.145895
-0.145896
-0.145896
-0.145896
-0.145897
-0.145897
-0.145897
-0.145898
-0.145898
-0.145898
-0.145899
-0.145899
-0.145899
-0.145899
-0.145899
-0.145899
-0.146265
-0.146265
-0.146265
-0.146265
-0.146265
-0.146265
-0.146266
-0.146266
-0.146266
-0.146266
-0.146267
-0.146267
-0.146267
-0.146268
-0.146268
-0.146268
-0.146268
-0.146268
-0.146268
-0.146268
-0.146634
-0.146634
-0.146634
-0.146635
-0.146635
-0.146635
-0.146635
-0.146635
-0.146636
-0.146636
-0.146636
-0.146636
-0.146637
-0.146637
-0.146637
-0.146637
-0.146637
-0.146637
-0.146637
-0.146638
-0.147004
-0.147004
-0.147004
-0.147004
-0.147004
-0.147004
-0.147005
-0.147005
-0.147005
-0.147005
-0.147005
-0.147006
-0.147006
-0.147006
-0.147006
-0.147006
-0.147006
-0.147007
-0.147007
-0.147007
-0.147373
-0.147373
-0.147374
-0.147374
-0.147374
-0.147374
-0.147374
-0.147374
-0.147374
-0.147375
-0.147375
-0.147375
-0.147375
-0.147375
-0.147375
-0.147376
-0.147376
-0.147376
-0.147376
-0.147376
-0.147743
-0.147743
-0.147743
-0.147743
-0.147743
-0.147743
-0.147743
-0.147744
-0.147744
-0.147744
-0.147744
-0.147744
-0.147744
-0.147745
-0.147745
-0.147745
-0.147745
-0.147745
-0.147745
-0.147745
-0.148112
-0.148112
-0.148113
-0.148113
-0.148113
-0.148113
-0.148113
-0.148113
-0.148113
-0.148113
-0.148113
-0.148114
-0.148114
-0.148114
-0.148114
-0.148114
-0.148114
-0.148114
-0.148114
-0.148114
-0.148482
-0.148482
-0.148482
-0.148482
-0.148482
-0.148482
-0.148482
-0.148482
-0.148483
-0.148483
-0.148483
-0.148483
-0.148483
-0.148483
-0.148483
-0.148483
-0.148483
-0.148483
-0.148483
-0.148483
-0.148851
-0.148851
-0.148851
-0.148851
-0.148852
-0.148852
-0.148852
-0.148852
-0.148852
-0.148852
-0.148852
-0.148852
-0.148852
-0.148852
-0.148852
-0.148852
-0.148853
-0.148853
-0.148853
-0.148853
-0.149221
-0.149221
-0.149221
-0.149221
-0.149221
-0.149221
-0.149221
-0.149221
-0.149221
-0.149221
-0.149221
-0.149221
-0.149222
-0.149222
-0.149222
-0.149222
-0.149222
-0.149222
-0.149222
-0.149222
-0.14959
-0.14959
-0.14959
-0.14959
-0.14959
-0.14959
-0.14959
-0.149591
-0.149591
-0.149591
-0.149591
-0.149591
-0.149591
-0.149591
-0.149591
-0.149591
-0.149591
-0.149591
-0.149591
-0.149591
-0.14996
-0.14996
-0.14996
-0.14996
-0.14996
-0.14996
-0.14996
-0.14996
-0.14996
-0.14996
-0.14996
-0.14996
-0.14996
-0.14996
-0.14996
-0.14996
-0.14996
-0.14996
-0.14996
-0.14996
-0.150329
-0.150329
-0.150329
-0.150329
-0.150329
-0.150329
-0.150329
-0.150329
-0.150329
-0.150329
-0.150329
-0.150329
-0.15033
-0.15033
-0.15033
-0.15033
-0.15033
-0.15033
-0.15033
-0.15033
-0.150698
-0.150698
-0.150698
-0.150698
-0.150698
-0.150699
-0.150699
-0.150699
-0.150699
-0.150699
-0.150699
-0.150699
-0.150699
-0.150699
-0.150699
-0.150699
-0.150699
-0.150699
-0.150699
-0.150699
-0.151068
-0.151068
-0.151068
-0.151068
-0.151068
-0.151068
-0.151068
-0.151068
-0.151068
-0.151068
-0.151068
-0.151068
-0.151068
-0.151068
-0.151068
-0.151068
-0.151068
-0.151068
-0.151068
-0.151068
-0.151437
-0.151437
-0.151437
-0.151437
-0.151437
-0.151437
-0.151437
-0.151437
-0.151437
-0.151437
-0.151437
-0.151437
-0.151437
-0.151438
-0.151438
-0.151438
-0.151438
-0.151438
-0.151438
-0.151438
-0.151807
-0.151807
-0.151807
-0.151807
-0.151807
-0.151807
-0.151807
-0.151807
-0.151807
-0.151807
-0.151807
-0.151807
-0.151807
-0.151807
-0.151807
-0.151807
-0.151807
-0.151807
-0.151807
-0.151807
-0.152176
-0.152176
-0.152176
-0.152176
-0.152176
-0.152176
-0.152176
-0.152176
-0.152176
-0.152176
-0.152176
-0.152176
-0.152176
-0.152176
-0.152176
-0.152176
-0.152176
-0.152176
-0.152176
-0.152176
-0.152545
-0.152545
-0.152545
-0.152545
-0.152545
-0.152545
-0.152545
-0.152545
-0.152545
-0.152545
-0.152545
-0.152545
-0.152545
-0.152545
-0.152545
-0.152545
-0.152545
-0.152545
-0.152545
-0.152545
-0.152915
-0.152915
-0.152915
-0.152915
-0.152915
-0.152915
-0.152915
-0.152915
-0.152915
-0.152915
-0.152915
-0.152915
-0.152915
-0.152915
-0.152915
-0.152915
-0.152915
-0.152915
-0.152915
-0.152915
-0.153284
-0.153284
-0.153284
-0.153284
-0.153284
-0.153284
-0.153284
-0.153284
-0.153284
-0.153284
-0.153284
-0.153284
-0.153284
-0.153284
-0.153284
-0.153284
-0.153284
-0.153284
-0.153284
-0.153284
-0.153653
-0.153653
-0.153653
-0.153653
-0.153653
-0.153653
-0.153653
-0.153653
-0.153653
-0.153653
-0.153653
-0.153653
-0.153653
-0.153653
-0.153653
-0.153653
-0.153653
-0.153653
-0.153653
-0.153653
-0.154023
-0.154023
-0.154023
-0.154023
-0.154023
-0.154023
-0.154023
-0.154023
-0.154023
-0.154023
-0.154023
-0.154023
-0.154023
-0.154023
-0.154023
-0.154023
-0.154023
-0.154023
-0.154023
-0.154023
-0.154392
-0.154392
-0.154392
-0.154392
-0.154392
-0.154392
-0.154392
-0.154392
-0.154392
-0.154392
-0.154392
-0.154392
-0.154392
-0.154392
-0.154392
-0.154392
-0.154392
-0.154392
-0.154392
-0.154392
-0.154761
-0.154761
-0.154761
-0.154761
-0.154761
-0.154761
-0.154761
-0.154761
-0.154761
-0.154761
-0.154761
-0.154761
-0.154761
-0.154761
-0.154761
-0.154761
-0.154761
-0.154761
-0.154761
-0.154761
-0.155131
-0.155131
-0.155131
-0.155131
-0.155131
-0.155131
-0.155131
-0.155131
-0.155131
-0.155131
-0.155131
-0.155131
-0.155131
-0.155131
-0.155131
-0.155131
-0.155131
-0.155131
-0.155131
-0.155131
-0.1555
-0.1555
-0.1555
-0.1555
-0.1555
-0.1555
-0.1555
-0.1555
-0.1555
-0.1555
-0.1555
-0.1555
-0.1555
-0.1555
-0.1555
-0.1555
-0.1555
-0.1555
-0.1555
-0.1555
-0.155869
-0.155869
-0.155869
-0.155869
-0.155869
-0.155869
-0.155869
-0.155869
-0.155869
-0.155869
-0.155869
-0.155869
-0.155869
-0.155869
-0.155869
-0.155869
-0.155869
-0.155869
-0.155869
-0.155869
-0.156239
-0.156239
-0.156239
-0.156239
-0.156239
-0.156239
-0.156239
-0.156239
-0.156239
-0.156239
-0.156239
-0.156239
-0.156239
-0.156239
-0.156239
-0.156239
-0.156239
-0.156239
-0.156239
-0.156239
-0.156608
-0.156608
-0.156608
-0.156608
-0.156608
-0.156608
-0.156608
-0.156608
-0.156608
-0.156608
-0.156608
-0.156608
-0.156608
-0.156608
-0.156608
-0.156608
-0.156608
-0.156608
-0.156608
-0.156608
-0.156977
-0.156977
-0.156977
-0.156977
-0.156977
-0.156977
-0.156977
-0.156977
-0.156977
-0.156977
-0.156977
-0.156977
-0.156977
-0.156977
-0.156977
-0.156977
-0.156977
-0.156977
-0.156977
-0.156977
-0.157347
-0.157347
-0.157347
-0.157347
-0.157347
-0.157347
-0.157347
-0.157347
-0.157347
-0.157347
-0.157347
-0.157347
-0.157347
-0.157347
-0.157347
-0.157347
-0.157347
-0.157347
-0.157347
-0.157347
-0.157716
-0.157716
-0.157716
-0.157716
-0.157716
-0.157716
-0.157716
-0.157716
-0.157716
-0.157716
-0.157716
-0.157716
-0.157716
-0.157716
-0.157716
-0.157716
-0.157716
-0.157716
-0.157716
-0.157716
-0.158085
-0.158085
-0.158085
-0.158085
-0.158085
-0.158085
-0.158085
-0.158085
-0.158085
-0.158085
-0.158085
-0.158085
-0.158085
-0.158085
-0.158085
-0.158085
-0.158085
-0.158085
-0.158085
-0.158085
-0.158454
-0.158454
-0.158454
-0.158454
-0.158454
-0.158454
-0.158454
-0.158454
-0.158454
-0.158454
-0.158454
-0.158454
-0.158454
-0.158454
-0.158454
-0.158454
-0.158455
-0.158455
-0.158455
-0.158455
-0.158824
-0.158824
-0.158824
-0.158824
-0.158824
-0.158824
-0.158824
-0.158824
-0.158824
-0.158824
-0.158824
-0.158824
-0.158824
-0.158824
-0.158824
-0.158824
-0.158824
-0.158824
-0.158824
-0.158824
-0.159193
-0.159193
-0.159193
-0.159193
-0.159193
-0.159193
-0.159193
-0.159193
-0.159193
-0.159193
-0.159193
-0.159193
-0.159193
-0.159193
-0.159193
-0.159193
-0.159193
-0.159193
-0.159193
-0.159193
-0.159562
-0.159562
-0.159562
-0.159562
-0.159562
-0.159562
-0.159562
-0.159562
-0.159562
-0.159562
-0.159562
-0.159562
-0.159562
-0.159562
-0.159562
-0.159562
-0.159562
-0.159562
-0.159562
-0.159562
-0.159932
-0.159932
-0.159932
-0.159932
-0.159932
-0.159932
-0.159932
-0.159932
-0.159932
-0.159932
-0.159932
-0.159932
-0.159932
-0.159932
-0.159932
-0.159932
-0.159932
-0.159932
-0.159932
-0.159932
-0.160301
-0.160301
-0.160301
-0.160301
-0.160301
-0.160301
-0.160301
-0.160301
-0.160301
-0.160301
-0.160301
-0.160301
-0.160301
-0.160301
-0.160301
-0.160301
-0.160301
-0.160301
-0.160301
-0.160301
-0.16067
-0.16067
-0.16067
-0.16067
-0.16067
-0.16067
-0.16067
-0.16067
-0.16067
-0.16067
-0.16067
-0.16067
-0.16067
-0.16067
-0.16067
-0.16067
-0.16067
-0.16067
-0.16067
-0.16067
-0.16104
-0.16104
-0.16104
-0.16104
-0.16104
-0.16104
-0.16104
-0.16104
-0.16104
-0.16104
-0.16104
-0.16104
-0.16104
-0.16104
-0.16104
-0.16104
-0.16104
-0.16104
-0.16104
-0.16104
-0.161409
-0.161409
-0.161409
-0.161409
-0.161409
-0.161409
-0.161409
-0.161409
-0.161409
-0.161409
-0.161409
-0.161409
-0.161409
-0.161409
-0.161409
-0.161409
-0.161409
-0.161409
-0.161409
-0.161409
-0.161778
-0.161778
-0.161778
-0.161778
-0.161778
-0.161778
-0.161778
-0.161778
-0.161778
-0.161778
-0.161778
-0.161778
-0.161778
-0.161778
-0.161778
-0.161778
-0.161778
-0.161778
-0.161778
-0.161778
-0.162148
-0.162148
-0.162148
-0.162148
-0.162147
-0.162147
-0.162147
-0.162147
-0.162147
-0.162147
-0.162147
-0.162147
-0.162147
-0.162147
-0.162147
-0.162147
-0.162147
-0.162147
-0.162147
-0.162147
-0.162517
-0.162517
-0.162517
-0.162517
-0.162517
-0.162517
-0.162517
-0.162517
-0.162517
-0.162517
-0.162517
-0.162517
-0.162517
-0.162517
-0.162517
-0.162517
-0.162517
-0.162517
-0.162517
-0.162517
-0.162886
-0.162886
-0.162886
-0.162886
-0.162886
-0.162886
-0.162886
-0.162886
-0.162886
-0.162886
-0.162886
-0.162886
-0.162886
-0.162886
-0.162886
-0.162886
-0.162886
-0.162886
-0.162886
-0.162886
-0.163255
-0.163255
-0.163255
-0.163255
-0.163255
-0.163255
-0.163255
-0.163255
-0.163255
-0.163255
-0.163255
-0.163255
-0.163255
-0.163255
-0.163255
-0.163255
-0.163255
-0.163255
-0.163255
-0.163255
-0.163625
-0.163625
-0.163625
-0.163625
-0.163625
-0.163625
-0.163625
-0.163625
-0.163625
-0.163625
-0.163625
-0.163625
-0.163625
-0.163625
-0.163625
-0.163625
-0.163625
-0.163625
-0.163625
-0.163625
-0.163994
-0.163994
-0.163994
-0.163994
-0.163994
-0.163994
-0.163994
-0.163994
-0.163994
-0.163994
-0.163994
-0.163994
-0.163994
-0.163994
-0.163994
-0.163994
-0.163994
-0.163994
-0.163994
-0.163994
-0.164363
-0.164363
-0.164363
-0.164363
-0.164363
-0.164363
-0.164363
-0.164363
-0.164363
-0.164363
-0.164363
-0.164363
-0.164363
-0.164363
-0.164363
-0.164363
-0.164363
-0.164363
-0.164363
-0.164363
-0.164732
-0.164732
-0.164733
-0.164733
-0.164733
-0.164733
-0.164733
-0.164733
-0.164733
-0.164733
-0.164733
-0.164733
-0.164733
-0.164732
-0.164732
-0.164732
-0.164732
-0.164732
-0.164732
-0.164732
-0.165102
-0.165102
-0.165102
-0.165102
-0.165102
-0.165102
-0.165102
-0.165102
-0.165102
-0.165102
-0.165102
-0.165102
-0.165102
-0.165102
-0.165102
-0.165102
-0.165102
-0.165102
-0.165102
-0.165102
-0.165471
-0.165471
-0.165471
-0.165471
-0.165471
-0.165471
-0.165471
-0.165471
-0.165471
-0.165471
-0.165471
-0.165471
-0.165471
-0.165471
-0.165471
-0.165471
-0.165471
-0.165471
-0.165471
-0.165471
-0.16584
-0.16584
-0.16584
-0.16584
-0.16584
-0.16584
-0.16584
-0.16584
-0.16584
-0.16584
-0.16584
-0.16584
-0.16584
-0.16584
-0.16584
-0.16584
-0.16584
-0.16584
-0.16584
-0.16584
-0.16621
-0.16621
-0.16621
-0.16621
-0.16621
-0.16621
-0.16621
-0.16621
-0.16621
-0.16621
-0.16621
-0.16621
-0.16621
-0.16621
-0.16621
-0.16621
-0.16621
-0.16621
-0.16621
-0.16621
-0.166579
-0.166579
-0.166579
-0.166579
-0.166579
-0.166579
-0.166579
-0.166579
-0.166579
-0.166579
-0.166579
-0.166579
-0.166579
-0.166579
-0.166579
-0.166579
-0.166579
-0.166579
-0.166579
-0.166579
-0.166948
-0.166948
-0.166948
-0.166948
-0.166948
-0.166948
-0.166948
-0.166948
-0.166948
-0.166948
-0.166948
-0.166948
-0.166948
-0.166948
-0.166948
-0.166948
-0.166948
-0.166948
-0.166948
-0.166948
-0.167318
-0.167318
-0.167318
-0.167318
-0.167318
-0.167318
-0.167318
-0.167318
-0.167318
-0.167318
-0.167318
-0.167318
-0.167317
-0.167317
-0.167317
-0.167317
-0.167317
-0.167317
-0.167317
-0.167317
-0.167687
-0.167687
-0.167687
-0.167687
-0.167687
-0.167687
-0.167687
-0.167687
-0.167687
-0.167687
-0.167687
-0.167687
-0.167687
-0.167687
-0.167687
-0.167687
-0.167687
-0.167687
-0.167687
-0.167687
-0.168056
-0.168056
-0.168056
-0.168056
-0.168056
-0.168056
-0.168056
-0.168056
-0.168056
-0.168056
-0.168056
-0.168056
-0.168056
-0.168056
-0.168056
-0.168056
-0.168056
-0.168056
-0.168056
-0.168056
-0.168425
-0.168425
-0.168425
-0.168425
-0.168425
-0.168425
-0.168425
-0.168425
-0.168425
-0.168425
-0.168425
-0.168425
-0.168425
-0.168425
-0.168425
-0.168425
-0.168425
-0.168425
-0.168425
-0.168425
-0.168795
-0.168795
-0.168795
-0.168795
-0.168795
-0.168795
-0.168795
-0.168795
-0.168795
-0.168795
-0.168795
-0.168795
-0.168795
-0.168795
-0.168795
-0.168795
-0.168795
-0.168795
-0.168795
-0.168795
-0.169164
-0.169164
-0.169164
-0.169164
-0.169164
-0.169164
-0.169164
-0.169164
-0.169164
-0.169164
-0.169164
-0.169164
-0.169164
-0.169164
-0.169164
-0.169164
-0.169164
-0.169164
-0.169164
-0.169164
-0.169533
-0.169533
-0.169533
-0.169533
-0.169533
-0.169533
-0.169533
-0.169533
-0.169533
-0.169533
-0.169533
-0.169533
-0.169533
-0.169533
-0.169533
-0.169533
-0.169533
-0.169533
-0.169533
-0.169533
-0.169903
-0.169903
-0.169903
-0.169903
-0.169903
-0.169902
-0.169902
-0.169902
-0.169902
-0.169902
-0.169902
-0.169902
-0.169902
-0.169902
-0.169902
-0.169902
-0.169902
-0.169902
-0.169902
-0.169902
-0.170272
-0.170272
-0.170272
-0.170272
-0.170272
-0.170272
-0.170272
-0.170272
-0.170272
-0.170272
-0.170272
-0.170272
-0.170272
-0.170272
-0.170272
-0.170272
-0.170272
-0.170272
-0.170272
-0.170272
-0.170641
-0.170641
-0.170641
-0.170641
-0.170641
-0.170641
-0.170641
-0.170641
-0.170641
-0.170641
-0.170641
-0.170641
-0.170641
-0.170641
-0.170641
-0.170641
-0.170641
-0.170641
-0.170641
-0.170641
-0.17101
-0.17101
-0.17101
-0.17101
-0.17101
-0.17101
-0.17101
-0.17101
-0.17101
-0.17101
-0.17101
-0.17101
-0.17101
-0.17101
-0.17101
-0.17101
-0.17101
-0.17101
-0.17101
-0.17101
-0.17138
-0.17138
-0.17138
-0.17138
-0.17138
-0.17138
-0.17138
-0.17138
-0.17138
-0.17138
-0.17138
-0.17138
-0.17138
-0.17138
-0.17138
-0.17138
-0.17138
-0.17138
-0.17138
-0.17138
-0.171749
-0.171749
-0.171749
-0.171749
-0.171749
-0.171749
-0.171749
-0.171749
-0.171749
-0.171749
-0.171749
-0.171749
-0.171749
-0.171749
-0.171749
-0.171749
-0.171749
-0.171749
-0.171749
-0.171749
-0.172118
-0.172118
-0.172118
-0.172118
-0.172118
-0.172118
-0.172118
-0.172118
-0.172118
-0.172118
-0.172118
-0.172118
-0.172118
-0.172118
-0.172118
-0.172118
-0.172118
-0.172118
-0.172118
-0.172118
-0.172487
-0.172487
-0.172487
-0.172487
-0.172487
-0.172487
-0.172487
-0.172487
-0.172487
-0.172487
-0.172487
-0.172487
-0.172487
-0.172487
-0.172487
-0.172487
-0.172487
-0.172487
-0.172487
-0.172487
-0.172857
-0.172857
-0.172857
-0.172857
-0.172857
-0.172857
-0.172857
-0.172857
-0.172857
-0.172857
-0.172857
-0.172857
-0.172857
-0.172857
-0.172857
-0.172857
-0.172857
-0.172857
-0.172857
-0.172857
-0.173226
-0.173226
-0.173226
-0.173226
-0.173226
-0.173226
-0.173226
-0.173226
-0.173226
-0.173226
-0.173226
-0.173226
-0.173226
-0.173226
-0.173226
-0.173226
-0.173226
-0.173226
-0.173226
-0.173226
-0.173595
-0.173595
-0.173595
-0.173595
-0.173595
-0.173595
-0.173595
-0.173595
-0.173595
-0.173595
-0.173595
-0.173595
-0.173595
-0.173595
-0.173595
-0.173595
-0.173595
-0.173595
-0.173595
-0.173595
-0.173965
-0.173965
-0.173965
-0.173965
-0.173965
-0.173965
-0.173965
-0.173965
-0.173965
-0.173965
-0.173965
-0.173965
-0.173965
-0.173965
-0.173965
-0.173965
-0.173965
-0.173965
-0.173965
-0.173965
-0.174334
-0.174334
-0.174334
-0.174334
-0.174334
-0.174334
-0.174334
-0.174334
-0.174334
-0.174334
-0.174334
-0.174334
-0.174334
-0.174334
-0.174334
-0.174334
-0.174334
-0.174334
-0.174334
-0.174334
-0.174703
-0.174703
-0.174703
-0.174703
-0.174703
-0.174703
-0.174703
-0.174703
-0.174703
-0.174703
-0.174703
-0.174703
-0.174703
-0.174703
-0.174703
-0.174703
-0.174703
-0.174703
-0.174703
-0.174703
-0.175072
-0.175072
-0.175072
-0.175072
-0.175072
-0.175072
-0.175072
-0.175072
-0.175072
-0.175072
-0.175072
-0.175072
-0.175072
-0.175072
-0.175072
-0.175072
-0.175072
-0.175072
-0.175072
-0.175072
-0.175442
-0.175442
-0.175442
-0.175442
-0.175442
-0.175442
-0.175442
-0.175442
-0.175442
-0.175442
-0.175442
-0.175442
-0.175442
-0.175442
-0.175442
-0.175442
-0.175442
-0.175442
-0.175442
-0.175442
-0.175811
-0.175811
-0.175811
-0.175811
-0.175811
-0.175811
-0.175811
-0.175811
-0.175811
-0.175811
-0.175811
-0.175811
-0.175811
-0.175811
-0.175811
-0.175811
-0.175811
-0.175811
-0.175811
-0.175811
-0.17618
-0.17618
-0.17618
-0.17618
-0.17618
-0.17618
-0.17618
-0.17618
-0.17618
-0.17618
-0.17618
-0.17618
-0.17618
-0.17618
-0.17618
-0.17618
-0.17618
-0.17618
-0.17618
-0.17618
-0.17655
-0.17655
-0.17655
-0.17655
-0.17655
-0.17655
-0.17655
-0.17655
-0.17655
-0.17655
-0.17655
-0.17655
-0.17655
-0.17655
-0.17655
-0.17655
-0.17655
-0.17655
-0.17655
-0.17655
-0.176919
-0.176919
-0.176919
-0.176919
-0.176919
-0.176919
-0.176919
-0.176919
-0.176919
-0.176919
-0.176919
-0.176919
-0.176919
-0.176919
-0.176919
-0.176919
-0.176919
-0.176919
-0.176919
-0.176919
-0.177288
-0.177288
-0.177288
-0.177288
-0.177288
-0.177288
-0.177288
-0.177288
-0.177288
-0.177288
-0.177288
-0.177288
-0.177288
-0.177288
-0.177288
-0.177288
-0.177288
-0.177288
-0.177288
-0.177288
-0.177657
-0.177657
-0.177657
-0.177657
-0.177657
-0.177657
-0.177657
-0.177657
-0.177657
-0.177657
-0.177657
-0.177657
-0.177657
-0.177657
-0.177657
-0.177657
-0.177657
-0.177657
-0.177657
-0.177657
-0.178027
-0.178027
-0.178027
-0.178027
-0.178027
-0.178027
-0.178027
-0.178027
-0.178027
-0.178027
-0.178027
-0.178027
-0.178027
-0.178027
-0.178027
-0.178027
-0.178027
-0.178027
-0.178027
-0.178027
-0.178396
-0.178396
-0.178396
-0.178396
-0.178396
-0.178396
-0.178396
-0.178396
-0.178396
-0.178396
-0.178396
-0.178396
-0.178396
-0.178396
-0.178396
-0.178396
-0.178396
-0.178396
-0.178396
-0.178396
-0.178765
-0.178765
-0.178765
-0.178765
-0.178765
-0.178765
-0.178765
-0.178765
-0.178765
-0.178765
-0.178765
-0.178765
-0.178765
-0.178765
-0.178765
-0.178765
-0.178765
-0.178765
-0.178765
-0.178765
-0.179135
-0.179135
-0.179135
-0.179135
-0.179135
-0.179135
-0.179135
-0.179135
-0.179135
-0.179135
-0.179135
-0.179135
-0.179135
-0.179135
-0.179135
-0.179135
-0.179135
-0.179135
-0.179135
-0.179135
-0.179504
-0.179504
-0.179504
-0.179504
-0.179504
-0.179504
-0.179504
-0.179504
-0.179504
-0.179504
-0.179504
-0.179504
-0.179504
-0.179504
-0.179504
-0.179504
-0.179504
-0.179504
-0.179504
-0.179504
-0.179873
-0.179873
-0.179873
-0.179873
-0.179873
-0.179873
-0.179873
-0.179873
-0.179873
-0.179873
-0.179873
-0.179873
-0.179873
-0.179873
-0.179873
-0.179873
-0.179873
-0.179873
-0.179873
-0.179873
-0.180242
-0.180242
-0.180242
-0.180242
-0.180242
-0.180242
-0.180242
-0.180242
-0.180242
-0.180242
-0.180242
-0.180242
-0.180242
-0.180242
-0.180242
-0.180242
-0.180242
-0.180242
-0.180242
-0.180242
-0.180612
-0.180612
-0.180612
-0.180612
-0.180612
-0.180612
-0.180612
-0.180612
-0.180612
-0.180612
-0.180612
-0.180612
-0.180612
-0.180612
-0.180612
-0.180612
-0.180612
-0.180612
-0.180612
-0.180612
-0.180981
-0.180981
-0.180981
-0.180981
-0.180981
-0.180981
-0.180981
-0.180981
-0.180981
-0.180981
-0.180981
-0.180981
-0.180981
-0.180981
-0.180981
-0.180981
-0.180981
-0.180981
-0.180981
-0.180981
-0.18135
-0.18135
-0.18135
-0.18135
-0.18135
-0.18135
-0.18135
-0.18135
-0.18135
-0.18135
-0.18135
-0.18135
-0.18135
-0.18135
-0.18135
-0.18135
-0.18135
-0.18135
-0.18135
-0.18135
-0.181719
-0.181719
-0.181719
-0.18172
-0.18172
-0.18172
-0.18172
-0.18172
-0.18172
-0.18172
-0.18172
-0.18172
-0.18172
-0.18172
-0.18172
-0.18172
-0.18172
-0.18172
-0.18172
-0.18172
-0.182089
-0.182089
-0.182089
-0.182089
-0.182089
-0.182089
-0.182089
-0.182089
-0.182089
-0.182089
-0.182089
-0.182089
-0.182089
-0.182089
-0.182089
-0.182089
-0.182089
-0.182089
-0.182089
-0.182089
-0.182458
-0.182458
-0.182458
-0.182458
-0.182458
-0.182458
-0.182458
-0.182458
-0.182458
-0.182458
-0.182458
-0.182458
-0.182458
-0.182458
-0.182458
-0.182458
-0.182458
-0.182458
-0.182458
-0.182458
-0.182827
-0.182827
-0.182827
-0.182827
-0.182827
-0.182827
-0.182827
-0.182827
-0.182827
-0.182827
-0.182827
-0.182827
-0.182827
-0.182827
-0.182827
-0.182827
-0.182827
-0.182827
-0.182827
-0.182827
-0.183197
-0.183197
-0.183197
-0.183197
-0.183197
-0.183197
-0.183197
-0.183197
-0.183197
-0.183197
-0.183197
-0.183197
-0.183197
-0.183197
-0.183197
-0.183197
-0.183197
-0.183197
-0.183197
-0.183197
-0.183566
-0.183566
-0.183566
-0.183566
-0.183566
-0.183566
-0.183566
-0.183566
-0.183566
-0.183566
-0.183566
-0.183566
-0.183566
-0.183566
-0.183566
-0.183566
-0.183566
-0.183566
-0.183566
-0.183566
-0.183935
-0.183935
-0.183935
-0.183935
-0.183935
-0.183935
-0.183935
-0.183935
-0.183935
-0.183935
-0.183935
-0.183935
-0.183935
-0.183935
-0.183935
-0.183935
-0.183935
-0.183935
-0.183935
-0.183935
-0.184305
-0.184305
-0.184305
-0.184305
-0.184305
-0.184305
-0.184305
-0.184305
-0.184305
-0.184305
-0.184305
-0.184305
-0.184305
-0.184305
-0.184305
-0.184305
-0.184305
-0.184305
-0.184305
-0.184305
-0.184674
-0.184674
-0.184674
-0.184674
-0.184674
-0.184674
-0.184674
-0.184674
-0.184674
-0.184674
-0.184674
-0.184674
-0.184674
-0.184674
-0.184674
-0.184674
-0.184674
-0.184674
-0.184674
-0.184674
-0.185043
-0.185043
-0.185043
-0.185043
-0.185043
-0.185043
-0.185043
-0.185043
-0.185043
-0.185043
-0.185043
-0.185043
-0.185043
-0.185043
-0.185043
-0.185043
-0.185043
-0.185043
-0.185043
-0.185043
-0.185413
-0.185413
-0.185413
-0.185413
-0.185413
-0.185413
-0.185413
-0.185413
-0.185413
-0.185413
-0.185413
-0.185413
-0.185413
-0.185413
-0.185413
-0.185413
-0.185413
-0.185413
-0.185413
-0.185413
-0.185782
-0.185782
-0.185782
-0.185782
-0.185782
-0.185782
-0.185782
-0.185782
-0.185782
-0.185782
-0.185782
-0.185782
-0.185782
-0.185782
-0.185782
-0.185782
-0.185782
-0.185782
-0.185782
-0.185782
-0.186151
-0.186151
-0.186151
-0.186151
-0.186151
-0.186151
-0.186151
-0.186151
-0.186151
-0.186151
-0.186151
-0.186151
-0.186151
-0.186151
-0.186151
-0.186151
-0.186151
-0.186151
-0.186151
-0.186151
-0.186521
-0.186521
-0.186521
-0.186521
-0.186521
-0.186521
-0.186521
-0.186521
-0.186521
-0.186521
-0.18652
-0.18652
-0.18652
-0.18652
-0.18652
-0.18652
-0.18652
-0.18652
-0.18652
-0.18652
-0.18689
-0.18689
-0.18689
-0.18689
-0.18689
-0.18689
-0.18689
-0.18689
-0.18689
-0.18689
-0.18689
-0.18689
-0.18689
-0.18689
-0.18689
-0.18689
-0.18689
-0.18689
-0.18689
-0.18689
-0.187259
-0.187259
-0.187259
-0.187259
-0.187259
-0.187259
-0.187259
-0.187259
-0.187259
-0.187259
-0.187259
-0.187259
-0.187259
-0.187259
-0.187259
-0.187259
-0.187259
-0.187259
-0.187259
-0.187259
-0.187628
-0.187628
-0.187628
-0.187628
-0.187628
-0.187628
-0.187628
-0.187628
-0.187628
-0.187628
-0.187628
-0.187628
-0.187628
-0.187628
-0.187628
-0.187628
-0.187628
-0.187628
-0.187628
-0.187628
-0.187998
-0.187998
-0.187998
-0.187998
-0.187998
-0.187998
-0.187998
-0.187998
-0.187998
-0.187998
-0.187998
-0.187998
-0.187998
-0.187998
-0.187998
-0.187998
-0.187998
-0.187998
-0.187998
-0.187998
-0.188367
-0.188367
-0.188367
-0.188367
-0.188367
-0.188367
-0.188367
-0.188367
-0.188367
-0.188367
-0.188367
-0.188367
-0.188367
-0.188367
-0.188367
-0.188367
-0.188367
-0.188367
-0.188367
-0.188367
-0.188736
-0.188736
-0.188736
-0.188736
-0.188736
-0.188736
-0.188736
-0.188736
-0.188736
-0.188736
-0.188736
-0.188736
-0.188736
-0.188736
-0.188736
-0.188736
-0.188736
-0.188736
-0.188736
-0.188736
-0.189106
-0.189106
-0.189106
-0.189106
-0.189106
-0.189106
-0.189106
-0.189106
-0.189106
-0.189106
-0.189106
-0.189106
-0.189106
-0.189106
-0.189106
-0.189106
-0.189106
-0.189106
-0.189106
-0.189106
-0.189475
-0.189475
-0.189475
-0.189475
-0.189475
-0.189475
-0.189475
-0.189475
-0.189475
-0.189475
-0.189475
-0.189475
-0.189475
-0.189475
-0.189475
-0.189475
-0.189475
-0.189475
-0.189475
-0.189475
-0.189844
-0.189844
-0.189844
-0.189844
-0.189844
-0.189844
-0.189844
-0.189844
-0.189844
-0.189844
-0.189844
-0.189844
-0.189844
-0.189844
-0.189844
-0.189844
-0.189844
-0.189844
-0.189844
-0.189844
-0.190214
-0.190214
-0.190214
-0.190214
-0.190214
-0.190214
-0.190214
-0.190214
-0.190214
-0.190214
-0.190214
-0.190214
-0.190214
-0.190214
-0.190214
-0.190214
-0.190214
-0.190214
-0.190214
-0.190214
-0.190583
-0.190583
-0.190583
-0.190583
-0.190583
-0.190583
-0.190583
-0.190583
-0.190583
-0.190583
-0.190583
-0.190583
-0.190583
-0.190583
-0.190583
-0.190583
-0.190583
-0.190583
-0.190583
-0.190583
-0.190952
-0.190952
-0.190952
-0.190952
-0.190952
-0.190952
-0.190952
-0.190952
-0.190952
-0.190952
-0.190952
-0.190952
-0.190952
-0.190952
-0.190952
-0.190952
-0.190952
-0.190952
-0.190952
-0.190952
-0.191322
-0.191322
-0.191322
-0.191322
-0.191322
-0.191322
-0.191322
-0.191322
-0.191322
-0.191322
-0.191322
-0.191322
-0.191322
-0.191322
-0.191322
-0.191322
-0.191322
-0.191322
-0.191322
-0.191322
-0.191691
-0.191691
-0.191691
-0.191691
-0.191691
-0.191691
-0.191691
-0.191691
-0.191691
-0.191691
-0.191691
-0.191691
-0.191691
-0.191691
-0.191691
-0.191691
-0.191691
-0.191691
-0.191691
-0.191691
-0.19206
-0.19206
-0.19206
-0.19206
-0.19206
-0.19206
-0.19206
-0.19206
-0.19206
-0.19206
-0.19206
-0.19206
-0.19206
-0.19206
-0.19206
-0.19206
-0.19206
-0.19206
-0.19206
-0.19206
-0.192429
-0.192429
-0.192429
-0.192429
-0.192429
-0.192429
-0.192429
-0.192429
-0.192429
-0.192429
-0.192429
-0.192429
-0.192429
-0.192429
-0.192429
-0.192429
-0.192429
-0.192429
-0.192429
-0.192429
-0.192799
-0.192799
-0.192799
-0.192799
-0.192799
-0.192799
-0.192799
-0.192799
-0.192799
-0.192799
-0.192799
-0.192799
-0.192799
-0.192799
-0.192799
-0.192799
-0.192799
-0.192799
-0.192799
-0.192799
-0.193168
-0.193168
-0.193168
-0.193168
-0.193168
-0.193168
-0.193168
-0.193168
-0.193168
-0.193168
-0.193168
-0.193168
-0.193168
-0.193168
-0.193168
-0.193168
-0.193168
-0.193168
-0.193168
-0.193168
-0.193537
-0.193537
-0.193537
-0.193537
-0.193537
-0.193537
-0.193537
-0.193537
-0.193537
-0.193537
-0.193537
-0.193537
-0.193537
-0.193537
-0.193537
-0.193537
-0.193537
-0.193537
-0.193537
-0.193537
-0.193907
-0.193907
-0.193907
-0.193907
-0.193907
-0.193907
-0.193907
-0.193907
-0.193907
-0.193907
-0.193907
-0.193907
-0.193907
-0.193907
-0.193907
-0.193907
-0.193907
-0.193907
-0.193907
-0.193907
-0.194276
-0.194276
-0.194276
-0.194276
-0.194276
-0.194276
-0.194276
-0.194276
-0.194276
-0.194276
-0.194276
-0.194276
-0.194276
-0.194276
-0.194276
-0.194276
-0.194276
-0.194276
-0.194276
-0.194276
-0.194645
-0.194645
-0.194645
-0.194645
-0.194645
-0.194645
-0.194645
-0.194645
-0.194645
-0.194645
-0.194645
-0.194645
-0.194645
-0.194645
-0.194645
-0.194645
-0.194645
-0.194645
-0.194645
-0.194645
-0.195015
-0.195015
-0.195015
-0.195015
-0.195015
-0.195015
-0.195015
-0.195015
-0.195015
-0.195015
-0.195015
-0.195015
-0.195015
-0.195015
-0.195015
-0.195015
-0.195015
-0.195015
-0.195015
-0.195015
-0.195384
-0.195384
-0.195384
-0.195384
-0.195384
-0.195384
-0.195384
-0.195384
-0.195384
-0.195384
-0.195384
-0.195384
-0.195384
-0.195384
-0.195384
-0.195384
-0.195384
-0.195384
-0.195384
-0.195384
-0.195753
-0.195753
-0.195753
-0.195753
-0.195753
-0.195753
-0.195753
-0.195753
-0.195753
-0.195753
-0.195753
-0.195753
-0.195753
-0.195753
-0.195753
-0.195753
-0.195753
-0.195753
-0.195753
-0.195753
-0.196122
-0.196122
-0.196122
-0.196122
-0.196122
-0.196122
-0.196122
-0.196122
-0.196122
-0.196122
-0.196122
-0.196123
-0.196123
-0.196123
-0.196123
-0.196123
-0.196123
-0.196123
-0.196123
-0.196123
-0.196492
-0.196492
-0.196492
-0.196492
-0.196492
-0.196492
-0.196492
-0.196492
-0.196492
-0.196492
-0.196492
-0.196492
-0.196492
-0.196492
-0.196492
-0.196492
-0.196492
-0.196492
-0.196492
-0.196492
-0.196861
-0.196861
-0.196861
-0.196861
-0.196861
-0.196861
-0.196861
-0.196861
-0.196861
-0.196861
-0.196861
-0.196861
-0.196861
-0.196861
-0.196861
-0.196861
-0.196861
-0.196861
-0.196861
-0.196861
-0.19723
-0.19723
-0.19723
-0.19723
-0.19723
-0.19723
-0.19723
-0.19723
-0.19723
-0.19723
-0.19723
-0.19723
-0.19723
-0.19723
-0.19723
-0.19723
-0.19723
-0.19723
-0.19723
-0.19723
-0.1976
-0.1976
-0.1976
-0.1976
-0.1976
-0.1976
-0.1976
-0.1976
-0.1976
-0.1976
-0.1976
-0.1976
-0.1976
-0.1976
-0.1976
-0.1976
-0.1976
-0.1976
-0.1976
-0.1976
-0.197969
-0.197969
-0.197969
-0.197969
-0.197969
-0.197969
-0.197969
-0.197969
-0.197969
-0.197969
-0.197969
-0.197969
-0.197969
-0.197969
-0.197969
-0.197969
-0.197969
-0.197969
-0.197969
-0.197969
-0.198338
-0.198338
-0.198338
-0.198338
-0.198338
-0.198338
-0.198338
-0.198338
-0.198338
-0.198338
-0.198338
-0.198338
-0.198338
-0.198338
-0.198338
-0.198338
-0.198338
-0.198338
-0.198338
-0.198338
-0.198708
-0.198708
-0.198708
-0.198707
-0.198707
-0.198707
-0.198707
-0.198707
-0.198707
-0.198707
-0.198707
-0.198707
-0.198707
-0.198707
-0.198707
-0.198707
-0.198707
-0.198707
-0.198707
-0.198707
-0.199077
-0.199077
-0.199077
-0.199077
-0.199077
-0.199077
-0.199077
-0.199077
-0.199077
-0.199077
-0.199077
-0.199077
-0.199077
-0.199077
-0.199077
-0.199077
-0.199077
-0.199077
-0.199077
-0.199077
-0.199446
-0.199446
-0.199446
-0.199446
-0.199446
-0.199446
-0.199446
-0.199446
-0.199446
-0.199446
-0.199446
-0.199446
-0.199446
-0.199446
-0.199446
-0.199446
-0.199446
-0.199446
-0.199446
-0.199446
-0.199815
-0.199815
-0.199815
-0.199815
-0.199815
-0.199815
-0.199815
-0.199815
-0.199815
-0.199815
-0.199815
-0.199815
-0.199815
-0.199815
-0.199815
-0.199815
-0.199815
-0.199815
-0.199815
-0.199815
)
;

boundaryField
{
    inlet
    {
        type            calculated;
        value           uniform 0;
    }
    atmosphere
    {
        type            calculated;
        value           nonuniform List<scalar> 
20
(
-0.2
-0.2
-0.2
-0.2
-0.2
-0.2
-0.2
-0.2
-0.2
-0.2
-0.2
-0.2
-0.2
-0.2
-0.2
-0.2
-0.2
-0.2
-0.2
-0.2
)
;
    }
    walls
    {
        type            calculated;
        value           nonuniform List<scalar> 
800
(
-0.243131
-0.729392
-1.21565
-1.70191
-2.18818
-2.67444
-3.1607
-3.64696
-4.13322
-4.61948
-5.10575
-5.59201
-6.07827
-6.56453
-7.05079
-7.53706
-8.02332
-8.50958
-8.99584
-9.4821
-9.96836
-10.4546
-10.9409
-11.4272
-11.9134
-12.3997
-12.8859
-13.3722
-13.8585
-14.3447
-14.831
-15.3172
-15.8035
-16.2898
-16.776
-17.2623
-17.7486
-18.2348
-18.7211
-19.2073
-19.6936
-20.1799
-20.6661
-21.1524
-21.6386
-22.1249
-22.6112
-23.0974
-23.5837
-24.07
-24.5562
-25.0425
-25.5287
-26.015
-26.5013
-26.9875
-27.4738
-27.96
-28.4463
-28.9326
-29.4188
-29.9051
-30.3914
-30.8776
-31.3639
-31.8501
-32.3364
-32.8227
-33.3089
-33.7952
-34.2814
-34.7677
-35.254
-35.7402
-36.2265
-36.7128
-37.199
-37.6853
-38.1715
-38.6578
-39.1441
-39.6303
-40.1166
-40.6029
-41.0891
-41.5754
-42.0616
-42.5479
-43.0342
-43.5204
-44.0067
-44.4929
-44.9792
-45.4655
-45.9517
-46.438
-46.9243
-47.4105
-47.8968
-48.383
-48.8693
-49.3556
-49.8418
-50.3281
-50.8143
-51.3006
-51.7869
-52.2731
-52.7594
-53.2457
-53.7319
-54.2182
-54.7045
-55.1907
-55.677
-56.1632
-56.6495
-57.1358
-57.622
-58.1083
-58.5946
-59.0809
-59.5671
-60.0534
-60.5397
-61.026
-61.5123
-61.9985
-62.4848
-62.9711
-63.4574
-63.9438
-64.4301
-64.9164
-65.4028
-65.8891
-66.3755
-66.8619
-67.3483
-67.8347
-68.3212
-68.8077
-69.2943
-69.7809
-70.2675
-70.7542
-71.241
-71.7279
-72.2149
-72.702
-73.1893
-73.6767
-74.1644
-74.6522
-75.1404
-75.6289
-76.1178
-76.6072
-77.0957
-77.5866
-78.0797
-78.5718
-79.0116
-79.5381
-80.0383
-80.5464
-81.0468
-81.5427
-82.0511
-82.5551
-83.0612
-83.5726
-84.0876
-84.6063
-85.1291
-85.6558
-86.1863
-86.7216
-87.2642
-87.7968
-88.3265
-88.9946
-89.5282
-90.252
-90.8134
-91.3656
-91.8766
-92.2914
-92.577
-92.7383
-92.9549
-93.6705
-94.8413
-98.3161
-46.0681
-31.4966
-0.77965
-0.547523
-0.0807856
-0.0994569
-0.109041
-0.114237
-0.117418
-0.119643
-0.121336
-0.122729
-0.123917
-0.124961
-0.125894
-0.126743
-0.127523
-0.128247
-0.128918
-0.129551
-0.130149
-0.130715
-0.131254
-0.131769
-0.132263
-0.132739
-0.1332
-0.133647
-0.134082
-0.134507
-0.134924
-0.135333
-0.135737
-0.136135
-0.136529
-0.136919
-0.137306
-0.13769
-0.138071
-0.138451
-0.13883
-0.139207
-0.139582
-0.139957
-0.140331
-0.140704
-0.141077
-0.141449
-0.141821
-0.142192
-0.142563
-0.142934
-0.143305
-0.143675
-0.144045
-0.144416
-0.144786
-0.145155
-0.145525
-0.145895
-0.146265
-0.146634
-0.147004
-0.147373
-0.147743
-0.148112
-0.148482
-0.148851
-0.149221
-0.14959
-0.14996
-0.150329
-0.150698
-0.151068
-0.151437
-0.151807
-0.152176
-0.152545
-0.152915
-0.153284
-0.153653
-0.154023
-0.154392
-0.154761
-0.155131
-0.1555
-0.155869
-0.156239
-0.156608
-0.156977
-0.157347
-0.157716
-0.158085
-0.158454
-0.158824
-0.159193
-0.159562
-0.159932
-0.160301
-0.16067
-0.16104
-0.161409
-0.161778
-0.162148
-0.162517
-0.162886
-0.163255
-0.163625
-0.163994
-0.164363
-0.164732
-0.165102
-0.165471
-0.16584
-0.16621
-0.166579
-0.166948
-0.167318
-0.167687
-0.168056
-0.168425
-0.168795
-0.169164
-0.169533
-0.169903
-0.170272
-0.170641
-0.17101
-0.17138
-0.171749
-0.172118
-0.172487
-0.172857
-0.173226
-0.173595
-0.173965
-0.174334
-0.174703
-0.175072
-0.175442
-0.175811
-0.17618
-0.17655
-0.176919
-0.177288
-0.177657
-0.178027
-0.178396
-0.178765
-0.179135
-0.179504
-0.179873
-0.180242
-0.180612
-0.180981
-0.18135
-0.181719
-0.182089
-0.182458
-0.182827
-0.183197
-0.183566
-0.183935
-0.184305
-0.184674
-0.185043
-0.185413
-0.185782
-0.186151
-0.186521
-0.18689
-0.187259
-0.187628
-0.187998
-0.188367
-0.188736
-0.189106
-0.189475
-0.189844
-0.190214
-0.190583
-0.190952
-0.191322
-0.191691
-0.19206
-0.192429
-0.192799
-0.193168
-0.193537
-0.193907
-0.194276
-0.194645
-0.195015
-0.195384
-0.195753
-0.196122
-0.196492
-0.196861
-0.19723
-0.1976
-0.197969
-0.198338
-0.198708
-0.199077
-0.199446
-0.199815
-0.243131
-0.729393
-1.21565
-1.70192
-2.18818
-2.67444
-3.1607
-3.64696
-4.13323
-4.61949
-5.10575
-5.59201
-6.07827
-6.56453
-7.05079
-7.53706
-8.02332
-8.50958
-8.99584
-9.4821
-9.96836
-10.4546
-10.9409
-11.4271
-11.9134
-12.3997
-12.8859
-13.3722
-13.8585
-14.3447
-14.831
-15.3172
-15.8035
-16.2898
-16.776
-17.2623
-17.7486
-18.2348
-18.7211
-19.2073
-19.6936
-20.1799
-20.6661
-21.1524
-21.6386
-22.1249
-22.6112
-23.0974
-23.5837
-24.07
-24.5562
-25.0425
-25.5287
-26.015
-26.5013
-26.9875
-27.4738
-27.96
-28.4463
-28.9326
-29.4188
-29.9051
-30.3914
-30.8776
-31.3639
-31.8501
-32.3364
-32.8227
-33.3089
-33.7952
-34.2814
-34.7677
-35.254
-35.7402
-36.2265
-36.7128
-37.199
-37.6853
-38.1715
-38.6578
-39.1441
-39.6303
-40.1166
-40.6029
-41.0891
-41.5754
-42.0616
-42.5479
-43.0342
-43.5204
-44.0067
-44.4929
-44.9792
-45.4655
-45.9517
-46.438
-46.9242
-47.4105
-47.8968
-48.383
-48.8693
-49.3556
-49.8418
-50.3281
-50.8143
-51.3006
-51.7869
-52.2731
-52.7594
-53.2456
-53.7319
-54.2182
-54.7044
-55.1907
-55.6769
-56.1632
-56.6494
-57.1357
-57.622
-58.1082
-58.5945
-59.0807
-59.567
-60.0532
-60.5395
-61.0257
-61.5119
-61.9982
-62.4844
-62.9706
-63.4568
-63.943
-64.4293
-64.9154
-65.4016
-65.8878
-66.3739
-66.8601
-67.3462
-67.8323
-68.3183
-68.8043
-69.2903
-69.7762
-70.2621
-70.7479
-71.2336
-71.7192
-72.2048
-72.6902
-73.1754
-73.6605
-74.1454
-74.6301
-75.1145
-75.5986
-76.0825
-76.5659
-77.0475
-77.5302
-78.0138
-78.4949
-78.9221
-79.4326
-79.9156
-80.4031
-80.8792
-81.3468
-81.8221
-82.2877
-82.749
-83.2082
-83.6623
-84.1102
-84.5504
-84.9811
-85.3999
-85.805
-86.1954
-86.5503
-86.8668
-87.2591
-87.5128
-87.9172
-88.1045
-88.2361
-88.2793
-88.1836
-87.9137
-87.384
-87.4369
-86.8191
-89.4041
-91.7434
-49.6551
-39.2051
-3.57755
-0.372097
-0.05946
-0.103338
-0.127895
-0.135481
-0.136957
-0.136598
-0.135742
-0.134858
-0.134116
-0.133554
-0.133151
-0.132885
-0.132729
-0.132664
-0.132668
-0.132734
-0.132852
-0.13301
-0.133202
-0.133422
-0.133665
-0.133928
-0.134207
-0.1345
-0.134805
-0.13512
-0.135443
-0.135773
-0.136109
-0.13645
-0.136796
-0.137145
-0.137497
-0.137852
-0.138209
-0.138568
-0.138929
-0.13929
-0.139653
-0.140017
-0.140382
-0.140748
-0.141114
-0.14148
-0.141847
-0.142215
-0.142583
-0.14295
-0.143319
-0.143687
-0.144055
-0.144424
-0.144793
-0.145162
-0.14553
-0.145899
-0.146268
-0.146638
-0.147007
-0.147376
-0.147745
-0.148114
-0.148483
-0.148853
-0.149222
-0.149591
-0.14996
-0.15033
-0.150699
-0.151068
-0.151438
-0.151807
-0.152176
-0.152545
-0.152915
-0.153284
-0.153653
-0.154023
-0.154392
-0.154761
-0.155131
-0.1555
-0.155869
-0.156239
-0.156608
-0.156977
-0.157347
-0.157716
-0.158085
-0.158455
-0.158824
-0.159193
-0.159562
-0.159932
-0.160301
-0.16067
-0.16104
-0.161409
-0.161778
-0.162147
-0.162517
-0.162886
-0.163255
-0.163625
-0.163994
-0.164363
-0.164732
-0.165102
-0.165471
-0.16584
-0.16621
-0.166579
-0.166948
-0.167317
-0.167687
-0.168056
-0.168425
-0.168795
-0.169164
-0.169533
-0.169902
-0.170272
-0.170641
-0.17101
-0.17138
-0.171749
-0.172118
-0.172487
-0.172857
-0.173226
-0.173595
-0.173965
-0.174334
-0.174703
-0.175072
-0.175442
-0.175811
-0.17618
-0.17655
-0.176919
-0.177288
-0.177657
-0.178027
-0.178396
-0.178765
-0.179135
-0.179504
-0.179873
-0.180242
-0.180612
-0.180981
-0.18135
-0.18172
-0.182089
-0.182458
-0.182827
-0.183197
-0.183566
-0.183935
-0.184305
-0.184674
-0.185043
-0.185413
-0.185782
-0.186151
-0.18652
-0.18689
-0.187259
-0.187628
-0.187998
-0.188367
-0.188736
-0.189106
-0.189475
-0.189844
-0.190214
-0.190583
-0.190952
-0.191322
-0.191691
-0.19206
-0.192429
-0.192799
-0.193168
-0.193537
-0.193907
-0.194276
-0.194645
-0.195015
-0.195384
-0.195753
-0.196123
-0.196492
-0.196861
-0.19723
-0.1976
-0.197969
-0.198338
-0.198707
-0.199077
-0.199446
-0.199815
)
;
    }
    frontAndBack
    {
        type            empty;
    }
}


// ************************************************************************* //
