/*--------------------------------*- C++ -*----------------------------------*\
| =========                 |                                                 |
| \\      /  F ield         | OpenFOAM: The Open Source CFD Toolbox           |
|  \\    /   O peration     | Version:  5.x                                   |
|   \\  /    A nd           | Web:      www.OpenFOAM.org                      |
|    \\/     M anipulation  |                                                 |
\*---------------------------------------------------------------------------*/
FoamFile
{
    version     2.0;
    format      ascii;
    class       surfaceScalarField;
    location    "0.15";
    object      alphaPhi10;
}
// * * * * * * * * * * * * * * * * * * * * * * * * * * * * * * * * * * * * * //

dimensions      [0 3 -1 0 0 0 0];

internalField   nonuniform List<scalar> 
4432
(
4.34612e-06
-4.34611e-06
1.1163e-05
-6.81686e-06
1.79107e-05
-6.74766e-06
2.43212e-05
-6.41051e-06
3.0677e-05
-6.35591e-06
3.7189e-05
-6.51195e-06
4.39585e-05
-6.76948e-06
5.10244e-05
-7.06596e-06
5.84009e-05
-7.37646e-06
6.60861e-05
-7.68519e-06
7.40562e-05
-7.97006e-06
8.22544e-05
-8.19821e-06
9.05536e-05
-8.29928e-06
9.87045e-05
-8.15086e-06
0.000106306
-7.60156e-06
0.000112772
-6.46587e-06
0.000117084
-4.31198e-06
0.000117082
2.22922e-09
0.000108157
8.92434e-06
8.42304e-05
2.38606e-05
4.47005e-05
3.9534e-05
3.63725e-06
4.10632e-05
2.74851e-06
4.3799e-06
-8.72602e-06
1.11787e-05
-1.36157e-05
1.79284e-05
-1.34973e-05
2.43507e-05
-1.28328e-05
3.07138e-05
-1.2719e-05
3.72333e-05
-1.30316e-05
4.40118e-05
-1.35479e-05
5.10878e-05
-1.4142e-05
5.84777e-05
-1.47664e-05
6.61809e-05
-1.53884e-05
7.41725e-05
-1.59617e-05
8.24025e-05
-1.64282e-05
9.07641e-05
-1.66608e-05
9.90353e-05
-1.64221e-05
0.000106839
-1.54057e-05
0.000113596
-1.32221e-05
0.000118491
-9.20775e-06
0.00012074
-2.24676e-06
0.000119731
9.93381e-06
0.000112139
3.14137e-05
8.8979e-05
6.27114e-05
4.46057e-05
8.54355e-05
4.08827e-05
4.4037e-06
-1.31297e-05
1.11605e-05
-2.03725e-05
1.78663e-05
-2.02031e-05
2.42594e-05
-1.92259e-05
3.06004e-05
-1.906e-05
3.71029e-05
-1.95341e-05
4.38678e-05
-2.03128e-05
5.09334e-05
-2.12076e-05
5.8319e-05
-2.2152e-05
6.60276e-05
-2.30969e-05
7.40405e-05
-2.39747e-05
8.23211e-05
-2.47088e-05
9.07831e-05
-2.51228e-05
9.92368e-05
-2.48758e-05
0.000107355
-2.35239e-05
0.000114633
-2.05006e-05
0.000120301
-1.48754e-05
0.000122986
-4.93127e-06
0.000120935
1.19842e-05
0.000113046
3.93029e-05
9.65851e-05
7.9123e-05
5.9323e-05
0.000122697
9.67319e-05
4.43377e-06
-1.75635e-05
1.11416e-05
-2.70803e-05
1.77832e-05
-2.68447e-05
2.41292e-05
-2.55719e-05
3.0439e-05
-2.53698e-05
3.69202e-05
-2.60153e-05
4.36693e-05
-2.70618e-05
5.07244e-05
-2.82628e-05
5.81091e-05
-2.95366e-05
6.58322e-05
-3.082e-05
7.38872e-05
-3.20297e-05
8.22552e-05
-3.30768e-05
9.08723e-05
-3.37399e-05
9.95905e-05
-3.3594e-05
0.000108163
-3.20963e-05
0.000116181
-2.85182e-05
0.000122901
-2.15962e-05
0.000127101
-9.13079e-06
0.000126632
1.24531e-05
0.000118373
4.75615e-05
9.96633e-05
9.77536e-05
6.33253e-05
0.000159031
0.000164621
4.4705e-06
-2.2034e-05
1.11201e-05
-3.37299e-05
1.76787e-05
-3.34033e-05
2.3962e-05
-3.18552e-05
3.02329e-05
-3.16406e-05
3.66894e-05
-3.24719e-05
4.34211e-05
-3.37936e-05
5.04661e-05
-3.53078e-05
5.78532e-05
-3.69237e-05
6.5599e-05
-3.85658e-05
7.3713e-05
-4.01437e-05
8.21975e-05
-4.15613e-05
9.10092e-05
-4.25516e-05
0.000100054
-4.26392e-05
0.0001092
-4.12414e-05
0.000118144
-3.74629e-05
0.000126207
-2.96593e-05
0.000132293
-1.52165e-05
0.000134665
1.00813e-05
0.000129354
5.28724e-05
0.000108611
0.000118446
6.9319e-05
0.000198278
0.000239871
4.51831e-06
-2.65523e-05
1.10966e-05
-4.03082e-05
1.75521e-05
-3.98588e-05
2.37588e-05
-3.80619e-05
2.9984e-05
-3.78658e-05
3.64119e-05
-3.88998e-05
4.31224e-05
-4.05041e-05
5.01533e-05
-4.23387e-05
5.75394e-05
-4.43098e-05
6.53068e-05
-4.63331e-05
7.34845e-05
-4.83215e-05
8.20963e-05
-5.0173e-05
9.11176e-05
-5.1573e-05
0.000100518
-5.20397e-05
0.000110298
-5.10214e-05
0.000120278
-4.74426e-05
0.00012987
-3.9251e-05
0.000138318
-2.36654e-05
0.00014478
3.61927e-06
0.000145276
5.18315e-05
0.000124766
0.000138962
7.97597e-05
0.000243159
0.000319631
4.57861e-06
-3.11309e-05
1.10643e-05
-4.67939e-05
1.73951e-05
-4.61897e-05
2.3512e-05
-4.41788e-05
2.96829e-05
-4.40366e-05
3.60731e-05
-4.529e-05
4.27519e-05
-4.71829e-05
4.97574e-05
-4.93442e-05
5.7131e-05
-5.16834e-05
6.49095e-05
-5.41116e-05
7.3143e-05
-5.6555e-05
8.18753e-05
-5.89054e-05
9.11082e-05
-6.08059e-05
0.000100884
-6.18156e-05
0.000111328
-6.14656e-05
0.000122392
-5.85063e-05
0.000133658
-5.05165e-05
0.00014495
-3.49585e-05
0.000156685
-8.11527e-06
0.000162984
4.11985e-05
0.000141969
0.000146755
9.00111e-05
0.000294642
0.000408518
4.64366e-06
-3.57746e-05
1.1007e-05
-5.31573e-05
1.71988e-05
-5.23815e-05
2.32147e-05
-5.01947e-05
2.93187e-05
-5.01406e-05
3.56574e-05
-5.16288e-05
4.22893e-05
-5.38147e-05
4.9254e-05
-5.6309e-05
5.66003e-05
-5.90297e-05
6.43766e-05
-6.18879e-05
7.26524e-05
-6.48308e-05
8.14884e-05
-6.77414e-05
9.09268e-05
-7.02443e-05
0.000101091
-7.198e-05
0.000112189
-7.25629e-05
0.00012432
-7.06381e-05
0.000137394
-6.35908e-05
0.000151522
-4.90939e-05
0.000167117
-2.37397e-05
0.000159595
2.2737e-05
0.000119546
8.33132e-05
8.50918e-05
0.000275684
0.00049113
-1.3879e-24
1.19597e-24
-1.54839e-24
7.1049e-25
-2.66387e-25
1.50921e-25
-7.21071e-27
-3.40336e-27
-1.01408e-28
-8.83829e-28
-2.66251e-30
-2.22767e-29
-8.83136e-32
-7.3684e-31
-2.40603e-33
-2.84453e-32
-5.31301e-35
-9.01399e-34
-1.01327e-36
-2.27244e-35
-1.65744e-38
-4.81264e-37
-2.26159e-40
-8.59699e-39
-2.51908e-42
-1.2661e-40
-2.1628e-44
-1.57854e-42
-1.40317e-46
-1.42812e-44
-5.98508e-49
-1.08895e-46
-1.3915e-51
-5.3799e-49
-4.89505e-55
-1.36541e-51
-4.07614e-55
-2.47721e-22
4.84303e-22
-2.56751e-22
4.24531e-22
-3.85008e-23
8.02306e-23
-1.03716e-24
-1.46098e-24
-1.67809e-26
-2.32053e-25
-3.61246e-28
-6.3087e-27
-9.04746e-30
-1.70322e-28
-2.09944e-31
-4.77878e-30
-4.19269e-33
-1.21919e-31
-7.30339e-35
-2.68649e-33
-1.08644e-36
-5.15667e-35
-1.32981e-38
-8.46117e-37
-1.28637e-40
-1.15156e-38
-9.43646e-43
-1.28047e-40
-4.74757e-45
-1.05082e-42
-1.45671e-47
-6.08469e-45
-1.76134e-50
-2.14052e-47
-1.44652e-55
-3.49775e-50
-5.6669e-55
-2.14125e-20
3.82932e-20
-2.46024e-20
4.97594e-20
-3.64586e-21
1.04358e-20
-8.47963e-23
-7.10207e-22
-1.31367e-24
-4.19567e-23
-2.34939e-26
-8.55061e-25
-4.47734e-28
-1.66174e-26
-8.41452e-30
-3.53445e-28
-1.46679e-31
-7.1861e-30
-2.30734e-33
-1.3572e-31
-3.15395e-35
-2.32179e-33
-3.5865e-37
-3.46281e-35
-3.23083e-39
-4.29372e-37
-2.1595e-41
-4.20634e-39
-9.50917e-44
-3.07903e-41
-2.38732e-46
-1.53903e-43
-2.1139e-49
-4.39697e-46
-1.95373e-55
-4.92436e-49
-1.15363e-54
-1.65227e-18
2.38549e-18
-3.55042e-18
5.99717e-18
-4.56556e-19
2.0179e-18
-5.20685e-21
-2.75563e-19
-6.66349e-23
-4.17341e-21
-9.9162e-25
-7.24509e-23
-1.52211e-26
-1.1523e-24
-2.38377e-28
-1.75957e-26
-3.61356e-30
-2.89395e-28
-5.06869e-32
-4.6333e-30
-6.25096e-34
-6.90977e-32
-6.39643e-36
-9.09555e-34
-5.16071e-38
-1.00293e-35
-3.14768e-40
-9.03722e-38
-1.23273e-42
-5.95264e-40
-2.71656e-45
-2.65271e-42
-1.58913e-48
-7.14726e-45
-4.05354e-55
-1.86694e-47
-9.10613e-54
-1.97876e-16
2.45019e-16
-2.29234e-16
4.78335e-16
-1.77592e-17
7.16566e-17
-1.37219e-19
-9.10862e-18
-1.76214e-21
-9.43424e-20
-2.74093e-23
-2.10243e-21
-3.57082e-25
-5.37309e-23
-4.91803e-27
-6.13861e-25
-6.5373e-29
-8.17672e-27
-8.08781e-31
-1.12464e-28
-8.86469e-33
-1.45736e-30
-8.31254e-35
-1.70077e-32
-6.07656e-37
-1.73879e-34
-3.25003e-39
-1.37332e-36
-1.16155e-41
-8.40761e-39
-2.26656e-44
-3.59151e-41
-7.67135e-48
-7.87996e-44
-8.75533e-55
-2.18153e-47
-5.21413e-54
-2.98371e-15
3.76537e-15
-1.73393e-15
3.22798e-15
-1.05058e-16
1.2761e-16
-1.1945e-18
-2.85945e-17
-1.72613e-20
-7.42626e-19
-3.50488e-22
-1.50852e-20
-4.89204e-24
-5.66944e-22
-6.53843e-26
-1.21929e-23
-8.18934e-28
-1.29761e-25
-9.34387e-30
-1.67757e-27
-9.44132e-32
-2.03906e-29
-8.07413e-34
-2.24279e-31
-5.43117e-36
-2.13082e-33
-2.60861e-38
-1.67924e-35
-8.67462e-41
-1.01112e-37
-1.08825e-43
-4.07824e-40
-3.17641e-48
-8.34793e-43
-1.31141e-55
-2.6283e-47
-3.57993e-53
-4.84509e-15
1.163e-14
-1.70969e-15
4.02374e-15
-1.63514e-16
-1.11829e-17
-5.38862e-18
-1.73217e-17
-7.02813e-20
-4.60483e-18
-1.31905e-21
-4.84315e-20
-2.93002e-23
-6.1868e-22
-4.8552e-25
-2.78859e-23
-6.47261e-27
-6.60208e-25
-7.4457e-29
-1.11357e-26
-7.36116e-31
-1.51694e-28
-5.79649e-33
-1.71934e-30
-3.60967e-35
-1.55527e-32
-1.66162e-37
-1.15103e-34
-3.5919e-40
-6.71578e-37
-1.36228e-43
-2.56736e-39
3.55743e-46
-4.59989e-42
1.47779e-51
-9.11654e-47
-1.94574e-51
-1.03255e-15
1.01817e-14
-3.88554e-16
1.19597e-15
-5.51552e-17
-3.49676e-17
-1.45219e-17
-1.22147e-17
-2.6627e-19
-1.29551e-17
-2.42319e-21
-4.32824e-19
-9.11179e-23
-2.56228e-21
-1.98221e-24
3.45807e-22
-3.23755e-26
2.40439e-24
-4.10016e-28
1.25621e-27
-4.13607e-30
-3.84382e-28
-3.16557e-32
-8.75458e-30
-1.73413e-34
-1.05076e-31
-5.08571e-37
-7.48501e-34
3.12285e-40
-2.29138e-36
7.64825e-42
1.2816e-38
7.71251e-45
9.52175e-41
3.7861e-48
4.33551e-44
3.83973e-48
9.92684e-06
-4.57014e-05
2.31628e-05
-6.63932e-05
3.57731e-05
-6.49917e-05
4.8148e-05
-6.25696e-05
6.08532e-05
-6.28458e-05
7.40976e-05
-6.48732e-05
8.79742e-05
-6.76913e-05
0.000102577
-7.09117e-05
0.000118035
-7.44878e-05
0.000134489
-7.83419e-05
0.000152134
-8.24761e-05
0.000171146
-8.67528e-05
0.000191767
-9.08658e-05
0.000214454
-9.46666e-05
0.000239623
-9.77326e-05
0.000267881
-9.8896e-05
0.000300401
-9.61256e-05
0.000330295
-7.92588e-05
0.000266369
-3.32481e-05
8.74755e-05
4.66837e-06
5.56339e-05
9.44118e-06
0.000106667
5.28134e-05
0.000468249
0.000109983
1.00363e-05
-5.57377e-05
2.25795e-05
-7.89365e-05
3.44397e-05
-7.68518e-05
4.62431e-05
-7.4373e-05
5.84987e-05
-7.51014e-05
7.13343e-05
-7.77088e-05
8.48117e-05
-8.11687e-05
9.90386e-05
-8.51387e-05
0.000114178
-8.96268e-05
0.000130411
-9.45752e-05
0.000147979
-0.000100044
0.000167122
-0.000105896
0.000188249
-0.000111993
0.000211869
-0.000118287
0.00023837
-0.000124233
0.000267864
-0.000128395
0.000284175
-0.000112675
0.000155502
-5.24559e-05
7.71785e-06
-6.80892e-06
1.03069e-05
6.1934e-08
1.57516e-05
2.23845e-06
4.65304e-05
1.79715e-05
0.00031667
0.000116027
1.00558e-05
-6.57935e-05
2.17727e-05
-9.06535e-05
3.27774e-05
-8.78565e-05
4.39334e-05
-8.5529e-05
5.56366e-05
-8.68046e-05
6.7925e-05
-8.99972e-05
8.08442e-05
-9.40879e-05
9.45185e-05
-9.8813e-05
0.000109139
-0.000104247
0.000124904
-0.000110341
0.000142075
-0.000117215
0.000160981
-0.000124802
0.000182035
-0.000133046
0.000205423
-0.000141675
0.000231682
-0.000150492
0.000246157
-0.000142948
0.000119305
-7.90458e-05
8.51576e-06
-9.3666e-06
1.54714e-06
-6.07018e-07
1.3717e-06
2.08879e-08
2.9132e-06
3.43154e-07
1.66808e-05
3.18013e-06
4.438e-05
8.61457e-05
9.94795e-06
-7.57414e-05
2.0717e-05
-0.000101423
3.08098e-05
-9.79493e-05
4.12503e-05
-9.59695e-05
5.22883e-05
-9.78425e-05
6.3884e-05
-0.000101593
7.60808e-05
-0.000106285
8.90189e-05
-0.000111751
0.000102908
-0.000118136
0.000117935
-0.000125368
0.000134393
-0.000133673
0.000152684
-0.000143094
0.000172881
-0.000153242
0.000194926
-0.000163721
0.000215869
-0.000171441
0.000136927
-0.000128388
9.64923e-06
-1.52486e-05
7.64089e-07
-1.23851e-06
9.5335e-08
2.61836e-09
9.10344e-08
2.80548e-09
3.2132e-07
4.59307e-08
2.40767e-06
6.88367e-07
8.35199e-06
3.74258e-05
9.70268e-06
-8.54441e-05
1.94143e-05
-0.000111134
2.85564e-05
-0.000107091
3.82121e-05
-0.000105625
4.84649e-05
-0.000108095
5.92193e-05
-0.000112347
7.05259e-05
-0.000117591
8.25384e-05
-0.000123764
9.54731e-05
-0.000131071
0.000109486
-0.000139381
0.000124982
-0.000149168
0.000142249
-0.000160361
0.000160806
-0.000171799
0.000180489
-0.000183404
0.000166332
-0.000157346
1.5103e-05
-3.2094e-05
1.25373e-06
-1.93944e-06
5.21929e-09
-4.87655e-08
2.20705e-09
7.5136e-10
2.19939e-09
6.48861e-10
3.21379e-08
4.58799e-09
5.84522e-07
6.99573e-08
1.61896e-06
7.05376e-06
9.3159e-06
-9.476e-05
1.78803e-05
-0.000119699
2.60459e-05
-0.000115257
3.48448e-05
-0.000114424
4.41917e-05
-0.000117442
5.39611e-05
-0.000122117
6.42156e-05
-0.000127846
7.51177e-05
-0.000134666
8.68723e-05
-0.000142826
9.96243e-05
-0.000152133
0.000113944
-0.000163488
0.000129657
-0.000176074
0.000146319
-0.000188459
0.000155202
-0.000192282
3.52541e-05
-9.79425e-05
1.86133e-06
-4.3604e-06
5.51364e-08
-2.11192e-07
-2.82284e-10
2.24687e-09
-4.32486e-10
4.84461e-10
-3.04392e-10
1.35194e-10
1.82917e-10
1.07466e-09
7.47986e-08
1.96738e-08
2.06755e-07
1.44233e-06
8.78018e-06
-0.00010354
1.61409e-05
-0.000127059
2.33168e-05
-0.000122433
3.1187e-05
-0.000122294
3.95154e-05
-0.000125771
4.81719e-05
-0.000130773
5.72308e-05
-0.000136905
6.68566e-05
-0.000144291
7.7217e-05
-0.000153186
8.84968e-05
-0.000163412
0.000101218
-0.000176209
0.000114597
-0.000189452
0.00012902
-0.000202876
9.90838e-05
-0.000173203
4.02209e-06
-1.61093e-05
2.1913e-07
-6.69273e-07
-1.49646e-09
2.23281e-09
-4.96289e-10
8.24678e-10
-1.08377e-10
5.29681e-11
-6.90736e-11
2.36335e-11
2.54978e-10
2.66893e-10
1.49382e-09
5.77343e-09
2.87589e-08
1.58055e-07
8.10741e-06
-0.000111648
1.42412e-05
-0.000133193
2.04277e-05
-0.00012862
2.73071e-05
-0.000129173
3.45289e-05
-0.000132992
4.19758e-05
-0.00013822
4.97261e-05
-0.000144655
5.79212e-05
-0.000152486
6.66496e-05
-0.000161914
7.61327e-05
-0.000172895
8.63122e-05
-0.000186387
9.65998e-05
-0.000199734
0.000104924
-0.000211146
1.41812e-05
-8.44978e-05
6.04243e-07
-2.1776e-06
-8.35432e-10
-6.55276e-08
-7.26461e-10
1.54014e-09
-5.7985e-11
9.04085e-11
-1.37666e-11
4.91833e-12
-5.64574e-12
3.32984e-12
9.58583e-11
3.7069e-11
4.6075e-10
2.75482e-10
4.23123e-09
1.5755e-08
7.33576e-06
-0.000118983
1.22632e-05
-0.00013812
1.74823e-05
-0.000133838
2.33379e-05
-0.000135029
2.94046e-05
-0.000139059
3.5577e-05
-0.000144392
4.1905e-05
-0.000150982
4.84361e-05
-0.000159016
5.50897e-05
-0.000168564
6.19644e-05
-0.000179762
6.82212e-05
-0.000192628
7.53691e-05
-0.000206825
6.47949e-05
-0.00020605
1.77562e-06
-2.10941e-05
6.36329e-08
-4.73882e-07
-1.38456e-09
-3.61833e-10
-8.61433e-11
1.88726e-10
-5.0613e-12
6.94865e-12
-1.15813e-12
6.22251e-13
7.31368e-14
4.12205e-13
1.5236e-11
3.73896e-12
3.44491e-11
2.23604e-11
5.25041e-10
2.29221e-09
6.52796e-06
-0.000125511
1.02957e-05
-0.000141886
1.45801e-05
-0.000138121
1.93953e-05
-0.000139842
2.42477e-05
-0.000143908
2.90156e-05
-0.000149156
3.36546e-05
-0.000155616
3.80449e-05
-0.000163393
4.188e-05
-0.000172367
4.51203e-05
-0.000182932
4.71705e-05
-0.000194536
4.94803e-05
-0.000208655
1.60017e-05
-0.00015279
3.54186e-07
-5.24415e-06
6.51597e-10
-1.21433e-07
-1.57598e-10
4.5929e-10
-5.20289e-12
3.21593e-11
-2.88436e-13
1.37558e-12
-9.04739e-14
2.78418e-13
-8.45652e-16
7.67873e-14
7.02667e-13
3.55421e-13
1.62105e-12
4.80466e-12
6.70104e-11
3.04325e-10
5.70417e-06
-0.000131215
8.28057e-06
-0.000144442
1.15964e-05
-0.000141414
1.52697e-05
-0.000143488
1.87096e-05
-0.000147314
2.1754e-05
-0.000152157
2.42408e-05
-0.000158043
2.60363e-05
-0.000165051
2.70945e-05
-0.000173108
2.82181e-05
-0.000183414
3.09271e-05
-0.000185957
3.09789e-05
-0.000147662
1.29729e-07
-5.42131e-05
9.39082e-09
-5.4478e-06
3.21126e-10
-1.14389e-07
-4.60404e-12
7.85914e-10
-5.43503e-14
2.72587e-11
-1.30802e-14
1.18194e-12
-9.09293e-15
1.62478e-13
-1.71052e-15
8.9166e-14
9.42672e-15
3.7851e-14
1.90876e-12
7.08038e-13
7.75578e-12
4.09364e-11
4.70628e-06
-0.000135922
5.87803e-06
-0.000145379
8.07197e-06
-0.000143349
1.03865e-05
-0.0001455
1.22559e-05
-0.000148813
1.3572e-05
-0.000153008
1.43603e-05
-0.000153773
1.47468e-05
-0.000139984
1.53857e-05
-0.000114492
1.55814e-05
-7.71828e-05
1.36309e-05
-1.91384e-05
5.96844e-06
-1.36772e-06
1.71287e-07
-1.05559e-07
-1.60085e-07
-6.27708e-06
7.60873e-09
-7.52861e-07
9.58293e-10
7.14415e-09
1.57944e-11
9.7246e-10
4.08444e-14
1.69209e-11
7.50271e-16
1.41468e-13
-2.47472e-19
7.12596e-14
8.52273e-15
3.64265e-14
2.95498e-13
8.20701e-14
7.63401e-13
4.70647e-12
3.13399e-06
-8.69034e-05
2.7821e-06
-7.957e-05
3.75345e-06
-7.62616e-05
4.57341e-06
-6.89969e-05
5.03873e-06
-5.90754e-05
5.27208e-06
-4.70733e-05
5.51683e-06
-2.54269e-05
5.31252e-06
-6.18764e-07
4.57087e-06
-2.46915e-08
6.43614e-06
-1.46401e-09
1.47889e-06
-6.07395e-11
1.13284e-07
-1.59809e-09
8.87391e-09
-3.94827e-10
6.20465e-07
-3.16333e-06
4.75131e-08
-1.60439e-06
9.0614e-09
4.36023e-08
2.65163e-10
9.67541e-09
1.91728e-12
2.77363e-10
-2.88491e-14
2.09351e-12
4.26269e-16
2.64654e-14
1.20166e-15
1.88882e-14
2.34239e-14
1.44304e-14
8.3071e-14
4.11441e-13
5.31989e-07
3.43491e-23
2.84253e-07
2.36071e-22
4.63622e-07
6.66561e-23
5.60755e-07
3.04691e-22
5.92867e-07
-1.08473e-19
8.21246e-07
-9.91186e-18
6.44965e-07
-4.67486e-16
2.6201e-08
-1.12907e-14
1.50999e-09
-4.62496e-13
5.82089e-11
-1.39082e-11
3.09553e-11
-4.84659e-11
1.59529e-10
-1.5566e-09
1.63979e-09
-1.36123e-09
2.68451e-07
-1.64111e-09
6.17363e-07
-1.42927e-06
1.59201e-08
9.92642e-08
3.83336e-10
2.48892e-08
1.88706e-12
6.56467e-10
-1.95927e-14
4.00807e-12
-1.36982e-16
1.76687e-14
9.1097e-18
5.1147e-15
8.96385e-16
3.29258e-15
9.3949e-15
2.34295e-14
-7.10107e-25
1.15701e-22
-9.28835e-24
7.85562e-22
-4.80739e-24
2.04731e-22
-3.52465e-23
2.5857e-22
1.82601e-21
-1.10334e-19
2.44283e-19
-1.0169e-17
1.5405e-17
-4.83923e-16
5.0228e-16
-1.18316e-14
2.5719e-14
-4.885e-13
2.15563e-12
-1.60798e-11
1.11021e-10
-1.59009e-10
7.70025e-10
-2.26111e-09
1.50772e-09
-1.74069e-09
2.88545e-09
-2.81486e-09
3.42409e-07
-1.24345e-06
-7.08315e-09
1.29411e-07
-4.22485e-10
1.82501e-08
-2.8315e-12
1.67775e-10
-2.18981e-14
1.09124e-12
-2.75051e-16
1.76076e-15
-1.05322e-16
1.0775e-15
-6.1134e-17
4.90996e-16
2.40774e-15
8.83891e-16
-2.23637e-24
1.36327e-22
-3.40046e-23
9.28234e-22
-1.44707e-23
1.26918e-22
-2.5959e-23
-5.33283e-21
1.91299e-20
-2.51686e-19
2.36518e-18
-2.60016e-17
1.43812e-16
-1.23141e-15
1.39779e-14
-3.02588e-14
6.76062e-13
-1.46583e-12
2.35478e-11
-5.00634e-11
4.56038e-10
-1.07832e-09
3.13139e-09
-1.08899e-08
9.46094e-09
-9.21125e-09
3.61608e-08
-2.9788e-08
7.84497e-08
-3.83669e-07
-1.52068e-08
1.20759e-07
-1.39726e-10
3.19484e-09
-9.61639e-13
2.89443e-11
-1.68613e-15
1.53529e-13
-1.01599e-16
3.43038e-16
-3.55115e-17
1.88457e-16
-5.12522e-17
6.16973e-17
3.2321e-16
-8.16814e-17
-1.18805e-24
8.62821e-23
-1.81377e-23
5.89819e-22
-3.7166e-24
-1.91008e-22
3.21515e-22
-1.66314e-20
7.84664e-20
-2.23255e-18
6.82851e-18
-1.53585e-16
5.29587e-16
-4.60317e-15
4.92725e-14
-1.38964e-13
1.9167e-12
-4.9012e-12
5.76827e-11
-1.19846e-10
1.98004e-09
-4.78954e-09
1.38462e-09
-1.08131e-07
-3.07991e-10
-1.94116e-07
-2.4692e-08
-7.50766e-08
-1.2393e-07
-7.5764e-10
-2.77189e-09
5.95632e-08
-2.52297e-11
4.50072e-10
-1.37966e-13
3.7878e-12
-3.57298e-16
1.59756e-14
-3.31526e-17
1.87076e-17
-7.93775e-18
2.77602e-17
-1.10187e-17
7.46343e-18
2.73691e-17
-3.02078e-17
2.99949e-24
2.19742e-23
-1.8177e-24
1.50739e-22
-7.34799e-24
-4.12744e-22
-2.49123e-21
-6.28183e-20
-4.14806e-19
-6.34454e-18
-1.82831e-17
-3.26082e-16
4.20362e-15
-1.15904e-14
3.45238e-13
-5.51239e-13
1.32979e-11
-1.60817e-11
2.59276e-10
-3.64094e-10
3.15624e-10
-4.98054e-09
-1.25772e-07
-1.16008e-07
-1.43958e-07
-1.16474e-07
-1.33088e-07
-2.75908e-08
-5.57326e-08
2.50853e-08
-4.0333e-10
4.24111e-09
-3.42991e-12
5.01464e-11
-1.46264e-14
3.73592e-13
-2.27529e-17
1.33574e-15
-6.88904e-18
2.51145e-18
-1.37232e-18
4.20168e-18
-1.73534e-18
8.00458e-19
2.25053e-18
-4.73474e-18
2.64917e-24
8.43703e-26
-3.26056e-23
-8.41901e-24
-8.34343e-23
-7.75339e-22
-1.89987e-20
-8.76741e-20
-3.33625e-18
-6.97736e-18
5.60004e-18
-3.98893e-16
4.62734e-15
-1.68411e-14
-1.44556e-14
-5.28269e-13
-8.62067e-13
-2.34479e-11
2.55053e-11
-4.67786e-10
-3.48793e-09
-8.87877e-10
-1.11351e-07
-8.71033e-12
-2.06497e-07
-5.2731e-11
-2.91762e-08
-2.85159e-10
-4.10078e-09
1.48408e-10
-4.69557e-11
1.8802e-10
-3.45015e-13
3.55682e-12
-1.28777e-15
2.68353e-14
-1.82472e-18
5.23357e-17
-1.53171e-18
1.50298e-18
-1.91476e-19
1.40091e-18
-2.18287e-19
7.59136e-20
1.65633e-19
-5.47336e-19
-2.37503e-25
3.41894e-25
-2.81269e-24
-5.84383e-24
-1.7286e-22
-6.18372e-22
-2.69902e-20
-6.15668e-20
-2.94851e-18
-4.24882e-18
-1.71658e-16
-2.92023e-16
-6.7468e-15
-8.9067e-15
-4.5066e-13
-5.63052e-14
-8.6532e-11
-7.83443e-16
-1.77673e-10
-1.1077e-14
-7.44838e-13
-1.20357e-13
-9.07563e-12
-4.03727e-13
-5.92883e-11
-2.63528e-12
-3.4035e-10
-2.88307e-12
-1.87237e-10
3.3393e-13
-3.49312e-12
4.38071e-12
-2.60635e-14
8.73178e-14
-5.02636e-17
8.19668e-16
-1.18143e-18
1.03256e-18
-9.04695e-19
1.06032e-18
-2.25547e-20
8.2055e-19
-2.2839e-20
6.44497e-21
1.05913e-20
-5.10687e-20
-1.42144e-25
8.23696e-25
-3.17024e-23
2.57165e-23
-9.8676e-22
3.36686e-22
-6.49025e-20
2.34893e-21
-4.62852e-18
8.72827e-21
-8.80877e-16
1.23315e-20
-5.02958e-15
-2.08661e-19
-2.28168e-17
-4.36023e-18
-7.81789e-16
-2.91859e-17
-1.13644e-14
-4.56626e-16
-1.27428e-13
-5.06933e-15
-5.20931e-13
-1.99149e-14
-3.91628e-12
-1.14261e-13
-4.87252e-12
-2.245e-13
-4.49381e-12
-3.28372e-14
-8.66501e-14
9.12584e-14
-8.06694e-16
1.53402e-15
-9.52302e-19
1.22829e-17
-9.43091e-19
2.76253e-19
-7.23144e-19
6.94676e-19
-2.23704e-21
4.56072e-19
-2.04587e-21
4.52741e-22
5.85224e-22
-3.95791e-21
1.18067e-24
6.13226e-25
3.15396e-23
1.94455e-23
3.38633e-22
2.61998e-22
1.73997e-21
1.91173e-21
3.22668e-21
7.61556e-21
-6.65159e-21
1.15156e-20
-1.80813e-19
-3.44995e-20
-3.76693e-18
-7.89878e-19
-2.21996e-17
-1.10596e-17
-4.23235e-16
-6.03068e-17
-5.46809e-15
-1.01652e-16
-5.67886e-14
-1.1024e-16
-1.63106e-13
-1.27498e-16
-5.31613e-14
-3.61163e-16
-8.61906e-14
-9.30559e-17
-1.52946e-15
1.18207e-15
-1.23456e-17
2.5767e-17
-3.29726e-19
2.02278e-19
-5.1425e-19
1.22606e-19
-3.62828e-19
2.31119e-19
-1.72863e-22
1.19489e-19
-1.45335e-22
2.28137e-23
2.79682e-23
-2.58411e-22
1.01801e-24
2.16732e-25
2.79328e-23
6.97376e-24
3.13317e-22
9.59331e-23
1.72237e-21
7.16763e-22
3.40899e-21
2.87418e-21
-1.30002e-20
3.31359e-21
-3.03415e-20
-2.19156e-20
-1.34949e-18
-4.71716e-19
-2.79414e-17
-1.00104e-17
-1.04105e-16
-8.22866e-17
-1.16012e-16
-2.0342e-16
-1.22e-16
-1.73336e-16
-1.41917e-16
-1.02476e-16
-4.45505e-16
-2.03146e-17
-1.19091e-15
-1.02893e-18
-2.5588e-17
9.50683e-18
-2.59353e-19
4.37826e-19
-7.76115e-20
4.1129e-21
-1.09453e-19
1.4283e-20
-6.54734e-20
1.83691e-20
-9.15179e-24
6.74679e-21
-8.08364e-24
8.41885e-25
1.15574e-24
-1.43308e-23
4.00056e-25
-3.88857e-32
1.12013e-23
-8.80306e-30
1.28535e-22
-9.71244e-28
7.10363e-22
-7.01381e-26
1.06995e-21
-3.69863e-24
-1.05437e-20
-1.50759e-22
-2.50467e-20
-6.7559e-21
-9.08324e-19
-1.15357e-19
-2.73848e-17
-3.4503e-18
-1.72413e-16
-5.28894e-17
-3.29245e-16
-1.74428e-16
-3.17253e-16
-2.41613e-16
-1.38232e-16
-1.90377e-16
-2.96863e-17
-9.17803e-17
-1.04362e-17
-6.39096e-18
-4.55405e-19
2.04483e-20
-5.39025e-21
6.98242e-21
-6.16702e-21
1.02348e-22
-6.60296e-21
2.84641e-22
-3.16026e-21
3.3647e-22
-3.90469e-25
9.92748e-23
-3.56704e-25
2.66479e-26
4.12601e-26
-6.77954e-25
-3.86686e-32
-2.17118e-34
-8.79148e-30
-5.02466e-32
-9.74363e-28
-5.67302e-30
-7.06918e-26
-4.20686e-28
-3.74641e-24
-2.29089e-26
-1.53533e-22
-9.71616e-25
-6.89444e-21
-2.60086e-23
-1.27006e-19
-4.74551e-22
-6.70001e-18
-1.29169e-20
-1.10408e-16
-3.36457e-19
-3.41724e-16
-2.98844e-18
-4.34137e-16
-8.29494e-18
-3.60811e-16
-4.86766e-18
-1.27072e-16
-3.52442e-18
-5.09209e-19
-3.10463e-19
-9.14223e-20
1.40615e-21
-1.18029e-22
6.842e-21
-1.70688e-22
1.45224e-24
-1.84993e-22
4.19262e-24
-7.67327e-23
4.82963e-24
-1.42318e-26
1.91893e-24
-1.35159e-26
7.49959e-28
1.27092e-27
-2.74448e-26
-2.16147e-34
-9.70644e-37
-5.03211e-32
-2.30729e-34
-5.70687e-30
-2.7139e-32
-4.25091e-28
-2.10622e-30
-2.32585e-26
-1.20547e-28
-9.91471e-25
-5.40252e-27
-2.6912e-23
-1.53913e-25
-5.04138e-22
-3.12926e-24
-1.91629e-20
-9.35618e-23
-5.84778e-19
-2.70738e-21
-4.34703e-18
-2.5026e-20
-1.05938e-17
-6.7263e-20
-8.64849e-18
-7.4967e-20
-2.05609e-18
-4.92765e-20
-2.42385e-19
-8.09595e-21
-8.06209e-20
-5.90074e-22
-2.68561e-24
4.01339e-21
-4.84761e-24
2.26234e-25
-4.24582e-24
9.36966e-26
-1.87116e-24
7.69988e-26
-4.42088e-28
4.07226e-26
-4.36591e-28
1.80941e-29
3.37713e-29
-9.5305e-28
-9.70518e-37
-1.26635e-40
-2.31683e-34
-3.18296e-38
-2.73683e-32
-3.96688e-36
-2.13334e-30
-3.2707e-34
-1.22661e-28
-1.99711e-32
-5.52402e-27
-9.60267e-31
-1.57189e-25
-2.56698e-29
-3.29867e-24
-6.49099e-28
-1.46487e-22
-1.84048e-26
-4.99646e-21
-5.16267e-25
-3.60128e-20
-1.41659e-23
-7.66105e-20
-1.51813e-22
-7.89661e-20
-4.73261e-22
-3.58166e-20
-5.57775e-22
-9.51646e-21
-3.42366e-22
-7.80015e-21
-3.92014e-23
-2.55574e-25
4.36885e-23
-1.69345e-25
2.90048e-26
-9.15554e-26
1.85116e-27
-3.98814e-26
1.03713e-27
-1.16142e-29
7.10567e-28
-1.19748e-29
3.70435e-31
7.75507e-31
-2.8453e-29
-1.2657e-40
-6.53654e-44
-3.19156e-38
-1.82655e-41
-3.9899e-36
-2.53136e-39
-3.30025e-34
-2.31986e-37
-2.02201e-32
-1.57548e-35
-9.75749e-31
-8.44173e-34
-2.60736e-29
-2.44324e-32
-6.75206e-28
-7.40691e-31
-1.92373e-26
-2.3084e-29
-8.34275e-25
-6.65713e-28
-3.18402e-23
-2.18098e-26
-2.94758e-22
-3.68034e-25
-7.51017e-22
-1.71536e-24
-8.07371e-22
-2.60974e-24
-4.0802e-22
-1.91122e-24
-2.68557e-23
-3.57868e-25
-3.35682e-25
5.01051e-29
-3.06979e-27
1.7536e-26
-1.43662e-27
1.56079e-29
-6.97055e-28
1.168e-29
-2.5782e-31
1.01223e-29
-2.79099e-31
6.4468e-33
1.54242e-32
-7.31892e-31
-6.15561e-44
-4.54531e-48
-1.73236e-41
-1.34346e-45
-2.41538e-39
-1.95607e-43
-2.22691e-37
-1.88697e-41
-1.52154e-35
-1.35466e-39
-8.20277e-34
-7.71367e-38
-2.52521e-32
-3.36041e-36
-7.6595e-31
-1.1283e-34
-2.38868e-29
-3.88647e-33
-9.01569e-28
-1.19358e-31
-5.12971e-26
-3.91086e-30
-8.16891e-25
-1.12913e-28
-2.90515e-24
-1.22078e-27
-3.69505e-24
-3.77506e-27
-2.27897e-24
-4.33286e-27
-7.98256e-26
-2.50164e-27
-7.32527e-26
-2.22478e-28
-4.84829e-29
2.31203e-27
-1.86377e-29
2.51799e-31
-9.93253e-30
1.07979e-31
-4.84116e-33
1.17451e-31
-5.53594e-33
9.56226e-35
2.66246e-34
-1.62593e-32
-4.54501e-48
-3.03762e-52
-1.34799e-45
-9.85597e-50
-1.96953e-43
-1.57513e-47
-1.90664e-41
-1.67009e-45
-1.37371e-39
-1.32038e-43
-7.85097e-38
-8.30309e-42
-3.43893e-36
-4.01572e-40
-1.16273e-34
-1.50519e-38
-4.00365e-33
-5.77841e-37
-1.24965e-31
-1.98823e-35
-7.3322e-30
-6.25428e-34
-2.9098e-28
-2.1096e-32
-2.71036e-27
-6.20488e-31
-6.87301e-27
-6.20175e-30
-7.37528e-27
-1.54889e-29
-3.94458e-27
-1.33884e-29
-1.22049e-27
-3.37848e-30
-1.43242e-30
6.8288e-31
-2.093e-31
1.05313e-32
-1.15012e-31
8.75034e-34
-7.70795e-35
1.12967e-33
-9.35872e-35
1.21213e-36
3.99872e-36
-3.12756e-34
-3.03718e-52
-4.38299e-56
-9.88615e-50
-1.5784e-53
-1.58499e-47
-2.79878e-51
-1.6859e-45
-3.29539e-49
-1.3372e-43
-2.89768e-47
-8.43662e-42
-2.0311e-45
-4.10008e-40
-1.09781e-43
-1.54463e-38
-4.62917e-42
-5.93624e-37
-2.00761e-40
-2.04954e-35
-7.81544e-39
-7.26565e-34
-2.75416e-37
-4.84245e-32
-1.00878e-35
-2.03317e-30
-3.79116e-34
-1.62513e-29
-5.77893e-33
-3.08743e-29
-2.00262e-32
-2.61674e-29
-2.09334e-32
-7.68653e-31
-7.7965e-33
-6.94609e-32
-1.13518e-35
-2.01173e-33
4.45691e-34
-1.1e-33
6.91639e-36
-1.04084e-36
9.47082e-36
-1.34961e-36
1.32383e-38
5.24454e-38
-5.22392e-36
-4.38298e-56
-1.77092e-61
-1.58278e-53
-7.16157e-59
-2.81456e-51
-1.42442e-56
-3.32336e-49
-1.88255e-54
-2.9306e-47
-1.86054e-52
-2.06e-45
-1.46849e-50
-1.10808e-43
-8.49585e-49
-4.73636e-42
-4.2768e-47
-2.05498e-40
-2.1071e-45
-8.02114e-39
-9.34013e-44
-2.85431e-37
-3.75565e-42
-1.94258e-35
-1.39926e-40
-1.27866e-33
-5.19358e-39
-1.62959e-32
-2.05898e-37
-3.91155e-32
-4.42334e-36
-3.60154e-32
-2.08494e-35
-1.08952e-33
-2.26525e-35
-1.04788e-33
-5.44445e-36
-1.92621e-35
1.83861e-36
-9.13852e-36
4.87028e-38
-1.21267e-38
6.66958e-38
-1.67185e-38
1.30515e-40
6.02862e-40
-7.60275e-38
-1.77066e-61
-2.55992e-65
-7.17409e-59
-1.18304e-62
-1.42952e-56
-2.68541e-60
-1.89281e-54
-4.0487e-58
-1.87427e-52
-4.56565e-56
-1.48223e-50
-4.11494e-54
-8.56465e-49
-2.67648e-52
-4.36308e-47
-1.60722e-50
-2.15259e-45
-9.07737e-49
-9.5644e-44
-4.62362e-47
-3.85693e-42
-2.14275e-45
-1.54094e-40
-9.14942e-44
-9.39183e-39
-3.82779e-42
-8.14817e-37
-1.77621e-40
-1.8e-35
-5.68229e-39
-6.10281e-35
-4.07489e-38
-5.893e-35
-5.93264e-38
-2.61332e-36
-2.38714e-38
-1.41611e-37
1.60978e-40
-6.32753e-38
2.90298e-40
-1.29227e-40
4.38053e-40
-1.82179e-40
1.2577e-42
6.10547e-42
-9.66776e-40
-2.50329e-65
-6.1906e-70
-1.16074e-62
-3.28248e-67
-2.6427e-60
-8.52099e-65
-3.99617e-58
-1.46957e-62
-4.51994e-56
-1.89841e-60
-4.08605e-54
-1.96373e-58
-2.71737e-52
-1.64782e-56
-1.63443e-50
-1.14467e-54
-9.2425e-49
-7.485e-53
-4.71687e-47
-4.42767e-51
-2.19042e-45
-2.38907e-49
-9.38453e-44
-1.19046e-47
-5.59529e-42
-5.61833e-46
-6.31387e-40
-2.97088e-44
-2.41561e-38
-1.38854e-42
-1.22755e-37
-1.67582e-41
-1.2007e-37
-3.77293e-41
-2.1184e-39
-2.25928e-41
-1.09097e-39
-8.21963e-44
-4.10042e-40
1.89285e-42
-1.29485e-42
9.21082e-43
-1.77908e-42
1.20757e-44
5.48907e-44
-1.07816e-41
-6.19059e-70
-1.2371e-75
-3.28867e-67
-7.66493e-73
-8.55387e-65
-2.32477e-70
-1.47813e-62
-4.68561e-68
-1.91319e-60
-7.07876e-66
-1.98286e-58
-8.57194e-64
-1.66765e-56
-8.43429e-62
-1.16135e-54
-6.88183e-60
-7.60123e-53
-5.28883e-58
-4.50376e-51
-3.68559e-56
-2.43416e-49
-2.34745e-54
-1.21508e-47
-1.38356e-52
-6.64013e-46
-7.62058e-51
-8.48485e-44
-4.00246e-49
-5.83434e-42
-2.20567e-47
-5.14798e-41
-1.28466e-45
-7.32902e-41
-2.34569e-44
-1.88954e-41
-6.26389e-44
-6.19099e-42
-1.91243e-44
-2.29695e-42
3.93088e-45
-1.302e-44
8.62622e-45
-1.63781e-44
1.19152e-46
4.42404e-46
-1.05886e-43
-1.23704e-75
-6.41341e-80
-7.67726e-73
-4.74247e-77
-2.33244e-70
-1.71713e-74
-4.7089e-68
-4.13238e-72
-7.12581e-66
-7.45879e-70
-8.64317e-64
-1.08003e-67
-8.52075e-62
-1.27166e-65
-6.97526e-60
-1.24377e-63
-5.36074e-58
-1.15065e-61
-3.74088e-56
-9.64254e-60
-2.38639e-54
-7.39778e-58
-1.4087e-52
-5.26134e-56
-7.77345e-51
-3.50341e-54
-4.641e-49
-2.2006e-52
-5.81593e-47
-1.41057e-50
-7.054e-45
-1.08198e-48
-1.08549e-43
-3.28918e-47
-1.92736e-43
-1.36046e-46
-1.76253e-44
-7.63239e-47
-1.17108e-44
7.83297e-48
-1.37267e-46
3.39692e-47
-1.30664e-46
1.11336e-48
3.24259e-48
-9.19804e-46
-6.41338e-80
-2.15803e-85
-4.74888e-77
-1.96903e-82
-1.72185e-74
-8.77665e-80
-4.14944e-72
-2.59913e-77
-7.49974e-70
-5.77513e-75
-1.08739e-67
-1.03014e-72
-1.28467e-65
-1.46764e-70
-1.25615e-63
-1.80618e-68
-1.16327e-61
-2.06739e-66
-9.75914e-60
-2.14441e-64
-7.49569e-58
-2.03938e-62
-5.33664e-56
-1.80072e-60
-3.55712e-54
-1.49114e-58
-2.24064e-52
-1.16643e-56
-2.71436e-50
-8.66277e-55
-5.48968e-48
-7.32718e-53
-1.4892e-46
-5.79666e-51
-3.67241e-46
-9.34553e-50
-5.11105e-47
-1.72978e-49
-5.25767e-47
4.48118e-50
-1.36442e-48
1.26125e-49
-9.99465e-49
1.09744e-50
2.21253e-50
-7.09973e-48
-2.15803e-85
-3.98916e-91
-1.97062e-82
-4.77773e-88
-8.79116e-80
-2.76105e-85
-2.60567e-77
-1.0568e-82
-5.79476e-75
-3.03218e-80
-1.03456e-72
-6.98352e-78
-1.48045e-70
-1.2791e-75
-1.82098e-68
-2.06576e-73
-2.08569e-66
-3.05608e-71
-2.16532e-64
-4.10224e-69
-2.06111e-62
-5.0549e-67
-1.82145e-60
-5.79106e-65
-1.50949e-58
-6.23152e-63
-1.18172e-56
-6.34554e-61
-8.99759e-55
-6.13802e-59
-2.23472e-52
-5.64099e-57
-2.99333e-50
-6.15861e-55
-3.84078e-49
-5.24016e-53
-6.64429e-49
-5.05095e-52
-3.0794e-49
2.3e-52
-1.36423e-50
4.27098e-52
-7.89e-51
1.18166e-52
1.46177e-52
-4.88934e-50
-3.96157e-91
-1.05282e-96
-4.75081e-88
-1.859e-93
-2.74889e-85
-1.53023e-90
-1.05346e-82
-8.27201e-88
-3.02628e-80
-3.34223e-85
-6.97822e-78
-1.08269e-82
-1.28607e-75
-2.91429e-80
-2.07861e-73
-6.61496e-78
-3.07704e-71
-1.37487e-75
-4.13327e-69
-2.59235e-73
-5.09679e-67
-4.48728e-71
-5.84314e-65
-7.22384e-69
-6.29207e-63
-1.09303e-66
-6.41217e-61
-1.5668e-64
-6.2092e-59
-2.13708e-62
-6.06602e-57
-2.77104e-60
-2.72307e-54
-3.79416e-58
-3.54423e-52
-6.02083e-56
-2.70096e-51
-1.25091e-54
-1.13334e-51
-2.96093e-55
-1.25375e-52
1.77946e-54
-6.52272e-53
1.25124e-54
1.00396e-54
-3.01082e-52
-1.05282e-96
-6.16613e-104
-1.86006e-93
-2.04828e-100
-1.53209e-90
-2.9402e-97
-8.28733e-88
-2.72051e-94
-3.35052e-85
-1.8701e-91
-1.08604e-82
-1.02798e-88
-2.92514e-80
-4.68752e-86
-6.64421e-78
-1.79987e-83
-1.38154e-75
-6.31681e-81
-2.60617e-73
-2.00812e-78
-4.51338e-71
-5.85066e-76
-7.26912e-69
-1.5827e-73
-1.10035e-66
-4.01822e-71
-1.57798e-64
-9.65406e-69
-2.15339e-62
-2.20597e-66
-2.79992e-60
-4.79232e-64
-1.08756e-57
-9.88654e-62
-3.92961e-55
-3.06338e-59
-6.09843e-54
-1.8331e-57
-3.47791e-54
-1.66965e-57
-1.06982e-54
8.41285e-57
-4.35057e-55
1.30837e-56
7.97531e-57
-1.65005e-54
-6.16613e-104
-3.18776e-117
-2.0489e-100
-4.62031e-113
-2.94225e-97
-2.19424e-109
-2.72345e-94
-6.33137e-106
-1.87283e-91
-1.35334e-102
-1.02985e-88
-2.31574e-99
-4.69781e-86
-3.28403e-96
-1.79954e-83
-3.90998e-93
-6.33491e-81
-4.27705e-90
-2.01445e-78
-4.22001e-87
-5.8708e-76
-3.81057e-84
-1.58857e-73
-3.18865e-81
-4.0341e-71
-2.49818e-78
-9.6944e-69
-1.84707e-75
-2.21566e-66
-1.2951e-72
-4.81487e-64
-8.61029e-70
-1.2664e-61
-5.37291e-67
-1.8262e-58
-3.17741e-64
-8.2718e-57
-2.52816e-61
-8.64539e-57
-3.50103e-60
-6.90338e-57
5.57026e-59
-2.43338e-57
6.65244e-58
6.66892e-57
-7.76687e-57
-3.18776e-117
-4.62063e-113
-2.1947e-109
-6.33356e-106
-1.35398e-102
-2.31711e-99
-3.23602e-96
-3.93597e-93
-4.28098e-90
-4.22429e-87
-3.8148e-84
-3.19246e-81
-2.50137e-78
-1.84958e-75
-1.29695e-72
-8.62326e-70
-5.38222e-67
-4.38439e-64
-5.4223e-61
-5.03748e-60
-1.8365e-58
-6.51616e-59
-1.28218e-58
-3.07204e-16
9.55759e-05
-3.37577e-16
3.03737e-17
-2.20926e-15
1.87168e-15
1.06412e-14
-1.28504e-14
2.37964e-05
0.000151955
-3.53344e-11
2.21006e-05
-3.91688e-11
3.83626e-12
2.40656e-11
-8.46746e-11
8.10737e-05
0.000120635
4.60437e-06
7.60285e-05
-3.09028e-12
4.60438e-06
3.3878e-11
-1.88658e-11
4.53885e-05
3.26056e-05
1.38628e-05
5.54484e-05
1.72546e-06
1.7322e-05
1.63444e-06
9.10465e-08
2.29603e-05
3.82222e-06
1.77466e-05
1.50463e-05
2.58042e-06
2.50299e-05
5.52226e-06
8.00067e-07
4.0071e-06
7.44385e-07
1.14498e-05
2.00899e-06
8.64028e-06
8.1121e-06
8.72865e-06
-1.96003e-08
6.71301e-07
1.12915e-07
1.86498e-06
3.82336e-07
4.03515e-06
4.90489e-07
6.33735e-07
6.17918e-06
8.9398e-08
1.55239e-08
3.35012e-07
5.0945e-08
5.76753e-07
7.58424e-08
6.0251e-08
8.85617e-07
1.21692e-08
1.75306e-09
4.45297e-08
5.30082e-09
8.52944e-08
8.27446e-09
9.11355e-09
1.08882e-07
1.32657e-09
1.99976e-10
4.28375e-09
5.57904e-10
8.26253e-09
8.05305e-10
8.10224e-10
1.28139e-08
1.53119e-10
2.14846e-11
4.38706e-10
5.79898e-11
7.55201e-10
7.95883e-11
7.41987e-11
1.05009e-09
1.65922e-11
2.01217e-12
4.54227e-11
5.37798e-12
7.40267e-11
7.28064e-12
6.57881e-12
9.47349e-11
1.44866e-12
1.61631e-13
3.92331e-12
4.51984e-13
6.21947e-12
6.19667e-13
5.61723e-13
7.6502e-12
9.44987e-14
1.6593e-14
2.68503e-13
3.82493e-14
4.26845e-13
5.19846e-14
4.8131e-14
5.20908e-13
3.94296e-15
2.38153e-15
1.27745e-14
3.03451e-15
2.20037e-14
4.68327e-15
4.59493e-15
2.91796e-14
8.77859e-18
3.4439e-16
3.52288e-16
6.18251e-16
8.5887e-16
7.91419e-16
8.17432e-16
1.3294e-15
-4.7682e-17
3.19463e-17
-4.42627e-17
6.44172e-17
-1.32619e-17
8.22136e-17
9.00738e-17
2.47981e-17
-8.15249e-18
2.40993e-18
-9.9147e-18
4.33033e-18
-8.57388e-18
5.58822e-18
5.98623e-18
-5.37154e-18
-9.25926e-19
1.68708e-19
-1.17164e-18
2.83351e-19
-1.09939e-18
3.53554e-19
3.63195e-19
-8.70315e-19
-8.3684e-20
1.04995e-20
-1.06232e-19
1.67983e-20
-9.9333e-20
2.04078e-20
2.03732e-20
-8.39754e-20
-6.3046e-21
5.73976e-22
-7.9412e-21
8.84679e-22
-7.23416e-21
1.04849e-21
1.02373e-21
-6.26373e-21
-4.02782e-22
2.74325e-23
-5.00016e-22
4.10983e-23
-4.45306e-22
4.77953e-23
4.59107e-23
-3.86955e-22
-2.19217e-23
1.1433e-24
-2.65173e-23
1.67847e-24
-2.38538e-23
1.93266e-24
1.83178e-24
-2.03682e-23
-1.02442e-24
4.1515e-26
-1.2158e-24
6.03086e-26
-1.09956e-24
6.91019e-26
6.50818e-26
-9.27801e-25
-4.12602e-26
1.31375e-27
-4.84328e-26
1.90575e-27
-4.39956e-26
2.1863e-27
2.05909e-27
-3.69002e-26
-1.43581e-27
3.62633e-29
-1.68283e-27
5.2995e-29
-1.53615e-27
6.12632e-29
5.80551e-29
-1.28872e-27
-4.3226e-29
8.74374e-31
-5.11772e-29
1.29845e-30
-4.69806e-29
1.52263e-30
1.46072e-30
-3.96827e-29
-1.13025e-30
1.84541e-32
-1.36421e-30
2.80844e-32
-1.2622e-30
3.36363e-32
3.28662e-32
-1.0807e-30
-2.57234e-32
3.41848e-34
-3.1968e-32
5.37626e-34
-2.98604e-32
6.62255e-34
6.63079e-34
-2.60976e-32
-5.10798e-34
5.57681e-36
-6.60412e-34
9.13881e-36
-6.23081e-34
1.16607e-35
1.20362e-35
-5.6013e-34
-8.87213e-36
8.04499e-38
-1.20431e-35
1.3842e-37
-1.14833e-35
1.8454e-37
1.97291e-37
-1.07064e-35
-1.34401e-37
1.03129e-39
-1.90681e-37
1.87643e-39
-1.92465e-37
2.64038e-39
2.93278e-39
-1.82496e-37
-1.793e-39
1.18165e-41
-2.68431e-39
2.29385e-41
-2.88662e-39
3.42657e-41
3.98116e-41
-2.77673e-39
-2.11279e-41
1.21868e-43
-3.36904e-41
2.54468e-43
-3.88794e-41
4.06369e-43
4.97024e-43
-3.76719e-41
-2.20641e-43
1.14092e-45
-3.77785e-43
2.58256e-45
-4.72485e-43
4.43607e-45
5.76975e-45
-4.54014e-43
-2.04949e-45
9.79491e-48
-3.78038e-45
2.42125e-47
-5.04697e-45
4.4994e-47
6.2914e-47
-5.34312e-45
-1.69758e-47
7.80683e-50
-3.39852e-47
2.12151e-49
-4.89796e-47
4.2926e-49
6.4795e-49
-5.81834e-47
-1.25623e-49
5.86344e-52
-2.75227e-49
1.76067e-51
-4.31899e-49
3.8975e-51
6.3802e-51
-5.80111e-49
-8.29065e-52
4.22577e-54
-2.00167e-51
1.4055e-53
-3.43876e-51
3.41429e-53
6.08142e-53
-5.28837e-51
-4.82171e-54
2.98231e-56
-1.29004e-53
1.09574e-55
-2.43472e-53
2.92238e-55
5.6637e-55
-4.35059e-53
-2.361e-56
3.30366e-57
-7.03864e-56
1.20814e-56
-1.4621e-55
4.23584e-56
1.18068e-55
-3.07399e-55
-1.97739e-58
-3.7937e-58
-9.34555e-58
-2.32453e-57
-2.67002e-14
6.83499e-15
-6.72174e-14
4.66803e-14
-5.44672e-15
-5.36437e-14
-1.27783e-16
-5.23821e-15
-1.2554e-17
-5.58138e-17
-2.97635e-19
-1.49387e-17
-3.33074e-21
-5.03097e-19
-4.48045e-23
-5.30038e-21
-6.42717e-25
-6.36459e-23
-7.95568e-27
-1.05421e-24
-7.72741e-29
-1.65046e-26
-4.94248e-31
-2.29989e-28
-3.71182e-34
-2.85896e-30
3.43828e-35
-2.96926e-32
3.56846e-37
-2.30699e-34
1.39924e-39
-1.14531e-36
1.33115e-42
-2.70602e-39
4.75105e-47
-1.70613e-42
-1.20629e-46
-5.56338e-12
1.10388e-10
-4.43182e-12
-1.289e-12
-3.17964e-13
-3.88269e-12
-9.3369e-15
-3.12942e-13
-6.3424e-17
-9.33717e-15
-2.76288e-18
-4.02452e-17
-3.5519e-20
-3.74426e-18
-2.56993e-22
-8.19766e-20
-1.98285e-24
-8.8591e-22
-1.12744e-26
-1.15495e-23
5.06492e-29
-1.62386e-25
2.86718e-30
-1.6264e-27
5.33576e-32
-1.36e-29
6.277e-34
-1.00242e-31
4.99425e-36
-5.9213e-34
2.41318e-38
-2.38448e-36
5.67499e-41
-4.08716e-39
3.32694e-44
7.98511e-42
8.40239e-45
-1.73955e-10
2.98649e-10
-6.54059e-11
4.86376e-11
-7.99373e-12
-5.45426e-11
-2.59989e-13
-8.03133e-12
-2.02432e-15
-2.67302e-13
-1.01537e-17
-2.06299e-15
-1.76936e-19
-3.04297e-17
-5.88781e-22
-7.58214e-19
6.64803e-24
-6.91985e-21
1.6654e-25
-5.59086e-23
2.9108e-27
-5.06252e-25
3.59316e-29
-4.3409e-27
3.40214e-31
-3.24493e-29
2.59529e-33
-1.96064e-31
1.60577e-35
-8.9812e-34
7.44041e-38
-2.28934e-36
2.14529e-40
6.22942e-39
2.44411e-43
7.15526e-41
1.51614e-43
-6.20528e-09
9.76521e-08
-1.07663e-09
1.06995e-10
-1.02075e-10
-2.28319e-10
-2.60368e-12
-1.97628e-11
-2.23662e-14
-2.84325e-12
-2.28293e-17
-2.43175e-14
1.36918e-18
-2.8925e-16
4.97371e-20
-2.04328e-17
4.04653e-22
-1.77778e-19
3.42375e-24
-1.25741e-21
2.91834e-26
-8.44704e-24
2.3806e-28
-4.66087e-26
1.72945e-30
-2.12987e-28
1.00811e-32
-7.34662e-31
4.66239e-35
-1.4946e-33
1.65504e-37
1.96327e-36
3.9324e-40
4.14096e-38
4.21564e-43
1.9737e-40
3.63523e-43
2.00667e-08
9.02165e-07
-4.92973e-10
2.69752e-08
-2.36863e-10
1.97947e-10
-2.32517e-12
-6.91527e-10
-2.28498e-13
-1.04847e-11
-6.24279e-15
-2.65557e-13
2.28886e-17
-7.88376e-15
3.52817e-18
-1.71867e-16
3.53109e-20
-7.09571e-18
2.69537e-22
-5.06877e-20
2.08378e-24
-3.56046e-22
1.31088e-26
-2.06485e-24
6.45462e-29
-8.52569e-27
2.41779e-31
-1.99211e-29
6.77146e-34
5.67557e-33
1.34354e-36
1.74659e-34
1.59126e-39
7.1547e-37
8.10826e-43
1.43772e-39
1.14014e-42
2.54617e-07
4.21936e-06
-2.20871e-08
3.92852e-07
-1.46076e-09
-2.32903e-08
-2.13876e-10
-5.2256e-09
-9.58288e-12
-2.52001e-10
-2.28197e-13
-9.59564e-12
-3.70987e-15
-2.31449e-13
2.37379e-17
-3.92972e-15
1.46795e-18
-5.39721e-17
9.36694e-21
-7.79129e-19
7.59742e-23
-6.87433e-21
5.42129e-25
-4.20085e-23
3.06257e-27
-1.51825e-25
1.34895e-29
5.54651e-29
4.50711e-32
2.82846e-30
1.05231e-34
1.9798e-32
1.67342e-37
7.85361e-35
1.82836e-40
1.82312e-37
1.84066e-40
2.25595e-07
3.09253e-06
-1.08644e-07
1.46779e-06
-4.43747e-09
-9.22918e-09
-3.68556e-10
-9.51537e-09
-1.62395e-11
-6.19059e-10
-5.22052e-13
-2.59527e-11
-1.2023e-14
-7.61603e-13
-2.06298e-16
-1.73285e-14
6.78998e-18
-3.11541e-16
1.39199e-19
-4.37212e-18
1.12087e-21
-4.21394e-20
9.07571e-24
-2.10544e-22
6.00295e-26
3.35479e-25
3.11386e-28
1.06614e-26
1.20659e-30
1.08446e-28
3.25137e-33
6.84555e-31
7.08373e-36
2.83675e-33
8.22034e-39
7.27014e-36
8.40575e-39
1.90082e-06
1.21468e-08
5.62489e-07
5.93237e-07
1.25543e-08
3.59796e-08
8.02636e-10
-1.98876e-09
3.4111e-11
-1.19264e-10
1.04379e-12
-5.2264e-12
2.56337e-14
-1.72042e-13
6.406e-16
-3.67308e-15
2.18132e-17
-6.8918e-17
4.67848e-19
-7.98412e-19
5.3205e-21
-1.13208e-21
4.88245e-23
2.46849e-22
3.61541e-25
5.28118e-24
2.08671e-27
6.60422e-26
9.03048e-30
5.75717e-28
2.72311e-32
3.60284e-30
4.94944e-35
1.56693e-32
4.31062e-38
4.28717e-35
5.40862e-38
1.98322e-07
2.35633e-08
1.97857e-07
-1.64376e-08
3.55217e-09
2.50757e-10
2.19854e-10
1.16848e-11
9.93123e-12
3.10274e-12
3.45832e-13
4.30257e-14
9.60269e-15
-2.88546e-16
2.05831e-16
4.15672e-17
1.04168e-17
4.39764e-18
1.90201e-19
2.11938e-19
2.26534e-21
6.14547e-21
2.30295e-23
1.30301e-22
1.87369e-25
2.08696e-24
1.18769e-27
2.56551e-26
5.63307e-30
2.40969e-28
1.85897e-32
1.6813e-30
3.69412e-35
8.28828e-33
3.04317e-38
2.61769e-35
3.87907e-38
2.8608e-08
1.81995e-09
8.04459e-09
-8.25637e-10
7.6326e-10
-6.14233e-10
4.21971e-12
-1.21304e-11
3.25867e-13
4.49005e-14
1.63371e-14
2.07907e-14
5.18376e-16
1.09982e-15
4.74203e-17
3.76379e-17
1.28791e-18
1.297e-18
2.00142e-20
3.08772e-20
2.72197e-22
6.70671e-22
3.02882e-24
1.22027e-23
2.69126e-26
1.81677e-25
1.86307e-28
2.1765e-27
9.63989e-31
2.05315e-29
3.46498e-33
1.4759e-31
7.48491e-36
7.64244e-34
6.69114e-39
2.55802e-36
4.05659e-39
1.97092e-09
1.4866e-10
7.13146e-10
-6.54474e-11
2.8874e-11
-3.38719e-11
7.59862e-13
-1.23104e-12
2.081e-14
1.18826e-14
9.40478e-16
3.47549e-15
1.72198e-16
2.19571e-16
6.6722e-18
9.08126e-18
1.32544e-19
2.32422e-19
2.2712e-21
5.48272e-21
3.2284e-23
1.11312e-22
3.72391e-25
1.90106e-24
3.43604e-27
2.69441e-26
2.47395e-29
3.11564e-28
1.33326e-31
2.87212e-30
4.99848e-34
2.03873e-32
1.12789e-36
1.05187e-34
1.05443e-39
3.5303e-37
5.65022e-40
1.49611e-10
1.23488e-11
4.33441e-11
-4.85095e-12
2.30788e-12
-1.77459e-12
6.74139e-14
-7.00819e-14
1.35744e-15
1.52709e-15
4.22605e-16
5.93715e-16
2.27482e-17
3.32633e-17
5.65417e-19
9.91055e-19
1.21255e-20
2.68323e-20
2.17413e-22
6.3104e-22
3.1869e-24
1.25931e-23
3.79191e-26
2.11797e-25
3.60974e-28
2.96874e-27
2.68191e-30
3.41336e-29
1.49168e-32
3.14624e-31
5.77236e-35
2.24491e-33
1.34455e-37
1.16973e-35
1.2975e-40
3.98162e-38
6.49494e-41
1.10413e-11
1.01824e-12
2.55685e-12
-2.63178e-13
1.8029e-13
-7.71151e-14
6.19923e-15
-1.73086e-15
7.57926e-16
1.01933e-15
5.10382e-17
7.89517e-17
1.58268e-18
2.79772e-18
4.22993e-20
8.90849e-20
9.43793e-22
2.44726e-21
1.72623e-23
5.69186e-23
2.58384e-25
1.12159e-24
3.14197e-27
1.86401e-26
3.05893e-29
2.58834e-28
2.32561e-31
2.95883e-30
1.32419e-33
2.72265e-32
5.24693e-36
1.94736e-34
1.25148e-38
1.02108e-36
1.23628e-41
3.50982e-39
5.80276e-42
7.2606e-13
9.73968e-14
1.57417e-13
-6.78361e-16
1.11751e-14
-2.23064e-15
9.73744e-16
1.21606e-15
7.76024e-17
1.25098e-16
3.03701e-18
5.5096e-18
1.00786e-19
2.10712e-19
2.779e-21
6.83444e-21
6.26415e-23
1.85975e-22
1.15859e-24
4.27666e-24
1.7557e-26
8.32605e-26
2.1637e-28
1.36781e-27
2.13698e-30
1.8806e-29
1.64959e-32
2.1339e-31
9.54295e-35
1.95485e-33
3.84353e-37
1.39638e-35
9.32035e-40
7.33513e-38
9.35807e-43
2.53331e-40
4.2193e-43
4.43777e-14
1.03511e-14
8.02339e-15
1.84728e-15
8.16264e-16
1.05355e-15
8.30392e-17
1.35941e-16
4.03293e-18
7.70287e-18
1.68545e-19
3.62327e-19
5.74231e-21
1.407e-20
1.58717e-22
4.51141e-22
3.59023e-24
1.21225e-23
6.67206e-26
2.75153e-25
1.01703e-27
5.28749e-27
1.2622e-29
8.58042e-29
1.25673e-31
1.16704e-30
9.78919e-34
1.31262e-32
5.71906e-36
1.19477e-34
2.32754e-38
8.50128e-37
5.70531e-41
4.45981e-39
5.78904e-44
1.54205e-41
2.57577e-44
2.34039e-15
1.7733e-15
4.66771e-16
6.32667e-16
5.43088e-17
1.09425e-16
3.66423e-18
7.79886e-18
1.9795e-19
4.61116e-19
8.44509e-21
2.17293e-20
2.87366e-22
8.28381e-22
7.93126e-24
2.61193e-23
1.79312e-25
6.90827e-25
3.33366e-27
1.54437e-26
5.08887e-29
2.92534e-28
6.3315e-31
4.68463e-30
6.3266e-33
6.29716e-32
4.9504e-35
7.01273e-34
2.90764e-37
6.33306e-36
1.19047e-39
4.48075e-38
2.93696e-42
2.34254e-40
2.99859e-45
8.08925e-43
1.35073e-45
1.05838e-16
1.9154e-16
2.23574e-17
5.1096e-17
2.17581e-18
5.63613e-18
1.58163e-19
4.35472e-19
8.72671e-21
2.54185e-20
3.7236e-22
1.16606e-21
1.26442e-23
4.34445e-23
3.48096e-25
1.34255e-24
7.85079e-27
3.48653e-26
1.4568e-28
7.66429e-28
2.22129e-30
1.4295e-29
2.76298e-32
2.25737e-31
2.76263e-34
2.99701e-33
2.16494e-36
3.30228e-35
1.2745e-38
2.95628e-37
5.23336e-41
2.07752e-39
1.29547e-43
1.08096e-41
1.32672e-46
3.72212e-44
6.1986e-47
1.23311e-18
1.22932e-17
6.26323e-19
2.70323e-18
7.54548e-20
2.99393e-19
5.88962e-21
2.24683e-20
3.32503e-22
1.26427e-21
1.43188e-23
5.62665e-23
4.87625e-25
2.044e-24
1.3421e-26
6.17853e-26
3.02217e-28
1.57335e-27
5.59695e-30
3.39822e-29
8.51859e-32
6.23806e-31
1.05816e-33
9.71132e-33
1.05722e-35
1.27323e-34
8.28389e-38
1.38781e-36
4.87906e-40
1.2312e-38
2.00549e-42
8.58976e-41
4.97138e-45
4.44507e-43
5.09595e-48
1.52491e-45
2.52842e-48
-1.36389e-19
7.02381e-19
2.69444e-21
1.46107e-19
1.73828e-21
1.4889e-20
1.72738e-22
1.05039e-21
1.05636e-23
5.68226e-23
4.71166e-25
2.45072e-24
1.63176e-26
8.67183e-26
4.52563e-28
2.56275e-27
1.02224e-29
6.39775e-29
1.89455e-31
1.35775e-30
2.88261e-33
2.4535e-32
3.57834e-35
3.76677e-34
3.5729e-37
4.87858e-36
2.79836e-39
5.26189e-38
1.64799e-41
4.62681e-40
6.77511e-44
3.2048e-42
1.6801e-46
1.64922e-44
1.72117e-49
5.63495e-47
9.28898e-50
-1.65095e-20
3.75085e-20
-8.91107e-22
7.31439e-21
-4.07457e-24
6.99913e-22
3.02318e-24
4.54267e-23
2.55546e-25
2.32525e-24
1.2727e-26
9.67272e-26
4.63464e-28
3.33459e-27
1.3186e-29
9.63914e-29
3.01915e-31
2.3606e-30
5.63799e-33
4.92568e-32
8.61443e-35
8.76877e-34
1.07181e-36
1.32874e-35
1.07153e-38
1.7014e-37
8.39827e-41
1.81715e-39
4.94818e-43
1.5847e-41
2.03502e-45
1.0903e-43
5.0476e-48
5.58134e-46
5.16014e-51
1.89967e-48
3.1077e-51
-1.25923e-21
1.81253e-21
-8.55191e-23
3.34452e-22
-3.07136e-24
3.05108e-23
-3.70557e-26
1.87744e-24
3.09417e-27
8.92366e-26
2.48697e-28
3.51133e-27
1.05662e-29
1.16864e-28
3.22646e-31
3.30627e-30
7.66835e-33
7.95537e-32
1.46251e-34
1.63443e-33
2.2633e-36
2.87002e-35
2.83921e-38
4.29741e-37
2.85342e-40
5.44648e-39
2.2453e-42
5.76557e-41
1.32642e-44
4.99167e-43
5.4644e-47
3.41405e-45
1.35693e-49
1.73956e-47
1.37991e-52
5.90249e-50
9.55325e-53
-7.64043e-23
7.88293e-23
-5.48531e-24
1.39641e-23
-2.36292e-25
1.22729e-24
-6.6711e-27
7.25212e-26
-9.97646e-29
3.28954e-27
1.36228e-30
1.21709e-28
1.56854e-31
3.81173e-30
6.09621e-33
1.04317e-31
1.60375e-34
2.46373e-33
3.23099e-36
4.99229e-35
5.16365e-38
8.66456e-37
6.6108e-40
1.28422e-38
6.73272e-42
1.61348e-40
5.34224e-44
1.69536e-42
3.17509e-46
1.45858e-44
1.31333e-48
9.92606e-47
3.27253e-51
5.03785e-49
3.28988e-54
1.70612e-51
2.71916e-54
-3.9289e-24
3.0847e-24
-2.86076e-25
5.31568e-25
-1.2961e-26
4.55084e-26
-4.19146e-28
2.6066e-27
-9.84398e-30
1.14178e-28
-1.50936e-31
4.06024e-30
-5.18829e-34
1.21195e-31
5.99028e-35
3.12223e-33
2.40556e-36
7.13217e-35
5.68858e-38
1.41372e-36
9.84201e-40
2.42985e-38
1.3191e-41
3.57141e-40
1.38464e-43
4.45483e-42
1.12131e-45
4.65368e-44
6.75411e-48
3.98475e-46
2.82078e-50
2.70154e-48
7.07022e-53
1.36734e-50
6.94647e-56
4.62799e-53
7.22083e-56
-1.75749e-25
1.08529e-25
-1.28367e-26
1.8429e-26
-5.91106e-28
1.55381e-27
-1.99213e-29
8.7135e-29
-5.16446e-31
3.71788e-30
-1.03475e-32
1.28339e-31
-1.53745e-34
3.70877e-33
-1.33167e-36
9.21986e-35
7.96802e-39
2.00595e-36
6.05745e-40
3.80717e-38
1.39661e-41
6.41502e-40
2.12427e-43
9.3101e-42
2.38847e-45
1.15508e-43
2.01671e-47
1.20138e-45
1.25041e-49
1.02496e-47
5.3189e-52
6.93148e-50
1.34995e-54
3.50217e-52
1.28067e-57
1.1868e-54
1.80358e-57
-6.92973e-27
3.43264e-27
-5.07577e-28
5.81674e-28
-2.35288e-29
4.88217e-29
-8.0484e-31
2.70707e-30
-2.15645e-32
1.13548e-31
-4.64064e-34
3.83622e-33
-8.10144e-36
1.08195e-34
-1.12584e-37
2.62082e-36
-1.13667e-39
5.54197e-38
-5.84119e-42
1.01861e-39
6.13025e-44
1.64789e-41
2.0692e-45
2.32512e-43
3.00123e-47
2.84714e-45
2.86006e-49
2.93602e-47
1.89315e-51
2.49977e-49
8.42422e-54
1.68762e-51
2.19007e-56
8.5237e-54
1.97854e-59
2.89656e-56
4.27041e-59
-2.42705e-28
9.76577e-29
-1.7905e-29
1.67196e-29
-8.35075e-31
1.41182e-30
-2.87798e-32
7.81524e-32
-7.81537e-34
3.25155e-33
-1.72681e-35
1.0842e-34
-3.17316e-37
3.007e-36
-4.88152e-39
7.14526e-38
-6.15122e-41
1.48035e-39
-6.22383e-43
2.66387e-41
-4.62634e-45
4.21457e-43
-1.89807e-47
5.79297e-45
7.23029e-50
6.88578e-47
2.08863e-51
6.94866e-49
1.88334e-53
5.872e-51
9.61529e-56
3.94144e-53
2.68798e-58
1.98415e-55
2.21493e-61
6.77461e-58
9.64692e-61
-7.58884e-30
2.50214e-30
-5.6762e-31
4.38077e-31
-2.67289e-32
3.76023e-32
-9.28041e-34
2.09771e-33
-2.54076e-35
8.73254e-35
-5.68395e-37
2.89711e-36
-1.06703e-38
7.96098e-38
-1.70372e-40
1.86863e-39
-2.29187e-42
3.81597e-41
-2.60881e-44
6.76211e-43
-2.45227e-46
1.05335e-44
-1.85953e-48
1.42525e-46
-1.07811e-50
1.66794e-48
-4.36888e-53
1.65555e-50
-9.2473e-56
1.3721e-52
7.96592e-59
9.06294e-55
1.02231e-60
4.5139e-57
1.08802e-64
1.54675e-59
2.12668e-62
-2.12639e-31
5.78442e-32
-1.62525e-32
1.04798e-32
-7.76975e-34
9.2368e-34
-2.72668e-35
5.24091e-35
-7.52935e-37
2.20145e-36
-1.69944e-38
7.32346e-38
-3.22819e-40
2.00826e-39
-5.24597e-42
4.68742e-41
-7.2544e-44
9.49295e-43
-8.62055e-46
1.66563e-44
-8.66778e-48
2.56658e-46
-7.31088e-50
3.43475e-48
-5.04456e-52
3.97746e-50
-2.78464e-54
3.90855e-52
-1.16422e-56
3.20873e-54
-3.43532e-59
2.10258e-56
-6.267e-62
1.04028e-58
-2.65274e-65
3.56055e-61
4.76858e-64
-5.35619e-33
1.20965e-33
-4.21921e-34
2.29414e-34
-2.06129e-35
2.09695e-35
-7.3475e-37
1.22094e-36
-2.05275e-38
5.21714e-38
-4.67865e-40
1.75333e-39
-8.97394e-42
4.83117e-41
-1.47491e-43
1.1284e-42
-2.07064e-45
2.27943e-44
-2.51256e-47
3.98098e-46
-2.60111e-49
6.09684e-48
-2.28381e-51
8.10299e-50
-1.6633e-53
9.31678e-52
-9.85246e-56
9.09328e-54
-4.50048e-58
7.41938e-56
-1.4738e-60
4.83651e-58
-3.02273e-63
2.38375e-60
-1.08141e-66
8.18593e-63
1.06454e-65
-1.21644e-34
2.29577e-35
-9.9642e-36
4.60949e-36
-5.01032e-37
4.41154e-37
-1.8245e-38
2.65859e-38
-5.17997e-40
1.16468e-39
-1.19567e-41
3.98246e-41
-2.31836e-43
1.10981e-42
-3.84959e-45
2.60941e-44
-5.46536e-47
5.2865e-46
-6.71996e-49
9.23543e-48
-7.07142e-51
1.41202e-49
-6.33657e-53
1.87109e-51
-4.73127e-55
2.14349e-53
-2.88565e-57
2.08391e-55
-1.36186e-59
1.69377e-57
-4.61392e-62
1.10042e-59
-9.81111e-65
5.41094e-62
-3.26e-68
1.86691e-64
2.35785e-67
-2.49808e-36
3.97031e-37
-2.14741e-37
8.53222e-38
-1.11961e-38
8.62981e-39
-4.19078e-40
5.42741e-40
-1.21523e-41
2.45574e-41
-2.85199e-43
8.60115e-43
-5.60514e-45
2.43907e-44
-9.41539e-47
5.80527e-46
-1.35133e-48
1.18554e-47
-1.67982e-50
2.08124e-49
-1.78864e-52
3.18978e-51
-1.62397e-54
4.22978e-53
-1.23049e-56
4.84326e-55
-7.62544e-59
4.70317e-57
-3.65922e-61
3.81669e-59
-1.26039e-63
2.47593e-61
-2.73308e-66
1.21632e-63
-8.61822e-70
4.22016e-66
5.18166e-69
-4.65281e-38
6.28745e-39
-4.23642e-39
1.46148e-39
-2.30739e-40
1.57614e-40
-8.93387e-42
1.04257e-41
-2.66007e-43
4.90634e-43
-6.37503e-45
1.7713e-44
-1.27432e-46
5.14048e-46
-2.17069e-48
1.24495e-47
-3.15366e-50
2.57481e-49
-3.96395e-52
4.56151e-51
-4.26587e-54
7.03474e-53
-3.91444e-56
9.36618e-55
-2.99818e-58
1.0751e-56
-1.8782e-60
1.04542e-58
-9.10935e-63
8.48839e-61
-3.16991e-65
5.50768e-63
-6.97125e-68
2.70686e-65
-2.10408e-71
9.4529e-68
1.13017e-70
-7.88454e-40
9.17076e-41
-7.67477e-41
2.32886e-41
-4.39921e-42
2.70058e-42
-1.77296e-43
1.8926e-43
-5.44957e-45
9.32348e-45
-1.33972e-46
3.48972e-46
-2.7339e-48
1.04188e-47
-4.73634e-50
2.57969e-49
-6.98027e-52
5.42653e-51
-8.88279e-54
9.73892e-53
-9.66544e-56
1.5165e-54
-8.95974e-58
2.03347e-56
-6.92824e-60
2.3461e-58
-4.37888e-62
2.28965e-60
-2.14139e-64
1.86376e-62
-7.50945e-67
1.21153e-64
-1.6714e-69
5.96507e-67
-4.85073e-73
2.0987e-69
2.44986e-72
-1.21955e-41
1.24009e-42
-1.28084e-42
3.47352e-43
-7.78267e-44
4.36496e-44
-3.28475e-45
3.26274e-45
-1.04771e-46
1.6925e-46
-2.65396e-48
6.60239e-48
-5.54974e-50
2.03747e-49
-9.80896e-52
5.17956e-51
-1.47003e-53
1.11243e-52
-1.89734e-55
2.02946e-54
-2.08982e-57
3.20069e-56
-1.95806e-59
4.33413e-58
-1.52856e-61
5.03817e-60
-9.74264e-64
4.94515e-62
-4.80035e-66
4.0427e-64
-1.69511e-68
2.63707e-66
-3.81628e-71
1.30275e-68
-1.0691e-74
4.62403e-71
5.29556e-74
-1.72728e-43
1.56505e-44
-1.97527e-44
4.88312e-45
-1.28116e-45
6.69681e-46
-5.69568e-47
5.37125e-47
-1.8946e-48
2.94934e-48
-4.96633e-50
1.20469e-49
-1.0681e-51
3.85865e-51
-1.93194e-53
1.01091e-52
-2.95168e-55
2.22422e-54
-3.87165e-57
4.13734e-56
-4.32314e-59
6.62655e-58
-4.09825e-61
9.08356e-60
-3.23184e-63
1.06614e-61
-2.07793e-65
1.05448e-63
-1.03173e-67
8.67295e-66
-3.66976e-70
5.68716e-68
-8.36209e-73
2.82489e-70
-2.27298e-76
1.01397e-72
1.14965e-75
-2.24635e-45
1.85917e-46
-2.82258e-46
6.5211e-47
-1.96709e-47
9.8203e-48
-9.26189e-49
8.4955e-49
-3.22793e-50
4.96014e-50
-8.79114e-52
2.12984e-51
-1.95128e-53
7.10595e-53
-3.62251e-55
1.92469e-54
-5.65629e-57
4.35075e-56
-7.55523e-59
8.27308e-58
-8.56624e-61
1.3488e-59
-8.22654e-63
1.8756e-61
-6.55975e-65
2.227e-63
-4.25812e-67
2.22359e-65
-2.13258e-69
1.84353e-67
-7.65167e-72
1.21806e-69
-1.76864e-74
6.10399e-72
-4.70726e-78
2.2262e-74
2.54315e-77
-2.68813e-47
2.10262e-48
-3.74409e-48
8.34424e-49
-2.82101e-49
1.38688e-49
-1.41381e-50
1.29958e-50
-5.18469e-52
8.09759e-52
-1.47247e-53
3.66709e-53
-3.38378e-55
1.27812e-54
-6.46534e-57
3.58847e-56
-1.03413e-58
8.35372e-58
-1.40941e-60
1.62734e-59
-1.62532e-62
2.70602e-61
-1.58346e-64
3.82422e-63
-1.27838e-66
4.60185e-65
-8.38983e-69
4.64762e-67
-4.24666e-71
3.89371e-69
-1.54215e-73
2.60183e-71
-3.6349e-76
1.3237e-73
-9.63783e-80
4.95265e-76
5.88922e-79
-2.96008e-49
2.2881e-50
-4.6098e-50
1.03268e-50
-3.77663e-51
1.90172e-51
-2.02394e-52
1.9364e-52
-7.84016e-54
1.29121e-53
-2.32974e-55
6.18216e-55
-5.55916e-57
2.25595e-56
-1.09597e-58
6.57876e-58
-1.7997e-60
1.58011e-59
-2.5075e-62
3.15887e-61
-2.94609e-64
5.36634e-63
-2.91653e-66
7.72054e-65
-2.38826e-68
9.43377e-67
-1.58848e-70
9.66189e-69
-8.15761e-73
8.21194e-71
-3.01904e-75
5.58734e-73
-7.33546e-78
2.92126e-75
-1.99923e-81
1.14211e-77
1.4902e-80
-2.9866e-51
2.42413e-52
-5.24573e-52
1.24852e-52
-4.69819e-53
2.55378e-53
-2.70387e-54
2.8314e-54
-1.11039e-55
2.02408e-55
-3.46317e-57
1.02626e-56
-8.60421e-59
3.92683e-58
-1.75449e-60
1.1911e-59
-2.96421e-62
2.9557e-61
-4.23048e-64
6.07224e-63
-5.0739e-66
1.05544e-64
-5.11509e-68
1.54863e-66
-4.26067e-70
1.92646e-68
-2.88477e-72
2.00929e-70
-1.51466e-74
1.74525e-72
-5.7913e-77
1.22513e-74
-1.48017e-79
6.73461e-77
-4.34689e-83
2.83631e-79
4.32239e-82
-2.72099e-53
2.52116e-54
-5.44037e-54
1.48753e-54
-5.35578e-55
3.38551e-55
-3.32435e-56
4.0918e-56
-1.45258e-57
3.13899e-57
-4.77014e-59
1.68697e-58
-1.23744e-60
6.77455e-60
-2.61647e-62
2.13938e-61
-4.55893e-64
5.49027e-63
-6.6805e-66
1.1605e-64
-8.20065e-68
2.06719e-66
-8.44771e-70
3.10145e-68
-7.19501e-72
3.94548e-70
-5.0022e-74
4.22493e-72
-2.7258e-76
3.80526e-74
-1.10373e-78
2.82544e-76
-3.0618e-81
1.69491e-78
-1.01756e-84
7.97818e-81
1.47375e-83
-2.14818e-55
5.37255e-55
-4.97166e-56
1.27706e-55
-5.43152e-57
1.67406e-56
-3.66386e-58
1.42183e-57
-1.71447e-59
8.5618e-59
-5.96192e-61
3.87305e-60
-1.62313e-62
1.37439e-61
-3.57522e-64
3.95889e-63
-6.45295e-66
1.00197e-64
-9.75354e-68
2.1796e-66
-1.23203e-69
3.98195e-68
-1.30636e-71
6.11872e-70
-1.15047e-73
7.98611e-72
-8.36134e-76
8.83376e-74
-4.86351e-78
8.33599e-76
-2.16802e-80
6.64102e-78
-6.76287e-83
4.39593e-80
-2.58891e-86
2.29648e-82
4.8919e-85
-1.30939e-57
-2.97772e-58
-3.45481e-59
-2.48914e-60
-1.23801e-61
-4.54488e-63
-1.29696e-64
-2.98551e-66
-5.6067e-68
-8.77479e-70
-1.14402e-71
-1.25097e-73
-1.1391e-75
-8.62177e-78
-5.28931e-80
-2.52386e-82
-8.41439e-85
-3.3873e-88
)
;

boundaryField
{
    leftWall
    {
        type            calculated;
        value           uniform 0;
    }
    rightWall
    {
        type            calculated;
        value           uniform 0;
    }
    lowerWall
    {
        type            calculated;
        value           uniform 0;
    }
    atmosphere
    {
        type            calculated;
        value           nonuniform List<scalar> 
46
(
0
0
0
0
0
0
0
0
0
0
0
0
0
0
0
0
0
0
0
0
3.26728e-59
6.07491e-58
3.1852e-58
2.73458e-58
7.20813e-58
1.98147e-57
4.56747e-57
2.31573e-56
1.11189e-56
2.49246e-57
3.10772e-58
2.48234e-59
1.38813e-60
5.78013e-62
1.88398e-63
4.98994e-65
1.08611e-66
1.98522e-68
3.05137e-70
3.9818e-72
4.39829e-74
4.13335e-76
3.26039e-78
2.11749e-80
1.07734e-82
2.18472e-85
)
;
    }
    defaultFaces
    {
        type            empty;
        value           nonuniform 0();
    }
}


// ************************************************************************* //
