/*--------------------------------*- C++ -*----------------------------------*\
| =========                 |                                                 |
| \\      /  F ield         | OpenFOAM: The Open Source CFD Toolbox           |
|  \\    /   O peration     | Version:  5.x                                   |
|   \\  /    A nd           | Web:      www.OpenFOAM.org                      |
|    \\/     M anipulation  |                                                 |
\*---------------------------------------------------------------------------*/
FoamFile
{
    version     2.0;
    format      ascii;
    class       surfaceScalarField;
    location    "0.15";
    object      alphaPhi10;
}
// * * * * * * * * * * * * * * * * * * * * * * * * * * * * * * * * * * * * * //

dimensions      [0 3 -1 0 0 0 0];

internalField   nonuniform List<scalar> 
4432
(
4.34509e-06
-4.34509e-06
1.11624e-05
-6.81727e-06
1.79121e-05
-6.74969e-06
2.43242e-05
-6.41217e-06
3.0681e-05
-6.35683e-06
3.71937e-05
-6.51269e-06
4.39642e-05
-6.77042e-06
5.10313e-05
-7.06717e-06
5.84091e-05
-7.3778e-06
6.60954e-05
-7.68626e-06
7.40658e-05
-7.97041e-06
8.2263e-05
-8.19719e-06
9.05592e-05
-8.29626e-06
9.87042e-05
-8.14494e-06
0.000106294
-7.59028e-06
0.00011274
-6.44544e-06
0.000117013
-4.27346e-06
0.000116961
5.24276e-08
0.000107941
9.02008e-06
8.38842e-05
2.39894e-05
4.42383e-05
3.9648e-05
2.94261e-06
4.12957e-05
2.24469e-06
4.37844e-06
-8.72354e-06
1.1178e-05
-1.36169e-05
1.79297e-05
-1.35014e-05
2.43537e-05
-1.28361e-05
3.07178e-05
-1.27209e-05
3.72382e-05
-1.30331e-05
4.40177e-05
-1.35499e-05
5.10951e-05
-1.41446e-05
5.84864e-05
-1.47691e-05
6.61908e-05
-1.53907e-05
7.4183e-05
-1.59626e-05
8.24122e-05
-1.64264e-05
9.07708e-05
-1.66549e-05
9.9036e-05
-1.64101e-05
0.000106829
-1.53835e-05
0.000113567
-1.31829e-05
0.000118437
-9.14397e-06
0.000120658
-2.1689e-06
0.000119641
1.00376e-05
0.000111996
3.15977e-05
8.8642e-05
6.30168e-05
4.40264e-05
8.59103e-05
4.13632e-05
4.40198e-06
-1.31255e-05
1.11597e-05
-2.03746e-05
1.78676e-05
-2.02092e-05
2.42623e-05
-1.92308e-05
3.06043e-05
-1.90629e-05
3.71078e-05
-1.95367e-05
4.38739e-05
-2.0316e-05
5.0941e-05
-2.12117e-05
5.83282e-05
-2.21563e-05
6.60382e-05
-2.31006e-05
7.4052e-05
-2.39764e-05
8.2332e-05
-2.47064e-05
9.07914e-05
-2.51142e-05
9.92395e-05
-2.48583e-05
0.000107348
-2.34916e-05
0.000114608
-2.04437e-05
0.00012025
-1.47854e-05
0.000122905
-4.82439e-06
0.000120825
1.21181e-05
0.000112966
3.94567e-05
9.64645e-05
7.94731e-05
5.91658e-05
0.000123208
9.85505e-05
4.4319e-06
-1.75574e-05
1.11407e-05
-2.70834e-05
1.77843e-05
-2.68528e-05
2.41318e-05
-2.55783e-05
3.04427e-05
-2.53737e-05
3.69249e-05
-2.60189e-05
4.36754e-05
-2.70665e-05
5.07323e-05
-2.82686e-05
5.81188e-05
-2.95428e-05
6.58436e-05
-3.08254e-05
7.38998e-05
-3.20326e-05
8.22677e-05
-3.30744e-05
9.08828e-05
-3.37293e-05
9.95962e-05
-3.35717e-05
0.00010816
-3.20549e-05
0.000116161
-2.84457e-05
0.000122857
-2.14804e-05
0.000127015
-8.98318e-06
0.000126526
1.26071e-05
0.000118267
4.77161e-05
9.95237e-05
9.81467e-05
6.35316e-05
0.000159197
0.000168497
4.46855e-06
-2.2026e-05
1.11192e-05
-3.37341e-05
1.76797e-05
-3.34133e-05
2.39644e-05
-3.1863e-05
3.02362e-05
-3.16456e-05
3.6694e-05
-3.24767e-05
4.34272e-05
-3.37998e-05
5.04741e-05
-3.53155e-05
5.78633e-05
-3.6932e-05
6.56112e-05
-3.85733e-05
7.37269e-05
-4.01483e-05
8.22119e-05
-4.15595e-05
9.10224e-05
-4.25398e-05
0.000100063
-4.26126e-05
0.0001092
-4.11915e-05
0.000118131
-3.73767e-05
0.000126175
-2.95245e-05
0.000132243
-1.50509e-05
0.000134548
1.0302e-05
0.000129186
5.30773e-05
0.000108347
0.000118941
6.92949e-05
0.00019825
0.000238844
4.51634e-06
-2.65423e-05
1.10956e-05
-4.03133e-05
1.75529e-05
-3.98706e-05
2.37608e-05
-3.8071e-05
2.9987e-05
-3.78717e-05
3.64161e-05
-3.89057e-05
4.31282e-05
-4.05119e-05
5.01612e-05
-4.23485e-05
5.75497e-05
-4.43204e-05
6.53194e-05
-4.6343e-05
7.34992e-05
-4.8328e-05
8.21122e-05
-5.01725e-05
9.11335e-05
-5.15611e-05
0.00010053
-5.20093e-05
0.000110303
-5.09638e-05
0.000120272
-4.73464e-05
0.000129848
-3.90998e-05
0.000138251
-2.34545e-05
0.00014467
3.88334e-06
0.000145064
5.21831e-05
0.000124376
0.000139632
7.95996e-05
0.000242983
0.000318441
4.57658e-06
-3.11189e-05
1.10633e-05
-4.68e-05
1.73957e-05
-4.6203e-05
2.35136e-05
-4.41888e-05
2.96853e-05
-4.40435e-05
3.60767e-05
-4.52972e-05
4.27572e-05
-4.71924e-05
4.97648e-05
-4.93562e-05
5.71409e-05
-5.16965e-05
6.4922e-05
-5.41241e-05
7.3158e-05
-5.6564e-05
8.18923e-05
-5.89069e-05
9.11263e-05
-6.07951e-05
0.0001009
-6.17827e-05
0.000111339
-6.14027e-05
0.000122396
-5.84044e-05
0.000133648
-5.0351e-05
0.000144893
-3.46998e-05
0.000156524
-7.74789e-06
0.000162986
4.16035e-05
0.000142023
0.000149125
9.03115e-05
0.000294655
0.000407854
4.64137e-06
-3.57603e-05
1.10059e-05
-5.31646e-05
1.7199e-05
-5.23961e-05
2.32156e-05
-5.02054e-05
2.93202e-05
-5.01481e-05
3.56601e-05
-5.1637e-05
4.22936e-05
-5.38259e-05
4.92606e-05
-5.63231e-05
5.66096e-05
-5.90454e-05
6.43889e-05
-6.19035e-05
7.26678e-05
-6.48429e-05
8.15068e-05
-6.77459e-05
9.0947e-05
-7.02353e-05
0.000101111
-7.19468e-05
0.000112207
-7.24985e-05
0.000124334
-7.05313e-05
0.000137392
-6.34098e-05
0.000151484
-4.87975e-05
0.000167117
-2.34064e-05
0.000160881
2.26691e-05
0.000121565
8.6217e-05
8.6083e-05
0.000277209
0.000491625
-1.36296e-24
1.19329e-24
-1.51421e-24
7.28702e-25
-2.44423e-25
1.63245e-25
-6.45561e-27
5.39079e-28
-9.30593e-29
-6.80842e-28
-2.68431e-30
-1.85675e-29
-9.20073e-32
-6.87728e-31
-2.54301e-33
-2.7951e-32
-5.73989e-35
-8.99469e-34
-1.12445e-36
-2.30047e-35
-1.88846e-38
-4.98107e-37
-2.64838e-40
-9.09534e-39
-3.03839e-42
-1.37077e-40
-2.7045e-44
-1.74709e-42
-1.81029e-46
-1.66178e-44
-8.02764e-49
-1.30275e-46
-1.92581e-51
-6.85776e-49
-6.84119e-55
-1.84985e-51
-5.99637e-55
-2.37311e-22
4.73572e-22
-2.43151e-22
4.25672e-22
-3.3979e-23
8.49873e-23
-9.09054e-25
-4.17476e-25
-1.50252e-26
-1.73998e-25
-3.4902e-28
-5.15765e-27
-9.25857e-30
-1.50819e-28
-2.22149e-31
-4.51052e-30
-4.59052e-33
-1.19504e-31
-8.30948e-35
-2.70537e-33
-1.29033e-36
-5.33402e-35
-1.66289e-38
-8.98193e-37
-1.72e-40
-1.25594e-38
-1.37115e-42
-1.44302e-40
-7.72877e-45
-1.24757e-42
-2.68834e-47
-7.66923e-45
-3.66816e-50
-2.95568e-47
-3.42677e-55
-5.28181e-50
-9.6272e-55
-1.9895e-20
3.6775e-20
-2.24743e-20
4.8717e-20
-2.96777e-21
1.08356e-20
-7.2969e-23
-2.78905e-22
-1.16298e-24
-3.07059e-23
-2.19872e-26
-6.9481e-25
-4.44358e-28
-1.4239e-26
-8.74659e-30
-3.21866e-28
-1.58944e-31
-6.8801e-30
-2.6093e-33
-1.34737e-31
-3.73273e-35
-2.38314e-33
-4.4702e-37
-3.66544e-35
-4.29791e-39
-4.68435e-37
-3.12072e-41
-4.761e-39
-1.52528e-43
-3.68519e-41
-4.32552e-46
-1.98102e-43
-4.25937e-49
-6.33311e-46
-4.35404e-55
-7.81557e-49
-2.14033e-54
-1.66254e-18
2.44469e-18
-2.98403e-18
5.84624e-18
-3.51569e-19
2.08885e-18
-4.50069e-21
-1.3376e-19
-5.85592e-23
-3.13503e-21
-9.1841e-25
-5.56679e-23
-1.49125e-26
-9.59401e-25
-2.44103e-28
-1.58287e-26
-3.86367e-30
-2.71007e-28
-5.66871e-32
-4.50795e-30
-7.3563e-34
-6.96458e-32
-8.02212e-36
-9.48369e-34
-6.96169e-38
-1.08825e-35
-4.63268e-40
-1.02465e-37
-2.05994e-42
-7.16471e-40
-5.23611e-45
-3.48581e-42
-3.77792e-48
-1.06414e-44
-1.1873e-54
-1.26922e-47
-1.63516e-53
-1.88727e-16
2.41157e-16
-2.13978e-16
4.94846e-16
-1.4728e-17
8.76233e-17
-1.23954e-19
-5.81397e-18
-1.52951e-21
-7.94655e-20
-2.56691e-23
-1.50602e-21
-3.51192e-25
-4.67949e-23
-5.00347e-27
-5.57708e-25
-7.01145e-29
-7.59407e-27
-9.10316e-31
-1.085e-28
-1.0567e-32
-1.45315e-30
-1.05582e-34
-1.76396e-32
-8.45995e-37
-1.88019e-34
-5.09339e-39
-1.56446e-36
-2.1342e-41
-1.02716e-38
-5.14695e-44
-4.85555e-41
-2.68548e-47
-1.2553e-43
-4.30072e-54
-1.14817e-46
-3.46068e-53
-2.8879e-15
3.70177e-15
-1.73296e-15
3.43795e-15
-9.94625e-17
2.62689e-16
-1.15766e-18
-2.388e-17
-1.57749e-20
-6.84064e-19
-3.50544e-22
-1.19829e-20
-4.97565e-24
-5.55132e-22
-6.85856e-26
-1.06727e-23
-8.89477e-28
-1.22059e-25
-1.0653e-29
-1.62067e-27
-1.14756e-31
-2.03022e-29
-1.06282e-33
-2.32302e-31
-7.92842e-36
-2.30159e-33
-4.50897e-38
-1.91287e-35
-1.85131e-40
-1.2493e-37
-3.5905e-43
-5.62199e-40
-8.97242e-47
-1.41005e-42
-5.66849e-54
-4.07932e-46
-9.0385e-53
-5.32312e-15
1.23295e-14
-1.93278e-15
4.98908e-15
-1.7346e-16
1.02782e-16
-5.25237e-18
-1.54195e-17
-8.06403e-20
-3.75769e-18
-1.40528e-21
-6.0698e-20
-3.12629e-23
-6.07508e-22
-5.28737e-25
-2.7796e-23
-7.27585e-27
-6.90043e-25
-8.80086e-29
-1.18493e-26
-9.29628e-31
-1.62388e-28
-8.0756e-33
-1.86951e-30
-5.8297e-35
-1.74032e-32
-3.31635e-37
-1.3505e-34
-1.1914e-39
-8.50065e-37
-2.22772e-42
-3.66844e-39
-1.32849e-46
-8.13194e-42
-1.00409e-53
-3.16658e-46
-1.42468e-52
-1.39791e-15
1.13673e-14
-2.85576e-16
1.25961e-15
-5.76344e-17
2.6565e-16
-1.2863e-17
-6.01838e-18
-4.15949e-19
-8.35897e-18
-2.57334e-21
-6.98026e-19
-1.01489e-22
-2.71342e-21
-2.34122e-24
2.87924e-22
-3.9656e-26
6.41924e-25
-5.25141e-28
-3.26011e-26
-5.70849e-30
-8.30751e-28
-4.92584e-32
-1.38012e-29
-3.34245e-34
-1.60817e-31
-1.70877e-36
-1.1428e-33
-5.7461e-39
-3.59262e-36
-8.02899e-42
1.73401e-38
-5.55143e-47
1.58871e-40
-5.08804e-52
1.22502e-43
4.88061e-50
9.92374e-06
-4.5684e-05
2.31602e-05
-6.6401e-05
3.57715e-05
-6.50074e-05
4.81469e-05
-6.25808e-05
6.08531e-05
-6.28544e-05
7.41e-05
-6.48839e-05
8.79805e-05
-6.77064e-05
0.000102589
-7.09314e-05
0.000118054
-7.45107e-05
0.000134517
-7.83662e-05
0.000152172
-8.24985e-05
0.000171194
-8.67681e-05
0.000191825
-9.08657e-05
0.000214523
-9.46449e-05
0.000239702
-9.76778e-05
0.000267953
-9.87821e-05
0.000300508
-9.59777e-05
0.00033071
-7.92389e-05
0.000268525
-3.33937e-05
8.95675e-05
4.4605e-06
5.63092e-05
8.99816e-06
0.000107338
5.16612e-05
0.000470093
0.000109842
1.0033e-05
-5.5717e-05
2.25762e-05
-7.89442e-05
3.44357e-05
-7.68669e-05
4.62383e-05
-7.43834e-05
5.84944e-05
-7.51105e-05
7.13324e-05
-7.77218e-05
8.48141e-05
-8.11881e-05
9.90475e-05
-8.51648e-05
0.000114195
-8.96586e-05
0.00013044
-9.46112e-05
0.000148023
-0.000100081
0.000167182
-0.000105927
0.000188329
-0.000112013
0.000211974
-0.00011829
0.000238495
-0.000124198
0.000268073
-0.000128364
0.000284806
-0.000112926
0.000157114
-5.28574e-05
7.3816e-06
-6.9022e-06
9.78321e-06
2.76397e-08
1.51118e-05
2.02306e-06
4.57049e-05
1.72498e-05
0.000323245
0.000113842
1.00524e-05
-6.57694e-05
2.1768e-05
-9.06598e-05
3.27701e-05
-8.7869e-05
4.39239e-05
-8.55372e-05
5.56267e-05
-8.68134e-05
6.7917e-05
-9.00121e-05
8.08404e-05
-9.41115e-05
9.45215e-05
-9.8846e-05
0.000109152
-0.000104289
0.000124933
-0.000110392
0.000142123
-0.000117272
0.000161051
-0.000124856
0.000182137
-0.000133099
0.000205567
-0.00014172
0.000231892
-0.000150523
0.000246984
-0.000143516
0.000121204
-7.98768e-05
8.43829e-06
-9.25345e-06
1.3805e-06
-5.56682e-07
1.20735e-06
1.38753e-08
2.63316e-06
2.78926e-07
1.60483e-05
2.8902e-06
4.62696e-05
8.07297e-05
9.94455e-06
-7.5714e-05
2.07104e-05
-0.000101426
3.07983e-05
-9.79569e-05
4.1235e-05
-9.59739e-05
5.22715e-05
-9.78498e-05
6.38679e-05
-0.000101609
7.60679e-05
-0.000106311
8.90126e-05
-0.000111791
0.000102913
-0.000118189
0.000117958
-0.000125437
0.000134439
-0.000133753
0.000152761
-0.000143178
0.000173005
-0.000153342
0.000195116
-0.000163831
0.000216393
-0.000171805
0.000138632
-0.000129103
9.51045e-06
-1.51872e-05
6.85257e-07
-1.13334e-06
7.33024e-08
3.46771e-09
6.70037e-08
1.78971e-09
2.54601e-07
3.23882e-08
2.10527e-06
6.08349e-07
7.8909e-06
3.52807e-05
9.69911e-06
-8.54131e-05
1.94051e-05
-0.000111132
2.85399e-05
-0.000107092
3.81899e-05
-0.000105624
4.84394e-05
-0.000108099
5.91925e-05
-0.000112362
7.05004e-05
-0.000117619
8.25178e-05
-0.000123808
9.54631e-05
-0.000131135
0.000109496
-0.000139469
0.000125019
-0.000149276
0.000142329
-0.000160487
0.000160951
-0.000171964
0.000180797
-0.000183677
0.000167253
-0.000158318
1.50135e-05
-3.25741e-05
1.15417e-06
-1.83271e-06
3.00934e-09
-3.37533e-08
1.36236e-09
6.9136e-10
5.58896e-10
5.0888e-10
2.01983e-08
3.10059e-09
4.90353e-07
8.22028e-08
1.61574e-06
6.5284e-06
9.31214e-06
-9.47252e-05
1.78678e-05
-0.000119687
2.60236e-05
-0.000115247
3.48148e-05
-0.000114415
4.41557e-05
-0.00011744
5.39207e-05
-0.000122127
6.4173e-05
-0.000127872
7.50768e-05
-0.000134712
8.68401e-05
-0.000142898
9.96126e-05
-0.000152242
0.000113966
-0.000163629
0.000129736
-0.000176258
0.000146467
-0.000188694
0.000156163
-0.000193369
3.69247e-05
-9.99569e-05
1.75254e-06
-4.29695e-06
3.9426e-08
-1.8868e-07
-2.34229e-10
2.20029e-09
-4.24249e-10
4.65479e-10
-3.08035e-10
9.03148e-11
1.37563e-10
6.16476e-10
6.39854e-08
8.62322e-09
2.34641e-07
1.39564e-06
8.77568e-06
-0.000103501
1.61246e-05
-0.000127036
2.32882e-05
-0.000122411
3.1148e-05
-0.000122275
3.9467e-05
-0.000125759
4.81148e-05
-0.000130774
5.71664e-05
-0.000136923
6.67888e-05
-0.000144334
7.71533e-05
-0.000153263
8.84503e-05
-0.000163538
0.000101203
-0.000176382
0.000114649
-0.000189704
0.000129235
-0.000203274
0.000100919
-0.000175771
3.9624e-06
-1.65253e-05
1.96557e-07
-6.34874e-07
-1.49335e-09
2.90218e-09
-4.57114e-10
7.6607e-10
-8.4088e-11
5.11251e-11
-5.19284e-11
1.254e-11
7.13694e-11
1.08088e-10
1.22284e-09
1.47064e-09
2.09068e-08
2.02812e-07
8.10142e-06
-0.000111602
1.42207e-05
-0.000133155
2.0393e-05
-0.000128583
2.72592e-05
-0.000129141
3.44678e-05
-0.000132968
4.1901e-05
-0.000138208
4.9638e-05
-0.00014466
5.78232e-05
-0.00015252
6.65451e-05
-0.000161984
7.60238e-05
-0.000173017
8.61851e-05
-0.000186542
9.65102e-05
-0.000200023
0.000105521
-0.000212232
1.46214e-05
-8.69272e-05
5.75505e-07
-2.13223e-06
-1.66809e-09
-5.94525e-08
-6.81368e-10
1.46999e-09
-5.24576e-11
8.23704e-11
-9.28806e-12
4.37061e-12
-4.87977e-12
1.51345e-12
1.8735e-11
1.35448e-11
1.47928e-10
1.30922e-10
1.85152e-09
1.64036e-08
7.32802e-06
-0.00011893
1.22399e-05
-0.000138067
1.74438e-05
-0.000133787
2.3284e-05
-0.000134981
2.93342e-05
-0.000139018
3.54877e-05
-0.000144361
4.17945e-05
-0.000150967
4.83042e-05
-0.000159028
5.49278e-05
-0.000168605
6.1743e-05
-0.000179826
6.78728e-05
-0.000192658
7.4899e-05
-0.000206996
6.63266e-05
-0.000203603
1.76086e-06
-2.10973e-05
5.78641e-08
-4.36692e-07
-1.34343e-09
-1.76299e-10
-7.81158e-11
1.62634e-10
-4.48892e-12
5.60012e-12
-8.05289e-13
3.86872e-13
-3.31544e-13
2.32393e-13
2.98972e-12
1.34361e-12
1.79928e-11
1.11217e-11
2.04115e-10
1.03415e-09
6.51963e-06
-0.00012545
1.02716e-05
-0.000141818
1.45409e-05
-0.000138055
1.93398e-05
-0.000139778
2.41715e-05
-0.000143847
2.89132e-05
-0.000149099
3.35185e-05
-0.000155567
3.786e-05
-0.000163358
4.16236e-05
-0.000172341
4.47343e-05
-0.000182877
4.66652e-05
-0.000194462
4.91455e-05
-0.000209002
1.57969e-05
-0.000148235
3.39322e-07
-4.26514e-06
4.25221e-10
-9.80622e-08
-1.3467e-10
3.85395e-10
-4.47462e-12
2.79784e-11
-2.48878e-13
1.04094e-12
-6.31878e-14
1.71046e-13
-3.19364e-14
9.15342e-14
2.07402e-13
1.6146e-13
5.09031e-13
1.70866e-12
2.59838e-11
9.85659e-11
5.69817e-06
-0.000131148
8.25631e-06
-0.000144357
1.15556e-05
-0.000141334
1.52104e-05
-0.00014341
1.8621e-05
-0.000147229
2.16271e-05
-0.000152067
2.40665e-05
-0.000157956
2.5789e-05
-0.000164957
2.67738e-05
-0.000173039
2.78427e-05
-0.000183362
3.07871e-05
-0.000185203
3.06536e-05
-0.000142697
-3.91985e-07
-4.73017e-05
1.20086e-08
-4.0915e-06
2.56488e-10
-8.78143e-08
-4.65154e-12
6.45008e-10
-5.79397e-14
2.30679e-11
-1.26273e-14
9.00949e-13
-8.26859e-15
1.35785e-13
-4.63331e-15
9.59533e-14
4.08124e-15
5.31842e-14
5.37454e-13
2.36676e-13
3.10747e-12
1.5375e-11
4.70669e-06
-0.000135855
5.85609e-06
-0.000145292
8.02769e-06
-0.000143271
1.03206e-05
-0.000145428
1.21537e-05
-0.000148725
1.34296e-05
-0.000152922
1.41631e-05
-0.000153934
1.45663e-05
-0.00014032
1.53273e-05
-0.000114983
1.57798e-05
-7.75028e-05
1.36105e-05
-1.56716e-05
5.18948e-06
-1.12006e-06
4.56289e-08
-8.37412e-08
-1.29767e-07
-5.04279e-06
6.53825e-09
-6.49427e-07
7.32666e-10
6.1349e-09
1.03698e-11
7.41693e-10
2.0204e-14
1.07955e-11
6.33931e-16
1.22295e-13
-3.49896e-16
7.4323e-14
1.99023e-15
3.78347e-14
9.54323e-14
2.75227e-14
3.12063e-13
1.95432e-12
3.14225e-06
-8.67277e-05
2.77422e-06
-7.93527e-05
3.72711e-06
-7.60683e-05
4.5445e-06
-6.88148e-05
5.01904e-06
-5.8956e-05
5.27137e-06
-4.70522e-05
5.52892e-06
-2.56206e-05
5.38735e-06
-6.05539e-07
4.67133e-06
-2.3345e-08
7.01034e-06
-1.33622e-09
1.20785e-06
-5.86142e-11
8.96738e-08
-1.49899e-09
6.89955e-09
-3.10497e-10
3.55529e-07
-3.36782e-06
6.52893e-08
-1.48228e-06
7.61813e-09
4.4468e-08
1.85477e-10
8.08944e-09
1.49527e-12
1.92806e-10
-1.50295e-14
1.53995e-12
1.89332e-16
3.08762e-14
4.50039e-16
1.71678e-14
6.84323e-15
8.16486e-15
3.51011e-14
1.68362e-13
5.35661e-07
5.99107e-23
2.89752e-07
2.63845e-22
4.69687e-07
1.08977e-22
5.6962e-07
1.18627e-21
6.03462e-07
-8.76137e-20
8.18997e-07
-8.67489e-18
6.30258e-07
-4.12932e-16
2.47182e-08
-9.74566e-15
1.3736e-09
-4.19181e-13
4.86921e-11
-1.27554e-11
2.89693e-11
-4.61893e-11
1.41779e-10
-1.52399e-09
1.41294e-09
-1.19574e-09
3.38657e-07
-2.04058e-09
5.61254e-07
-1.33297e-06
1.30004e-08
1.15812e-07
2.4727e-10
2.06234e-08
1.34763e-12
4.37556e-10
-7.87261e-15
2.87848e-12
-2.47654e-16
9.00884e-15
-6.16765e-17
4.64156e-15
1.83863e-16
1.84303e-15
7.05326e-15
8.8763e-15
-1.28365e-24
1.77203e-22
-1.0446e-23
7.69475e-22
-7.96361e-24
2.96616e-22
-1.37596e-22
2.35306e-21
1.41042e-21
-8.91617e-20
2.03752e-19
-8.88882e-18
1.28493e-17
-4.26655e-16
4.11895e-16
-1.01906e-14
2.20692e-14
-4.41531e-13
2.08398e-12
-1.48587e-11
1.08814e-10
-1.54359e-10
7.08606e-10
-2.17367e-09
1.31066e-09
-1.4723e-09
2.38074e-09
-2.82232e-09
2.92861e-07
-1.24023e-06
-5.83617e-09
1.46358e-07
-2.43344e-10
1.50463e-08
-2.33383e-12
1.09127e-10
-8.01138e-15
5.73034e-13
-2.48007e-16
1.03092e-15
-6.40215e-17
9.62491e-16
-5.83336e-17
2.614e-16
1.27155e-15
2.80919e-16
-3.15449e-24
2.07956e-22
-3.26822e-23
8.96708e-22
-2.03018e-23
2.23277e-22
-2.31393e-22
-3.54417e-21
1.52331e-20
-1.99191e-19
2.02987e-18
-2.30143e-17
1.23588e-16
-1.10348e-15
1.23949e-14
-2.85591e-14
6.36493e-13
-1.45317e-12
2.41608e-11
-4.78285e-11
4.65192e-10
-1.21068e-09
2.9117e-09
-1.03184e-08
8.65214e-09
-9.80596e-09
3.79218e-08
-3.21634e-08
4.90311e-08
-3.54399e-07
-1.26923e-08
1.15189e-07
-9.23654e-11
2.45614e-09
-5.01841e-13
1.72403e-11
-1.03317e-15
7.40014e-14
-1.04598e-16
1.04122e-16
-2.05182e-17
1.64994e-16
-2.55854e-17
3.41166e-17
1.28878e-16
-4.94373e-17
-1.68942e-24
1.27198e-22
-1.64144e-23
5.7195e-22
-6.12348e-24
-1.47506e-22
1.86821e-22
-1.18486e-20
6.11779e-20
-1.89185e-18
5.5798e-18
-1.36964e-16
4.10477e-16
-3.9919e-15
4.04738e-14
-1.11193e-13
1.61762e-12
-4.41713e-12
5.35275e-11
-1.22618e-10
1.59189e-09
-4.66731e-09
-1.41904e-09
-1.13046e-07
-1.4092e-09
-1.81818e-07
-3.64391e-08
-6.85568e-08
-1.11363e-07
-2.70241e-09
-2.13859e-09
4.99567e-08
-1.51646e-11
3.34045e-10
-6.68539e-14
2.10858e-12
-1.27003e-16
7.27328e-15
-2.98626e-17
5.03977e-18
-4.4569e-18
2.43604e-17
-5.05512e-18
4.01961e-18
1.07416e-17
-1.37392e-17
3.29597e-24
2.7785e-23
-1.63238e-24
1.45283e-22
-6.0822e-24
-3.43004e-22
-2.38367e-21
-5.64237e-20
-4.06674e-19
-5.84859e-18
-1.90881e-17
-2.90335e-16
3.85729e-15
-1.00859e-14
3.47876e-13
-4.73565e-13
1.26963e-11
-1.56246e-11
2.08168e-10
-3.22238e-10
-9.75548e-10
-4.24429e-09
-1.24147e-07
-1.23783e-07
-1.39352e-07
-1.13771e-07
-1.33612e-07
-2.33537e-08
-4.69261e-08
2.57193e-08
-3.01532e-10
3.339e-09
-1.92569e-12
3.44297e-11
-6.7614e-15
1.90138e-13
-7.65862e-18
5.48434e-16
-5.95899e-18
2.03274e-18
-7.47645e-19
3.86217e-18
-7.62546e-19
4.23503e-19
8.49138e-19
-1.98212e-18
2.62682e-24
1.05354e-25
-2.9545e-23
-7.67828e-24
-7.6461e-23
-7.4484e-22
-1.8208e-20
-8.69071e-20
-3.54519e-18
-6.97415e-18
1.45083e-18
-3.97382e-16
6.5122e-15
-1.72458e-14
8.59722e-14
-5.59861e-13
4.90548e-13
-2.46753e-11
4.87868e-11
-4.71151e-10
-2.87896e-09
-7.87334e-10
-1.1463e-07
-7.56879e-12
-2.04856e-07
-4.80733e-11
-2.88627e-08
-2.75929e-10
-3.23892e-09
1.9301e-10
-3.23162e-11
1.33082e-10
-1.75796e-13
2.30689e-12
-5.32254e-16
1.27061e-14
-1.34023e-18
1.81574e-17
-1.4542e-18
1.41858e-18
-1.03224e-19
1.33622e-18
-9.46703e-20
4.08493e-20
5.96352e-20
-2.18113e-19
-2.20921e-25
3.67793e-25
-2.35573e-24
-5.54347e-24
-1.68795e-22
-6.22074e-22
-2.67663e-20
-6.44211e-20
-2.65945e-18
-4.60549e-18
-1.37778e-16
-3.31501e-16
-5.516e-15
-1.06458e-14
-4.74164e-13
-6.43106e-14
-9.02867e-11
-6.4986e-16
-1.79172e-10
-9.76075e-15
-6.19016e-13
-9.53591e-14
-7.88706e-12
-3.18077e-13
-5.40709e-11
-2.01906e-12
-3.27871e-10
-1.85922e-12
-1.32389e-10
1.36061e-12
-2.26446e-12
3.03744e-12
-1.23732e-14
5.37015e-14
-1.75319e-17
3.5349e-16
-1.1021e-18
7.22849e-19
-8.58405e-19
1.01334e-18
-1.26576e-20
7.72855e-19
-1.02654e-20
3.62389e-21
3.64626e-21
-1.96019e-20
-1.43261e-25
8.76826e-25
-3.33658e-23
2.76791e-23
-1.02267e-21
3.67226e-22
-6.8049e-20
2.60523e-21
-5.02387e-18
9.89923e-21
-1.00307e-15
1.42304e-20
-6.57957e-15
-3.6249e-19
-2.29465e-17
-8.71747e-18
-6.47249e-16
-4.31497e-17
-8.39204e-15
-7.84066e-16
-9.49543e-14
-9.18451e-15
-3.74636e-13
-4.10187e-14
-2.83513e-12
-1.49895e-13
-4.41527e-12
-1.86263e-13
-3.10233e-12
-1.76566e-15
-5.32458e-14
5.57033e-14
-3.48526e-16
8.14085e-16
-7.53055e-19
4.32922e-18
-9.02055e-19
3.15019e-19
-6.83821e-19
6.68652e-19
-1.4422e-21
4.10551e-19
-8.92558e-22
2.58512e-22
1.93297e-22
-1.47229e-21
1.28443e-24
6.49616e-25
3.47679e-23
2.07917e-23
3.79563e-22
2.83337e-22
1.99399e-21
2.10127e-21
3.76187e-21
8.63042e-21
-1.11015e-20
1.47412e-20
-3.44126e-19
-2.94654e-20
-8.39057e-18
-7.07955e-19
-4.18041e-17
-1.06384e-17
-7.87646e-16
-5.58168e-17
-9.94124e-15
-9.58335e-17
-1.55321e-13
-1.54994e-16
-3.11838e-13
-8.80153e-17
-5.05407e-14
-2.24252e-16
-5.215e-14
-1.46649e-16
-8.09289e-16
6.70211e-16
-4.63449e-18
1.26865e-17
-2.94767e-19
6.78065e-20
-4.89714e-19
1.21661e-19
-3.29699e-19
2.1871e-19
-1.10224e-22
1.00271e-19
-6.28797e-23
1.20038e-23
8.90474e-24
-9.3455e-23
1.09818e-24
2.28655e-25
3.04781e-23
7.42446e-24
3.4746e-22
1.03286e-22
1.9693e-21
7.84626e-22
4.40277e-21
3.25684e-21
-1.08784e-20
4.66552e-21
-2.58717e-20
-1.87819e-20
-1.22668e-18
-4.11853e-19
-2.65201e-17
-9.25323e-18
-9.62488e-17
-7.70596e-17
-9.77492e-17
-1.88397e-16
-9.75892e-17
-1.59739e-16
-1.11039e-16
-9.13275e-17
-2.88812e-16
-1.67034e-17
-6.58509e-16
-5.96545e-19
-1.23181e-17
5.98955e-18
-7.82538e-20
2.07093e-19
-7.11262e-20
2.0352e-21
-1.01157e-19
1.19925e-20
-5.58154e-20
1.64671e-20
-5.28091e-24
5.2744e-21
-3.28298e-24
3.88327e-25
3.55125e-25
-5.04171e-24
4.29238e-25
-2.39801e-32
1.21546e-23
-5.68912e-30
1.41808e-22
-6.57631e-28
8.11273e-22
-4.97547e-26
1.51843e-21
-2.74881e-24
-9.00278e-21
-1.17388e-22
-2.13766e-20
-5.64518e-21
-8.39292e-19
-9.91733e-20
-2.6038e-17
-3.12889e-18
-1.62404e-16
-4.91752e-17
-3.06115e-16
-1.61701e-16
-2.86954e-16
-2.25649e-16
-1.18861e-16
-1.77039e-16
-2.13535e-17
-8.46535e-17
-6.47339e-18
-5.75316e-18
-2.07982e-19
1.7609e-20
-2.67216e-21
4.85025e-21
-4.965e-21
6.59682e-23
-5.76617e-21
2.40879e-22
-2.5113e-21
2.7776e-22
-1.84006e-25
7.2946e-23
-1.44618e-25
1.10985e-26
1.21823e-26
-2.31708e-25
-2.38502e-32
-1.29879e-34
-5.68143e-30
-3.154e-32
-6.59577e-28
-3.73566e-30
-5.01237e-26
-2.90592e-28
-2.78233e-24
-1.65997e-26
-1.19432e-22
-7.38537e-25
-5.75273e-21
-2.10987e-23
-1.09334e-19
-3.97035e-22
-6.18061e-18
-1.14668e-20
-1.03952e-16
-3.08051e-19
-3.22851e-16
-2.75793e-18
-4.10965e-16
-7.65067e-18
-3.41768e-16
-4.47315e-18
-1.20751e-16
-3.24751e-18
-5.061e-19
-2.79125e-19
-7.30559e-20
2.11819e-21
-7.16785e-23
5.61933e-21
-1.43541e-22
9.64237e-25
-1.51665e-22
3.54351e-24
-5.71883e-23
3.66301e-24
-5.91588e-27
1.35513e-24
-5.14639e-27
2.88842e-28
3.60907e-28
-9.09763e-27
-1.29321e-34
-5.57813e-37
-3.15855e-32
-1.39285e-34
-3.75718e-30
-1.7203e-32
-2.93514e-28
-1.40206e-30
-1.68423e-26
-8.42677e-29
-7.52972e-25
-3.96598e-27
-2.17844e-23
-1.2054e-25
-4.22105e-22
-2.53823e-24
-1.74078e-20
-8.04605e-23
-5.42856e-19
-2.40947e-21
-4.05218e-18
-2.25902e-20
-9.87009e-18
-6.11602e-20
-8.10008e-18
-6.83446e-20
-1.91332e-18
-4.50089e-20
-2.22926e-19
-7.52002e-21
-7.10972e-20
-5.21916e-22
-1.68251e-24
3.6103e-21
-4.40751e-24
4.7322e-25
-3.33185e-24
9.18727e-26
-1.32498e-24
5.3977e-26
-1.69858e-28
2.71873e-26
-1.51432e-28
6.47671e-30
9.21949e-30
-3.05848e-28
-5.57746e-37
-6.7312e-41
-1.39834e-34
-1.77934e-38
-1.73415e-32
-2.33117e-36
-1.41925e-30
-2.02053e-34
-8.56747e-29
-1.29685e-32
-4.05088e-27
-6.55447e-31
-1.23254e-25
-1.8503e-29
-2.67582e-24
-4.89457e-28
-1.28659e-22
-1.46e-26
-4.50369e-21
-4.33408e-25
-3.28973e-20
-1.2417e-23
-7.0665e-20
-1.36151e-22
-7.27897e-20
-4.28833e-22
-3.38367e-20
-5.07046e-22
-9.31686e-21
-3.10377e-22
-7.51685e-21
-3.50925e-23
5.72368e-24
4.78383e-23
-1.92919e-25
-8.8045e-25
-7.0522e-26
2.28641e-27
-2.66987e-26
6.83731e-28
-4.14426e-30
4.48928e-28
-3.80984e-30
1.23631e-31
2.03148e-31
-8.82142e-30
-6.72781e-41
-3.3863e-44
-1.78395e-38
-9.94396e-42
-2.34413e-36
-1.44791e-39
-2.038e-34
-1.39433e-37
-1.31231e-32
-9.95091e-36
-6.65544e-31
-5.60363e-34
-1.87584e-29
-1.71253e-32
-5.08259e-28
-5.42773e-31
-1.52411e-26
-1.7819e-29
-7.1501e-25
-5.4362e-28
-2.84083e-23
-1.87285e-26
-2.6813e-22
-3.2535e-25
-6.89314e-22
-1.53617e-24
-7.44328e-22
-2.34873e-24
-3.78688e-22
-1.71857e-24
-2.72582e-23
-3.20031e-25
7.13392e-25
2.37757e-28
-3.60624e-27
-8.05286e-26
-1.06057e-27
1.97932e-29
-4.41885e-28
7.28929e-30
-8.56667e-32
6.06878e-30
-8.18209e-32
2.00861e-33
3.87547e-33
-2.1881e-31
-3.19604e-44
-2.00754e-48
-9.44857e-42
-6.25291e-46
-1.38372e-39
-9.59044e-44
-1.34014e-37
-9.74533e-42
-9.61928e-36
-7.36919e-40
-5.44847e-34
-4.42008e-38
-1.76698e-32
-2.04084e-36
-5.60449e-31
-7.17238e-35
-1.84118e-29
-2.60473e-33
-7.50134e-28
-8.43163e-32
-4.49233e-26
-2.90172e-30
-7.32439e-25
-8.8688e-29
-2.63341e-24
-1.02364e-27
-3.36901e-24
-3.3415e-27
-2.09934e-24
-3.99938e-27
-7.49396e-26
-2.37127e-27
-5.79034e-27
-2.4224e-28
-6.16616e-29
2.21963e-28
-1.27776e-29
2.90709e-31
-5.98172e-30
6.56971e-32
-1.50032e-33
6.73674e-32
-1.50081e-33
2.78479e-35
6.41345e-35
-4.67938e-33
-2.0074e-48
-1.44937e-52
-6.27293e-46
-4.95957e-50
-9.65307e-44
-8.35609e-48
-9.84175e-42
-9.34019e-46
-7.46753e-40
-7.78435e-44
-4.49472e-38
-5.16046e-42
-2.08579e-36
-2.64673e-40
-7.38127e-35
-1.03936e-38
-2.67941e-33
-4.21107e-37
-8.80543e-32
-1.5289e-35
-5.4519e-30
-5.08585e-34
-2.33141e-28
-1.81627e-32
-2.33075e-27
-5.58053e-31
-6.22902e-27
-5.67652e-30
-7.12131e-27
-1.42517e-29
-4.52017e-27
-1.22929e-29
-1.5063e-27
-3.0881e-30
-1.82327e-30
1.00271e-29
-1.34946e-31
1.20453e-32
-6.63967e-32
5.50572e-34
-2.23239e-35
6.32672e-34
-2.35524e-35
3.30768e-37
9.22905e-37
-8.65056e-35
-1.44917e-52
-2.02182e-56
-4.97396e-50
-7.68376e-54
-8.40565e-48
-1.4374e-51
-9.42403e-46
-1.78549e-49
-7.87841e-44
-1.6562e-47
-5.23913e-42
-1.22468e-45
-2.69912e-40
-7.02163e-44
-1.06637e-38
-3.10814e-42
-4.32025e-37
-1.42303e-40
-1.57369e-35
-5.84936e-39
-5.97874e-34
-2.1776e-37
-4.27464e-32
-8.46755e-36
-1.85936e-30
-3.3467e-34
-1.50583e-29
-5.21368e-33
-2.87557e-29
-1.81881e-32
-2.44646e-29
-1.89975e-32
-1.82493e-30
-7.03204e-33
-9.51943e-32
-9.25023e-36
-1.36232e-33
4.22372e-34
-6.22463e-34
4.7884e-36
-2.8249e-37
5.27732e-36
-3.16535e-37
3.56282e-39
1.15889e-38
-1.38654e-36
-2.02181e-56
-7.36299e-62
-7.70398e-54
-3.14419e-59
-1.44508e-51
-6.6018e-57
-1.79985e-49
-9.21018e-55
-1.67405e-47
-9.60789e-53
-1.24121e-45
-8.00462e-51
-7.12409e-44
-4.90303e-49
-3.17899e-42
-2.59878e-47
-1.45483e-40
-1.35166e-45
-5.995e-39
-6.3301e-44
-2.26336e-37
-2.6901e-42
-1.6713e-35
-1.06073e-40
-1.14974e-33
-4.16848e-39
-1.48815e-32
-1.74774e-37
-3.5917e-32
-3.86709e-36
-3.31123e-32
-1.83943e-35
-1.10616e-33
-1.99369e-35
-1.03545e-33
-4.62219e-36
-1.48848e-35
1.73515e-36
-5.18007e-36
3.77383e-38
-3.42459e-39
3.63952e-38
-3.89093e-39
4.16207e-41
1.27292e-40
-1.93265e-38
-7.36195e-62
-1.04109e-65
-3.14931e-59
-5.08139e-63
-6.6238e-57
-1.21796e-60
-9.25682e-55
-1.93893e-58
-9.67375e-53
-2.30875e-56
-8.07414e-51
-2.19735e-54
-4.97404e-49
-1.52012e-52
-2.64891e-47
-9.56713e-51
-1.37938e-45
-5.70745e-49
-6.47421e-44
-3.07307e-47
-2.75899e-42
-1.50592e-45
-1.1763e-40
-6.80165e-44
-7.69752e-39
-3.01732e-42
-7.07378e-37
-1.48579e-40
-1.59688e-35
-4.92476e-39
-5.45961e-35
-3.57258e-38
-5.27247e-35
-5.20831e-38
-2.38758e-36
-2.06398e-38
-1.20153e-37
1.61507e-40
-3.55535e-38
2.50186e-40
-4.22779e-41
2.03241e-40
-4.58955e-41
5.04998e-43
1.2328e-42
-2.35116e-40
-1.01884e-65
-2.306e-70
-4.9889e-63
-1.29248e-67
-1.19917e-60
-3.5455e-65
-1.9144e-58
-6.46128e-63
-2.28599e-56
-8.81974e-61
-2.18183e-54
-9.64059e-59
-1.54195e-52
-8.61941e-57
-9.72151e-51
-6.2797e-55
-5.80574e-49
-4.3391e-53
-3.13163e-47
-2.71449e-51
-1.53758e-45
-1.54945e-49
-6.96741e-44
-8.17021e-48
-4.48642e-42
-4.08406e-46
-5.41365e-40
-2.28622e-44
-2.12293e-38
-1.12456e-42
-1.09182e-37
-1.42305e-41
-1.06768e-37
-3.34826e-41
-2.28003e-39
-2.06218e-41
-1.04769e-39
-6.68962e-45
-2.14273e-40
1.82673e-42
-5.71325e-43
4.28893e-43
-4.74386e-43
6.15005e-45
1.06239e-44
-2.50643e-42
-2.30599e-70
-4.73398e-76
-1.29479e-67
-3.10154e-73
-3.55845e-65
-9.94428e-71
-6.49687e-63
-2.11874e-68
-8.88471e-61
-3.3837e-66
-9.72944e-59
-4.33162e-64
-8.71672e-57
-4.54254e-62
-6.36688e-55
-3.88968e-60
-4.40266e-53
-3.15948e-58
-2.75857e-51
-2.32947e-56
-1.57707e-49
-1.57019e-54
-8.32992e-48
-9.79686e-53
-4.86158e-46
-5.714e-51
-6.585e-44
-3.18127e-49
-4.77535e-42
-1.8634e-47
-4.46474e-41
-1.14272e-45
-6.83231e-41
-2.12171e-44
-2.31775e-41
-5.66202e-44
-5.58148e-42
-1.64221e-44
-1.2837e-42
3.21472e-45
-8.35184e-45
9.07824e-45
-4.97618e-45
7.68799e-47
8.27369e-47
-2.35196e-44
-4.73373e-76
-2.40624e-80
-3.10625e-73
-1.88195e-77
-9.97526e-71
-7.2057e-75
-2.1287e-68
-1.83381e-72
-3.40496e-66
-3.50025e-70
-4.36565e-64
-5.3599e-68
-4.58621e-62
-6.72976e-66
-3.92698e-60
-6.8901e-64
-3.20035e-58
-6.75631e-62
-2.36253e-56
-5.99236e-60
-1.59483e-54
-4.86703e-58
-9.96541e-53
-3.66555e-56
-5.82275e-51
-2.58545e-54
-3.72234e-49
-1.72069e-52
-5.06209e-47
-1.1728e-50
-6.39242e-45
-9.53312e-49
-9.94786e-44
-2.95983e-47
-1.77477e-43
-1.22568e-46
-1.77193e-44
-6.7199e-47
-7.2384e-45
7.02987e-48
-9.96634e-47
1.93536e-47
-5.13878e-47
8.19395e-49
6.01348e-49
-1.95322e-46
-2.40623e-80
-7.77967e-86
-1.88435e-77
-7.50973e-83
-7.22448e-75
-3.54096e-80
-1.84099e-72
-1.10928e-77
-3.51848e-70
-2.60727e-75
-5.3946e-68
-4.91983e-73
-6.64537e-66
-7.3658e-71
-6.99111e-64
-9.67493e-69
-6.82649e-62
-1.17081e-66
-6.06078e-60
-1.28575e-64
-4.92783e-58
-1.29491e-62
-3.71505e-56
-1.21116e-60
-2.62285e-54
-1.06269e-58
-1.75054e-52
-8.81028e-57
-2.32203e-50
-6.93865e-55
-4.94084e-48
-6.27022e-53
-1.35725e-46
-5.17319e-51
-3.35796e-46
-8.35989e-50
-4.43455e-47
-1.52064e-49
-3.85874e-47
4.38311e-50
-1.21211e-48
1.25528e-49
-4.16735e-49
9.03439e-51
4.34917e-51
-1.44566e-48
-7.77966e-86
-1.34177e-91
-7.51604e-83
-1.70089e-88
-3.54705e-80
-1.04017e-85
-1.11216e-77
-4.21286e-83
-2.61637e-75
-1.27904e-80
-4.94141e-73
-3.11732e-78
-7.67055e-71
-6.08845e-76
-9.75163e-69
-1.0332e-73
-1.18061e-66
-1.61645e-71
-1.29758e-64
-2.29791e-69
-1.30793e-62
-2.9995e-67
-1.22431e-60
-3.64112e-65
-1.07503e-58
-4.15269e-63
-8.91924e-57
-4.48298e-61
-7.31035e-55
-4.59802e-59
-1.98171e-52
-4.48292e-57
-2.71178e-50
-5.22589e-55
-3.4782e-49
-4.61338e-53
-5.97379e-49
-4.44162e-52
-2.54878e-49
2.71059e-52
-1.41199e-50
3.742e-52
-2.80717e-51
1.0201e-52
3.49246e-53
-9.63744e-51
-1.33473e-91
-3.47565e-97
-1.69348e-88
-6.49873e-94
-1.03659e-85
-5.66236e-91
-4.20249e-83
-3.23973e-88
-1.27716e-80
-1.3855e-85
-3.1158e-78
-4.75106e-83
-6.11957e-76
-1.36492e-80
-1.03932e-73
-3.25678e-78
-1.62692e-71
-7.16077e-76
-2.31431e-69
-1.43038e-73
-3.02295e-67
-2.62367e-71
-3.67202e-65
-4.47689e-69
-4.19078e-63
-7.18179e-67
-4.5275e-61
-1.09171e-64
-4.64859e-59
-1.57937e-62
-4.90187e-57
-2.1722e-60
-2.38903e-54
-3.17318e-58
-3.16855e-52
-5.2819e-56
-2.43633e-51
-1.09961e-54
-9.60792e-52
-1.84352e-55
-1.37654e-52
1.56216e-54
-1.98672e-53
1.09451e-54
3.4333e-55
-5.89112e-53
-3.47565e-97
-1.99279e-104
-6.50221e-94
-7.01546e-101
-5.66886e-91
-1.06641e-97
-3.2454e-88
-1.04482e-94
-1.38874e-85
-7.60546e-92
-4.76494e-83
-4.42757e-89
-1.36969e-80
-2.15575e-86
-3.27048e-78
-8.70569e-84
-7.19356e-76
-3.23356e-81
-1.43758e-73
-1.0895e-78
-2.63807e-71
-3.36515e-76
-4.50336e-69
-9.65303e-74
-7.22715e-67
-2.59936e-71
-1.09905e-64
-6.62523e-69
-1.59074e-62
-1.60626e-66
-2.19418e-60
-3.70263e-64
-9.46785e-58
-8.118e-62
-3.50939e-55
-2.67475e-59
-5.46736e-54
-1.6135e-57
-3.01385e-54
-1.29977e-57
-1.06726e-54
7.44407e-57
-1.786e-55
1.14702e-56
4.21306e-57
-3.26893e-55
-1.99279e-104
-9.6479e-118
-7.01746e-101
-1.49026e-113
-1.06712e-97
-7.50671e-110
-1.04589e-94
-2.29364e-106
-7.61592e-92
-5.19265e-103
-4.43519e-89
-9.41354e-100
-2.16019e-86
-1.42607e-96
-8.71538e-84
-1.78856e-93
-3.24231e-81
-2.06835e-90
-1.09275e-78
-2.1638e-87
-3.37608e-76
-2.07217e-84
-9.68679e-74
-1.83939e-81
-2.60905e-71
-1.52905e-78
-6.65132e-69
-1.19977e-75
-1.61291e-66
-8.92883e-73
-3.71914e-64
-6.30081e-70
-1.08587e-61
-4.17231e-67
-1.63741e-58
-2.6286e-64
-7.54954e-57
-2.19001e-61
-7.42963e-57
-2.8087e-60
-6.0962e-57
5.04244e-59
-1.57644e-57
6.39095e-58
2.79281e-58
-1.68556e-57
-9.6479e-118
-1.49036e-113
-7.5082e-110
-2.2944e-106
-5.19497e-103
-9.41883e-100
-1.41024e-96
-1.79698e-93
-2.07014e-90
-2.16587e-87
-2.07434e-84
-1.84147e-81
-1.53089e-78
-1.2013e-75
-8.94084e-73
-6.30975e-70
-4.17925e-67
-3.80095e-64
-4.73469e-61
-4.42042e-60
-1.7633e-58
-5.64277e-59
-4.87521e-59
-2.31478e-16
9.41428e-05
-2.53875e-16
2.23968e-17
-1.6763e-15
1.42243e-15
8.28857e-15
-9.96487e-15
2.12217e-05
0.000150575
-3.61157e-11
1.91472e-05
-3.96523e-11
3.53811e-12
2.11719e-11
-6.16821e-11
7.51692e-05
0.000119416
3.69264e-06
6.97486e-05
-3.72189e-12
3.69265e-06
2.69735e-11
-1.15896e-11
4.17777e-05
3.15155e-05
1.03789e-05
5.41549e-05
1.50272e-06
1.37823e-05
1.45782e-06
4.49197e-08
2.15637e-05
3.68075e-06
1.70973e-05
1.4844e-05
2.44989e-06
2.24937e-05
5.13153e-06
5.64355e-07
3.84414e-06
7.37366e-07
1.12647e-05
1.98053e-06
8.89384e-06
1.01586e-05
9.8212e-06
6.29689e-07
7.59698e-07
8.3421e-08
2.16478e-06
3.00856e-07
6.13338e-06
5.92164e-07
9.54047e-07
6.72768e-06
7.50362e-08
8.45616e-09
2.93175e-07
3.40739e-08
6.34322e-07
9.25363e-08
8.77312e-08
1.03718e-06
6.28303e-09
8.38738e-10
3.00584e-08
3.17372e-09
8.83278e-08
9.47319e-09
1.24127e-08
1.2926e-07
5.36014e-10
9.76088e-11
2.45967e-09
3.23119e-10
7.90527e-09
8.69872e-10
1.07233e-09
1.45734e-08
6.61568e-11
1.08293e-11
2.47835e-10
3.38544e-11
6.7637e-10
8.44112e-11
9.49474e-11
1.1203e-09
7.83986e-12
1.00466e-12
2.70528e-11
3.06146e-12
6.73629e-11
7.43703e-12
8.02773e-12
9.98532e-11
6.87322e-13
8.10152e-14
2.3553e-12
2.37884e-13
5.6885e-12
5.87712e-13
6.41553e-13
7.98214e-12
4.03617e-14
7.48083e-15
1.53207e-13
2.05053e-14
3.79346e-13
4.48716e-14
5.09294e-14
5.24996e-13
1.53936e-15
1.32075e-15
6.66828e-15
2.17282e-15
1.8356e-14
3.49709e-15
4.52129e-15
2.76277e-14
-2.12966e-17
1.65849e-16
1.50957e-16
3.3972e-16
6.57238e-16
6.09771e-16
7.42036e-16
1.16003e-15
-2.12873e-17
1.34106e-17
-3.29329e-17
3.10711e-17
-1.85678e-17
6.07645e-17
7.73915e-17
1.70622e-17
-3.40001e-18
9.96823e-19
-6.48215e-18
2.12644e-18
-7.67721e-18
3.89492e-18
4.86896e-18
-4.902e-18
-3.81725e-19
6.85424e-20
-7.33416e-19
1.38691e-19
-9.02969e-19
2.36979e-19
2.7882e-19
-7.13202e-19
-3.44259e-20
4.18577e-21
-6.42417e-20
8.13244e-21
-7.63382e-20
1.3116e-20
1.47751e-20
-6.41002e-20
-2.58636e-21
2.24444e-22
-4.62924e-21
4.21132e-22
-5.23099e-21
6.44495e-22
7.01332e-22
-4.49501e-21
-1.64063e-22
1.05002e-23
-2.80865e-22
1.91372e-23
-3.02316e-22
2.80247e-23
2.9716e-23
-2.61987e-22
-8.84116e-24
4.27033e-25
-1.44815e-23
7.61097e-25
-1.50474e-23
1.07768e-24
1.12217e-24
-1.30389e-23
-4.06541e-25
1.50791e-26
-6.42638e-25
2.64893e-26
-6.48744e-25
3.66428e-26
3.77136e-26
-5.61929e-25
-1.60173e-26
4.62482e-28
-2.4674e-26
8.0756e-28
-2.43743e-26
1.10181e-27
1.12828e-27
-2.11472e-26
-5.42363e-28
1.23345e-29
-8.22232e-28
2.15912e-29
-8.01812e-28
2.93299e-29
3.00715e-29
-6.98784e-28
-1.58235e-29
2.8657e-31
-2.38399e-29
5.0717e-31
-2.31767e-29
6.92286e-31
7.1499e-31
-2.03543e-29
-3.98759e-31
5.81382e-33
-6.02843e-31
1.04917e-32
-5.90458e-31
1.45199e-32
1.51964e-32
-5.24227e-31
-8.70517e-33
1.03306e-34
-1.33313e-32
1.91721e-34
-1.32959e-32
2.7135e-34
2.89497e-34
-1.19688e-32
-1.65179e-34
1.61359e-36
-2.58624e-34
3.106e-36
-2.65375e-34
4.53371e-36
4.95986e-36
-2.42787e-34
-2.73389e-36
2.22505e-38
-4.41661e-36
4.48044e-38
-4.70843e-36
6.80012e-38
7.67341e-38
-4.38437e-36
-3.96088e-38
2.72251e-40
-6.66321e-38
5.78408e-40
-7.44928e-38
9.20144e-40
1.07723e-39
-7.05926e-38
-5.04091e-40
2.97364e-42
-8.91315e-40
6.72254e-42
-1.05443e-39
1.12976e-41
1.38035e-41
-1.01407e-39
-5.65566e-42
2.92012e-44
-1.06079e-41
7.08326e-44
-1.34033e-41
1.26693e-43
1.62755e-43
-1.29827e-41
-5.61456e-44
2.60042e-46
-1.12601e-43
6.82156e-46
-1.53829e-43
1.30726e-45
1.78507e-45
-1.47658e-43
-4.95151e-46
2.12215e-48
-1.06496e-45
6.06473e-48
-1.54833e-45
1.25313e-47
1.83738e-47
-1.64663e-45
-3.89009e-48
1.60832e-50
-9.04527e-48
5.03672e-50
-1.41648e-47
1.12966e-49
1.78583e-49
-1.69271e-47
-2.72955e-50
1.152e-52
-6.91913e-50
3.96178e-52
-1.1775e-49
9.69068e-52
1.65951e-51
-1.59301e-49
-1.71018e-52
7.99824e-55
-4.75342e-52
3.00124e-54
-8.8396e-52
8.02242e-54
1.49291e-53
-1.37088e-51
-9.49781e-55
5.58886e-57
-2.89656e-54
2.22816e-56
-5.90455e-54
6.49265e-56
1.3126e-55
-1.06453e-53
-4.50145e-57
5.21038e-57
-1.49653e-56
5.28321e-57
-3.34694e-56
9.60986e-57
2.54902e-56
-7.10397e-56
-8.56031e-59
-1.37209e-58
-2.2315e-58
-5.12438e-58
-9.54673e-15
5.31782e-15
-3.15991e-14
4.08108e-15
-4.80993e-15
-2.41704e-14
-1.01908e-16
-4.97982e-15
-1.14266e-17
-4.77617e-17
-3.2067e-19
-9.95903e-18
-3.53869e-21
-4.62777e-19
-4.92835e-23
-4.81191e-21
-7.70343e-25
-5.76471e-23
-1.06545e-26
-1.08321e-24
-1.22822e-28
-1.89163e-26
-1.13493e-30
-2.83788e-28
-7.34367e-33
-3.72152e-30
-2.62413e-35
-4.11442e-32
-6.34294e-39
-3.38499e-34
3.13388e-40
-1.83706e-36
4.60791e-43
-5.62004e-39
1.79694e-47
-7.02111e-42
-1.19264e-45
-2.50591e-12
8.29781e-11
-3.55552e-12
9.27794e-13
-3.92504e-13
-2.94584e-12
-1.10155e-14
-3.86339e-13
-6.3705e-17
-1.09663e-14
-2.74764e-18
-3.61567e-17
-3.45007e-20
-3.0769e-18
-2.41296e-22
-5.37002e-20
-2.32606e-24
-4.67881e-22
-2.25013e-26
-5.82162e-24
-1.54421e-28
-1.08712e-25
2.51236e-32
-1.55063e-27
1.98292e-32
-1.32655e-29
3.25728e-34
-1.10849e-31
2.99156e-36
-8.11601e-34
1.56037e-38
-4.77286e-36
3.82216e-41
-1.93142e-38
2.30313e-44
-4.43358e-41
-6.67629e-44
-6.42382e-11
1.33952e-10
-5.02104e-11
-2.07112e-12
-1.09157e-11
-3.54661e-11
-4.13466e-13
-1.08951e-11
-3.60737e-15
-4.20315e-13
-1.307e-17
-3.65257e-15
-1.95844e-19
-3.47255e-17
-9.82333e-22
-7.78046e-19
-1.76988e-24
-5.57736e-21
3.542e-26
-3.78532e-23
9.83682e-28
-3.18868e-25
1.51663e-29
-2.84814e-27
1.70036e-31
-2.33607e-29
1.52911e-33
-1.66385e-31
1.11248e-35
-1.00299e-33
5.88486e-38
-4.65583e-36
1.84539e-40
-1.25496e-38
2.27894e-43
-9.88853e-42
1.10928e-45
-4.36031e-09
4.9442e-08
-1.30157e-09
1.94773e-10
-1.76248e-10
-4.68661e-10
-5.53927e-12
-8.21149e-11
-4.87865e-14
-5.89684e-12
-1.2136e-16
-5.21319e-14
3.61922e-19
-3.142e-16
4.03311e-20
-2.96308e-17
3.1168e-22
-2.47796e-19
2.38468e-24
-1.57473e-21
1.70416e-26
-9.61513e-24
1.1283e-28
-4.84811e-26
7.6158e-31
-2.04052e-28
4.39191e-33
-6.96023e-31
2.1898e-35
-1.90646e-33
9.02527e-38
-3.73767e-36
2.64226e-40
2.68471e-40
3.37053e-43
4.79519e-41
1.20896e-43
8.72352e-09
6.32025e-07
6.59961e-12
1.37748e-08
-4.38859e-10
8.82701e-10
-2.04174e-11
-8.41617e-10
-1.81804e-13
-2.24667e-11
-6.21212e-15
-2.35578e-13
2.16008e-17
-7.67849e-15
4.08416e-18
-1.8607e-16
3.89838e-20
-8.59528e-18
2.56221e-22
-6.40593e-20
1.82842e-24
-4.38555e-22
1.07251e-26
-2.56098e-24
4.8926e-29
-1.1223e-26
1.67891e-31
-3.38288e-29
4.13781e-34
-5.467e-32
7.06853e-37
1.08116e-35
7.50206e-40
1.93417e-37
3.27996e-43
4.10849e-40
2.24776e-43
9.47905e-08
3.67401e-06
-1.10057e-08
3.1038e-07
-4.84569e-10
-1.7885e-08
-2.18899e-10
-4.75161e-09
-1.01041e-11
-2.48538e-10
-2.41121e-13
-9.96121e-12
-3.7807e-15
-2.41256e-13
2.24348e-17
-4.03e-15
1.63471e-18
-5.47451e-17
9.11681e-21
-8.60247e-19
6.80718e-23
-7.68104e-21
4.58241e-25
-4.96251e-23
2.43357e-27
-2.27365e-25
9.87563e-30
-5.59089e-28
2.99612e-32
3.87786e-31
6.39341e-35
7.3948e-33
8.27051e-38
3.27331e-35
6.94645e-41
7.48134e-38
6.97002e-41
4.82557e-08
4.03366e-06
-1.58314e-07
1.36921e-06
-7.8052e-09
1.86876e-09
-5.80215e-10
-1.18407e-08
-2.38199e-11
-8.01411e-10
-7.51961e-13
-3.29692e-11
-1.75836e-14
-9.74818e-13
-3.16818e-16
-2.25566e-14
6.30695e-18
-4.09315e-16
1.38144e-19
-5.89007e-18
9.69544e-22
-6.24271e-20
7.38163e-24
-4.46323e-22
4.55941e-26
-1.51644e-24
2.20872e-28
2.77562e-27
8.01699e-31
4.79569e-29
2.01197e-33
3.31416e-31
3.22591e-36
1.37204e-33
3.57189e-39
3.37501e-36
3.64259e-39
1.9228e-06
3.76135e-08
5.16279e-07
6.27087e-07
1.48734e-08
5.25955e-08
9.66347e-10
-2.61164e-09
4.00444e-11
-1.72042e-10
1.20607e-12
-7.55635e-12
2.91387e-14
-2.52848e-13
7.027e-16
-5.65117e-15
2.17062e-17
-1.14419e-16
4.70447e-19
-1.62499e-18
5.1357e-21
-1.30972e-20
4.46967e-23
1.82593e-24
3.13728e-25
2.52449e-24
1.71473e-27
3.91064e-26
7.00809e-30
3.58278e-28
1.99264e-32
2.23418e-30
3.41112e-35
9.45834e-33
2.42043e-38
2.48286e-35
2.95218e-38
1.95668e-07
2.34185e-08
2.2837e-07
-1.50148e-08
4.56008e-09
-6.58397e-10
2.94036e-10
3.05207e-11
1.31368e-11
2.01802e-12
4.55162e-13
-9.57737e-14
1.23536e-14
-5.32578e-15
2.80395e-16
-8.83138e-17
1.18887e-17
-6.62225e-19
2.11398e-19
8.87723e-20
2.43315e-21
4.17592e-21
2.35523e-23
1.02092e-22
1.82649e-25
1.7255e-24
1.10105e-27
2.14769e-26
4.95935e-30
1.99848e-28
1.55259e-32
1.36863e-30
2.92517e-35
6.56317e-33
2.28434e-38
2.0052e-35
2.85144e-38
2.88335e-08
1.90856e-09
9.31346e-09
-7.13568e-10
9.33355e-10
-6.95347e-10
6.12681e-12
-1.70534e-11
5.0627e-13
-6.56245e-14
2.18383e-14
1.68709e-14
6.81202e-16
9.46617e-16
5.08174e-17
3.07516e-17
1.33209e-18
1.00242e-18
2.00682e-20
2.34742e-20
2.62293e-22
5.00746e-22
2.80346e-24
8.98838e-24
2.38942e-26
1.31611e-25
1.5847e-28
1.54489e-27
7.84675e-31
1.42229e-29
2.69679e-33
9.9445e-32
5.56685e-36
4.99561e-34
4.75364e-39
1.62023e-36
2.4859e-39
1.98705e-09
1.5392e-10
8.04124e-10
-5.79199e-11
3.50462e-11
-3.73649e-11
1.03164e-12
-1.60672e-12
2.57058e-14
4.51716e-15
1.13813e-15
3.3196e-15
1.78051e-16
2.05421e-16
6.86488e-18
8.14983e-18
1.32406e-19
2.01207e-19
2.1853e-21
4.5628e-21
2.99157e-23
8.94698e-23
3.31719e-25
1.47815e-24
2.93778e-27
2.02735e-26
2.02782e-29
2.267e-28
1.04676e-31
2.01827e-30
3.75667e-34
1.38145e-32
8.11198e-37
6.86202e-35
7.25733e-40
2.21414e-37
3.39547e-40
1.48798e-10
1.23912e-11
4.74149e-11
-4.30079e-12
2.66458e-12
-1.92605e-12
7.63789e-14
-8.9436e-14
1.4857e-15
9.81027e-16
4.32603e-16
5.75346e-16
2.32894e-17
3.16153e-17
5.62725e-19
9.05216e-19
1.166e-20
2.34459e-20
2.02003e-22
5.29734e-22
2.85569e-24
1.01712e-23
3.27154e-26
1.64787e-25
2.99445e-28
2.2266e-27
2.1367e-30
2.46812e-29
1.14041e-32
2.19248e-31
4.23219e-35
1.50669e-33
9.45082e-38
7.55543e-36
8.74346e-41
2.47316e-38
3.87077e-41
1.07607e-11
9.86628e-13
2.72068e-12
-2.28011e-13
1.96183e-13
-8.3706e-14
6.78194e-15
-2.61776e-15
7.70635e-16
9.81624e-16
5.18864e-17
7.60186e-17
1.56528e-18
2.5999e-18
4.04627e-20
7.94093e-20
8.74372e-22
2.09726e-21
1.54581e-23
4.68869e-23
2.2327e-25
8.88329e-25
2.61619e-27
1.42016e-26
2.45148e-29
1.89772e-28
1.79214e-31
2.08807e-30
9.80479e-34
1.84938e-32
3.73099e-36
1.27294e-34
8.54364e-39
6.42141e-37
8.10291e-42
2.12293e-39
3.37073e-42
6.82214e-13
8.88241e-14
1.61101e-13
6.72839e-16
1.16548e-14
-2.69427e-15
9.74785e-16
1.15143e-15
7.79062e-17
1.19371e-16
2.96441e-18
5.10298e-18
9.54201e-20
1.88131e-19
2.55392e-21
5.88786e-21
5.57529e-23
1.54295e-22
9.9679e-25
3.41351e-24
1.45795e-26
6.39104e-26
1.73206e-28
1.00964e-27
1.64737e-30
1.335e-29
1.22358e-32
1.45692e-31
6.80652e-35
1.28371e-33
2.6349e-37
8.81931e-36
6.13972e-40
4.45545e-38
5.92379e-43
1.47981e-40
2.36801e-43
4.02396e-14
9.10899e-15
7.8802e-15
1.53992e-15
7.95387e-16
9.76058e-16
8.15044e-17
1.27286e-16
3.86382e-18
7.02805e-18
1.5714e-19
3.20481e-19
5.2117e-21
1.20586e-20
1.39812e-22
3.73494e-22
3.06245e-24
9.67414e-24
5.50129e-26
2.1139e-25
8.09432e-28
3.90777e-27
9.68516e-30
6.09799e-29
9.28855e-32
7.97422e-31
6.96389e-34
8.62273e-33
3.91367e-36
7.54548e-35
1.53157e-38
5.16167e-37
3.60914e-41
2.60339e-39
3.52081e-44
8.65516e-42
1.38926e-44
2.0265e-15
1.53642e-15
4.35396e-16
5.58594e-16
5.17831e-17
9.93061e-17
3.42292e-18
6.93531e-18
1.80985e-19
4.0034e-19
7.54209e-21
1.83759e-20
2.49718e-22
6.7933e-22
6.68691e-24
2.07054e-23
1.46359e-25
5.28233e-25
2.62974e-27
1.13736e-26
3.87436e-29
2.07297e-28
4.64723e-31
3.1923e-30
4.47288e-33
4.12511e-32
3.36888e-35
4.41535e-34
1.90366e-37
3.83222e-36
7.49569e-40
2.60583e-38
1.77808e-42
1.30939e-40
1.74571e-45
4.34655e-43
6.97458e-46
8.44282e-17
1.59577e-16
2.01346e-17
4.3559e-17
1.97925e-18
4.82562e-18
1.41346e-19
3.68053e-19
7.64704e-21
2.10581e-20
3.18446e-22
9.41274e-22
1.05147e-23
3.40198e-23
2.80712e-25
1.01673e-24
6.12665e-27
2.5479e-26
1.09835e-28
5.39601e-28
1.61588e-30
9.68536e-30
1.93728e-32
1.47077e-31
1.86547e-34
1.87688e-33
1.40697e-36
1.98725e-35
7.96782e-39
1.70932e-37
3.1463e-41
1.15411e-39
7.48848e-44
5.76988e-42
7.37484e-47
1.90935e-44
3.05543e-47
8.92531e-19
9.65648e-18
5.48782e-19
2.1895e-18
6.5978e-20
2.43865e-19
5.0626e-21
1.80999e-20
2.79704e-22
9.98466e-22
1.17366e-23
4.33068e-23
3.88237e-25
1.52636e-24
1.03538e-26
4.46332e-26
2.25468e-28
1.09697e-27
4.03182e-30
2.28287e-29
5.91796e-32
4.03297e-31
7.08252e-34
6.03721e-33
6.81245e-36
7.6069e-35
5.13589e-38
7.96572e-37
2.90915e-40
6.78799e-39
1.14966e-42
4.54868e-41
2.73965e-45
2.26102e-43
2.70019e-48
7.45209e-46
1.18717e-48
-1.09501e-19
5.238e-19
2.80774e-21
1.12581e-19
1.49671e-21
1.15508e-20
1.43931e-22
8.05575e-22
8.56987e-24
4.27461e-23
3.71369e-25
1.79707e-24
1.24639e-26
6.17019e-26
3.34429e-28
1.76404e-27
7.29643e-30
4.25043e-29
1.30453e-31
8.69088e-31
1.91277e-33
1.51134e-32
2.28621e-35
2.23086e-34
2.19647e-37
2.77622e-36
1.65442e-39
2.87605e-38
9.36617e-42
2.42846e-40
3.70073e-44
1.61512e-42
8.81956e-47
7.98108e-45
8.68553e-50
2.61909e-47
4.1476e-50
-1.25359e-20
2.66093e-20
-6.61858e-22
5.35748e-21
5.49247e-26
5.16002e-22
2.55837e-24
3.30712e-23
2.03163e-25
1.66331e-24
9.7173e-27
6.7536e-26
3.41139e-28
2.25897e-27
9.3609e-30
6.31722e-29
2.06586e-31
1.49291e-30
3.71645e-33
3.00069e-32
5.46564e-35
5.14068e-34
6.54116e-37
7.48806e-36
6.28739e-39
9.21059e-38
4.73592e-41
9.44621e-40
2.6808e-43
7.90831e-42
1.05908e-45
5.22266e-44
2.52358e-48
2.56634e-46
2.47941e-51
8.38699e-49
1.31788e-51
-9.08559e-22
1.22189e-21
-6.14736e-23
2.32591e-22
-2.09707e-24
2.13514e-23
-1.73941e-26
1.29687e-24
2.67454e-27
6.04232e-26
1.89445e-28
2.32856e-27
7.6117e-30
7.53284e-29
2.21796e-31
2.06278e-30
5.05464e-33
4.78645e-32
9.25961e-35
9.46912e-34
1.3768e-36
1.5998e-35
1.65852e-38
2.30235e-37
1.60038e-40
2.8021e-39
1.20909e-42
2.84749e-41
6.85636e-45
2.36604e-43
2.71128e-47
1.55279e-45
6.46494e-50
7.59221e-48
6.3175e-53
2.47281e-50
3.84402e-53
-5.23714e-23
5.04576e-23
-3.76535e-24
9.21115e-24
-1.57662e-25
8.14418e-25
-4.19276e-27
4.74846e-26
-5.09421e-29
2.10953e-27
1.51683e-30
7.61601e-29
1.16666e-31
2.33261e-30
4.15986e-33
6.17408e-32
1.03337e-34
1.40965e-33
1.9815e-36
2.75019e-35
3.02765e-38
4.58972e-37
3.70878e-40
6.53618e-39
3.61977e-42
7.88185e-41
2.75363e-44
7.94824e-43
1.56938e-46
6.56038e-45
6.22681e-49
4.28298e-47
1.4884e-51
2.08539e-49
1.43823e-54
6.77651e-52
1.03743e-54
-2.5563e-24
1.87245e-24
-1.86815e-25
3.32307e-25
-8.28175e-27
2.86116e-26
-2.57985e-28
1.61639e-27
-5.70363e-30
6.93028e-29
-7.65487e-32
2.4019e-30
1.70729e-34
6.98327e-32
4.68244e-35
1.74077e-33
1.59254e-36
3.86309e-35
3.45958e-38
7.40109e-37
5.63425e-40
1.22254e-38
7.18515e-42
1.72528e-40
7.18913e-44
2.06532e-42
5.5579e-46
2.06975e-44
3.20464e-48
1.69927e-46
1.28147e-50
1.1049e-48
3.07698e-53
5.36351e-51
2.91e-56
1.7412e-53
2.60982e-56
-1.08449e-25
6.24316e-26
-7.95889e-27
1.09106e-26
-3.5961e-28
9.24867e-28
-1.17521e-29
5.1137e-29
-2.92241e-31
2.13447e-30
-5.53052e-33
7.17662e-32
-7.38142e-35
2.01693e-33
-4.47265e-37
4.84073e-35
9.92336e-39
1.01898e-36
4.04313e-40
1.8836e-38
8.15813e-42
3.04821e-40
1.14738e-43
4.26614e-42
1.21337e-45
5.07794e-44
9.73641e-48
5.06395e-46
5.73994e-50
4.14282e-48
2.33507e-52
2.6853e-50
5.66712e-55
1.30127e-52
5.17296e-58
4.22882e-55
6.17267e-58
-4.05236e-27
1.87025e-27
-2.98399e-28
3.25928e-28
-1.35912e-29
2.7495e-29
-4.52059e-31
1.5026e-30
-1.16882e-32
6.16239e-32
-2.41051e-34
2.02653e-33
-3.96091e-36
5.55395e-35
-5.06913e-38
1.29762e-36
-4.36211e-40
2.65122e-38
-7.51336e-43
4.7201e-40
5.76643e-44
7.32152e-42
1.2605e-45
1.00539e-43
1.59036e-47
1.1807e-45
1.39474e-49
1.17262e-47
8.68337e-52
9.57056e-50
3.64911e-54
6.19359e-52
9.04892e-57
2.99868e-54
7.93496e-60
9.77403e-57
1.38519e-59
-1.34409e-28
5.03693e-29
-9.97101e-30
8.86201e-30
-4.57256e-31
7.5186e-31
-1.53432e-32
4.1006e-32
-4.03078e-34
1.6673e-33
-8.5782e-36
5.40809e-35
-1.50054e-37
1.4564e-36
-2.18499e-39
3.33545e-38
-2.57483e-41
6.67145e-40
-2.33536e-43
1.16113e-41
-1.41931e-45
1.75985e-43
-1.52469e-48
2.34063e-45
9.11072e-50
2.66469e-47
1.26509e-51
2.6146e-49
9.49663e-54
2.11724e-51
4.4019e-56
1.36367e-53
1.1514e-58
6.60401e-56
9.47444e-62
2.16291e-58
2.96622e-61
-3.9776e-30
1.22115e-30
-2.99194e-31
2.19543e-31
-1.38579e-32
1.89269e-32
-4.68762e-34
1.03993e-33
-1.24299e-35
4.22882e-35
-2.68412e-37
1.36398e-36
-4.81684e-39
3.63687e-38
-7.33961e-41
8.22171e-40
-9.39341e-43
1.61968e-41
-9.99161e-45
2.77379e-43
-8.73586e-47
4.13629e-45
-5.92968e-49
5.40802e-47
-2.89548e-51
6.05726e-49
-7.57334e-54
5.81252e-51
1.28852e-56
4.61256e-53
2.15543e-58
2.92928e-55
7.817e-61
1.41385e-57
5.06712e-64
4.64671e-60
6.16571e-63
-1.05428e-31
2.67023e-32
-8.10336e-33
4.96372e-33
-3.81098e-34
4.39247e-34
-1.30333e-35
2.45375e-35
-3.48761e-37
1.00639e-36
-7.60599e-39
3.25324e-38
-1.38374e-40
8.65108e-40
-2.15305e-42
1.9435e-41
-2.84922e-44
3.79441e-43
-3.19866e-46
6.42896e-45
-3.05315e-48
9.47738e-47
-2.40519e-50
1.22476e-48
-1.55026e-52
1.35658e-50
-7.81596e-55
1.2873e-52
-2.93835e-57
1.01135e-54
-7.64258e-60
6.36068e-57
-1.19538e-62
3.03738e-59
-5.41305e-66
9.96982e-62
1.28589e-64
-2.5109e-33
5.27997e-34
-1.9888e-34
1.02661e-34
-9.55845e-36
9.41742e-36
-3.32058e-37
5.39661e-37
-8.99192e-39
2.25068e-38
-1.98108e-40
7.34648e-40
-3.64242e-42
1.96189e-41
-5.7408e-44
4.40796e-43
-7.73188e-46
8.57904e-45
-8.90151e-48
1.44582e-46
-8.80677e-50
2.11719e-48
-7.30168e-52
2.71536e-50
-5.05584e-54
2.98474e-52
-2.81355e-56
2.81161e-54
-1.20793e-58
2.19453e-56
-3.7335e-61
1.37239e-58
-7.19685e-64
6.52413e-61
-2.50134e-67
2.14861e-63
2.68977e-66
-5.38943e-35
9.4723e-36
-4.43828e-36
1.94818e-36
-2.19529e-37
1.87044e-37
-7.79072e-39
1.109e-38
-2.14396e-40
4.73993e-40
-4.7844e-42
1.57346e-41
-8.89593e-44
4.24759e-43
-1.41758e-45
9.60212e-45
-1.93294e-47
1.87328e-46
-2.25944e-49
3.15595e-48
-2.27867e-51
4.61146e-50
-1.93643e-53
5.89331e-52
-1.38272e-55
6.4514e-54
-7.98702e-58
6.05013e-56
-3.57852e-60
4.70266e-58
-1.15767e-62
2.93031e-60
-2.34031e-65
1.38956e-62
-7.48084e-69
4.59897e-65
5.59234e-68
-1.04564e-36
1.54808e-37
-9.0349e-38
3.40488e-38
-4.63307e-39
3.45329e-39
-1.68987e-40
2.13596e-40
-4.7494e-42
9.42548e-42
-1.07757e-43
3.2036e-43
-2.03114e-45
8.79619e-45
-3.27538e-47
2.01199e-46
-4.51724e-49
3.95482e-48
-5.34382e-51
6.69166e-50
-5.46056e-53
9.79763e-52
-4.71139e-55
1.25232e-53
-3.42258e-57
1.36977e-55
-2.01547e-59
1.28246e-57
-9.21684e-62
9.95067e-60
-3.04354e-64
6.19016e-62
-6.29904e-67
2.93266e-64
-1.9076e-70
9.76671e-67
1.15611e-69
-1.83934e-38
2.31627e-39
-1.68302e-39
5.50533e-40
-9.01425e-41
5.95093e-41
-3.4004e-42
3.86998e-42
-9.81161e-44
1.77551e-43
-2.273e-45
6.218e-45
-4.35764e-47
1.74649e-46
-7.12681e-49
4.06324e-48
-9.95147e-51
8.08536e-50
-1.19101e-52
1.3799e-51
-1.23086e-54
2.03229e-53
-1.07448e-56
2.60701e-55
-7.9e-59
2.85769e-57
-4.71077e-61
2.67817e-59
-2.18146e-63
2.07899e-61
-7.2924e-66
1.2937e-63
-1.53439e-68
6.13451e-66
-4.45335e-72
2.05941e-68
2.38335e-71
-2.94284e-40
3.19119e-41
-2.87808e-41
8.27908e-42
-1.62196e-42
9.61829e-43
-6.36733e-44
6.62453e-44
-1.89626e-45
3.18044e-45
-4.50558e-47
1.15435e-46
-8.81743e-49
3.33429e-48
-1.46666e-50
7.92784e-50
-2.07753e-52
1.60393e-51
-2.51807e-54
2.77185e-53
-2.63206e-56
4.12076e-55
-2.32261e-58
5.32171e-57
-1.72521e-60
5.86225e-59
-1.03906e-62
5.51281e-61
-4.858e-65
4.29094e-63
-1.63935e-67
2.67668e-65
-3.50053e-70
1.2734e-67
-9.81741e-74
4.322e-70
4.93431e-73
-4.29646e-42
4.07402e-43
-4.53274e-43
1.16511e-43
-2.70722e-44
1.46615e-44
-1.11274e-45
1.07667e-45
-3.4381e-47
5.44123e-47
-8.41573e-49
2.05761e-48
-1.68749e-50
6.141e-50
-2.8635e-52
1.49866e-51
-4.12442e-54
3.09472e-53
-5.07108e-56
5.43454e-55
-5.36655e-58
8.18098e-57
-4.78866e-60
1.06665e-58
-3.59277e-62
1.18381e-60
-2.18429e-64
1.11971e-62
-1.03048e-66
8.75936e-65
-3.51035e-69
5.49244e-67
-7.61815e-72
2.63163e-69
-2.08819e-75
9.08287e-72
1.0424e-74
-5.74208e-44
4.85231e-45
-6.59508e-45
1.54517e-45
-4.20361e-46
2.12101e-46
-1.81952e-47
1.67071e-47
-5.8617e-49
8.93471e-49
-1.48447e-50
3.53663e-50
-3.06099e-52
1.09521e-51
-5.31512e-54
2.75366e-53
-7.80389e-56
5.82373e-55
-9.75244e-58
1.04242e-56
-1.04641e-59
1.59344e-58
-9.45151e-62
2.10286e-60
-7.16775e-64
2.35711e-62
-4.40213e-66
2.24803e-64
-2.09824e-68
1.77279e-66
-7.2357e-71
1.12219e-68
-1.60492e-73
5.45463e-71
-4.39158e-77
1.93749e-73
2.32027e-76
-7.04504e-46
5.4404e-47
-8.88958e-47
1.94632e-47
-6.08669e-48
2.93233e-48
-2.7896e-49
2.49044e-49
-9.41383e-51
1.41572e-50
-2.47645e-52
5.88932e-52
-5.26938e-54
1.89916e-53
-9.39043e-56
4.93548e-55
-1.40894e-57
1.07218e-56
-1.7933e-59
1.96144e-58
-1.95426e-61
3.05216e-60
-1.78941e-63
4.08691e-62
-1.37384e-65
4.63866e-64
-8.54179e-68
4.47502e-66
-4.12902e-70
3.57409e-68
-1.45204e-72
2.30231e-70
-3.33477e-75
1.15194e-72
-9.4733e-79
4.31163e-75
5.73625e-78
-7.95179e-48
5.80658e-49
-1.11214e-48
2.34879e-49
-8.23064e-50
3.9038e-50
-4.01421e-51
3.59007e-51
-1.42508e-52
2.17735e-52
-3.90861e-54
9.55016e-54
-8.60961e-56
3.2164e-55
-1.57903e-57
8.66277e-57
-2.42692e-59
1.93783e-58
-3.1528e-61
3.63165e-60
-3.4964e-63
5.76613e-62
-3.25242e-65
7.85408e-64
-2.53511e-67
9.05651e-66
-1.60303e-69
8.88234e-68
-7.9256e-72
7.24774e-70
-2.88778e-74
4.82752e-72
-7.0426e-77
2.55753e-74
-2.20541e-80
1.04931e-76
1.66603e-79
-8.25762e-50
5.96254e-51
-1.29131e-50
2.74124e-51
-1.03889e-51
5.04566e-52
-5.41676e-53
5.04052e-53
-2.0309e-54
3.27061e-54
-5.82721e-56
1.51631e-55
-1.33273e-57
5.34565e-57
-2.52216e-59
1.4953e-58
-3.98049e-61
3.45144e-60
-5.29011e-63
6.64044e-62
-5.9853e-65
1.07846e-63
-5.67541e-67
1.49931e-65
-4.51531e-69
1.76594e-67
-2.93187e-71
1.77764e-69
-1.50894e-73
1.50806e-71
-5.87007e-76
1.07096e-73
-1.58083e-78
6.28943e-76
-5.78809e-82
2.95655e-78
5.78068e-81
-7.8562e-52
5.96062e-53
-1.38573e-52
3.12522e-53
-1.21851e-53
6.38647e-54
-6.82133e-55
6.94466e-55
-2.7109e-56
4.82975e-56
-8.16326e-58
2.3708e-57
-1.94405e-59
8.76326e-59
-3.80639e-61
2.55008e-60
-6.18476e-63
6.08455e-62
-8.43376e-65
1.20459e-63
-9.77317e-67
2.00795e-65
-9.50588e-69
2.86544e-67
-7.80411e-71
3.48397e-69
-5.3061e-73
3.66953e-71
-2.93689e-75
3.34611e-73
-1.27594e-77
2.65883e-75
-3.94331e-80
1.81616e-77
-1.70902e-83
9.93282e-80
2.3063e-82
-6.74896e-54
5.85053e-55
-1.35542e-54
3.51157e-55
-1.30985e-55
7.98085e-56
-7.90721e-57
9.45766e-57
-3.34335e-58
7.05717e-58
-1.06013e-59
3.67171e-59
-2.63705e-61
1.42468e-60
-5.35857e-63
4.31928e-62
-8.99563e-65
1.06755e-63
-1.26454e-66
2.18233e-65
-1.51173e-68
3.75722e-67
-1.52743e-70
5.56805e-69
-1.32267e-72
7.14311e-71
-9.75666e-75
8.16715e-73
-6.08691e-77
8.425e-75
-3.07662e-79
7.85213e-77
-1.09904e-81
6.31503e-79
-5.37372e-85
3.89495e-81
1.00091e-83
-5.02613e-56
1.23136e-55
-1.16891e-56
2.90842e-56
-1.25349e-57
3.73254e-57
-8.22336e-59
3.08273e-58
-3.72428e-60
1.79769e-59
-1.25112e-61
7.8561e-61
-3.26982e-63
2.67506e-62
-6.93724e-65
7.19573e-64
-1.21199e-66
1.84414e-65
-1.7743e-68
3.90242e-67
-2.22345e-70
6.97527e-69
-2.39685e-72
1.08423e-70
-2.2801e-74
1.49283e-72
-1.91999e-76
1.89192e-74
-1.40629e-78
2.22839e-76
-8.30871e-81
2.38126e-78
-3.32463e-83
2.13708e-80
-1.70909e-86
1.4033e-82
3.74738e-85
-2.9193e-58
-6.6178e-59
-7.52505e-60
-5.26945e-61
-2.53555e-62
-8.98882e-64
-2.46555e-65
-5.48841e-67
-1.00223e-68
-1.53296e-70
-2.01656e-72
-2.31104e-74
-2.37826e-76
-2.19795e-78
-1.76404e-80
-1.12044e-82
-4.67234e-85
-2.3887e-88
)
;

boundaryField
{
    leftWall
    {
        type            calculated;
        value           uniform 0;
    }
    rightWall
    {
        type            calculated;
        value           uniform 0;
    }
    lowerWall
    {
        type            calculated;
        value           uniform 0;
    }
    atmosphere
    {
        type            calculated;
        value           nonuniform List<scalar> 
46
(
0
0
0
0
0
0
0
0
0
0
0
0
0
0
0
0
0
0
0
0
3.02482e-59
5.89403e-58
2.56118e-58
1.38542e-58
2.12843e-58
4.77769e-58
1.05253e-57
5.15933e-57
2.48427e-57
5.53385e-58
6.75706e-59
5.24695e-60
2.83956e-61
1.14196e-62
3.57707e-64
9.17247e-66
1.9418e-67
3.47036e-69
5.38561e-71
7.37174e-73
9.2112e-75
1.05766e-76
1.09161e-78
9.43244e-81
5.99906e-83
1.54813e-85
)
;
    }
    defaultFaces
    {
        type            empty;
        value           nonuniform 0();
    }
}


// ************************************************************************* //
