/*--------------------------------*- C++ -*----------------------------------*\
| =========                 |                                                 |
| \\      /  F ield         | OpenFOAM: The Open Source CFD Toolbox           |
|  \\    /   O peration     | Version:  5.x                                   |
|   \\  /    A nd           | Web:      www.OpenFOAM.org                      |
|    \\/     M anipulation  |                                                 |
\*---------------------------------------------------------------------------*/
FoamFile
{
    version     2.0;
    format      ascii;
    class       surfaceScalarField;
    location    "0.8";
    object      alphaPhi10;
}
// * * * * * * * * * * * * * * * * * * * * * * * * * * * * * * * * * * * * * //

dimensions      [0 3 -1 0 0 0 0];

internalField   nonuniform List<scalar> 
4432
(
-4.35138e-06
4.35138e-06
-9.32412e-06
4.97274e-06
-1.40019e-05
4.6778e-06
-1.85801e-05
4.57818e-06
-2.2138e-05
3.55791e-06
-2.29056e-05
7.67613e-07
-2.1008e-05
-1.89757e-06
-1.84329e-05
-2.57514e-06
-1.67703e-05
-1.6626e-06
-1.6154e-05
-6.1626e-07
-1.61895e-05
3.54278e-08
-1.65997e-05
4.10242e-07
-1.72813e-05
6.81586e-07
-1.8063e-05
7.81737e-07
-1.83389e-05
2.7587e-07
-1.75489e-05
-7.90003e-07
-1.71384e-05
4.01604e-07
-2.29399e-05
4.82956e-06
-2.78991e-05
4.95915e-06
-2.70961e-05
-7.99307e-07
-2.02502e-05
-6.80847e-06
-9.72521e-06
-1.0485e-05
-9.72997e-06
-6.65198e-06
1.10034e-05
-1.25172e-05
1.08379e-05
-1.73684e-05
9.52901e-06
-2.153e-05
8.73977e-06
-2.40839e-05
6.1118e-06
-2.40862e-05
7.69988e-07
-2.18288e-05
-4.15496e-06
-1.89036e-05
-5.50036e-06
-1.69477e-05
-3.61851e-06
-1.61595e-05
-1.40445e-06
-1.59885e-05
-1.35549e-07
-1.606e-05
4.81759e-07
-1.61786e-05
8.00167e-07
-1.6416e-05
1.01915e-06
-1.71965e-05
1.0565e-06
-1.90859e-05
1.33313e-06
-2.09097e-05
3.74931e-06
-2.394e-05
7.33542e-06
-2.38662e-05
3.77648e-06
-1.91651e-05
-5.07827e-06
-1.33696e-05
-1.2323e-05
-6.7585e-06
-1.71841e-05
-1.64885e-05
-6.23781e-06
1.72412e-05
-1.15127e-05
1.61129e-05
-1.62086e-05
1.42249e-05
-2.07141e-05
1.32453e-05
-2.39225e-05
9.3202e-06
-2.43947e-05
1.24221e-06
-2.23811e-05
-6.16864e-06
-1.96372e-05
-8.24418e-06
-1.76611e-05
-5.59463e-06
-1.67488e-05
-2.3168e-06
-1.6409e-05
-4.75332e-07
-1.60303e-05
1.03057e-07
-1.53262e-05
9.61186e-08
-1.43249e-05
1.78178e-08
-1.35597e-05
2.91318e-07
-1.38657e-05
1.67006e-06
-1.44979e-05
4.81974e-06
-1.35603e-05
6.78129e-06
-1.11249e-05
1.20087e-06
-7.85215e-06
-8.49015e-06
-5.08704e-06
-1.52312e-05
-2.22976e-06
-2.04648e-05
-1.87182e-05
-4.98338e-06
2.22245e-05
-9.60155e-06
2.0731e-05
-1.40816e-05
1.87049e-05
-1.83629e-05
1.75266e-05
-2.12838e-05
1.22411e-05
-2.19602e-05
1.91867e-06
-2.08329e-05
-7.29593e-06
-1.94297e-05
-9.64743e-06
-1.83533e-05
-6.67103e-06
-1.77088e-05
-2.96128e-06
-1.74424e-05
-7.41724e-07
-1.71057e-05
-2.33661e-07
-1.63026e-05
-7.07008e-07
-1.48652e-05
-1.41951e-06
-1.29122e-05
-1.66175e-06
-1.06955e-05
-5.46521e-07
-7.87395e-06
1.99818e-06
-4.14806e-06
3.05539e-06
-1.02241e-06
-1.87527e-06
9.54025e-07
-1.0616e-05
9.28142e-07
-1.57676e-05
7.70991e-07
-2.03077e-05
-1.79479e-05
-3.32452e-06
2.55491e-05
-6.97246e-06
2.4379e-05
-1.06388e-05
2.23713e-05
-1.38089e-05
2.06967e-05
-1.56427e-05
1.40749e-05
-1.62223e-05
2.49823e-06
-1.6625e-05
-6.89324e-06
-1.76375e-05
-8.63494e-06
-1.85452e-05
-5.76332e-06
-1.87786e-05
-2.72785e-06
-1.86824e-05
-8.37901e-07
-1.83148e-05
-6.01303e-07
-1.74443e-05
-1.57754e-06
-1.59111e-05
-2.95267e-06
-1.37161e-05
-3.85681e-06
-1.074e-05
-3.5226e-06
-6.62106e-06
-2.12073e-06
-1.90135e-06
-1.66433e-06
1.48058e-06
-5.25719e-06
2.68459e-06
-1.182e-05
2.14232e-06
-1.52254e-05
1.28636e-06
-1.94517e-05
-1.66616e-05
-1.18198e-06
2.6731e-05
-3.30748e-06
2.65045e-05
-5.83401e-06
2.48978e-05
-7.6543e-06
2.2517e-05
-8.20528e-06
1.46259e-05
-8.70482e-06
2.99777e-06
-1.10535e-05
-4.54452e-06
-1.49196e-05
-4.76891e-06
-1.82099e-05
-2.47294e-06
-1.97556e-05
-1.18222e-06
-2.00363e-05
-5.57157e-07
-1.96082e-05
-1.02944e-06
-1.85321e-05
-2.65356e-06
-1.67377e-05
-4.74712e-06
-1.43184e-05
-6.27608e-06
-1.13643e-05
-6.47671e-06
-7.72219e-06
-5.76283e-06
-3.71964e-06
-5.66687e-06
-7.94754e-07
-8.18208e-06
6.14217e-07
-1.32289e-05
6.01203e-07
-1.52124e-05
5.98133e-07
-1.94486e-05
-1.60634e-05
1.05636e-06
2.56747e-05
5.1826e-07
2.70426e-05
-5.12146e-07
2.59282e-05
-7.23764e-07
2.27286e-05
9.48141e-08
1.38073e-05
-9.93673e-07
4.08625e-06
-6.44741e-06
9.09213e-07
-1.29016e-05
1.68526e-06
-1.78862e-05
2.51171e-06
-2.06853e-05
1.61687e-06
-2.14986e-05
2.56118e-07
-2.10452e-05
-1.48281e-06
-1.96964e-05
-4.00244e-06
-1.75029e-05
-6.94053e-06
-1.46138e-05
-9.16528e-06
-1.1391e-05
-9.69949e-06
-7.95039e-06
-9.20342e-06
-4.60336e-06
-9.0139e-06
-2.03855e-06
-1.07469e-05
-6.51885e-07
-1.46156e-05
-1.83958e-08
-1.58459e-05
4.8139e-07
-1.99484e-05
-1.55821e-05
3.48205e-06
2.21926e-05
5.99807e-06
2.45265e-05
7.51604e-06
2.44102e-05
8.75366e-06
2.1491e-05
7.71006e-06
1.48509e-05
1.95793e-06
9.04625e-06
-6.31067e-06
8.54418e-06
-1.32365e-05
8.61111e-06
-1.79587e-05
7.23386e-06
-2.10877e-05
4.74586e-06
-2.25242e-05
1.69267e-06
-2.22991e-05
-1.70794e-06
-2.05027e-05
-5.79882e-06
-1.73882e-05
-1.0055e-05
-1.36914e-05
-1.2862e-05
-1.01383e-05
-1.32525e-05
-6.76424e-06
-1.25775e-05
-3.63947e-06
-1.21387e-05
-1.07249e-06
-1.33138e-05
4.92163e-07
-1.61802e-05
1.62802e-06
-1.69817e-05
1.64551e-06
-1.99659e-05
-1.39365e-05
-1.67908e-05
1.51499e-05
-4.15396e-05
2.47488e-05
-4.79573e-05
6.41766e-06
-3.2291e-05
-1.56662e-05
-3.37408e-06
-2.88947e-05
1.17944e-05
-1.53019e-05
4.98918e-06
6.46809e-06
-1.14353e-05
1.68887e-05
-6.06542e-05
4.51241e-05
-9.21881e-05
3.69309e-05
-6.43209e-05
-2.60614e-05
-5.32363e-06
-6.10435e-05
2.59418e-05
-2.96474e-05
3.32076e-05
-6.04714e-06
2.26822e-05
1.18132e-05
5.39251e-06
1.72897e-05
-1.11788e-05
1.65676e-05
-1.60816e-05
5.27583e-06
-8.63437e-06
-2.71544e-05
4.05382e-05
-4.38874e-05
4.14819e-05
-4.07763e-05
3.312e-06
-2.42862e-05
-3.21549e-05
-1.47389e-07
-5.30329e-05
1.10411e-05
-2.64898e-05
-5.71022e-06
2.38385e-05
-6.02116e-05
7.11691e-05
-0.000105776
8.83896e-05
-6.89814e-05
1.40439e-05
-3.18463e-05
-6.15452e-05
8.24953e-06
-0.000100083
3.05838e-05
-5.33182e-05
4.19264e-05
-2.00379e-05
4.27882e-05
9.37914e-06
2.13532e-05
3.77551e-05
-2.03259e-05
5.96304e-05
-1.40655e-05
1.44007e-05
-1.5607e-05
-2.29677e-05
6.49199e-05
-3.26264e-05
5.11409e-05
-2.9168e-05
-1.79072e-08
-1.71102e-05
-4.39648e-05
-9.84003e-07
-6.91078e-05
-2.00123e-07
-2.72732e-05
-3.58364e-05
5.91767e-05
-9.30939e-05
0.000128524
-6.6357e-05
7.10047e-05
-2.96719e-05
-1.18976e-06
-2.26206e-05
-4.2587e-05
6.77856e-06
-0.000129952
2.4581e-05
-7.23473e-05
3.65778e-05
-3.11684e-05
4.16752e-05
2.97988e-06
4.48515e-05
4.40164e-05
2.16836e-05
8.51446e-05
-3.1389e-06
4.98727e-05
-4.02442e-05
-1.53809e-05
8.22618e-05
-1.9432e-05
5.42509e-05
-1.62172e-05
-1.38971e-06
-9.92853e-06
-3.9046e-05
-4.50334e-06
-7.416e-05
-1.99662e-05
-1.18093e-05
-6.72882e-05
0.000106511
-9.48537e-05
0.000160469
-1.22212e-05
2.57915e-05
-1.16035e-05
-6.35788e-06
-1.52253e-05
-1.93497e-05
6.97155e-06
-0.000151958
1.79157e-05
-8.18824e-05
2.94857e-05
-4.01842e-05
4.66487e-05
-8.73683e-06
5.98193e-05
3.22497e-05
5.82999e-05
8.3745e-05
2.34371e-05
6.18005e-05
-2.73941e-05
-7.13511e-06
8.93969e-05
-7.18574e-06
5.68571e-05
-6.58524e-06
-2.21572e-06
-4.16819e-06
-4.16805e-05
-1.22272e-05
-6.56313e-05
-4.38478e-05
1.98239e-05
-8.81739e-05
0.000150911
-3.4942e-05
0.000116315
-9.79013e-06
1.30847e-05
-8.39886e-06
-9.4785e-06
-4.56065e-06
-8.10121e-05
3.27477e-06
-0.000158059
9.22975e-06
-4.35e-05
1.61929e-05
-1.71713e-05
2.67289e-05
-7.18483e-06
4.51205e-05
1.39773e-05
5.98383e-05
5.50672e-05
2.66648e-05
5.88081e-05
1.66203e-06
2.62613e-06
8.67707e-05
4.44658e-06
5.65175e-05
3.9314e-06
-1.92918e-06
8.52736e-07
-4.09418e-05
-2.32747e-05
-4.14606e-05
-6.58708e-05
6.24931e-05
-9.52714e-05
0.00018161
-1.26643e-05
6.00343e-05
-6.96564e-06
4.15284e-06
-7.5657e-06
-9.53571e-06
-2.31252e-06
-0.000120348
4.78654e-07
-0.000130212
3.53464e-07
-1.89607e-06
1.06967e-06
-6.32547e-07
5.26001e-06
-1.72154e-07
1.62318e-05
8.90184e-07
3.50133e-05
1.26097e-05
2.2623e-05
6.79402e-05
2.504e-05
1.15587e-05
7.5212e-05
1.69702e-05
5.094e-05
1.47179e-05
-2.59002e-06
4.70354e-06
-3.41202e-05
-3.27158e-05
-3.94155e-06
-7.75094e-05
0.000107541
-4.75868e-05
0.000159933
-6.99082e-06
3.38785e-05
-6.03239e-06
-3.8851e-08
-4.97307e-06
-2.05623e-05
-2.82619e-06
-0.00012991
1.04897e-06
-2.07634e-05
2.25673e-07
-1.10699e-06
3.6618e-07
-7.97764e-07
3.04902e-07
-1.31162e-07
3.63555e-07
8.11246e-07
7.68085e-06
7.85746e-07
2.3144e-05
5.93036e-05
3.7597e-05
1.43936e-05
6.08184e-05
2.0211e-05
3.39754e-05
2.44777e-05
-5.27299e-06
5.81712e-06
-1.56213e-05
-3.91511e-05
4.11709e-05
-7.94082e-05
0.000148105
-2.08271e-05
0.000113879
-8.18047e-06
1.84538e-05
-7.33584e-06
-4.12237e-06
-5.85273e-06
-8.86388e-05
-2.11691e-06
-0.000121596
-2.14185e-07
-1.58614e-06
9.14164e-09
-1.36445e-06
1.55387e-07
-9.78227e-07
2.42974e-07
-2.43732e-07
1.07e-07
9.4016e-07
-3.48362e-06
7.01757e-06
-4.91125e-07
5.98617e-05
2.87479e-06
4.343e-06
3.47325e-06
2.5235e-06
7.28469e-06
-2.94147e-06
8.10692e-06
-1.11644e-05
8.83448e-06
-2.05627e-05
8.35497e-06
-3.12132e-05
8.55714e-06
-3.87453e-05
9.05036e-06
-4.11984e-05
8.36818e-06
-4.34514e-05
9.48681e-06
-4.70563e-05
8.35073e-06
-4.90918e-05
3.72824e-06
-4.69373e-05
-3.862e-06
-4.01548e-05
-1.25797e-05
-3.13471e-05
-1.88596e-05
-2.29889e-05
-2.12157e-05
-1.59005e-05
-2.03365e-05
-9.51451e-06
-1.89599e-05
-3.59253e-06
-1.80578e-05
1.46707e-06
-1.83707e-05
4.85435e-06
-1.95643e-05
7.19551e-06
-1.93204e-05
6.48172e-06
-1.92495e-05
-1.67518e-05
9.29873e-06
-8.47919e-06
-1.49955e-06
-1.01923e-05
-3.21234e-07
-1.351e-05
-4.53186e-07
-1.97916e-05
-8.13659e-07
-2.87137e-05
-2.02965e-07
-3.61918e-05
4.22712e-07
-4.0206e-05
5.35471e-07
-4.36086e-05
3.43052e-07
-4.82565e-05
2.05496e-07
-5.31922e-05
1.30057e-06
-5.49023e-05
7.02089e-07
-5.38422e-05
-5.65831e-06
-5.25246e-05
-1.22834e-05
-5.0323e-05
-1.47767e-05
-4.54323e-05
-1.4919e-05
-3.77292e-05
-1.48011e-05
-2.89628e-05
-1.43356e-05
-2.05342e-05
-1.33185e-05
-1.36028e-05
-1.20283e-05
-8.48745e-06
-1.13522e-05
-5.97343e-06
-1.06002e-05
-2.9358e-06
-1.23283e-05
-1.47768e-05
5.47899e-06
-1.36625e-06
-1.32799e-07
-1.74496e-06
3.21735e-08
-2.24275e-06
-7.33293e-09
-3.10375e-06
-9.20741e-08
-6.41479e-06
-7.02291e-08
-1.09964e-05
-4.35636e-08
-1.60442e-05
-1.83488e-08
-2.40121e-05
-2.15734e-06
-4.86291e-05
-9.93474e-06
-9.38124e-05
-1.12197e-05
-0.000113522
-7.24255e-06
-0.000115005
-1.83385e-06
-8.80599e-05
-3.48841e-07
-5.61816e-05
-3.0082e-06
-3.74577e-05
-4.20998e-06
-2.75772e-05
-3.27717e-06
-2.02241e-05
-2.76646e-06
-1.36279e-05
-2.09811e-06
-9.20864e-06
-8.19247e-07
-6.61368e-06
-2.29605e-07
-6.44853e-06
-3.55089e-08
-6.13536e-06
-2.1671e-08
-3.6342e-08
-3.316e-06
-1.16499e-07
-1.61091e-08
-1.00066e-07
1.07729e-08
-1.17429e-07
2.52057e-09
-2.2812e-07
-2.96964e-09
-2.91063e-07
-1.20212e-08
-2.63851e-07
-1.39573e-08
-5.12792e-07
-2.94933e-08
-3.86073e-05
-6.39006e-07
-9.82725e-05
-3.45283e-06
-0.000133461
-2.47599e-06
-3.02175e-05
5.91401e-07
-1.32719e-05
-6.8584e-07
-1.54858e-05
-4.80322e-06
-1.6811e-05
-1.31769e-05
-9.84236e-06
-1.12191e-05
-4.10852e-06
-9.51595e-06
-1.30155e-06
-5.58346e-06
-1.76686e-07
-3.09164e-06
-2.80854e-08
-9.20485e-07
1.71067e-08
-2.74601e-07
1.85782e-08
-3.71803e-08
-3.26802e-09
-2.46913e-11
2.48929e-08
-6.47029e-08
-1.62362e-08
1.32401e-10
-9.10954e-09
2.11253e-09
-8.88075e-09
7.80914e-10
-1.42524e-08
2.65156e-10
-2.93154e-08
-1.38972e-10
-6.93788e-08
-8.8992e-10
-3.71387e-07
-1.07849e-09
-1.22744e-06
-2.17148e-08
-5.10807e-06
-2.72101e-08
-6.58518e-06
-2.09733e-07
-1.53824e-05
-5.49246e-07
-8.47453e-05
-8.37755e-06
-8.65238e-05
-2.21423e-05
-7.71854e-05
-2.27293e-05
-6.89962e-05
-3.30633e-05
-4.35274e-05
-3.77952e-05
-1.88849e-05
-3.59215e-05
-2.66987e-06
-2.06005e-05
-7.55956e-07
-2.73017e-06
-1.4338e-07
-8.67361e-07
-9.46693e-08
-8.6118e-08
-8.74602e-08
-7.45972e-09
3.21316e-08
-9.49255e-08
-1.2125e-09
1.3142e-09
-8.84027e-10
7.50416e-10
-6.6533e-10
2.42683e-10
-7.93649e-10
9.44441e-11
-1.30713e-09
3.44306e-11
-3.43957e-09
-5.66275e-12
-1.30408e-08
-4.8321e-11
-5.65234e-08
-2.06917e-10
-1.86269e-07
1.15142e-09
-4.7961e-07
1.73649e-08
-3.9139e-06
-1.31179e-07
-5.10269e-05
-1.99219e-06
-7.38723e-05
-8.76281e-06
-8.02949e-05
-1.65e-05
-8.05831e-05
-3.26757e-05
-7.73183e-05
-4.09672e-05
-7.31421e-05
-3.9706e-05
-4.56467e-05
-4.47559e-05
-7.6656e-06
-3.30848e-05
-5.12883e-07
-5.11379e-06
-1.72671e-07
-4.19479e-07
-1.52061e-07
-2.82958e-08
1.78435e-08
-1.39511e-07
4.139e-10
9.07322e-10
-4.63029e-11
7.02977e-10
-3.78946e-11
1.1852e-10
-3.39883e-11
2.51563e-11
-4.17987e-11
6.65859e-12
-1.43338e-10
1.75956e-11
-6.58397e-10
7.00301e-11
-3.42142e-09
5.79108e-10
-1.11732e-07
5.27502e-09
-2.92897e-07
9.4741e-09
-1.88801e-07
-3.66043e-09
-2.14834e-06
-2.70282e-08
-1.0718e-05
-2.01231e-07
-2.71494e-05
-1.27957e-06
-5.56269e-05
-6.25981e-06
-7.65197e-05
-2.01376e-05
-7.7613e-05
-3.76889e-05
-7.51891e-05
-4.65907e-05
-6.47394e-05
-4.32799e-05
-1.09724e-05
-2.9829e-05
-5.31169e-07
-1.07032e-05
-2.08421e-07
-3.44205e-07
1.08665e-08
-2.0439e-07
4.56459e-10
4.53066e-10
9.63311e-12
1.10849e-09
3.35646e-13
6.39812e-11
1.78661e-13
1.26593e-11
3.72685e-14
1.50282e-12
3.16287e-13
3.89805e-12
7.10585e-12
1.48818e-11
1.12874e-10
1.14324e-10
-5.1147e-10
4.98133e-10
-5.50405e-09
2.12092e-10
-2.11514e-09
-1.38477e-09
-2.88454e-08
-4.85121e-12
-2.27502e-07
-3.40155e-09
-1.47102e-06
-4.2486e-08
-7.42626e-06
-3.40813e-07
-2.65981e-05
-1.34475e-06
-6.14167e-05
-1.06804e-05
-8.11252e-05
-2.66277e-05
-8.19174e-05
-4.2082e-05
-7.29708e-05
-3.63074e-05
-1.18883e-05
-2.69736e-05
-9.9454e-07
-1.10818e-05
-3.4568e-07
-6.50618e-07
1.71289e-10
2.81777e-10
4.71008e-11
1.2467e-09
1.05286e-12
9.66059e-11
2.61675e-13
1.00944e-11
3.68618e-13
1.44085e-12
9.91409e-13
1.59765e-12
9.77839e-12
2.43748e-12
8.58634e-11
1.29247e-11
4.51838e-10
5.18361e-11
8.13241e-10
4.21093e-11
9.66065e-12
-2.03646e-10
-3.42726e-11
-8.90407e-12
-3.30614e-09
-7.39212e-11
-4.55779e-08
-5.13135e-10
-3.74729e-07
-1.36508e-08
-1.63245e-06
-1.01733e-07
-1.15477e-05
-8.43242e-07
-4.69587e-05
-3.52543e-06
-8.12472e-05
-1.8645e-05
-9.01072e-05
-2.69428e-05
-8.59714e-05
-3.30806e-05
-4.16197e-05
-2.00513e-05
-1.34482e-05
-7.92957e-06
1.27278e-10
1.58866e-10
1.75283e-10
1.16625e-09
2.37568e-11
6.95211e-10
1.25521e-12
4.06582e-11
2.08345e-13
8.08168e-13
1.92988e-13
3.66416e-13
1.3313e-12
6.65653e-13
1.02664e-11
1.39252e-12
5.24102e-11
1.97677e-12
1.07146e-10
4.20873e-12
1.63486e-11
-1.61919e-11
8.84124e-12
-6.5227e-12
-2.45e-12
-5.0717e-12
-5.09672e-10
-4.31431e-12
-1.40858e-08
-2.58812e-11
-1.13317e-07
-3.41217e-09
-9.18183e-07
-4.21843e-08
-4.21811e-06
-2.59875e-07
-2.1761e-05
-1.23433e-06
-6.98252e-05
-6.94138e-06
-8.74753e-05
-1.50631e-05
-8.63575e-05
-1.95096e-05
-1.58923e-05
-8.23565e-05
9.79966e-11
6.678e-11
3.27607e-10
8.83985e-10
1.38773e-10
8.50106e-10
7.06768e-12
3.4573e-10
9.6154e-13
6.45292e-12
1.96029e-13
4.98407e-13
1.93041e-13
2.13971e-13
1.11691e-12
2.35383e-13
6.13242e-12
-1.82885e-12
1.27095e-11
-1.00125e-12
4.08021e-12
-6.91593e-13
4.09859e-12
-1.29224e-12
1.91721e-12
5.41671e-13
-8.72375e-13
-1.04008e-14
-2.33079e-11
-1.02086e-12
-3.38666e-09
-1.9116e-11
-4.50059e-08
-9.9935e-10
-2.93198e-07
-1.227e-08
-1.44981e-06
-7.817e-08
-7.89353e-06
-4.86373e-07
-3.19262e-05
-1.57583e-06
-5.75828e-05
-1.24351e-05
-1.90005e-05
-5.2804e-05
5.85286e-11
8.25137e-12
2.92763e-10
4.00209e-10
3.09999e-10
7.81239e-10
2.42837e-11
2.61667e-10
1.6997e-12
1.25258e-11
4.5191e-13
1.29152e-12
1.3209e-13
1.84975e-13
2.16636e-13
8.75485e-14
1.54055e-12
2.86233e-13
1.39797e-12
-6.21752e-14
1.13774e-12
5.23834e-13
2.42668e-12
2.20604e-12
1.39775e-12
2.45453e-12
5.48701e-13
3.17494e-13
4.03369e-15
1.01962e-13
-1.89351e-11
2.269e-13
-1.0195e-09
3.14253e-13
-1.31753e-08
-1.23034e-10
-8.84785e-08
-2.41165e-09
-5.61253e-07
-1.33756e-08
-2.12562e-06
-4.77529e-09
-1.45991e-05
-1.18002e-08
-4.63257e-08
-2.73975e-05
7.83403e-12
4.17336e-13
1.28434e-10
9.75626e-12
1.46838e-10
6.04779e-11
1.43076e-11
1.30547e-11
1.00421e-13
1.72519e-11
8.92564e-14
1.04684e-12
5.5662e-14
1.62453e-13
6.07815e-14
6.59125e-14
3.41227e-13
1.24973e-13
2.72321e-13
2.06596e-14
6.68555e-13
2.42208e-13
2.38578e-12
2.98278e-12
2.21832e-12
4.2648e-12
1.43132e-13
6.63041e-13
1.67981e-13
1.02829e-13
1.1068e-13
2.31806e-13
-4.98807e-12
5.42204e-12
-1.30011e-10
5.72599e-12
-2.16134e-09
-4.05166e-10
-4.91903e-09
-1.15566e-08
-6.44087e-09
-2.7229e-09
-1.47499e-08
-3.94373e-09
-2.57463e-08
-3.32936e-08
4.40554e-13
1.38621e-13
8.41978e-12
1.44806e-12
1.54934e-11
4.01989e-12
5.36183e-12
-8.06145e-13
2.13027e-12
1.10472e-12
8.92828e-14
8.35023e-13
3.10039e-14
8.6034e-14
3.3677e-14
5.94852e-14
3.70031e-14
2.95471e-14
4.4024e-14
1.5386e-14
2.50874e-13
7.79902e-14
2.00853e-12
1.75209e-12
1.23487e-12
1.66542e-12
5.12723e-14
4.73955e-13
4.77925e-14
6.79648e-14
2.07447e-13
7.04887e-14
4.60169e-12
1.02534e-12
-5.31846e-10
5.42183e-10
-3.44814e-08
1.10079e-08
-4.18769e-08
8.73762e-09
-1.71125e-08
2.5813e-09
-1.86774e-08
-2.54275e-10
-1.60978e-08
-1.05606e-07
-8.03599e-15
7.96183e-14
1.11945e-12
1.95944e-13
2.4866e-12
5.73519e-13
5.62491e-13
3.71794e-14
1.83033e-13
2.49363e-14
1.14669e-13
1.12218e-13
2.60879e-14
4.4933e-14
2.33041e-14
4.21586e-14
1.2365e-14
2.24143e-14
1.49934e-14
1.01568e-14
2.01791e-13
1.3131e-13
6.25324e-13
1.24997e-13
3.81886e-13
6.593e-14
4.54239e-14
1.36623e-13
2.39643e-14
5.33399e-14
5.5013e-14
3.76993e-14
1.00235e-12
7.45855e-14
3.06859e-10
9.0232e-11
-2.48151e-08
6.80136e-09
-3.00478e-08
3.28254e-08
-1.16757e-08
5.97496e-08
-2.3594e-08
8.09309e-09
-9.94346e-10
-1.06647e-07
-7.18932e-16
1.80154e-14
9.88839e-14
3.79725e-14
2.45228e-13
1.03865e-13
9.26128e-14
2.6317e-14
3.12677e-14
2.83772e-14
1.94682e-14
1.75181e-14
1.19054e-14
1.40891e-14
1.29851e-14
1.67985e-14
7.31516e-15
1.24382e-14
6.69998e-15
8.31648e-15
8.66955e-14
1.30369e-13
5.56764e-14
2.30044e-14
4.45251e-14
1.99654e-14
3.68428e-14
3.70239e-14
1.91119e-14
3.71763e-14
2.0445e-14
3.25553e-14
7.36874e-14
1.80332e-14
9.5487e-11
1.02139e-11
2.85876e-09
6.60418e-10
-1.82135e-08
3.24886e-08
-3.3506e-08
1.02664e-07
-4.09958e-09
3.84361e-08
4.05844e-09
-2.48063e-08
3.36793e-16
5.09375e-15
1.27815e-14
2.14744e-14
2.87654e-14
2.28193e-14
1.26377e-14
1.74126e-14
6.12679e-15
9.37587e-15
4.0484e-15
4.17089e-15
4.27968e-15
5.33818e-15
4.80569e-15
5.56532e-15
3.87433e-15
5.13272e-15
4.00578e-15
5.78471e-15
3.40774e-14
3.27794e-14
1.45084e-14
1.55146e-14
1.41154e-14
1.35668e-14
1.73829e-14
1.79177e-14
1.55214e-14
2.08677e-14
1.682e-14
2.41276e-14
2.67663e-14
9.60611e-15
8.72923e-12
1.54945e-12
5.29388e-10
1.38256e-10
2.39189e-08
4.94252e-09
1.17922e-08
7.22809e-08
5.64422e-08
4.56424e-08
2.87406e-08
5.84153e-09
1.44483e-16
1.33266e-15
2.38738e-15
8.16096e-15
4.08403e-15
5.98743e-15
2.50097e-15
4.36656e-15
1.09027e-15
1.6904e-15
9.65187e-16
9.46266e-16
1.52187e-15
1.94079e-15
1.62066e-15
1.81964e-15
1.68797e-15
1.9803e-15
2.6919e-15
3.19571e-15
7.59163e-15
5.29085e-15
6.63907e-15
6.4368e-15
6.77221e-15
7.04481e-15
8.92368e-15
8.45084e-15
9.84589e-15
1.00906e-14
1.16038e-14
1.31414e-14
1.39962e-14
7.10032e-15
1.4179e-12
1.44329e-13
1.24002e-10
1.5496e-11
4.46053e-09
5.81441e-10
3.24976e-08
4.6166e-08
5.14555e-08
7.85408e-08
3.99735e-08
3.67046e-08
3.92818e-17
2.81194e-16
4.33849e-16
1.15065e-15
6.25335e-16
9.95668e-16
3.54418e-16
5.77499e-16
1.8532e-16
2.33026e-16
1.92536e-16
1.92011e-16
4.5295e-16
4.95301e-16
4.94594e-16
5.05109e-16
7.00383e-16
6.8726e-16
1.53308e-15
1.67127e-15
2.19989e-15
1.7087e-15
2.64339e-15
2.1626e-15
3.09634e-15
2.57053e-15
3.88325e-15
2.94086e-15
4.86797e-15
3.64987e-15
6.17248e-15
5.15522e-15
7.98637e-15
5.97085e-15
1.40015e-13
9.93911e-15
1.44832e-11
1.14591e-12
5.48609e-10
4.45148e-11
4.44374e-08
2.26259e-09
1.28189e-07
3.50715e-08
6.89631e-08
1.14006e-07
7.95359e-18
4.98807e-17
5.9761e-17
1.40502e-16
8.33347e-17
1.20535e-16
4.68927e-17
7.28574e-17
3.01613e-17
3.16826e-17
3.58943e-17
3.29638e-17
1.0618e-16
8.5245e-17
1.30457e-16
1.04624e-16
2.57006e-16
1.96536e-16
6.52895e-16
7.18241e-16
7.37136e-16
6.71566e-16
8.61849e-16
6.64746e-16
1.03362e-15
7.15204e-16
1.24434e-15
7.50518e-16
1.73876e-15
9.43799e-16
2.84263e-15
1.53148e-15
4.08244e-15
3.56866e-15
1.24764e-14
1.29706e-15
1.0521e-12
1.12987e-13
4.04628e-11
4.83842e-12
2.07099e-09
2.32317e-10
3.46605e-08
1.80018e-09
7.63104e-10
1.50938e-07
1.36897e-18
8.02838e-18
7.90614e-18
1.79869e-17
9.69759e-18
1.44439e-17
5.91139e-18
8.89923e-18
4.40418e-18
4.14966e-18
6.03649e-18
4.94194e-18
1.89014e-17
1.2157e-17
2.7008e-17
1.70964e-17
7.3163e-17
4.21249e-17
2.26191e-16
1.98317e-16
2.44178e-16
2.10338e-16
2.49727e-16
1.83414e-16
2.73985e-16
1.69668e-16
3.07361e-16
1.60253e-16
4.60597e-16
1.90953e-16
1.09222e-15
4.7449e-16
2.10406e-15
1.38611e-15
2.30684e-15
8.42305e-16
1.08207e-13
6.52444e-15
4.6945e-12
2.55937e-13
2.32639e-10
9.50233e-12
2.00118e-09
6.59473e-11
2.91559e-11
2.82154e-09
2.14785e-19
1.20721e-18
9.9367e-19
2.21552e-18
1.08439e-18
1.66441e-18
7.10608e-19
1.03567e-18
5.76993e-19
5.16863e-19
9.34414e-19
6.81523e-19
2.88063e-18
1.67428e-18
4.59258e-18
2.51159e-18
1.50779e-17
6.75678e-18
5.86201e-17
3.29324e-17
6.6328e-17
4.59039e-17
6.36961e-17
4.19961e-17
6.39289e-17
3.67657e-17
6.69397e-17
3.11774e-17
9.70798e-17
3.40633e-17
4.43844e-16
1.61791e-16
9.67417e-16
5.68698e-16
8.7041e-16
5.54049e-16
5.82669e-15
1.16757e-15
2.48394e-13
1.14102e-14
9.49777e-12
3.54388e-13
7.91468e-11
2.11206e-12
1.8734e-13
1.1214e-10
3.13253e-20
1.70033e-19
1.18377e-19
2.58024e-19
1.16622e-19
1.82199e-19
8.13364e-20
1.14259e-19
6.95466e-20
6.09956e-20
1.34476e-19
8.89853e-20
4.0776e-19
2.22637e-19
7.0025e-19
3.53857e-19
2.39259e-18
9.2245e-19
1.03952e-17
4.04092e-18
1.324e-17
7.1289e-18
1.42839e-17
7.63137e-18
1.38049e-17
7.06227e-18
1.35063e-17
5.6519e-18
1.7181e-17
5.55361e-18
1.61834e-16
4.38878e-17
4.36425e-16
2.27107e-16
4.72184e-16
2.36463e-16
4.55478e-15
2.69561e-15
1.85347e-14
3.11018e-15
3.6787e-13
7.76577e-15
2.52427e-12
5.02605e-14
-2.55454e-14
2.85061e-12
4.26863e-21
2.24723e-20
1.33719e-20
2.85191e-20
1.20186e-20
1.89482e-20
8.86515e-21
1.19701e-20
7.9765e-21
6.82752e-21
1.79247e-20
1.09628e-20
5.43661e-20
2.78441e-20
1.00758e-19
4.81577e-20
3.35434e-19
1.23126e-19
1.42989e-18
4.73052e-19
2.2588e-18
9.05855e-19
2.56125e-18
1.16247e-18
2.6249e-18
1.13136e-18
2.43711e-18
9.25136e-19
2.66377e-18
8.12987e-19
3.67854e-17
5.95268e-18
1.6804e-16
6.07657e-17
2.03225e-16
6.85895e-17
5.8628e-15
2.82861e-15
8.45959e-15
3.20214e-15
1.4369e-14
9.26096e-16
6.81215e-14
3.73735e-16
-1.30216e-15
4.85961e-14
5.4598e-22
2.79835e-21
1.43561e-21
3.00229e-21
1.18432e-21
1.87519e-21
9.20296e-22
1.19276e-21
8.69812e-22
7.26132e-22
2.22183e-21
1.26905e-21
6.81017e-21
3.2598e-21
1.39119e-20
6.29268e-21
4.57187e-20
1.66857e-20
1.80151e-19
5.73483e-20
3.18445e-19
1.10062e-19
3.89645e-19
1.53487e-19
4.23176e-19
1.54955e-19
3.74193e-19
1.3282e-19
3.8526e-19
1.04703e-19
3.99977e-18
3.70149e-19
3.94392e-17
6.72902e-18
6.19568e-17
1.16999e-17
3.19859e-15
9.12926e-16
3.64313e-15
1.08014e-15
1.70678e-15
4.04527e-16
1.97766e-15
4.58076e-17
2.03314e-17
8.25145e-16
6.58187e-23
3.29621e-22
1.43319e-22
3.01677e-22
1.11503e-22
1.76843e-22
9.10191e-23
1.13209e-22
9.0142e-23
7.34603e-23
2.56917e-22
1.38345e-22
8.00127e-22
3.59266e-22
1.83688e-21
7.80668e-22
6.15961e-21
2.22209e-21
2.21114e-20
7.00742e-21
4.07194e-20
1.32415e-20
5.30652e-20
1.86348e-20
5.7964e-20
1.90899e-20
5.21228e-20
1.6632e-20
4.99519e-20
1.23352e-20
2.50968e-19
2.01745e-20
4.11991e-18
2.94577e-19
1.0783e-17
1.04556e-18
4.80473e-16
3.69393e-17
5.81049e-16
5.75188e-17
2.40116e-16
3.07067e-17
1.09274e-16
9.11991e-18
7.82776e-18
1.17513e-16
7.50161e-24
3.68376e-23
1.37014e-23
2.89911e-23
1.00256e-23
1.59062e-23
8.58188e-24
1.02505e-23
8.878e-24
7.07899e-24
2.78321e-23
1.42575e-23
8.81734e-23
3.74681e-23
2.28182e-22
9.05801e-23
7.97332e-22
2.77545e-22
2.63947e-21
8.26849e-22
4.91207e-21
1.54072e-21
6.52176e-21
2.15482e-21
7.12777e-21
2.17264e-21
6.48001e-21
1.88787e-21
5.87811e-21
1.34227e-21
1.49744e-20
1.45972e-21
2.16191e-19
1.07063e-20
9.88943e-19
5.45795e-20
1.93219e-17
5.84158e-19
2.9342e-17
1.28642e-18
2.2101e-17
1.15376e-18
1.62716e-17
9.811e-19
9.39129e-19
2.36696e-17
8.10187e-25
3.90999e-24
1.15188e-24
2.66665e-24
8.60626e-25
1.36596e-24
7.72137e-25
8.86601e-25
8.31352e-25
6.5078e-25
2.83568e-24
1.39378e-24
9.12531e-24
3.70883e-24
2.62465e-23
9.75449e-24
9.58067e-23
3.16201e-23
2.99804e-22
9.13414e-23
5.58563e-22
1.68511e-22
7.38242e-22
2.35464e-22
8.03126e-22
2.30451e-22
7.27071e-22
1.98094e-22
6.10148e-22
1.34265e-22
1.00986e-21
1.21401e-22
1.00042e-20
4.96128e-22
4.96085e-20
2.05058e-21
6.04004e-19
1.98931e-20
1.18786e-18
3.9835e-20
1.42519e-18
4.83357e-20
1.84637e-18
6.88156e-20
6.40511e-20
2.64765e-18
8.28918e-26
3.91156e-25
9.36635e-26
2.34034e-25
7.06141e-26
1.11797e-25
6.63454e-26
7.32288e-26
7.40634e-26
5.71132e-26
2.72623e-25
1.29627e-25
8.8922e-25
3.49278e-25
2.78509e-24
9.80401e-25
1.05181e-23
3.29265e-24
3.17774e-23
9.34367e-24
5.9094e-23
1.70756e-23
7.68945e-23
2.3859e-23
8.3242e-23
2.26841e-23
7.42833e-23
1.91996e-23
5.88115e-23
1.2081e-23
6.98772e-23
9.52275e-24
4.81806e-22
2.58266e-23
2.07216e-21
8.00609e-23
2.15882e-20
6.20288e-22
4.73006e-20
1.39461e-21
6.73189e-20
1.84289e-21
9.89792e-20
2.15807e-21
2.3934e-21
1.42546e-19
7.92665e-27
3.5029e-26
7.35202e-27
1.92412e-26
5.50613e-27
8.4711e-27
5.44281e-27
5.7061e-27
6.27232e-27
4.75975e-27
2.48115e-26
1.15007e-26
8.18708e-26
3.13831e-26
2.74611e-25
9.29983e-26
1.06003e-24
3.19152e-25
3.12261e-24
8.90637e-25
5.769e-24
1.60693e-24
7.39667e-24
2.22373e-24
7.90614e-24
2.07339e-24
6.87593e-24
1.70482e-24
4.68201e-24
8.9983e-25
4.76064e-24
5.86409e-25
2.33053e-23
1.30226e-24
8.85338e-23
3.6365e-24
7.4386e-22
2.16414e-23
1.72176e-21
4.94132e-23
2.58149e-21
6.7131e-23
3.98086e-21
9.81148e-23
2.8869e-22
9.16263e-21
6.5018e-28
2.66038e-27
5.46161e-28
1.45616e-27
3.94133e-28
6.37892e-28
4.2054e-28
3.9052e-28
5.01176e-28
3.66095e-28
2.14697e-27
9.76373e-28
7.14935e-27
2.69985e-27
2.53952e-26
8.39391e-27
9.92856e-26
2.92336e-26
2.85645e-25
8.00157e-26
5.20863e-25
1.41915e-25
6.63046e-25
1.92394e-25
6.87097e-25
1.76555e-25
5.66217e-25
1.35164e-25
2.60084e-25
4.549e-26
2.43902e-25
2.32754e-26
1.04375e-24
6.2252e-26
3.93628e-24
1.6779e-25
2.60178e-23
8.22041e-25
6.18925e-23
1.79017e-24
1.08067e-22
3.14235e-24
3.12e-22
1.37075e-23
9.839e-23
1.85804e-21
4.56744e-29
2.02965e-27
3.89753e-29
1.10137e-27
2.38149e-29
4.71858e-28
2.66998e-29
1.90598e-28
3.86992e-29
2.41118e-29
1.78263e-28
7.94047e-29
5.94254e-28
2.23042e-28
2.21729e-27
7.24283e-28
8.72777e-27
2.54907e-27
2.44995e-26
6.83176e-27
4.3828e-26
1.18724e-26
5.50855e-26
1.56564e-26
5.52782e-26
1.40971e-26
3.79504e-26
9.28049e-27
9.8394e-27
3.05028e-26
1.09268e-26
1.7234e-26
3.29254e-26
4.01133e-26
1.7311e-25
9.87443e-27
9.42794e-25
3.20675e-26
2.32996e-24
6.80185e-26
6.55164e-24
2.65207e-25
5.77097e-23
3.49705e-24
3.6495e-23
5.90134e-22
-2.29482e-29
-6.33092e-28
1.04376e-31
1.40269e-30
-9.65236e-30
-8.36764e-29
1.18614e-30
9.27653e-30
2.87632e-30
1.1918e-29
1.43166e-29
5.67707e-30
4.71327e-29
1.77314e-29
1.83689e-28
6.00225e-29
7.24514e-28
2.12512e-28
1.98202e-27
5.57186e-28
3.46144e-27
9.46661e-28
4.27756e-27
1.20787e-27
4.1384e-27
1.06449e-27
4.36971e-27
6.12035e-28
-2.77738e-26
-3.51511e-26
-2.62211e-26
-2.90148e-26
-4.49088e-28
-4.31024e-28
5.13378e-27
4.29156e-27
3.51913e-26
2.61493e-27
9.45149e-26
2.87851e-27
6.8096e-25
3.55466e-26
1.27567e-23
8.03952e-25
8.97659e-24
1.61786e-22
-3.26947e-29
-9.15702e-28
-8.9567e-30
-1.26241e-28
-1.11224e-29
-1.01694e-28
-3.66711e-30
-2.56151e-29
2.48166e-31
4.78753e-31
9.43762e-31
6.25043e-31
3.66522e-30
1.36708e-30
1.45102e-29
4.80098e-30
5.70446e-29
1.70175e-29
1.51915e-28
4.36021e-29
2.57916e-28
7.22823e-29
3.12449e-28
8.88334e-29
2.90468e-28
7.64788e-29
2.86721e-28
4.14465e-29
-2.28912e-26
-3.07113e-26
-2.28532e-26
-2.68321e-26
-8.44155e-27
-8.60622e-27
-7.52778e-28
-6.5891e-28
1.17715e-27
6.85005e-28
4.29444e-27
1.22172e-28
8.34458e-26
4.47422e-27
2.15318e-24
1.12121e-25
1.24579e-24
2.96455e-23
-2.10228e-29
-5.9431e-28
-5.50994e-30
-8.17288e-29
-5.45012e-30
-5.29632e-29
-2.21787e-30
-1.64855e-29
-2.78532e-31
-1.65313e-30
1.11604e-31
2.34907e-31
2.7918e-31
9.28709e-32
1.09415e-30
3.71754e-31
4.27581e-30
1.31648e-30
1.10682e-29
3.28975e-30
1.81932e-29
5.31e-30
2.15618e-29
6.2594e-30
1.91967e-29
5.25388e-30
1.80217e-29
2.67862e-30
-1.0632e-26
-1.5264e-26
-1.09036e-26
-1.37135e-26
-4.98299e-27
-5.44817e-27
-1.1954e-27
-1.12354e-27
-3.90728e-29
-3.10628e-29
2.15292e-28
8.38023e-29
8.11208e-27
3.69848e-28
2.44645e-25
1.01711e-26
1.07784e-25
3.39121e-24
-1.03942e-29
-2.96302e-28
-2.44039e-30
-3.82422e-29
-2.07886e-30
-2.16731e-29
-9.25046e-31
-7.39346e-30
-1.66841e-31
-1.06519e-30
-2.63575e-33
-1.3865e-32
1.85117e-32
1.0605e-32
8.07709e-32
2.82792e-32
3.0615e-31
9.90639e-32
7.67984e-31
2.40584e-31
1.21676e-30
3.77203e-31
1.40889e-30
4.24718e-31
1.19663e-30
3.46762e-31
1.07777e-30
1.65839e-31
-3.74714e-27
-5.83171e-27
-3.83954e-27
-5.2418e-27
-1.86197e-27
-2.21322e-27
-5.37128e-28
-5.49772e-28
-8.70764e-29
-7.55236e-29
-1.00911e-31
-7.2431e-32
5.69032e-28
2.25479e-29
2.10914e-26
8.39661e-28
8.56705e-27
2.81561e-25
-4.38053e-30
-1.26586e-28
-9.22468e-31
-1.53597e-29
-6.87234e-31
-7.78024e-30
-3.22474e-31
-2.81054e-30
-6.7947e-32
-4.73684e-31
-5.41023e-33
-3.11282e-32
2.19102e-33
3.00379e-33
5.86019e-33
2.08908e-33
2.09288e-32
7.28736e-33
5.07597e-32
1.71518e-32
7.70925e-32
2.60516e-32
8.71563e-32
2.79004e-32
7.02818e-32
2.20969e-32
6.10086e-32
9.91579e-33
-1.08767e-27
-1.87111e-27
-1.09013e-27
-1.64868e-27
-5.2988e-28
-6.99526e-28
-1.6018e-28
-1.82632e-28
-3.15111e-29
-3.0547e-29
-3.34228e-30
-2.69134e-30
3.6981e-29
1.52351e-30
1.76336e-27
8.56347e-29
8.92581e-28
2.34232e-26
-1.63256e-30
-4.84009e-29
-3.1284e-31
-5.58893e-30
-2.04376e-31
-2.55433e-30
-9.91216e-32
-9.60117e-31
-2.26724e-32
-1.76168e-31
-2.53956e-33
-1.63298e-32
4.07793e-35
2.8062e-35
3.85947e-34
1.22561e-34
1.37223e-33
5.28192e-34
3.19251e-33
1.19996e-33
4.61256e-33
1.75945e-33
5.09405e-33
1.7846e-33
3.87678e-33
1.36666e-33
3.25118e-33
5.75298e-34
-2.69115e-28
-5.26521e-28
-2.59171e-28
-4.4741e-28
-1.22136e-28
-1.8484e-28
-3.64239e-29
-4.78481e-29
-7.36857e-30
-8.27872e-30
-9.55453e-31
-8.9787e-31
3.21705e-30
1.53562e-31
1.68897e-28
1.10828e-29
1.09333e-28
2.19633e-27
-5.47898e-31
-1.69424e-29
-9.70537e-32
-1.88656e-30
-5.55533e-32
-7.83276e-31
-2.74293e-32
-3.02657e-31
-6.53832e-33
-5.81768e-32
-8.49677e-34
-6.28184e-33
-3.74567e-35
-2.35248e-34
3.28096e-35
2.12113e-35
8.79866e-35
3.82049e-35
1.90641e-34
8.29458e-35
2.59208e-34
1.16927e-34
2.80489e-34
1.11913e-34
2.0004e-34
8.24891e-35
1.6224e-34
3.2538e-35
-5.77555e-29
-1.3352e-28
-5.25915e-29
-1.07872e-28
-2.34447e-29
-4.24306e-29
-6.64304e-30
-1.05156e-29
-1.29228e-30
-1.7653e-30
-1.69032e-31
-1.95215e-31
3.66762e-31
2.13599e-32
1.72895e-29
1.46852e-30
1.14653e-29
1.9072e-28
-1.65339e-31
-5.50776e-30
-2.74429e-32
-5.97698e-31
-1.38043e-32
-2.27136e-31
-6.85533e-33
-8.93743e-32
-1.65534e-33
-1.75474e-32
-2.30078e-34
-2.03796e-33
-1.50087e-35
-1.13401e-34
2.44842e-36
3.75412e-36
5.33731e-36
2.72263e-36
1.07325e-35
5.63422e-36
1.36209e-35
7.44331e-36
1.43747e-35
6.76475e-36
9.55566e-36
4.84781e-36
7.50984e-36
1.80714e-36
-1.08126e-29
-3.11081e-29
-9.16958e-30
-2.35785e-29
-3.7879e-30
-8.66771e-30
-9.91357e-31
-2.00405e-30
-1.77928e-31
-3.14073e-31
-2.1669e-32
-3.27974e-32
4.12849e-32
3.05131e-33
1.52666e-30
1.56152e-31
8.34374e-31
1.20105e-29
-4.72056e-32
-1.67801e-30
-7.34534e-33
-1.79515e-31
-3.22381e-33
-6.28516e-32
-1.59267e-33
-2.49824e-32
-3.81169e-34
-4.92409e-33
-5.41921e-35
-5.88777e-34
-4.07306e-36
-3.79675e-35
-2.2154e-39
-1.79618e-38
3.05687e-37
1.65833e-37
5.56947e-37
5.10756e-37
6.63598e-37
1.09637e-36
6.51541e-37
8.90175e-37
4.37089e-37
3.29168e-37
3.30172e-37
8.84077e-38
-1.81625e-30
-6.74283e-30
-1.41539e-30
-4.74312e-30
-5.32373e-31
-1.60636e-30
-1.2577e-31
-3.39973e-31
-2.01875e-32
-4.84641e-32
-2.17466e-33
-4.57111e-33
3.82075e-33
2.88258e-34
9.74157e-32
1.01849e-32
3.56321e-32
4.75325e-31
-1.01932e-32
-1.45271e-33
-5.67902e-34
-2.72102e-34
-6.23059e-35
-8.63137e-36
-6.57755e-37
-8.61038e-39
1.26204e-38
2.51135e-38
3.72535e-38
2.93863e-38
1.0091e-38
8.8512e-39
-2.06371e-31
-1.43126e-31
-4.71835e-32
-9.60772e-33
-1.30068e-33
-1.13602e-34
1.44767e-34
1.84756e-33
5.63928e-33
1.49862e-05
-5.68751e-06
1.84982e-05
-3.51199e-06
1.9345e-05
-8.46762e-07
1.58974e-06
1.77553e-05
1.14772e-05
-5.7138e-06
1.59046e-05
-3.44409e-06
1.77466e-05
-9.23479e-07
1.50504e-06
1.78711e-05
-2.08573e-06
-8.14016e-08
-1.80767e-06
-1.80053e-07
-1.62783e-06
-2.77966e-07
-1.6771e-08
-4.52287e-06
-1.58334e-07
1.10295e-08
-3.59609e-07
7.64042e-09
-7.06558e-07
3.21105e-09
2.70182e-08
-1.01536e-06
-1.03245e-07
1.85273e-08
-1.18722e-07
1.63297e-08
-1.62286e-07
1.94608e-08
3.57341e-08
-2.60941e-07
-1.37032e-07
1.46569e-08
-1.35653e-07
1.19844e-08
-1.32609e-07
1.06542e-08
1.22477e-08
-1.00983e-07
-2.28317e-07
3.29281e-08
-2.91379e-07
1.89886e-08
-5.45449e-07
9.62546e-08
3.35438e-08
-7.74054e-07
-7.01528e-07
5.4129e-08
-1.71963e-06
1.09337e-07
-7.70261e-06
-1.23925e-06
-7.30256e-06
-1.13135e-05
-2.33106e-06
-2.79307e-06
-2.30977e-06
-2.81393e-06
-5.54392e-05
-4.8235e-06
-7.43152e-06
-0.000117612
-7.4088e-05
-5.03006e-06
-4.52293e-05
-1.03341e-05
-5.15232e-05
-1.18474e-05
-1.66029e-05
-8.66772e-05
-4.77405e-05
-8.80304e-06
-3.93043e-05
-4.5931e-06
-3.65016e-05
-6.81911e-06
-1.26046e-05
-3.72155e-05
-6.99883e-06
-2.42977e-08
-4.01912e-06
-7.47326e-09
-1.10386e-05
-3.06019e-08
-1.66626e-08
-1.61365e-05
-3.80447e-08
-1.74057e-08
-2.71162e-08
-8.26947e-09
-1.60195e-08
-1.17257e-08
-6.46615e-09
-9.06254e-09
-1.04137e-07
-5.25182e-08
-5.2209e-08
-6.73642e-08
-2.87201e-08
-3.62536e-08
-1.6249e-08
-1.92961e-08
-2.68699e-07
-1.59401e-08
-3.35169e-07
-8.98297e-08
-2.4817e-07
-1.28922e-07
-1.56995e-07
-1.19349e-07
-5.94893e-08
-5.48913e-10
-2.34202e-07
-3.48767e-09
-3.01168e-07
-4.55083e-08
-1.33608e-07
-2.9965e-07
1.34299e-09
6.68245e-10
-2.91569e-09
-2.51036e-09
-5.81606e-08
-1.07218e-08
-5.72699e-08
-1.06498e-07
1.4818e-08
3.70964e-09
1.32897e-08
-1.24588e-08
3.1053e-08
-4.0928e-08
-7.62908e-08
1.65627e-08
1.21278e-07
4.34881e-09
1.2526e-07
-8.55156e-09
1.14209e-07
-2.13951e-08
-4.06091e-08
8.75148e-08
1.77282e-07
-1.82166e-10
1.14801e-07
-1.96395e-09
6.24476e-08
-1.16872e-09
-4.02589e-10
6.22856e-08
2.90837e-09
-6.38649e-11
1.6377e-09
-4.40136e-13
5.05587e-10
-1.96192e-11
-1.99185e-11
1.29253e-10
4.90066e-11
-1.19669e-12
4.56111e-11
-3.45987e-14
4.56713e-11
-7.44573e-13
-6.68444e-13
4.59812e-11
1.91408e-12
-2.0118e-14
1.69264e-12
-1.15261e-16
9.39409e-13
-1.31286e-14
-1.13186e-14
2.86416e-13
4.25944e-14
-1.11236e-16
4.32624e-14
-8.83797e-18
3.08538e-14
-1.95296e-16
-3.51079e-16
2.27379e-14
1.14832e-15
6.32354e-18
2.37127e-15
2.48336e-18
3.35746e-15
-1.22264e-17
-3.98976e-17
3.41727e-15
1.84419e-16
1.83522e-18
2.8361e-16
7.13951e-19
4.15331e-16
-1.01037e-18
-3.61649e-18
4.89509e-16
3.01751e-17
2.8121e-19
3.75384e-17
1.23566e-19
4.61772e-17
-4.97181e-20
-2.50178e-19
5.59063e-17
2.97285e-18
1.93337e-20
3.23195e-18
9.45264e-21
3.65501e-18
-9.56485e-22
-1.4338e-20
4.74647e-18
1.65506e-19
9.90218e-22
1.93615e-19
7.22505e-22
2.52285e-19
1.13302e-22
-1.53278e-21
3.68664e-19
1.43464e-20
1.94748e-22
2.28483e-20
1.99202e-22
3.78404e-20
9.00215e-23
-3.58523e-22
5.93573e-20
3.65321e-21
7.97537e-23
6.78744e-21
9.16009e-23
1.21845e-20
5.96077e-23
-9.68991e-23
1.97993e-20
1.22957e-21
3.03789e-23
2.34921e-21
3.56209e-23
4.32088e-21
2.74776e-23
-2.08861e-23
7.22969e-21
3.38289e-22
7.41028e-24
6.4041e-22
8.6188e-24
1.20526e-21
7.30147e-24
-2.93494e-24
2.10296e-21
6.12741e-23
1.01673e-24
1.13193e-22
1.15072e-24
2.15825e-22
9.88453e-25
-2.81311e-25
3.94904e-22
6.87024e-24
8.62715e-26
1.21473e-23
9.28253e-26
2.26175e-23
7.42763e-26
-2.50219e-26
4.31166e-23
5.57451e-25
6.7316e-27
9.33677e-25
6.87638e-27
1.67034e-24
5.32949e-27
-2.77494e-27
3.35588e-24
4.52007e-26
6.80317e-28
7.27467e-26
6.69125e-28
1.39552e-25
6.43512e-28
-3.66034e-28
3.20182e-25
3.99451e-27
7.68351e-29
6.28347e-27
7.44173e-29
1.64198e-26
1.17502e-28
-2.30504e-29
4.34937e-26
3.12365e-28
6.96796e-30
4.90592e-28
6.95275e-30
2.07023e-27
2.01996e-29
3.51727e-30
5.02155e-27
1.70882e-29
4.12104e-31
2.76762e-29
4.3945e-31
1.58632e-28
1.80829e-30
4.6707e-31
2.66454e-28
5.62156e-31
1.45058e-32
9.72983e-31
1.67372e-32
4.26642e-30
5.58968e-32
1.58613e-32
4.15917e-30
6.40461e-33
1.11873e-32
3.83645e-32
5.86642e-32
4.18814e-05
3.2304e-05
6.61327e-05
5.55994e-06
4.91041e-05
1.30297e-05
-1.6651e-05
4.16173e-05
-9.86497e-05
0.000119728
-0.000110786
0.000163478
-1.6682e-05
3.90059e-05
-1.17121e-05
7.241e-06
-2.52204e-05
-8.1522e-06
-2.34547e-05
-8.57684e-05
-1.10186e-06
-6.81533e-05
-1.51341e-06
-1.40738e-06
-1.28436e-06
-1.70099e-06
-8.18896e-07
-1.49108e-06
1.79208e-07
-1.28014e-06
-3.12635e-06
9.36652e-06
-3.12338e-05
4.20011e-05
-1.69781e-05
7.74324e-06
-1.41033e-05
3.05425e-05
1.52959e-05
1.57635e-05
1.58799e-05
-1.68862e-05
2.51557e-05
-5.64247e-05
5.67035e-05
-8.99e-05
0.000148967
-3.1358e-05
0.000104654
-1.27778e-05
1.93087e-05
-1.32818e-05
4.4018e-06
-3.13745e-05
-3.61592e-05
-2.08661e-05
-7.42087e-05
-5.52524e-06
-1.82492e-05
-5.20917e-06
-4.28112e-07
-4.99648e-06
-2.22704e-06
-3.83379e-06
-2.82893e-06
-1.0548e-05
3.88053e-07
-1.66013e-05
3.83668e-06
-1.0347e-05
2.20442e-05
-2.56837e-05
1.32428e-05
-6.0041e-05
-1.61289e-05
1.47187e-06
-2.93291e-05
9.77132e-06
-5.89983e-05
3.34599e-05
-7.48474e-05
6.81668e-05
-7.8126e-05
0.0001499
-1.35631e-05
7.86837e-05
-9.78702e-06
1.37813e-05
-1.56663e-05
1.72934e-06
-3.93126e-05
-6.01084e-05
-3.23454e-05
-5.48938e-05
-9.06277e-06
-9.39328e-07
-9.88092e-06
6.977e-07
-1.98017e-05
-2.21982e-06
-1.79502e-05
-3.59379e-05
-1.37055e-05
-1.14924e-05
-1.34623e-05
-3.67426e-06
-1.68444e-06
3.57524e-06
-1.55376e-05
2.05301e-06
-0.000105942
-3.26995e-06
4.72121e-07
-6.13522e-05
3.24489e-06
-9.81654e-05
2.2e-05
-9.05612e-05
6.19488e-05
-7.21317e-05
0.000134961
-6.80288e-06
6.93643e-05
-5.48075e-06
1.11044e-05
-3.62406e-05
1.16055e-06
-5.00405e-05
-4.20499e-05
-3.31338e-05
-3.84219e-05
-7.69534e-06
-4.59209e-07
-8.34125e-06
-6.51335e-07
-3.84044e-05
-3.83518e-05
-6.70238e-05
-6.96389e-05
-2.42733e-05
-6.28871e-05
-1.33184e-05
-2.25866e-05
-6.88087e-06
-1.04006e-05
6.06065e-06
-8.92678e-06
-0.000159509
-9.73029e-07
3.09222e-07
-3.87396e-05
7.11216e-07
-0.000102297
6.78116e-06
-9.60816e-05
5.51353e-05
-6.91207e-05
0.000115568
-5.86727e-06
4.49441e-05
-4.85072e-06
9.27311e-06
-2.67707e-05
2.15756e-06
-6.00619e-05
-2.20587e-05
-3.01213e-05
-3.36361e-05
-7.66656e-06
-4.5558e-06
-1.80399e-05
-2.12923e-05
-3.87795e-05
-6.8735e-05
-4.66534e-05
-4.96217e-05
-4.52789e-05
-5.21182e-05
-2.94531e-05
-3.53016e-05
-6.52293e-06
-4.77755e-05
2.12813e-05
-8.66451e-05
-0.000159294
-1.84266e-07
1.55072e-07
-4.43191e-06
3.58106e-07
-8.19812e-05
1.89757e-06
-0.000120376
4.91678e-05
-4.1384e-05
9.15067e-05
-3.15258e-06
2.24292e-05
-2.13337e-06
7.61621e-06
-1.21229e-05
3.70793e-06
-4.17259e-05
-7.68992e-07
-4.14156e-05
-6.66692e-06
-3.33515e-05
-1.47389e-05
-3.50862e-05
-2.75997e-05
-5.77283e-05
-1.91166e-05
-5.85637e-05
-3.07172e-06
-5.9999e-05
-6.80067e-06
-5.51277e-05
-1.83131e-05
-3.23703e-05
-5.84707e-05
-4.22278e-06
-0.000138082
-0.000163517
-1.43401e-06
-2.76754e-07
-2.66502e-06
1.70533e-07
-5.88361e-05
9.90199e-07
-0.000132418
3.73825e-05
-1.81022e-05
8.76456e-05
-1.63392e-06
1.72994e-05
2.99621e-07
4.9718e-06
-5.06837e-06
8.43503e-06
-1.35547e-05
2.94277e-05
-2.56662e-05
2.70397e-06
-2.65571e-05
-1.25976e-08
-8.97765e-06
-3.03409e-07
-7.19282e-07
4.34688e-07
-3.7547e-06
-1.64302e-08
-1.00283e-05
-4.55493e-07
-2.64905e-05
-1.64189e-06
-1.50308e-05
-5.66504e-06
-3.79133e-05
-3.79001e-05
-9.76798e-05
-1.46614e-05
-1.98153e-05
-3.60797e-05
-1.55199e-05
-0.000117246
6.84966e-07
-0.000116431
2.86451e-05
-8.39078e-05
6.86242e-05
-1.26443e-05
9.58119e-05
-3.65128e-06
6.22257e-05
-6.80202e-06
6.7768e-05
-2.13781e-06
3.86013e-05
-4.52379e-09
5.40047e-07
-5.53726e-08
8.79286e-09
-4.26749e-07
3.27753e-08
-8.66639e-08
3.45429e-08
-9.93562e-08
4.86443e-09
-5.26863e-07
-1.69587e-08
-1.91326e-06
-1.83995e-07
-5.58619e-06
-1.80387e-06
-2.29483e-05
-2.0118e-05
-0.000100271
-0.000158675
-2.44731e-05
-0.000155342
-1.54055e-05
-0.000142267
-9.0645e-06
-0.000116156
4.87621e-06
-8.52939e-05
4.09241e-05
-4.80476e-05
6.2862e-05
-2.57885e-05
7.32742e-05
-2.07869e-05
6.16766e-05
-4.06382e-07
3.25903e-05
3.74506e-08
6.98802e-08
1.73842e-09
1.01816e-08
-7.2599e-09
2.49308e-08
-2.03955e-09
2.65663e-08
-2.57362e-09
7.84984e-10
-1.74667e-08
-4.41347e-09
-1.99425e-07
-3.51527e-09
-1.94068e-06
-3.1785e-08
-1.36013e-05
-1.14908e-05
-0.000203479
-6.93536e-05
-3.50317e-05
-4.85285e-05
-2.29925e-05
-3.43251e-05
-1.76305e-05
-4.53911e-05
-6.66971e-06
-6.40896e-05
6.2681e-06
-4.41716e-05
2.88919e-05
-1.97295e-05
5.35962e-05
-8.14798e-07
4.57476e-05
1.32376e-05
5.39692e-06
1.5107e-06
6.51128e-06
1.58875e-07
1.33571e-06
2.14094e-08
1.41271e-07
4.94565e-09
3.85308e-08
2.03441e-09
1.35795e-09
2.12182e-09
-6.28857e-09
1.23878e-09
-4.37588e-09
1.57409e-08
-5.07707e-08
-7.11358e-06
-2.13055e-06
-0.00013695
-2.71457e-05
-3.3711e-05
-1.7562e-05
-2.48444e-05
-1.41418e-05
-1.77755e-05
-1.18312e-05
-8.94798e-06
-6.83709e-06
3.40525e-07
-2.05659e-06
1.94629e-06
1.10972e-05
2.5131e-06
2.11215e-05
1.23128e-06
2.11384e-05
-2.37679e-06
2.10699e-05
-6.09142e-07
1.46989e-06
5.58558e-06
2.59176e-07
1.32489e-06
2.08653e-08
2.58229e-07
1.07352e-08
6.89197e-09
5.9562e-09
-3.15072e-09
3.90284e-09
-4.14482e-09
6.35538e-08
-1.12342e-07
-3.59395e-07
-4.12451e-07
-6.08268e-08
-2.15261e-05
-2.21597e-08
-1.54345e-05
-4.96748e-09
-1.05035e-05
-1.81866e-08
-1.10607e-05
-1.23699e-07
-1.07617e-05
-5.57421e-07
-9.8523e-06
2.01056e-06
-3.44358e-06
5.51321e-07
7.11789e-07
-9.17762e-09
1.70117e-06
-7.24745e-08
6.39601e-06
-6.05252e-07
4.814e-06
3.32327e-07
-6.32815e-08
1.99156e-06
6.06866e-09
1.54804e-07
5.461e-09
4.39663e-09
2.38644e-09
-2.60281e-10
2.60188e-09
-6.20892e-09
3.33057e-08
-4.18863e-07
7.21981e-09
-2.84951e-07
-5.3607e-08
-3.72e-09
-9.68803e-09
-5.08803e-09
-2.75252e-09
-2.02157e-08
-2.10038e-09
-1.37527e-07
-6.10176e-09
-1.16212e-06
-2.02237e-08
-9.45669e-07
-6.65703e-08
-1.36735e-08
3.27924e-08
-1.13099e-08
-4.21122e-11
-5.1282e-08
-8.57992e-09
-5.90926e-07
-2.5814e-08
-2.67894e-07
-3.66381e-09
-5.16032e-08
5.91751e-08
-4.67822e-09
1.64051e-08
8.61945e-10
-1.36239e-11
6.05366e-10
-2.01294e-12
1.78518e-08
-3.56214e-08
9.28925e-08
-1.51267e-06
2.32323e-09
-2.67403e-07
-5.12838e-08
-5.47255e-09
-2.26562e-08
-3.68037e-09
-3.58609e-09
-2.1125e-09
-2.41007e-09
-6.77162e-09
-2.49106e-09
-2.34107e-08
-5.74121e-10
-6.06734e-08
-6.15855e-10
-3.02208e-08
2.6423e-09
-3.00977e-08
2.38102e-10
-9.02762e-09
-1.71788e-11
-1.93234e-08
-9.45765e-11
-6.61741e-08
-3.73603e-10
-7.39665e-09
3.11268e-10
-7.14967e-11
-6.24675e-13
1.2505e-11
-2.69542e-12
1.25449e-11
-8.46243e-13
-2.02662e-08
-7.98307e-08
2.96778e-08
-1.52531e-06
2.45903e-10
-2.01561e-07
-5.10379e-08
-1.15127e-08
-1.70134e-07
-5.16619e-09
-7.85997e-09
-6.0981e-09
-4.42164e-10
-3.66036e-09
-1.65669e-09
-2.4281e-09
-1.92052e-11
-3.35132e-09
2.92426e-10
-8.31502e-10
1.6412e-10
-5.31354e-11
-1.18562e-11
-6.11229e-11
-3.5776e-11
-9.26066e-11
-8.94178e-11
-3.77483e-10
-1.04342e-10
-1.14547e-12
-6.50057e-11
-4.81163e-14
-1.61137e-12
4.58006e-13
-1.99277e-12
2.50435e-12
-5.76478e-13
-1.17393e-08
-7.94322e-08
-7.07039e-09
-1.49578e-06
-1.1826e-08
-2.12198e-07
-6.28639e-08
-1.74227e-07
-3.74622e-07
-2.97654e-09
-1.63697e-07
-3.75149e-09
-1.4149e-11
-2.11942e-09
-3.30997e-10
-4.14889e-10
1.36749e-11
-1.84315e-10
4.84852e-11
-5.72203e-11
1.66925e-11
-4.10258e-11
-5.44877e-11
-6.49434e-11
-3.84431e-11
-5.63469e-11
-8.86957e-11
-1.17727e-11
-3.43404e-10
-4.80655e-13
-6.45604e-11
1.81875e-13
-1.93214e-12
8.40045e-13
-1.28267e-12
3.01555e-12
-4.3557e-13
9.77013e-09
-7.07859e-08
1.20574e-08
-1.4582e-06
-7.01519e-08
-2.28184e-07
-3.04465e-06
-8.8737e-08
-3.24004e-07
-5.935e-11
-1.76766e-07
-3.80811e-11
-1.84979e-11
-4.50317e-10
-1.00767e-11
-3.41861e-11
-2.91068e-15
-2.23573e-11
1.81055e-11
-1.64282e-11
-1.11416e-11
9.80416e-12
-4.96552e-10
1.75654e-11
-2.6562e-10
2.82631e-11
-6.82189e-11
4.49643e-11
-3.43745e-10
-3.11169e-12
-6.95631e-11
-1.26123e-13
-3.56196e-12
1.22984e-12
-1.22196e-12
2.08642e-12
-4.17327e-13
5.09506e-08
-3.43617e-08
3.75895e-09
-1.35466e-06
-1.08204e-07
-1.5661e-07
-9.25526e-06
-4.10513e-09
-2.34956e-07
-1.49691e-10
-2.60637e-08
-3.28692e-12
-1.54095e-10
8.18586e-14
-2.15789e-12
2.97529e-13
-9.47653e-14
7.43533e-10
-1.05613e-13
1.11645e-09
-1.94011e-11
7.08639e-10
-2.49431e-10
-1.52351e-11
-4.01242e-10
7.08426e-11
-5.35313e-10
4.08368e-11
-1.86633e-10
-3.43378e-13
-1.11472e-11
-1.62046e-13
-1.87275e-12
1.49028e-12
-1.05721e-12
1.39137e-12
-5.05431e-13
8.49558e-08
-2.06497e-08
1.0168e-07
-4.66426e-07
3.00564e-08
-3.92884e-08
-3.12764e-06
2.48732e-08
-6.11831e-08
9.20857e-11
-1.21717e-09
6.96793e-13
-6.14716e-11
1.21473e-13
-1.55076e-12
1.10912e-13
-7.26496e-14
6.22413e-14
-4.19212e-14
1.34205e-10
-6.6685e-14
1.88501e-10
-7.44803e-14
1.71821e-10
-9.82397e-14
7.38965e-11
-2.01272e-13
1.12896e-11
-2.83443e-13
2.96181e-13
-1.07229e-13
1.04526e-12
-2.15615e-12
2.02838e-12
-1.05134e-12
1.96663e-12
-7.39673e-13
2.3889e-08
-2.18957e-08
1.24085e-08
-2.0007e-08
3.79806e-09
-8.06482e-09
-2.18226e-09
1.26384e-09
-1.46447e-10
6.11348e-11
-1.28402e-11
1.54774e-12
-1.72426e-12
8.83906e-14
-8.75313e-14
4.74241e-14
-2.60053e-14
4.67996e-14
-2.7839e-14
4.93466e-14
-5.33818e-14
5.23196e-14
-6.00172e-14
5.08354e-14
-7.94706e-14
5.33716e-14
-1.85912e-13
5.78483e-14
-2.52252e-13
1.05631e-13
-1.00217e-13
2.12122e-12
-2.07055e-12
3.56075e-12
-3.13414e-12
1.34775e-12
-6.25901e-13
2.39138e-08
-1.77005e-08
7.72847e-10
-6.31705e-09
4.55001e-10
-4.06848e-09
-1.72726e-09
1.1305e-11
-2.69684e-11
1.46147e-12
-3.00991e-12
8.33222e-14
-3.36051e-13
2.55395e-14
-2.81003e-14
2.4536e-14
-1.923e-14
4.06841e-14
-3.06225e-14
4.39879e-14
-4.10116e-14
4.81032e-14
-4.67108e-14
5.29529e-14
-6.65404e-14
1.4838e-13
-2.39091e-13
1.87065e-13
-3.56116e-13
2.74387e-13
-1.41014e-13
1.74811e-12
-1.09157e-12
5.22921e-12
-3.51418e-12
5.75479e-12
-5.80577e-13
2.0334e-08
-1.59914e-08
2.4165e-09
-4.47724e-08
3.60909e-10
-2.37568e-08
-1.66628e-09
8.85924e-12
-2.7581e-13
3.50231e-13
-2.47463e-14
3.02624e-14
-1.24094e-14
1.76157e-14
-9.87088e-15
2.3791e-14
-1.458e-14
4.64756e-14
-2.85119e-14
5.50931e-14
-4.21395e-14
5.97975e-14
-4.60114e-14
1.11472e-13
-9.15991e-14
2.56153e-13
-2.98321e-13
3.20082e-13
-3.59356e-13
2.96611e-13
-2.00696e-13
1.78604e-12
-8.00244e-13
5.13792e-12
-3.56359e-12
5.37086e-12
-4.49816e-13
2.09249e-08
-1.69267e-08
2.70882e-08
-4.03886e-08
2.99205e-10
-4.22335e-08
-1.24913e-09
2.79568e-14
-1.49232e-14
1.2333e-14
-7.07492e-15
1.00941e-14
-6.13962e-15
1.30783e-14
-7.73343e-15
2.25769e-14
-1.33439e-14
4.1133e-14
-2.66488e-14
4.83946e-14
-3.46255e-14
5.00827e-14
-3.74351e-14
1.4004e-13
-8.67944e-14
2.83958e-13
-2.92906e-13
3.21976e-13
-3.51015e-13
3.07152e-13
-2.70516e-13
1.07037e-12
-8.31181e-13
2.64456e-12
-9.48099e-13
2.73318e-12
-3.69813e-13
2.19734e-08
-1.88755e-08
2.68802e-08
-3.291e-08
1.12346e-09
-3.34129e-08
-4.94315e-10
1.33442e-14
-1.16755e-15
1.00719e-14
-1.15066e-15
9.11115e-15
-1.45668e-15
1.05886e-14
-3.2552e-15
2.14111e-14
-1.03302e-14
3.23685e-14
-1.88814e-14
3.43913e-14
-2.7173e-14
3.8672e-14
-3.60661e-14
9.78642e-14
-5.42771e-14
2.37747e-13
-1.39621e-13
2.83018e-13
-1.83788e-13
2.50009e-13
-2.28047e-13
6.71924e-13
-5.02151e-13
8.0898e-13
-4.9767e-13
9.28569e-13
-3.55976e-13
2.32806e-08
-1.11608e-08
1.92646e-08
-1.65087e-08
4.26217e-10
-5.29787e-09
-6.80972e-11
2.31274e-15
-1.78788e-16
1.71143e-15
-2.78777e-16
2.00108e-15
-5.77874e-16
5.64233e-15
-2.09235e-15
1.44029e-14
-5.65688e-15
2.10405e-14
-1.09754e-14
2.75829e-14
-2.27093e-14
3.40503e-14
-3.1246e-14
4.64642e-14
-4.60137e-14
1.02093e-13
-9.31283e-14
1.67776e-13
-3.40847e-14
3.05044e-13
-2.47157e-13
3.77815e-13
-3.68418e-13
5.34921e-13
-5.38595e-13
6.75713e-13
-3.579e-13
6.17885e-09
-3.37611e-13
4.41942e-09
-4.81133e-14
8.30237e-11
-1.2983e-13
-3.88853e-14
4.89381e-16
-2.32218e-17
5.16992e-16
-6.68719e-17
1.19099e-15
-2.78226e-16
3.87718e-15
-1.11841e-15
7.72149e-15
-2.84072e-15
1.3635e-14
-8.4377e-15
1.99376e-14
-1.58281e-14
2.48642e-14
-9.73868e-15
4.34367e-14
-4.69558e-14
1.02846e-13
-1.30204e-13
4.49769e-13
-4.04211e-13
8.96279e-13
-7.72671e-13
3.01414e-13
3.6877e-13
2.5889e-13
-4.15343e-13
2.64399e-13
-3.28824e-13
1.91468e-14
-9.84533e-14
4.88496e-15
-3.94476e-14
2.71527e-15
-1.29949e-13
-3.61701e-14
8.67404e-17
-2.43897e-18
1.81914e-16
-1.55239e-17
6.94289e-16
-1.24709e-16
2.12069e-15
-5.64778e-16
4.67748e-15
-2.1139e-15
9.44881e-15
-7.22406e-15
1.32871e-14
-1.28876e-15
6.38531e-14
-4.20707e-14
1.84553e-13
-1.43334e-13
7.0796e-13
-6.76161e-13
3.33606e-12
-3.46522e-12
5.37037e-12
-5.46557e-12
1.46208e-13
5.50337e-12
9.04637e-14
-1.7565e-13
7.20317e-14
-1.27144e-13
1.92807e-14
-5.24356e-14
1.72958e-14
-9.04231e-14
1.95268e-14
-2.05342e-13
-1.18782e-14
1.25477e-17
-2.26236e-19
6.59339e-17
-8.41105e-18
3.82917e-16
-7.89482e-17
1.41579e-15
-5.07694e-16
3.92006e-15
-2.57248e-15
7.51675e-15
-3.12754e-15
1.05096e-14
-8.85745e-16
8.39657e-13
-5.6297e-12
1.23314e-12
-7.86418e-13
6.02594e-12
-1.29182e-11
2.27679e-11
-1.66958e-10
2.16302e-11
-5.01432e-10
2.46763e-13
-5.02404e-11
1.26917e-14
-9.06393e-14
3.16017e-15
-1.36766e-13
1.19249e-14
-7.66231e-14
3.6694e-14
-1.79146e-13
2.73934e-14
-2.01274e-13
1.81982e-14
2.17035e-18
-1.11369e-19
4.57321e-17
-6.17446e-18
2.8993e-16
-6.0958e-17
1.56899e-15
-1.06191e-15
3.61576e-15
-2.88556e-15
4.03769e-15
-2.38343e-15
3.0237e-15
-7.58284e-16
1.34231e-11
-2.09301e-11
1.62578e-11
-3.47739e-11
3.35652e-11
-5.9708e-11
2.15751e-11
-3.92343e-10
-1.02281e-11
-4.50319e-10
-1.42066e-11
-4.08158e-10
-1.08952e-12
-3.66528e-11
-1.57168e-13
-1.21818e-12
5.68112e-15
-4.87079e-13
2.93034e-14
-1.51622e-13
3.12842e-14
-1.13883e-13
4.94824e-14
1.54436e-18
-8.13204e-20
3.49988e-17
-3.10033e-18
2.60723e-16
-6.29372e-17
2.03821e-15
-1.22799e-15
3.83338e-15
-2.58661e-15
3.17865e-15
-2.12231e-15
2.17559e-15
-6.57617e-16
2.47033e-11
-1.29583e-11
3.25751e-11
-5.96889e-11
2.23049e-11
-6.56522e-11
1.01644e-11
-3.59702e-10
-3.48562e-11
-3.87098e-10
-3.84446e-11
-3.84069e-10
-3.29589e-11
-3.21162e-10
-2.1826e-12
-1.05726e-10
-5.71691e-14
-2.86465e-12
1.87587e-14
-1.2098e-13
2.15365e-14
-9.15298e-14
7.10189e-14
1.19595e-18
-3.31411e-20
1.5929e-17
-1.32101e-18
2.87723e-16
-2.2773e-17
2.31223e-15
-7.24036e-16
3.65383e-15
-1.83408e-15
2.67894e-15
-1.88145e-15
1.69829e-15
-6.07611e-16
1.13526e-11
-4.1541e-16
3.4002e-11
-1.60956e-11
4.16485e-11
-6.91461e-11
5.52754e-11
-1.18331e-11
1.75513e-11
-2.05299e-10
-2.88663e-12
-3.42203e-10
-2.98261e-12
-2.86718e-10
-3.36052e-13
-1.76128e-10
-3.38763e-13
-7.01052e-12
2.82049e-14
-1.08866e-12
2.12771e-13
-6.48043e-14
2.8379e-13
3.81935e-19
-5.56585e-21
6.6128e-18
-4.54941e-19
7.71316e-17
-1.22319e-17
1.50066e-15
-2.67045e-16
2.61309e-15
-9.48376e-16
1.60903e-15
-1.04414e-15
5.74611e-16
-5.36515e-16
1.01028e-16
-1.02337e-16
2.75208e-12
-4.95325e-17
1.13926e-11
-4.9217e-19
3.4021e-13
-6.39649e-13
1.73394e-11
-6.38534e-13
5.4208e-11
-2.81895e-13
3.09135e-11
-2.01838e-13
4.84912e-12
-1.23425e-13
-3.99784e-13
-5.81023e-12
1.57586e-13
-4.1866e-12
1.92598e-13
-3.67492e-14
4.7641e-13
6.31305e-20
-9.86776e-22
2.18573e-18
-1.25496e-19
4.04703e-17
-3.45453e-18
4.87828e-16
-4.59825e-17
8.72129e-16
-1.93996e-16
8.42194e-16
-2.63365e-16
2.55821e-16
-2.29768e-16
4.70475e-17
-5.75547e-17
1.89942e-18
-5.55342e-18
2.18413e-19
-4.77826e-19
4.69582e-14
-5.88259e-13
3.92358e-14
-6.46408e-13
3.01547e-14
-2.83362e-13
2.53823e-14
-2.03293e-13
2.07489e-14
-1.26251e-13
7.01406e-13
-7.68104e-13
5.8232e-13
-1.97206e-12
5.78747e-13
-1.70572e-14
-3.83054e-08
1.13728e-20
-1.87693e-22
5.38669e-19
-1.78994e-20
8.67897e-18
-3.48187e-19
7.09458e-17
-2.08303e-18
1.6829e-16
-1.43114e-17
1.75516e-16
-3.72762e-17
1.05629e-16
-4.05861e-17
1.4909e-17
-2.60954e-17
2.50575e-18
-3.16689e-18
2.18321e-19
-9.16997e-20
2.22202e-13
-4.71768e-13
1.00264e-13
-5.17507e-13
3.88025e-14
-4.28614e-13
2.80897e-14
-3.38047e-13
1.80337e-14
-8.3739e-14
3.39315e-14
-9.26092e-14
3.07051e-13
-6.85729e-13
2.95696e-13
-2.12052e-15
-8.40351e-08
2.01973e-21
-2.80326e-23
6.48336e-20
-1.58311e-21
6.91495e-19
-1.87658e-20
2.82495e-18
-1.20267e-19
1.41214e-17
-1.54103e-18
2.07651e-17
-4.1739e-18
1.72449e-17
-4.21412e-18
6.19394e-18
-2.28083e-18
1.51319e-18
-3.43722e-19
1.4339e-18
-1.12391e-20
1.53678e-13
2.67618e-21
1.35229e-13
2.92282e-21
8.08462e-14
-3.10906e-13
4.89408e-14
-3.38436e-13
1.14278e-14
-7.70217e-14
8.94866e-15
-7.09442e-14
1.49793e-14
-1.01582e-14
1.42024e-14
-1.44185e-15
-2.5973e-16
2.59687e-22
-3.56887e-24
4.94758e-21
-2.00909e-22
3.50228e-20
-3.50958e-21
1.63254e-19
-2.4083e-20
1.34957e-18
-1.36577e-19
1.89669e-18
-1.72666e-19
1.31814e-18
-1.39141e-19
3.30452e-19
-4.70359e-20
1.56684e-20
-1.90956e-21
1.62734e-21
2.80198e-21
-7.33062e-22
4.67279e-21
-6.17202e-22
4.6024e-21
3.87197e-14
3.39068e-21
3.44388e-14
2.10871e-21
7.48326e-15
1.15499e-21
8.28052e-15
-6.70503e-14
1.81299e-16
-6.3885e-15
2.16498e-16
-1.5777e-15
-4.32319e-17
2.92145e-23
-7.12833e-25
5.83862e-22
-4.38631e-23
6.72224e-21
-1.53316e-21
2.88718e-20
-8.35909e-21
6.54511e-20
-1.04298e-20
6.25213e-20
-7.06093e-21
2.8453e-20
-2.29969e-21
3.57621e-21
-1.11837e-22
1.80434e-22
1.48621e-21
-8.5643e-22
3.17179e-21
-1.10233e-21
3.66982e-21
-8.30864e-22
3.04709e-21
-4.86675e-22
2.01188e-21
-2.59886e-22
1.14543e-21
-1.31463e-22
5.68899e-22
5.28759e-15
-1.69987e-14
1.90424e-16
-1.51081e-15
4.08002e-17
-2.01048e-15
-9.70542e-17
5.1436e-24
-1.76412e-25
1.09319e-22
-9.01281e-24
2.39626e-21
-5.75007e-22
4.82805e-21
-8.89745e-22
3.47013e-21
-6.11616e-22
1.22201e-21
-5.14228e-23
3.87832e-22
1.20605e-22
4.11405e-24
2.71882e-22
-4.82085e-22
1.35539e-21
-8.31686e-22
2.15888e-21
-7.48459e-22
2.0053e-21
-4.82358e-22
1.39668e-21
-2.55476e-22
7.95195e-22
-1.20327e-22
3.9397e-22
-5.25375e-23
1.6877e-22
6.23881e-16
3.97021e-23
4.85328e-17
5.06066e-24
7.88792e-17
-1.84194e-15
-8.97068e-17
1.01839e-24
-3.13043e-26
1.68721e-23
-1.07511e-24
3.57903e-22
-3.53891e-23
3.40988e-22
-3.75268e-23
1.24859e-22
-1.10751e-23
1.4908e-24
7.19454e-23
-4.51126e-23
1.37317e-22
-8.56956e-23
2.23552e-22
-3.54713e-22
8.03046e-22
-4.57074e-22
9.64579e-22
-3.33818e-22
6.90429e-22
-1.83019e-22
3.83561e-22
-8.34706e-23
1.78939e-22
-3.34078e-23
7.38519e-23
-1.225e-23
2.63111e-23
-2.19248e-24
5.76008e-24
-2.10647e-25
7.04036e-25
3.61725e-17
-1.31679e-15
-3.31083e-17
1.28051e-25
-2.69891e-27
1.34287e-24
-5.73243e-26
1.36091e-23
-6.08624e-25
7.94449e-24
-5.49737e-25
2.37447e-24
-1.45177e-25
-2.42958e-23
4.37534e-23
-3.84889e-23
6.17602e-23
-5.20584e-23
9.66061e-23
-1.52727e-22
2.80579e-22
-1.47927e-22
2.33872e-22
-8.39013e-23
1.14122e-22
-3.70871e-23
4.31788e-23
-1.39114e-23
1.38293e-23
-4.66953e-24
3.99558e-24
-1.41294e-24
1.00716e-24
-2.36378e-25
1.75298e-25
-2.14884e-26
1.78489e-26
1.25721e-17
-1.63188e-16
-2.97193e-18
6.79499e-27
-9.57672e-29
4.01641e-26
-1.06299e-27
1.4335e-25
-2.84562e-27
6.25095e-26
-3.38715e-27
1.94774e-26
-5.94172e-28
-9.23842e-24
1.17875e-23
-1.06587e-23
8.10797e-24
-1.36132e-23
1.3232e-23
-3.19964e-23
4.59885e-23
-2.15346e-23
2.37209e-23
-8.39763e-24
6.5137e-24
-2.55944e-24
1.31427e-24
-6.65462e-25
2.12207e-25
-1.58821e-25
2.91699e-26
-3.38074e-26
3.40278e-27
-4.46447e-27
3.32368e-28
-3.4375e-28
3.25757e-29
7.37199e-19
2.66427e-30
5.58075e-32
5.77568e-29
1.34865e-28
1.59262e-28
1.13253e-28
1.84449e-29
-8.38778e-25
-4.65263e-25
-6.17549e-25
-1.7469e-24
-7.34026e-25
-1.62618e-25
-2.67697e-26
-3.53929e-27
-4.06332e-28
-3.98775e-29
-2.8736e-30
-2.16635e-31
-5.75953e-33
)
;

boundaryField
{
    leftWall
    {
        type            calculated;
        value           uniform 0;
    }
    rightWall
    {
        type            calculated;
        value           uniform 0;
    }
    lowerWall
    {
        type            calculated;
        value           uniform 0;
    }
    atmosphere
    {
        type            calculated;
        value           nonuniform List<scalar> 
46
(
-4.84817e-31
-5.09318e-32
-1.66459e-32
-6.65653e-33
-1.29074e-33
-1.52556e-34
-1.01091e-35
-1.16171e-37
7.35455e-38
1.99662e-37
3.60128e-37
2.94354e-37
1.35593e-37
3.95637e-38
-1.38796e-30
-8.86162e-31
-2.69161e-31
-5.04502e-32
-6.26627e-33
-4.98279e-34
1.04001e-34
3.57542e-33
1.19976e-32
5.6757e-33
6.68373e-33
1.55938e-32
9.78784e-33
0
0
0
0
0
0
0
0
0
0
0
0
0
0
0
0
0
0
0
)
;
    }
    defaultFaces
    {
        type            empty;
        value           nonuniform 0();
    }
}


// ************************************************************************* //
