/*--------------------------------*- C++ -*----------------------------------*\
| =========                 |                                                 |
| \\      /  F ield         | OpenFOAM: The Open Source CFD Toolbox           |
|  \\    /   O peration     | Version:  5.x                                   |
|   \\  /    A nd           | Web:      www.OpenFOAM.org                      |
|    \\/     M anipulation  |                                                 |
\*---------------------------------------------------------------------------*/
FoamFile
{
    version     2.0;
    format      ascii;
    class       volVectorField;
    location    "0.05";
    object      U;
}
// * * * * * * * * * * * * * * * * * * * * * * * * * * * * * * * * * * * * * //

dimensions      [0 1 -1 0 0 0 0];

internalField   nonuniform List<vector> 
2268
(
(0.0182461 -0.00862426 0)
(0.0557681 -0.00916125 0)
(0.0946312 -0.0092328 0)
(0.134488 -0.00962129 0)
(0.176361 -0.0102116 0)
(0.221179 -0.0110257 0)
(0.270061 -0.012136 0)
(0.324106 -0.0136542 0)
(0.387648 -0.0157926 0)
(0.453227 -0.0187163 0)
(0.556643 -0.0238809 0)
(0.644786 -0.0296104 0)
(0.732008 -0.0395924 0)
(0.87897 -0.0600883 0)
(1.05875 -0.0624935 0)
(1.20734 0.00223536 0)
(1.21677 0.0744745 0)
(0.880937 0.046727 0)
(0.641803 0.0364966 0)
(0.493448 0.0334623 0)
(0.339509 0.0330479 0)
(0.199794 0.0315817 0)
(0.0669989 0.0314794 0)
(0.0182127 -0.0258168 0)
(0.055672 -0.0274217 0)
(0.0944534 -0.027641 0)
(0.134204 -0.0287992 0)
(0.175936 -0.0305555 0)
(0.220558 -0.0329741 0)
(0.269158 -0.0362674 0)
(0.32277 -0.0407701 0)
(0.385702 -0.0470559 0)
(0.449794 -0.0558451 0)
(0.553365 -0.0705598 0)
(0.633435 -0.0863292 0)
(0.712053 -0.115014 0)
(0.896337 -0.159645 0)
(1.22559 -0.159309 0)
(1.63296 0.0114286 0)
(1.6443 0.107116 0)
(1.34495 0.148959 0)
(0.905112 0.16703 0)
(0.583456 0.138536 0)
(0.381803 0.111202 0)
(0.224336 0.0994918 0)
(0.0759707 0.0981781 0)
(0.0181022 -0.0429812 0)
(0.055322 -0.0456216 0)
(0.0938274 -0.0459882 0)
(0.133259 -0.0479004 0)
(0.174608 -0.0507964 0)
(0.218734 -0.0547786 0)
(0.266664 -0.0601886 0)
(0.319326 -0.0675687 0)
(0.380857 -0.0777695 0)
(0.442505 -0.0922418 0)
(0.544464 -0.114744 0)
(0.613476 -0.140712 0)
(0.68582 -0.192273 0)
(0.879411 -0.252385 0)
(1.18576 -0.281912 0)
(1.4406 -0.0728629 0)
(1.40271 0.179666 0)
(1.09665 0.31097 0)
(0.712167 0.332214 0)
(0.501881 0.250536 0)
(0.35042 0.189374 0)
(0.212778 0.167943 0)
(0.0734041 0.167472 0)
(0.0179405 -0.0600283 0)
(0.0548033 -0.063665 0)
(0.0928987 -0.0641739 0)
(0.131865 -0.0668095 0)
(0.172653 -0.070794 0)
(0.21606 -0.0762614 0)
(0.263024 -0.0836646 0)
(0.314336 -0.0937185 0)
(0.373842 -0.107487 0)
(0.432376 -0.127031 0)
(0.530772 -0.155911 0)
(0.586853 -0.191567 0)
(0.642415 -0.269438 0)
(0.826333 -0.339736 0)
(1.04952 -0.323 0)
(1.12966 -0.141578 0)
(0.956188 0.240853 0)
(0.678556 0.476758 0)
(0.510837 0.448206 0)
(0.424704 0.323685 0)
(0.32164 0.251127 0)
(0.20525 0.229694 0)
(0.073188 0.235293 0)
(0.0177299 -0.0769087 0)
(0.0541225 -0.0814905 0)
(0.0916795 -0.082133 0)
(0.130041 -0.0854524 0)
(0.170104 -0.090458 0)
(0.212588 -0.0973059 0)
(0.258323 -0.106537 0)
(0.307944 -0.118998 0)
(0.364914 -0.135896 0)
(0.419778 -0.159724 0)
(0.513184 -0.19368 0)
(0.554588 -0.237009 0)
(0.595412 -0.332447 0)
(0.762532 -0.402225 0)
(0.92583 -0.322274 0)
(0.863698 -0.0736872 0)
(0.542758 0.359433 0)
(0.397338 0.545589 0)
(0.395347 0.472627 0)
(0.372254 0.358853 0)
(0.300425 0.298044 0)
(0.203191 0.284799 0)
(0.0760404 0.302838 0)
(0.0174728 -0.0935356 0)
(0.0532887 -0.0989965 0)
(0.0901882 -0.0997606 0)
(0.127817 -0.103712 0)
(0.167007 -0.109652 0)
(0.208389 -0.117748 0)
(0.252672 -0.128602 0)
(0.300328 -0.143149 0)
(0.354377 -0.162653 0)
(0.405205 -0.189893 0)
(0.492731 -0.227365 0)
(0.518791 -0.276224 0)
(0.550133 -0.381502 0)
(0.701922 -0.445208 0)
(0.81786 -0.304602 0)
(0.621201 0.0488069 0)
(0.290648 0.437157 0)
(0.287302 0.533983 0)
(0.341701 0.461751 0)
(0.337226 0.377473 0)
(0.286413 0.334384 0)
(0.207872 0.333682 0)
(0.0830171 0.373921 0)
(0.0171755 -0.109911 0)
(0.0523187 -0.116179 0)
(0.0884533 -0.117052 0)
(0.125241 -0.121583 0)
(0.163435 -0.12837 0)
(0.203572 -0.137582 0)
(0.246234 -0.149861 0)
(0.291738 -0.166189 0)
(0.342618 -0.187801 0)
(0.389325 -0.217698 0)
(0.470498 -0.2569 0)
(0.481396 -0.309396 0)
(0.506654 -0.420105 0)
(0.643477 -0.475903 0)
(0.720405 -0.255049 0)
(0.417641 0.182567 0)
(0.198483 0.465924 0)
(0.260564 0.504113 0)
(0.311474 0.446986 0)
(0.313224 0.388728 0)
(0.2796 0.361459 0)
(0.22278 0.374071 0)
(0.0997241 0.446312 0)
(0.016848 -0.126228 0)
(0.0512305 -0.133251 0)
(0.0865017 -0.134226 0)
(0.122361 -0.139293 0)
(0.159462 -0.146853 0)
(0.198253 -0.157068 0)
(0.239184 -0.170597 0)
(0.282454 -0.18843 0)
(0.330054 -0.211737 0)
(0.373025 -0.243642 0)
(0.447921 -0.283247 0)
(0.444302 -0.337379 0)
(0.465389 -0.44981 0)
(0.588387 -0.497188 0)
(0.618503 -0.185937 0)
(0.274024 0.293107 0)
(0.189703 0.470336 0)
(0.253182 0.475434 0)
(0.290356 0.434158 0)
(0.297144 0.394529 0)
(0.278928 0.380207 0)
(0.250427 0.410096 0)
(0.100129 0.544118 0)
(0.0157306 -0.00656593 0)
(0.0446755 -0.00552209 0)
(0.066178 -0.00346423 0)
(0.0784938 -0.00172622 0)
(0.0836483 -0.000477841 0)
(0.0838783 0.000338573 0)
(0.0809787 0.000842286 0)
(0.0762314 0.00113544 0)
(0.0703963 0.00130297 0)
(0.0639652 0.00139042 0)
(0.057231 0.00143133 0)
(0.0503711 0.00144395 0)
(0.0434894 0.0014418 0)
(0.036641 0.00143089 0)
(0.0298514 0.00141773 0)
(0.0231276 0.00140413 0)
(0.0164645 0.0013929 0)
(0.00985166 0.00138349 0)
(0.00327509 0.00138465 0)
(0.0165635 -0.0201424 0)
(0.0469663 -0.017046 0)
(0.0691365 -0.0106098 0)
(0.0814397 -0.00523261 0)
(0.0863343 -0.00141783 0)
(0.0863959 0.00105589 0)
(0.0833874 0.00259007 0)
(0.0784848 0.0034939 0)
(0.0724643 0.00400757 0)
(0.0658327 0.00427752 0)
(0.0588911 0.00440192 0)
(0.0518233 0.00444133 0)
(0.0447353 0.00443336 0)
(0.0376855 0.00440011 0)
(0.0306986 0.00435799 0)
(0.0237817 0.00431617 0)
(0.016928 0.0042806 0)
(0.0101276 0.0042535 0)
(0.00336089 0.00422189 0)
(0.0176893 -0.0344136 0)
(0.0498086 -0.028975 0)
(0.0723804 -0.0176671 0)
(0.084039 -0.00848777 0)
(0.0881226 -0.00213178 0)
(0.0874683 0.00193154 0)
(0.0839304 0.00443956 0)
(0.0786975 0.00591937 0)
(0.0724864 0.00675418 0)
(0.0657512 0.00719343 0)
(0.0587606 0.00739218 0)
(0.0516761 0.00745295 0)
(0.0445901 0.00743434 0)
(0.0375529 0.00737674 0)
(0.0305852 0.00730341 0)
(0.0236911 0.00723243 0)
(0.0168621 0.00717125 0)
(0.0100877 0.00712734 0)
(0.00334762 0.00707668 0)
(0.0195173 -0.0499283 0)
(0.0543701 -0.041651 0)
(0.0774759 -0.0245464 0)
(0.0879978 -0.0112929 0)
(0.090771 -0.00243507 0)
(0.0891182 0.00311251 0)
(0.0849158 0.00649261 0)
(0.0792582 0.00847098 0)
(0.0727864 0.00957783 0)
(0.0658941 0.0101553 0)
(0.0588112 0.0104101 0)
(0.0516747 0.0104798 0)
(0.0445615 0.0104436 0)
(0.0375126 0.0103573 0)
(0.0305432 0.0102507 0)
(0.0236535 0.0101485 0)
(0.0168328 0.0100609 0)
(0.0100693 0.00999903 0)
(0.00334136 0.00992724 0)
(0.0219163 -0.0662127 0)
(0.0610425 -0.0553533 0)
(0.084712 -0.0310344 0)
(0.0933746 -0.0133744 0)
(0.0942462 -0.00217389 0)
(0.0912373 0.00469015 0)
(0.0861729 0.00880181 0)
(0.0799742 0.0111813 0)
(0.073172 0.0124986 0)
(0.0660803 0.0131748 0)
(0.0588796 0.0134613 0)
(0.0516761 0.0135249 0)
(0.0445276 0.0134623 0)
(0.0374632 0.0133411 0)
(0.0304908 0.0131973 0)
(0.0236064 0.013061 0)
(0.016796 0.0129455 0)
(0.0100461 0.012865 0)
(0.00333341 0.0127721 0)
(0.0244225 -0.0826861 0)
(0.0699232 -0.0703873 0)
(0.0944594 -0.0368726 0)
(0.100191 -0.0143923 0)
(0.0984564 -0.00117481 0)
(0.0937509 0.00677623 0)
(0.0876394 0.0114272 0)
(0.0807994 0.0140845 0)
(0.0736105 0.0155361 0)
(0.0662863 0.0162638 0)
(0.0589486 0.0165533 0)
(0.0516675 0.0165929 0)
(0.0444786 0.0164922 0)
(0.037397 0.0163282 0)
(0.0304224 0.0161422 0)
(0.0235455 0.015969 0)
(0.016749 0.0158242 0)
(0.0100167 0.0157239 0)
(0.00332331 0.0156096 0)
(0.0408407 -0.115073 0)
(0.0833482 -0.0885144 0)
(0.107123 -0.0415701 0)
(0.108423 -0.0139142 0)
(0.103248 0.000932504 0)
(0.0965518 0.00948407 0)
(0.0892385 0.0144177 0)
(0.0816878 0.0172078 0)
(0.0740737 0.0187065 0)
(0.0664949 0.0194323 0)
(0.0590075 0.019692 0)
(0.0516421 0.0196866 0)
(0.04441 0.0195343 0)
(0.0373112 0.0193185 0)
(0.0303362 0.0190851 0)
(0.02347 0.0188717 0)
(0.0166913 0.0186958 0)
(0.00998067 0.0185744 0)
(0.00331097 0.0184381 0)
(0.127836 -0.162449 0)
(0.119099 -0.104868 0)
(0.123842 -0.0423643 0)
(0.11788 -0.01142 0)
(0.108384 0.00418924 0)
(0.0994424 0.0128422 0)
(0.0908862 0.0177948 0)
(0.0825951 0.0205659 0)
(0.0745371 0.0220213 0)
(0.0666924 0.0226889 0)
(0.0590487 0.0228831 0)
(0.0515955 0.0228095 0)
(0.0443193 0.0225907 0)
(0.0372045 0.0223135 0)
(0.0302317 0.0220269 0)
(0.0233795 0.0217695 0)
(0.0166226 0.0215599 0)
(0.00993786 0.0214155 0)
(0.00329631 0.0212567 0)
(0.0162674 -0.150408 0)
(0.0493225 -0.158398 0)
(0.0831051 -0.159488 0)
(0.117371 -0.16522 0)
(0.152617 -0.17371 0)
(0.189155 -0.185094 0)
(0.227255 -0.200014 0)
(0.266962 -0.219388 0)
(0.309504 -0.24432 0)
(0.347336 -0.277364 0)
(0.413019 -0.317568 0)
(0.392177 -0.370226 0)
(0.410778 -0.476854 0)
(0.518345 -0.49781 0)
(0.503322 -0.0393678 0)
(0.185118 0.388132 0)
(0.20239 0.459129 0)
(0.242827 0.446283 0)
(0.268015 0.418943 0)
(0.283009 0.393217 0)
(0.292083 0.384458 0)
(0.334491 0.407389 0)
(0.394146 0.534193 0)
(0.0153165 -0.182226 0)
(0.0462797 -0.191254 0)
(0.0777489 -0.192464 0)
(0.109527 -0.198911 0)
(0.141927 -0.208354 0)
(0.175083 -0.220877 0)
(0.20906 -0.237059 0)
(0.243679 -0.257677 0)
(0.279598 -0.283671 0)
(0.310045 -0.316665 0)
(0.364081 -0.356735 0)
(0.328111 -0.405644 0)
(0.350824 -0.503143 0)
(0.438629 -0.481883 0)
(0.351 0.175254 0)
(0.157398 0.429277 0)
(0.200025 0.437855 0)
(0.226268 0.418361 0)
(0.246977 0.397574 0)
(0.267846 0.37702 0)
(0.291441 0.361397 0)
(0.33038 0.351926 0)
(0.407286 0.336937 0)
(0.0142673 -0.211949 0)
(0.0429485 -0.221602 0)
(0.0719265 -0.222868 0)
(0.101063 -0.229729 0)
(0.130504 -0.239666 0)
(0.160247 -0.252699 0)
(0.190207 -0.269301 0)
(0.220066 -0.290069 0)
(0.250139 -0.31568 0)
(0.274368 -0.347223 0)
(0.319172 -0.384386 0)
(0.274789 -0.428149 0)
(0.301877 -0.515925 0)
(0.373489 -0.422453 0)
(0.222072 0.288036 0)
(0.148238 0.433257 0)
(0.188432 0.417616 0)
(0.207968 0.395898 0)
(0.226891 0.37616 0)
(0.246874 0.35488 0)
(0.268002 0.331732 0)
(0.291354 0.303481 0)
(0.328373 0.259617 0)
(0.0131554 -0.239491 0)
(0.0394511 -0.249427 0)
(0.0658613 -0.250708 0)
(0.0923095 -0.257747 0)
(0.1188 -0.267828 0)
(0.145232 -0.280913 0)
(0.171429 -0.29736 0)
(0.197004 -0.317591 0)
(0.22208 -0.342039 0)
(0.241319 -0.371386 0)
(0.278862 -0.404973 0)
(0.230611 -0.443582 0)
(0.261362 -0.522962 0)
(0.3179 -0.332973 0)
(0.135919 0.346273 0)
(0.141088 0.420831 0)
(0.173446 0.396983 0)
(0.189207 0.376296 0)
(0.206223 0.357007 0)
(0.2235 0.335426 0)
(0.240366 0.310916 0)
(0.25698 0.281651 0)
(0.273686 0.245489 0)
(0.012015 -0.264753 0)
(0.035897 -0.274678 0)
(0.0597445 -0.275947 0)
(0.0835404 -0.28297 0)
(0.107178 -0.29292 0)
(0.130495 -0.30571 0)
(0.153265 -0.321593 0)
(0.175086 -0.340838 0)
(0.195983 -0.363681 0)
(0.211327 -0.39051 0)
(0.243144 -0.420458 0)
(0.193954 -0.4544 0)
(0.227192 -0.526812 0)
(0.271563 -0.20942 0)
(0.0927785 0.370112 0)
(0.13075 0.403796 0)
(0.156938 0.378154 0)
(0.170716 0.35906 0)
(0.18595 0.340518 0)
(0.200651 0.319756 0)
(0.21405 0.296328 0)
(0.225905 0.269285 0)
(0.234257 0.237542 0)
(0.0108751 -0.28771 0)
(0.032374 -0.297389 0)
(0.0537241 -0.298631 0)
(0.0749625 -0.305492 0)
(0.0958998 -0.315113 0)
(0.116341 -0.327374 0)
(0.136043 -0.342436 0)
(0.154623 -0.360447 0)
(0.172061 -0.381501 0)
(0.184384 -0.405786 0)
(0.211595 -0.432353 0)
(0.163336 -0.462274 0)
(0.197795 -0.529034 0)
(0.233924 -0.122372 0)
(0.0644618 0.379603 0)
(0.117587 0.385041 0)
(0.14021 0.360849 0)
(0.153038 0.343631 0)
(0.166692 0.326297 0)
(0.179102 0.306924 0)
(0.189654 0.285217 0)
(0.198007 0.260753 0)
(0.202748 0.233219 0)
(0.0097582 -0.308389 0)
(0.0289479 -0.317642 0)
(0.0479065 -0.318854 0)
(0.0667192 -0.325451 0)
(0.085139 -0.334614 0)
(0.10296 -0.346204 0)
(0.119941 -0.360307 0)
(0.135738 -0.376983 0)
(0.150317 -0.396228 0)
(0.160289 -0.418101 0)
(0.18371 -0.441657 0)
(0.137588 -0.468177 0)
(0.172149 -0.530192 0)
(0.198043 -0.0187378 0)
(0.0412884 0.373926 0)
(0.103205 0.365119 0)
(0.124564 0.344481 0)
(0.136836 0.329653 0)
(0.148973 0.314031 0)
(0.159353 0.296442 0)
(0.167652 0.276819 0)
(0.173663 0.255106 0)
(0.176512 0.23147 0)
(0.00868096 -0.326855 0)
(0.025664 -0.335553 0)
(0.0423614 -0.336741 0)
(0.0589 -0.343012 0)
(0.0749954 -0.351645 0)
(0.090445 -0.362493 0)
(0.105025 -0.375588 0)
(0.118432 -0.390927 0)
(0.130635 -0.408444 0)
(0.138754 -0.428119 0)
(0.158975 -0.449055 0)
(0.115762 -0.47272 0)
(0.149475 -0.530725 0)
(0.168077 0.0864033 0)
(0.0346762 0.358345 0)
(0.0919934 0.345091 0)
(0.111564 0.329251 0)
(0.122811 0.317219 0)
(0.133214 0.30364 0)
(0.141671 0.288019 0)
(0.14809 0.270525 0)
(0.152403 0.251325 0)
(0.154085 0.230773 0)
(0.00765394 -0.3432 0)
(0.0225497 -0.35126 0)
(0.0371276 -0.352438 0)
(0.0515501 -0.358351 0)
(0.065512 -0.366426 0)
(0.0788228 -0.376518 0)
(0.0912809 -0.38862 0)
(0.10263 -0.402685 0)
(0.112841 -0.418611 0)
(0.119475 -0.436329 0)
(0.136933 -0.455014 0)
(0.0971328 -0.476271 0)
(0.129239 -0.530751 0)
(0.145817 0.1727 0)
(0.0433898 0.341248 0)
(0.0862986 0.327498 0)
(0.101991 0.316184 0)
(0.111239 0.306791 0)
(0.119531 0.295229 0)
(0.126027 0.281492 0)
(0.130732 0.265927 0)
(0.133663 0.248839 0)
(0.134514 0.230671 0)
(0.00668236 -0.357531 0)
(0.019617 -0.364905 0)
(0.0322193 -0.366091 0)
(0.044681 -0.371638 0)
(0.0566894 -0.379162 0)
(0.0680704 -0.38852 0)
(0.0786476 -0.399681 0)
(0.0882083 -0.412572 0)
(0.0967317 -0.42707 0)
(0.102153 -0.443079 0)
(0.117194 -0.459846 0)
(0.0811352 -0.479067 0)
(0.111069 -0.530308 0)
(0.128717 0.224495 0)
(0.0553874 0.32839 0)
(0.0840592 0.314412 0)
(0.0951246 0.306196 0)
(0.10178 0.298816 0)
(0.107703 0.28895 0)
(0.112171 0.276809 0)
(0.115219 0.262833 0)
(0.116911 0.247411 0)
(0.117065 0.231029 0)
(0.00576744 -0.369948 0)
(0.0168673 -0.376612 0)
(0.0276335 -0.377828 0)
(0.0382811 -0.383019 0)
(0.0485008 -0.390015 0)
(0.0581363 -0.398685 0)
(0.0670358 -0.408979 0)
(0.0750272 -0.420811 0)
(0.0820986 -0.43405 0)
(0.0865078 -0.448583 0)
(0.0994047 -0.463741 0)
(0.0672994 -0.481271 0)
(0.0946185 -0.529584 0)
(0.112983 0.254471 0)
(0.0632722 0.320064 0)
(0.0825192 0.305666 0)
(0.0898264 0.299388 0)
(0.0938697 0.293461 0)
(0.0973363 0.284898 0)
(0.0997224 0.273965 0)
(0.101124 0.261154 0)
(0.101633 0.246926 0)
(0.101138 0.231791 0)
(0.00490777 -0.380631 0)
(0.014295 -0.386582 0)
(0.0233572 -0.387849 0)
(0.0323257 -0.392706 0)
(0.0409037 -0.399215 0)
(0.0489536 -0.407263 0)
(0.0563455 -0.416784 0)
(0.0629425 -0.427687 0)
(0.0687454 -0.43984 0)
(0.0722792 -0.453112 0)
(0.0832274 -0.466939 0)
(0.0552079 -0.483029 0)
(0.0794639 -0.528663 0)
(0.0978036 0.267249 0)
(0.0677623 0.313398 0)
(0.0813109 0.299873 0)
(0.0856867 0.295426 0)
(0.0871399 0.290773 0)
(0.088033 0.283178 0)
(0.0882437 0.273016 0)
(0.0879711 0.260878 0)
(0.0873255 0.247334 0)
(0.0862152 0.232934 0)
(0.00409861 -0.389844 0)
(0.0118861 -0.39508 0)
(0.0193641 -0.396418 0)
(0.0267725 -0.400976 0)
(0.0338325 -0.40705 0)
(0.0404258 -0.414551 0)
(0.046447 -0.423404 0)
(0.0517869 -0.433518 0)
(0.0564715 -0.444766 0)
(0.0592236 -0.456996 0)
(0.0684507 -0.469767 0)
(0.044626 -0.484463 0)
(0.065279 -0.52759 0)
(0.0846252 0.265781 0)
(0.0722194 0.306566 0)
(0.0815598 0.296235 0)
(0.0830014 0.294317 0)
(0.0814577 0.291032 0)
(0.0794074 0.284043 0)
(0.0772388 0.274098 0)
(0.0752274 0.262032 0)
(0.0734618 0.248593 0)
(0.0718086 0.234409 0)
(0.00334124 -0.396769 0)
(0.00963154 -0.401296 0)
(0.0156173 -0.402714 0)
(0.0215598 -0.406997 0)
(0.0272063 -0.41267 0)
(0.0324441 -0.41966 0)
(0.0371965 -0.427896 0)
(0.0413759 -0.437299 0)
(0.0450488 -0.44775 0)
(0.0470524 -0.459155 0)
(0.0549931 -0.471325 0)
(0.0355108 -0.48503 0)
(0.0514382 -0.527729 0)
(0.0834109 0.251573 0)
(0.0803508 0.299685 0)
(0.0851052 0.295243 0)
(0.0824446 0.296855 0)
(0.0767062 0.294859 0)
(0.0709266 0.287866 0)
(0.0660441 0.27734 0)
(0.0622457 0.264587 0)
(0.0594674 0.250604 0)
(0.05743 0.236105 0)
(0.00262529 -0.400733 0)
(0.00753728 -0.404633 0)
(0.0121423 -0.406185 0)
(0.0167163 -0.410221 0)
(0.0210777 -0.415562 0)
(0.0250906 -0.422129 0)
(0.0286886 -0.429858 0)
(0.0318062 -0.438689 0)
(0.0344854 -0.448456 0)
(0.0355575 -0.459225 0)
(0.042033 -0.471276 0)
(0.0264555 -0.483237 0)
(0.0331312 -0.543922 0)
(0.0885909 0.214399 0)
(0.0928408 0.290934 0)
(0.0938435 0.29938 0)
(0.0844726 0.305007 0)
(0.0723128 0.30337 0)
(0.0617005 0.29517 0)
(0.0537497 0.282856 0)
(0.0482566 0.26843 0)
(0.0447342 0.253159 0)
(0.0426075 0.237808 0)
(0.00191849 -0.411267 0)
(0.00563856 -0.414411 0)
(0.00910907 -0.416247 0)
(0.0125273 -0.420196 0)
(0.0157807 -0.425433 0)
(0.0187587 -0.431876 0)
(0.0213881 -0.439465 0)
(0.0236558 -0.448126 0)
(0.025329 -0.457623 0)
(0.0255083 -0.467824 0)
(0.028968 -0.479423 0)
(0.0144162 -0.480022 0)
(0.016492 -0.588806 0)
(0.00223337 0.163987 0)
(0.118374 0.285136 0)
(0.113602 0.313915 0)
(0.0886556 0.32235 0)
(0.0666971 0.318505 0)
(0.0501826 0.30656 0)
(0.0390537 0.290554 0)
(0.0322863 0.273194 0)
(0.0285838 0.255838 0)
(0.0268858 0.23914 0)
(0.00143002 -0.425431 0)
(0.00423419 -0.427845 0)
(0.0065793 -0.42978 0)
(0.00909945 -0.433485 0)
(0.0114464 -0.438353 0)
(0.0135691 -0.444302 0)
(0.0153858 -0.451235 0)
(0.0168863 -0.459006 0)
(0.0173925 -0.467604 0)
(0.0173082 -0.475648 0)
(0.0198595 -0.484909 0)
(0.00657868 -0.47091 0)
(0.0968513 -0.516895 0)
(-0.0175169 0.0458945 0)
(0.192891 0.266213 0)
(0.150959 0.346193 0)
(0.0918352 0.355456 0)
(0.0562437 0.342517 0)
(0.0334129 0.32222 0)
(0.0200583 0.299777 0)
(0.0132332 0.278063 0)
(0.0103953 0.257914 0)
(0.00992273 0.239528 0)
(0.0006055 -0.379202 0)
(0.00208589 -0.381342 0)
(0.00321159 -0.383126 0)
(0.00442343 -0.386181 0)
(0.00547827 -0.390143 0)
(0.00632602 -0.394929 0)
(0.00690701 -0.400368 0)
(0.00705128 -0.406302 0)
(0.00666193 -0.412868 0)
(0.00410561 -0.41918 0)
(0.0186367 -0.425175 0)
(0.0311901 -0.46915 0)
(0.247353 -0.414336 0)
(0.377657 -0.185388 0)
(0.277364 0.412465 0)
(0.205569 0.45661 0)
(0.0889758 0.406771 0)
(0.0334196 0.375452 0)
(0.00701479 0.34043 0)
(-0.00549039 0.308854 0)
(-0.00991584 0.281628 0)
(-0.0102554 0.258302 0)
(-0.00842884 0.238218 0)
(-0.000772389 -0.343907 0)
(-0.00587737 -0.345109 0)
(-0.00906672 -0.347659 0)
(-0.0129639 -0.351395 0)
(-0.0170387 -0.356372 0)
(-0.0212365 -0.362529 0)
(-0.0254946 -0.36988 0)
(-0.0287855 -0.378578 0)
(-0.0277068 -0.387967 0)
(-0.0351758 -0.410921 0)
(0.0222874 -0.440014 0)
(0.132485 -0.68898 0)
(0.194749 -0.62821 0)
(0.490149 -0.408581 0)
(0.408567 0.270741 0)
(0.187532 0.567832 0)
(0.0344038 0.514281 0)
(-0.0103553 0.417624 0)
(-0.0337448 0.357198 0)
(-0.0390795 0.314251 0)
(-0.0376713 0.281449 0)
(-0.0333397 0.255468 0)
(-0.0279307 0.234276 0)
(-0.00358312 -0.523714 0)
(-0.0289486 -0.524524 0)
(-0.045432 -0.527365 0)
(-0.0642476 -0.530536 0)
(-0.0831389 -0.53539 0)
(-0.101756 -0.541855 0)
(-0.119622 -0.550982 0)
(-0.130894 -0.56356 0)
(-0.130405 -0.578104 0)
(-0.132779 -0.64254 0)
(-0.0950955 -0.785291 0)
(0.150977 -0.824382 0)
(-0.248305 -1.16233 0)
(0.22862 0.0694143 0)
(-0.126542 0.496102 0)
(-0.204819 0.727014 0)
(-0.135865 0.567528 0)
(-0.111779 0.435636 0)
(-0.0956385 0.359552 0)
(-0.0816005 0.309672 0)
(-0.0690961 0.27436 0)
(-0.057794 0.247783 0)
(-0.047746 0.226831 0)
(-0.00973114 -0.354651 0)
(-0.0274889 -0.355532 0)
(-0.0456837 -0.35704 0)
(-0.0645452 -0.359481 0)
(-0.0842622 -0.363098 0)
(-0.105096 -0.368614 0)
(-0.127181 -0.37723 0)
(-0.149892 -0.390866 0)
(-0.182533 -0.417982 0)
(-0.220405 -0.472268 0)
(-0.260906 -0.559719 0)
(-0.472197 -0.629916 0)
(-0.802414 -0.562104 0)
(-0.889125 -0.137184 0)
(-0.676463 0.5786 0)
(-0.532431 0.623495 0)
(-0.316773 0.48909 0)
(-0.218805 0.395124 0)
(-0.16071 0.33274 0)
(-0.124947 0.289424 0)
(-0.100033 0.258068 0)
(-0.0812756 0.234256 0)
(-0.066457 0.215435 0)
(-0.00961313 -0.369348 0)
(-0.0286562 -0.37152 0)
(-0.0479289 -0.372651 0)
(-0.0681077 -0.374718 0)
(-0.0893274 -0.377733 0)
(-0.112241 -0.382061 0)
(-0.137386 -0.388152 0)
(-0.166435 -0.397047 0)
(-0.205512 -0.410956 0)
(-0.252707 -0.426853 0)
(-0.322575 -0.458217 0)
(-0.483198 -0.518425 0)
(-0.712855 -0.481851 0)
(-0.8253 -0.155419 0)
(-0.728928 0.222303 0)
(-0.538068 0.349174 0)
(-0.372654 0.339117 0)
(-0.270836 0.312195 0)
(-0.202585 0.281951 0)
(-0.156958 0.255464 0)
(-0.124716 0.233508 0)
(-0.100824 0.21544 0)
(-0.0824086 0.200448 0)
(-0.00964513 -0.343931 0)
(-0.0290824 -0.345575 0)
(-0.0489822 -0.346095 0)
(-0.0697524 -0.346873 0)
(-0.0917814 -0.348059 0)
(-0.115768 -0.349748 0)
(-0.142513 -0.352042 0)
(-0.173848 -0.355291 0)
(-0.212437 -0.35908 0)
(-0.257138 -0.35938 0)
(-0.320163 -0.357016 0)
(-0.427418 -0.339333 0)
(-0.551017 -0.255095 0)
(-0.610669 -0.0912283 0)
(-0.562449 0.0720846 0)
(-0.450194 0.179552 0)
(-0.352547 0.220561 0)
(-0.276312 0.231275 0)
(-0.217771 0.226613 0)
(-0.173745 0.216357 0)
(-0.140368 0.204702 0)
(-0.114652 0.193386 0)
(-0.0944709 0.183008 0)
(-0.00958696 -0.325311 0)
(-0.0291606 -0.326767 0)
(-0.0492448 -0.326644 0)
(-0.0700874 -0.32638 0)
(-0.092235 -0.325986 0)
(-0.116277 -0.32535 0)
(-0.143016 -0.324256 0)
(-0.173731 -0.322398 0)
(-0.209717 -0.318416 0)
(-0.251792 -0.31011 0)
(-0.30566 -0.297516 0)
(-0.374398 -0.268043 0)
(-0.438194 -0.194426 0)
(-0.464762 -0.0789431 0)
(-0.440765 0.0348619 0)
(-0.3832 0.107774 0)
(-0.320911 0.149683 0)
(-0.264906 0.170882 0)
(-0.217642 0.178783 0)
(-0.179043 0.179183 0)
(-0.147873 0.175698 0)
(-0.122732 0.170433 0)
(-0.102388 0.164519 0)
(-0.00948877 -0.305675 0)
(-0.0288045 -0.306889 0)
(-0.0485533 -0.306059 0)
(-0.0690452 -0.304785 0)
(-0.0907058 -0.3029 0)
(-0.113989 -0.300178 0)
(-0.139511 -0.296209 0)
(-0.167975 -0.290362 0)
(-0.199909 -0.281273 0)
(-0.235906 -0.267172 0)
(-0.277671 -0.245931 0)
(-0.323168 -0.209922 0)
(-0.360366 -0.150937 0)
(-0.374391 -0.0744747 0)
(-0.361132 0.00185244 0)
(-0.32846 0.0610548 0)
(-0.287732 0.100884 0)
(-0.24682 0.125678 0)
(-0.209441 0.139682 0)
(-0.176896 0.146492 0)
(-0.149216 0.148746 0)
(-0.125947 0.148248 0)
(-0.106516 0.146159 0)
(-0.00927375 -0.286834 0)
(-0.0279808 -0.287644 0)
(-0.0470507 -0.286237 0)
(-0.0668302 -0.284079 0)
(-0.0875299 -0.280942 0)
(-0.109486 -0.276545 0)
(-0.133091 -0.27043 0)
(-0.158663 -0.261904 0)
(-0.186331 -0.249891 0)
(-0.216146 -0.233053 0)
(-0.247828 -0.209431 0)
(-0.278611 -0.175111 0)
(-0.301879 -0.127796 0)
(-0.310687 -0.0719216 0)
(-0.303087 -0.0167948 0)
(-0.282857 0.0300965 0)
(-0.255516 0.0658652 0)
(-0.225773 0.0912019 0)
(-0.196718 0.108077 0)
(-0.169967 0.118642 0)
(-0.146145 0.124733 0)
(-0.125351 0.127758 0)
(-0.107457 0.128724 0)
(-0.008877 -0.26867 0)
(-0.0267304 -0.269091 0)
(-0.044903 -0.267273 0)
(-0.0636472 -0.264411 0)
(-0.083056 -0.26031 0)
(-0.103349 -0.254687 0)
(-0.124724 -0.247119 0)
(-0.147258 -0.236997 0)
(-0.170835 -0.223516 0)
(-0.195132 -0.205694 0)
(-0.21927 -0.182218 0)
(-0.240993 -0.151456 0)
(-0.256601 -0.113204 0)
(-0.262672 -0.0703385 0)
(-0.258214 -0.0278338 0)
(-0.245092 0.0100188 0)
(-0.226186 0.0411338 0)
(-0.204355 0.0651826 0)
(-0.18187 0.0828895 0)
(-0.160181 0.0954034 0)
(-0.140078 0.103899 0)
(-0.121928 0.109391 0)
(-0.105865 0.112675 0)
(-0.00834254 -0.251286 0)
(-0.0251791 -0.251441 0)
(-0.0422777 -0.249328 0)
(-0.0597516 -0.245966 0)
(-0.0776715 -0.241203 0)
(-0.0961466 -0.234789 0)
(-0.115234 -0.226374 0)
(-0.134868 -0.215482 0)
(-0.154803 -0.201545 0)
(-0.174563 -0.183915 0)
(-0.193231 -0.161868 0)
(-0.209194 -0.134853 0)
(-0.22033 -0.10328 0)
(-0.224855 -0.0690416 0)
(-0.222232 -0.0349911 0)
(-0.2134 -0.00371892 0)
(-0.199997 0.0233322 0)
(-0.183784 0.0454917 0)
(-0.166351 0.0629454 0)
(-0.14887 0.0762563 0)
(-0.132104 0.0861315 0)
(-0.116504 0.0932606 0)
(-0.102345 0.0982295 0)
(-0.00774677 -0.234955 0)
(-0.0234438 -0.234947 0)
(-0.0393212 -0.23261 0)
(-0.0553949 -0.228925 0)
(-0.0717363 -0.223762 0)
(-0.088366 -0.216919 0)
(-0.10525 -0.208124 0)
(-0.122247 -0.197035 0)
(-0.139064 -0.183279 0)
(-0.155215 -0.16647 0)
(-0.169927 -0.146279 0)
(-0.182093 -0.122634 0)
(-0.190458 -0.0960624 0)
(-0.194046 -0.0678396 0)
(-0.19255 -0.0397083 0)
(-0.186407 -0.0133062 0)
(-0.176697 0.0103052 0)
(-0.16453 0.0304708 0)
(-0.150955 0.0471551 0)
(-0.136893 0.0605804 0)
(-0.123002 0.0711451 0)
(-0.109733 0.0792948 0)
(-0.0974123 0.0854386 0)
(-0.00713594 -0.219879 0)
(-0.0215976 -0.219761 0)
(-0.0361514 -0.21727 0)
(-0.0507807 -0.213402 0)
(-0.0655319 -0.208044 0)
(-0.080368 -0.201041 0)
(-0.0952033 -0.192195 0)
(-0.109865 -0.181279 0)
(-0.124063 -0.168066 0)
(-0.137366 -0.152356 0)
(-0.149173 -0.134051 0)
(-0.158733 -0.113275 0)
(-0.165276 -0.0905177 0)
(-0.168236 -0.0666688 0)
(-0.167432 -0.042849 0)
(-0.163118 -0.0201585 0)
(-0.155994 0.000553613 0)
(-0.146744 0.018904 0)
(-0.136096 0.0346232 0)
(-0.124774 0.047783 0)
(-0.113308 0.0585914 0)
(-0.102102 0.0673231 0)
(-0.0914832 0.0742501 0)
(-0.00652037 -0.206113 0)
(-0.0196859 -0.205912 0)
(-0.0328693 -0.203344 0)
(-0.0460614 -0.199407 0)
(-0.0592603 -0.194008 0)
(-0.0723982 -0.187035 0)
(-0.0853656 -0.178356 0)
(-0.097986 -0.167832 0)
(-0.109996 -0.15534 0)
(-0.121039 -0.140806 0)
(-0.130666 -0.124252 0)
(-0.138362 -0.105871 0)
(-0.143641 -0.0860787 0)
(-0.146161 -0.0655183 0)
(-0.145827 -0.0449573 0)
(-0.142801 -0.0251609 0)
(-0.137426 -0.0067571 0)
(-0.130291 0.00994775 0)
(-0.12194 0.0246514 0)
(-0.11282 0.0373476 0)
(-0.103377 0.0481233 0)
(-0.0939614 0.0571357 0)
(-0.0848778 0.0645556 0)
(-0.00589755 -0.193645 0)
(-0.017744 -0.193379 0)
(-0.0295599 -0.190803 0)
(-0.0413511 -0.186886 0)
(-0.0530628 -0.181557 0)
(-0.0646167 -0.174743 0)
(-0.0758974 -0.166365 0)
(-0.0867391 -0.156349 0)
(-0.0969153 -0.144645 0)
(-0.106142 -0.131254 0)
(-0.114087 -0.116259 0)
(-0.120395 -0.0998649 0)
(-0.124747 -0.0824172 0)
(-0.126932 -0.064394 0)
(-0.126891 -0.0463459 0)
(-0.124733 -0.0288115 0)
(-0.120696 -0.0122554 0)
(-0.11519 0.00294895 0)
(-0.108572 0.0166889 0)
(-0.101203 0.0288402 0)
(-0.0934368 0.0394226 0)
(-0.0855577 0.0485167 0)
(-0.0778359 0.0562213 0)
(-0.00526998 -0.182451 0)
(-0.0158088 -0.182137 0)
(-0.0262924 -0.179604 0)
(-0.0367315 -0.175768 0)
(-0.0470339 -0.170583 0)
(-0.0571218 -0.164009 0)
(-0.0668834 -0.156006 0)
(-0.0761704 -0.146545 0)
(-0.0847951 -0.135626 0)
(-0.0925356 -0.123293 0)
(-0.0991453 -0.109656 0)
(-0.104376 -0.094909 0)
(-0.108015 -0.079339 0)
(-0.109927 -0.063313 0)
(-0.110078 -0.0472412 0)
(-0.108546 -0.0315275 0)
(-0.105506 -0.0165323 0)
(-0.101204 -0.00254734 0)
(-0.0959362 0.0103161 0)
(-0.0899933 0.0219072 0)
(-0.0836207 0.0322121 0)
(-0.0770556 0.0412625 0)
(-0.070531 0.0491073 0)
(-0.00464504 -0.172515 0)
(-0.013912 -0.172166 0)
(-0.0231146 -0.169706 0)
(-0.0322566 -0.165988 0)
(-0.0412316 -0.160992 0)
(-0.0499654 -0.154699 0)
(-0.0583551 -0.147099 0)
(-0.0662732 -0.138194 0)
(-0.0735674 -0.128016 0)
(-0.0800651 -0.116632 0)
(-0.0855832 -0.10416 0)
(-0.089946 -0.0907781 0)
(-0.0930095 -0.076725 0)
(-0.0946841 -0.0622908 0)
(-0.0949517 -0.0477913 0)
(-0.0938699 -0.0335382 0)
(-0.0915627 -0.0198132 0)
(-0.0882003 -0.00684393 0)
(-0.0840177 0.00522007 0)
(-0.0792216 0.0162641 0)
(-0.074005 0.026257 0)
(-0.0685614 0.0351907 0)
(-0.0630855 0.0430792 0)
(-0.00403274 -0.163813 0)
(-0.0120754 -0.163444 0)
(-0.0200527 -0.161069 0)
(-0.027956 -0.157488 0)
(-0.0356827 -0.152698 0)
(-0.0431633 -0.146697 0)
(-0.0503072 -0.139496 0)
(-0.0570078 -0.131119 0)
(-0.0631426 -0.121615 0)
(-0.0685776 -0.111062 0)
(-0.0731769 -0.0995782 0)
(-0.0768152 -0.0873235 0)
(-0.0793931 -0.0745006 0)
(-0.0808509 -0.0613439 0)
(-0.0811789 -0.0481045 0)
(-0.0804205 -0.0350306 0)
(-0.0786652 -0.0223494 0)
(-0.0760362 -0.0102554 0)
(-0.0727328 0.00109803 0)
(-0.0688779 0.0116745 0)
(-0.0646215 0.0213614 0)
(-0.0601385 0.0301431 0)
(-0.0555825 0.0380144 0)
(-0.00344084 -0.156313 0)
(-0.0103092 -0.155936 0)
(-0.0171148 -0.153648 0)
(-0.0238379 -0.150207 0)
(-0.0303889 -0.145622 0)
(-0.0367053 -0.139905 0)
(-0.0427096 -0.133078 0)
(-0.0483142 -0.12518 0)
(-0.0534211 -0.11627 0)
(-0.0579273 -0.10643 0)
(-0.061732 -0.0957731 0)
(-0.0647454 -0.0844448 0)
(-0.0668981 -0.072618 0)
(-0.0681498 -0.0604876 0)
(-0.0684963 -0.048259 0)
(-0.0679718 -0.0361356 0)
(-0.0666465 -0.024306 0)
(-0.0646202 -0.0129367 0)
(-0.0619863 -0.00216595 0)
(-0.0588851 0.00797733 0)
(-0.055467 0.0173716 0)
(-0.0518195 0.0259873 0)
(-0.0480754 0.0338055 0)
(-0.00287207 -0.149977 0)
(-0.00861322 -0.149601 0)
(-0.0142964 -0.147395 0)
(-0.0198945 -0.144088 0)
(-0.0253352 -0.139695 0)
(-0.0305639 -0.134237 0)
(-0.0355162 -0.127746 0)
(-0.040121 -0.120268 0)
(-0.044301 -0.111866 0)
(-0.0479781 -0.102623 0)
(-0.0510782 -0.0926488 0)
(-0.0535369 -0.0820731 0)
(-0.055305 -0.071047 0)
(-0.0563556 -0.0597361 0)
(-0.0566878 -0.0483134 0)
(-0.0563284 -0.03695 0)
(-0.0553297 -0.0258057 0)
(-0.0537634 -0.0150204 0)
(-0.0517087 -0.00470717 0)
(-0.0492687 0.0050361 0)
(-0.0465447 0.0141611 0)
(-0.0436209 0.0226133 0)
(-0.0405971 0.0303613 0)
(-0.00232542 -0.144751 0)
(-0.00698077 -0.144383 0)
(-0.0115849 -0.142253 0)
(-0.0161082 -0.139066 0)
(-0.0204952 -0.134845 0)
(-0.0247003 -0.129615 0)
(-0.0286711 -0.123413 0)
(-0.032351 -0.11629 0)
(-0.0356813 -0.10831 0)
(-0.038604 -0.0995574 0)
(-0.0410652 -0.0901343 0)
(-0.0430186 -0.0801595 0)
(-0.0444298 -0.069767 0)
(-0.0452808 -0.0591013 0)
(-0.0455732 -0.0483121 0)
(-0.0453278 -0.0375475 0)
(-0.0445834 -0.0269465 0)
(-0.0433931 -0.0166338 0)
(-0.0418194 -0.00671563 0)
(-0.0399412 0.00272311 0)
(-0.0378245 0.0116239 0)
(-0.0355398 0.0199303 0)
(-0.0331631 0.0276057 0)
(-0.00179823 -0.140549 0)
(-0.00540281 -0.140193 0)
(-0.00896535 -0.138128 0)
(-0.012457 -0.135048 0)
(-0.0158379 -0.130974 0)
(-0.0190709 -0.125938 0)
(-0.0221153 -0.119977 0)
(-0.0249283 -0.113146 0)
(-0.0274673 -0.105509 0)
(-0.0296904 -0.0971488 0)
(-0.0315594 -0.0881616 0)
(-0.0330417 -0.0786567 0)
(-0.034114 -0.0687553 0)
(-0.0347652 -0.0585868 0)
(-0.034998 -0.0482844 0)
(-0.0348284 -0.0379796 0)
(-0.0342852 -0.027797 0)
(-0.033407 -0.01785 0)
(-0.0322403 -0.00823785 0)
(-0.030849 0.000959486 0)
(-0.0292727 0.00968179 0)
(-0.027563 0.0178682 0)
(-0.0257772 0.0254782 0)
(-0.00128599 -0.137608 0)
(-0.00386893 -0.137258 0)
(-0.00642434 -0.135238 0)
(-0.00892259 -0.132231 0)
(-0.0113365 -0.12826 0)
(-0.0136386 -0.123358 0)
(-0.0157996 -0.117565 0)
(-0.0177897 -0.110937 0)
(-0.0195799 -0.103541 0)
(-0.0211419 -0.0954558 0)
(-0.0224499 -0.0867744 0)
(-0.0234828 -0.0775996 0)
(-0.0242263 -0.0680443 0)
(-0.0246745 -0.0582274 0)
(-0.0248308 -0.0482707 0)
(-0.0247073 -0.0382939 0)
(-0.0243247 -0.0284113 0)
(-0.0237104 -0.0187281 0)
(-0.0228965 -0.00933905 0)
(-0.0219364 -0.000327247 0)
(-0.0208508 0.00827619 0)
(-0.0196699 0.0163753 0)
(-0.0184354 0.0239331 0)
(-0.000775055 -0.136517 0)
(-0.00235041 -0.136152 0)
(-0.003919 -0.134149 0)
(-0.00544517 -0.131169 0)
(-0.00691477 -0.127236 0)
(-0.00831128 -0.122382 0)
(-0.00961714 -0.116654 0)
(-0.0108147 -0.110107 0)
(-0.0118864 -0.10281 0)
(-0.0128155 -0.094842 0)
(-0.0135872 -0.0862946 0)
(-0.0141895 -0.0772683 0)
(-0.0146154 -0.0678724 0)
(-0.0148627 -0.0582214 0)
(-0.0149348 -0.0484314 0)
(-0.0148403 -0.0386165 0)
(-0.0145932 -0.0288855 0)
(-0.0142128 -0.0193385 0)
(-0.0137244 -0.0100658 0)
(-0.0131436 -0.00114807 0)
(-0.0125041 0.00738108 0)
(-0.0118345 0.0154224 0)
(-0.0111291 0.0229426 0)
(-0.0002462 -0.133828 0)
(-0.000773471 -0.13341 0)
(-0.00131561 -0.131485 0)
(-0.00183437 -0.128605 0)
(-0.0023316 -0.124797 0)
(-0.00280337 -0.120097 0)
(-0.00324416 -0.11455 0)
(-0.00364797 -0.108208 0)
(-0.00400866 -0.101137 0)
(-0.00432032 -0.0934115 0)
(-0.00457771 -0.085117 0)
(-0.00477686 -0.0763485 0)
(-0.00491541 -0.0672083 0)
(-0.00499277 -0.0578034 0)
(-0.00501025 -0.0482428 0)
(-0.00497108 -0.0386336 0)
(-0.00488058 -0.0290783 0)
(-0.00474659 -0.0196711 0)
(-0.00458072 -0.0104931 0)
(-0.00439435 -0.00161016 0)
(-0.0041965 0.00687261 0)
(-0.0039885 0.0148745 0)
(-0.00377083 0.0223676 0)
(0.498455 0.308711 0)
(0.441768 0.121962 0)
(0.380642 0.023524 0)
(0.374097 -0.000567372 0)
(0.465562 0.211356 0)
(0.448953 0.109674 0)
(0.409061 0.0572592 0)
(0.373814 0.0334397 0)
(0.351373 0.20447 0)
(0.350083 0.162544 0)
(0.332855 0.128689 0)
(0.311109 0.102376 0)
(0.281567 0.210639 0)
(0.280047 0.183248 0)
(0.272192 0.157507 0)
(0.261156 0.13562 0)
(0.236835 0.210198 0)
(0.235191 0.19061 0)
(0.230668 0.172092 0)
(0.224067 0.155412 0)
(0.203608 0.211335 0)
(0.202024 0.196445 0)
(0.198793 0.182168 0)
(0.194287 0.168809 0)
(0.176632 0.213234 0)
(0.17517 0.201097 0)
(0.1727 0.189392 0)
(0.169429 0.178238 0)
(0.153837 0.215089 0)
(0.152543 0.204777 0)
(0.150593 0.194808 0)
(0.1481 0.185197 0)
(0.134034 0.216857 0)
(0.132886 0.207827 0)
(0.131291 0.19907 0)
(0.129312 0.190559 0)
(0.116383 0.218571 0)
(0.115341 0.210451 0)
(0.113992 0.20255 0)
(0.112369 0.194826 0)
(0.10026 0.220272 0)
(0.0992874 0.212787 0)
(0.0981144 0.205479 0)
(0.0967551 0.198307 0)
(0.0851573 0.221993 0)
(0.0842346 0.214915 0)
(0.0832029 0.207987 0)
(0.0820626 0.201176 0)
(0.070618 0.223718 0)
(0.0697574 0.216842 0)
(0.0688711 0.210113 0)
(0.0679455 0.203503 0)
(0.0562197 0.225357 0)
(0.0554812 0.218503 0)
(0.0547884 0.211816 0)
(0.0541123 0.205271 0)
(0.041578 0.226725 0)
(0.0410755 0.219739 0)
(0.0406675 0.212962 0)
(0.0403201 0.206376 0)
(0.0263679 0.2275 0)
(0.0262713 0.220268 0)
(0.0262933 0.213314 0)
(0.0263979 0.206619 0)
(0.0103806 0.227221 0)
(0.0109162 0.219696 0)
(0.01156 0.21254 0)
(0.0122752 0.205728 0)
(-0.00641691 0.225314 0)
(-0.00497808 0.217555 0)
(-0.00348998 0.210265 0)
(-0.00198475 0.203403 0)
(-0.0237436 0.221088 0)
(-0.0211324 0.213291 0)
(-0.018596 0.206048 0)
(-0.0161387 0.199273 0)
(-0.0409438 0.214022 0)
(-0.0369991 0.206535 0)
(-0.0332963 0.199625 0)
(-0.0298034 0.193174 0)
(-0.0570336 0.203864 0)
(-0.0517805 0.197123 0)
(-0.0469403 0.190894 0)
(-0.0424483 0.18506 0)
(-0.0709191 0.19091 0)
(-0.0646104 0.185308 0)
(-0.0588375 0.18008 0)
(-0.0535173 0.175135 0)
(-0.0818003 0.175953 0)
(-0.0748364 0.171726 0)
(-0.0684555 0.167699 0)
(-0.0625732 0.163823 0)
(-0.089396 0.159996 0)
(-0.0821892 0.157184 0)
(-0.0755473 0.15441 0)
(-0.0693943 0.151667 0)
(-0.0938551 0.143943 0)
(-0.0867431 0.142445 0)
(-0.080138 0.14086 0)
(-0.0739744 0.139209 0)
(-0.0955583 0.128464 0)
(-0.088782 0.128104 0)
(-0.0824362 0.127571 0)
(-0.0764657 0.126907 0)
(-0.0949726 0.113991 0)
(-0.0886838 0.114569 0)
(-0.0827455 0.114924 0)
(-0.0771112 0.115107 0)
(-0.0925661 0.100765 0)
(-0.0868453 0.102088 0)
(-0.0814 0.103162 0)
(-0.0761907 0.104045 0)
(-0.0887614 0.0888857 0)
(-0.083637 0.0907794 0)
(-0.0787222 0.0924195 0)
(-0.073984 0.0938627 0)
(-0.0839161 0.0783562 0)
(-0.0793813 0.080676 0)
(-0.0750014 0.0827481 0)
(-0.0707488 0.0846275 0)
(-0.078319 0.0691225 0)
(-0.074346 0.0717512 0)
(-0.0704839 0.074145 0)
(-0.0667102 0.0763557 0)
(-0.072196 0.0610977 0)
(-0.0687457 0.0639437 0)
(-0.0653721 0.0665709 0)
(-0.0620574 0.069027 0)
(-0.0657185 0.0541807 0)
(-0.0627475 0.0571742 0)
(-0.0598276 0.0599661 0)
(-0.0569448 0.0625995 0)
(-0.0590133 0.0482678 0)
(-0.0564784 0.0513572 0)
(-0.0539758 0.0542615 0)
(-0.0514948 0.0570197 0)
(-0.0521717 0.0432608 0)
(-0.0500322 0.0464087 0)
(-0.0479118 0.0493871 0)
(-0.0458024 0.0522303 0)
(-0.045257 0.0390708 0)
(-0.0434766 0.0422514 0)
(-0.0417061 0.045276 0)
(-0.0399398 0.048175 0)
(-0.0383116 0.035621 0)
(-0.0368586 0.0388169 0)
(-0.0354096 0.0418684 0)
(-0.0339608 0.0448017 0)
(-0.0313616 0.0328462 0)
(-0.0302096 0.0360464 0)
(-0.0290582 0.0391119 0)
(-0.027905 0.0420645 0)
(-0.0244212 0.0306936 0)
(-0.0235493 0.0338922 0)
(-0.0226763 0.0369632 0)
(-0.0218008 0.0399246 0)
(-0.0174964 0.0291228 0)
(-0.0168892 0.0323166 0)
(-0.0162801 0.0353882 0)
(-0.0156681 0.038351 0)
(-0.0105886 0.0281091 0)
(-0.0102357 0.0312972 0)
(-0.00988045 0.0343665 0)
(-0.00952227 0.0373256 0)
(-0.00360118 0.0275142 0)
(-0.00348869 0.030697 0)
(-0.00337477 0.0337627 0)
(-0.0032591 0.036715 0)
(0.332021 -0.101945 0)
(0.203873 -0.075415 0)
(0.153253 -0.0259522 0)
(0.132517 -0.000807667 0)
(0.116511 0.0122618 0)
(0.104005 0.0197355 0)
(0.0934907 0.0240225 0)
(0.0840442 0.0263756 0)
(0.0752838 0.027538 0)
(0.0670101 0.0279778 0)
(0.0591087 0.0279851 0)
(0.0515077 0.0277511 0)
(0.0441561 0.0273951 0)
(0.0370135 0.0269999 0)
(0.0300448 0.026616 0)
(0.0232175 0.02628 0)
(0.0164989 0.0260117 0)
(0.00986066 0.0258272 0)
(0.00326984 0.0256317 0)
(0.309226 -0.0075284 0)
(0.224322 -0.00630978 0)
(0.172491 0.00909235 0)
(0.143974 0.0194249 0)
(0.123907 0.0264962 0)
(0.108491 0.0310478 0)
(0.09602 0.0336806 0)
(0.085334 0.0350116 0)
(0.0757993 0.035492 0)
(0.0670546 0.0354402 0)
(0.0588807 0.0350739 0)
(0.0511379 0.034543 0)
(0.043731 0.0339479 0)
(0.0365907 0.0333579 0)
(0.0296625 0.0328181 0)
(0.0229004 0.0323598 0)
(0.0162631 0.0320019 0)
(0.00971571 0.0317576 0)
(0.00322096 0.0315098 0)
(0.271175 0.0651881 0)
(0.217485 0.0436488 0)
(0.176204 0.0407375 0)
(0.147921 0.0415857 0)
(0.126913 0.0429208 0)
(0.110434 0.0439668 0)
(0.0970248 0.0444316 0)
(0.085648 0.044361 0)
(0.0756496 0.0438928 0)
(0.0666191 0.0431683 0)
(0.0582903 0.0423053 0)
(0.0504859 0.0413955 0)
(0.0430828 0.0405057 0)
(0.0359913 0.039684 0)
(0.0291422 0.0389634 0)
(0.0224794 0.0383668 0)
(0.0159546 0.0379087 0)
(0.0095278 0.0375988 0)
(0.003158 0.0372962 0)
(0.237563 0.105144 0)
(0.202355 0.0800169 0)
(0.1708 0.0684911 0)
(0.145827 0.0627347 0)
(0.125969 0.0594599 0)
(0.109792 0.0573198 0)
(0.0963256 0.0556083 0)
(0.0848083 0.0540335 0)
(0.0746929 0.0525031 0)
(0.0655996 0.051009 0)
(0.0572644 0.0495746 0)
(0.0495015 0.048231 0)
(0.0421772 0.0470072 0)
(0.035192 0.0459265 0)
(0.0284687 0.0450064 0)
(0.0219448 0.0442592 0)
(0.0155676 0.043693 0)
(0.00929385 0.0433131 0)
(0.00307994 0.0429539 0)
(0.208773 0.130903 0)
(0.184488 0.106497 0)
(0.160565 0.0912318 0)
(0.13967 0.0815201 0)
(0.121946 0.0749724 0)
(0.106894 0.0702772 0)
(0.094006 0.0666507 0)
(0.0828032 0.0636592 0)
(0.0728871 0.0610783 0)
(0.0639508 0.0587979 0)
(0.055764 0.0567677 0)
(0.0481542 0.0549675 0)
(0.0409918 0.053391 0)
(0.0341771 0.0520375 0)
(0.0276311 0.0509079 0)
(0.0212894 0.0500034 0)
(0.0150977 0.0493246 0)
(0.00901141 0.0488721 0)
(0.00298597 0.0484556 0)
(0.183746 0.148414 0)
(0.166377 0.125805 0)
(0.148151 0.109372 0)
(0.131059 0.0975672 0)
(0.115741 0.0888933 0)
(0.102214 0.0823207 0)
(0.0902965 0.0771515 0)
(0.0797337 0.0729367 0)
(0.0702696 0.0694006 0)
(0.0616812 0.0663776 0)
(0.0537858 0.0637699 0)
(0.0464373 0.0615196 0)
(0.0395199 0.0595918 0)
(0.0329411 0.057965 0)
(0.0266255 0.0566251 0)
(0.0205105 0.0555626 0)
(0.014543 0.0547709 0)
(0.00867942 0.0542454 0)
(0.00287574 0.0537721 0)
(0.161829 0.160825 0)
(0.149009 0.140166 0)
(0.134962 0.123748 0)
(0.121093 0.110994 0)
(0.108102 0.101048 0)
(0.0962249 0.0931849 0)
(0.0854774 0.086851 0)
(0.0757596 0.081646 0)
(0.066929 0.0772946 0)
(0.0588389 0.0736123 0)
(0.0513559 0.0704767 0)
(0.0443649 0.0678061 0)
(0.0377693 0.0655456 0)
(0.0314885 0.0636574 0)
(0.0254545 0.062115 0)
(0.0196098 0.0608998 0)
(0.0139048 0.0599985 0)
(0.00829856 0.0594023 0)
(0.00274947 0.0588741 0)
(0.142394 0.169982 0)
(0.132666 0.151075 0)
(0.121704 0.135159 0)
(0.110474 0.122109 0)
(0.0995815 0.111472 0)
(0.0893271 0.102777 0)
(0.0798206 0.0956097 0)
(0.0710586 0.089644 0)
(0.062979 0.0846324 0)
(0.0554962 0.0803944 0)
(0.0485205 0.0768 0)
(0.041967 0.0737555 0)
(0.0357599 0.0711938 0)
(0.0298328 0.069066 0)
(0.0241274 0.0673363 0)
(0.0185935 0.065979 0)
(0.013187 0.0649755 0)
(0.00787122 0.0643132 0)
(0.00260796 0.0637333 0)
(0.124884 0.176962 0)
(0.117344 0.159514 0)
(0.108703 0.144251 0)
(0.0996171 0.131251 0)
(0.0905656 0.120299 0)
(0.0818327 0.111103 0)
(0.073562 0.103372 0)
(0.0658013 0.0968505 0)
(0.0585401 0.0913296 0)
(0.0517373 0.0866452 0)
(0.0453381 0.0826703 0)
(0.0392845 0.0793082 0)
(0.0335205 0.0764858 0)
(0.0279942 0.0741475 0)
(0.0226586 0.0722518 0)
(0.0174718 0.0707676 0)
(0.0123966 0.0696725 0)
(0.00740138 0.0689509 0)
(0.00245254 0.0683236 0)
(0.108852 0.182413 0)
(0.102925 0.166128 0)
(0.0960809 0.151511 0)
(0.0887574 0.138724 0)
(0.0813088 0.127686 0)
(0.0739736 0.118222 0)
(0.0668941 0.110135 0)
(0.060139 0.10323 0)
(0.0537276 0.0973365 0)
(0.0476482 0.0923114 0)
(0.0418724 0.0880365 0)
(0.0363643 0.0844176 0)
(0.0310855 0.0813801 0)
(0.0259982 0.0788657 0)
(0.0210667 0.0768293 0)
(0.016258 0.075237 0)
(0.0115424 0.0740635 0)
(0.0068942 0.073291 0)
(0.00228491 0.0726215 0)
(0.0939295 0.186731 0)
(0.0892553 0.171336 0)
(0.0838575 0.157289 0)
(0.0780149 0.144775 0)
(0.0719734 0.133781 0)
(0.0659169 0.124209 0)
(0.0599686 0.115921 0)
(0.0542006 0.108774 0)
(0.048646 0.102628 0)
(0.0433115 0.0973604 0)
(0.0381877 0.0928636 0)
(0.0332558 0.0890493 0)
(0.0284928 0.0858447 0)
(0.0238735 0.0831912 0)
(0.0193731 0.0810426 0)
(0.0149677 0.0793632 0)
(0.010635 0.0781262 0)
(0.00635582 0.0773124 0)
(0.00210704 0.0766064 0)
(0.0798084 0.190152 0)
(0.0761715 0.175404 0)
(0.0719988 0.161825 0)
(0.067443 0.149589 0)
(0.0626601 0.138714 0)
(0.057781 0.129139 0)
(0.0529036 0.12077 0)
(0.0480932 0.113494 0)
(0.0433875 0.107198 0)
(0.0388039 0.101775 0)
(0.0343461 0.09713 0)
(0.0300089 0.0931803 0)
(0.0257816 0.0898568 0)
(0.0216507 0.0871025 0)
(0.0176011 0.0848713 0)
(0.0136179 0.0831273 0)
(0.00968608 0.0818428 0)
(0.00579292 0.0809979 0)
(0.00192111 0.0802617 0)
(0.0662197 0.192793 0)
(0.0635227 0.178483 0)
(0.0604516 0.165269 0)
(0.0570602 0.153296 0)
(0.053432 0.14258 0)
(0.0496516 0.13308 0)
(0.0457911 0.12472 0)
(0.0419055 0.117409 0)
(0.0380322 0.11105 0)
(0.0341948 0.105551 0)
(0.0304061 0.100825 0)
(0.0266716 0.096797 0)
(0.022991 0.0934017 0)
(0.0193606 0.0905847 0)
(0.0157748 0.0883011 0)
(0.0122264 0.0865154 0)
(0.0087078 0.0852 0)
(0.00521257 0.0843345 0)
(0.00172941 0.0835744 0)
(0.0529404 0.194679 0)
(0.0511779 0.180637 0)
(0.0491629 0.167705 0)
(0.046872 0.155977 0)
(0.0443331 0.145451 0)
(0.0415942 0.136085 0)
(0.0387057 0.127808 0)
(0.0357125 0.120541 0)
(0.0326505 0.114197 0)
(0.029547 0.108691 0)
(0.0264223 0.103947 0)
(0.02329 0.0998942 0)
(0.020159 0.0964723 0)
(0.0170342 0.0936296 0)
(0.013918 0.0913233 0)
(0.0108112 0.0895187 0)
(0.0077125 0.0881888 0)
(0.00462192 0.0873135 0)
(0.00153426 0.086536 0)
(0.0397939 0.195754 0)
(0.0390375 0.181862 0)
(0.0380943 0.16916 0)
(0.0368855 0.157675 0)
(0.0354013 0.147373 0)
(0.0336649 0.138195 0)
(0.0317117 0.130069 0)
(0.0295798 0.122915 0)
(0.0273048 0.116653 0)
(0.0249178 0.111206 0)
(0.022445 0.106501 0)
(0.0199076 0.102474 0)
(0.0173219 0.0990682 0)
(0.0147009 0.0962355 0)
(0.0120544 0.0939349 0)
(0.00938973 0.0921336 0)
(0.00671236 0.0908053 0)
(0.00402812 0.0899305 0)
(0.00133802 0.0891422 0)
(0.0266653 0.195886 0)
(0.0270476 0.182098 0)
(0.0272362 0.169622 0)
(0.027122 0.158405 0)
(0.0266785 0.148372 0)
(0.0259176 0.139441 0)
(0.0248684 0.13153 0)
(0.0235674 0.124556 0)
(0.0220526 0.118441 0)
(0.0203599 0.11311 0)
(0.0185213 0.108498 0)
(0.016565 0.104544 0)
(0.0145143 0.101195 0)
(0.0123892 0.0984057 0)
(0.0102062 0.0961382 0)
(0.00797906 0.0943611 0)
(0.00571915 0.0930498 0)
(0.00343812 0.0921856 0)
(0.00114297 0.0913929 0)
(0.0135232 0.194892 0)
(0.0152148 0.181249 0)
(0.0166177 0.169051 0)
(0.0176257 0.158166 0)
(0.0182173 0.148466 0)
(0.0184097 0.13985 0)
(0.0182345 0.132221 0)
(0.0177323 0.125491 0)
(0.0169476 0.119583 0)
(0.0159223 0.114426 0)
(0.0146949 0.109956 0)
(0.0133002 0.106118 0)
(0.0117684 0.102863 0)
(0.0101257 0.100149 0)
(0.00839475 0.0979401 0)
(0.00659518 0.0962071 0)
(0.00474412 0.0949273 0)
(0.0028586 0.0940833 0)
(0.000951331 0.0932923 0)
(0.000443803 0.192574 0)
(0.0036166 0.179209 0)
(0.00631339 0.167399 0)
(0.00846778 0.156953 0)
(0.0100844 0.147671 0)
(0.0112056 0.139445 0)
(0.0118705 0.132173 0)
(0.0121304 0.125751 0)
(0.0120412 0.120108 0)
(0.0116513 0.115177 0)
(0.0110066 0.110897 0)
(0.0101488 0.107216 0)
(0.00911413 0.10409 0)
(0.00793498 0.101479 0)
(0.00663965 0.099352 0)
(0.00525312 0.0976816 0)
(0.00379785 0.0964469 0)
(0.00229587 0.095632 0)
(0.000765211 0.0948486 0)
(-0.0123866 0.188743 0)
(-0.00760148 0.175899 0)
(-0.00355272 0.164656 0)
(-0.000250611 0.154755 0)
(0.00235851 0.146002 0)
(0.00437676 0.138255 0)
(0.00583965 0.131423 0)
(0.00681621 0.125369 0)
(0.00738245 0.120049 0)
(0.0075905 0.115394 0)
(0.0074942 0.111346 0)
(0.00714313 0.107859 0)
(0.00657912 0.104894 0)
(0.00583985 0.102413 0)
(0.00495909 0.10039 0)
(0.00396677 0.0987986 0)
(0.00289016 0.0976215 0)
(0.00175583 0.0968441 0)
(0.000586562 0.0960738 0)
(-0.0246579 0.183278 0)
(-0.0182101 0.171267 0)
(-0.0128436 0.160808 0)
(-0.00843126 0.151612 0)
(-0.00485997 0.143511 0)
(-0.00199296 0.136342 0)
(0.000209923 0.129997 0)
(0.0018404 0.124383 0)
(0.00301884 0.119441 0)
(0.00378045 0.115114 0)
(0.00419186 0.111335 0)
(0.00431303 0.108076 0)
(0.00418836 0.1053 0)
(0.00386075 0.102973 0)
(0.00336951 0.101072 0)
(0.00274879 0.0995757 0)
(0.00203008 0.0984677 0)
(0.00124382 0.0977354 0)
(0.000417141 0.096983 0)
(-0.0359768 0.176173 0)
(-0.0279573 0.165341 0)
(-0.0213597 0.155899 0)
(-0.0159225 0.147594 0)
(-0.0114749 0.140259 0)
(-0.00786038 0.133755 0)
(-0.00498355 0.127966 0)
(-0.00273408 0.122856 0)
(-0.00100078 0.118338 0)
(0.000259849 0.114366 0)
(0.00112903 0.110896 0)
(0.00168529 0.107895 0)
(0.00196431 0.105338 0)
(0.00201574 0.103184 0)
(0.00188556 0.101423 0)
(0.00161054 0.100034 0)
(0.00122572 0.0990052 0)
(0.000764575 0.0983247 0)
(0.000258433 0.0975943 0)
(-0.0459337 0.167592 0)
(-0.0365773 0.158256 0)
(-0.0289227 0.150048 0)
(-0.0226023 0.142778 0)
(-0.0173978 0.136315 0)
(-0.0131282 0.130555 0)
(-0.00966088 0.125412 0)
(-0.00687515 0.120845 0)
(-0.00466283 0.11679 0)
(-0.00295159 0.113206 0)
(-0.00166047 0.110076 0)
(-0.000713537 0.107358 0)
(-7.22972e-05 0.105031 0)
(0.000319724 0.103072 0)
(0.000519984 0.101465 0)
(0.000561998 0.100196 0)
(0.000484389 0.0992563 0)
(0.000322051 0.0986343 0)
(0.000111465 0.0979281 0)
(-0.0542002 0.157846 0)
(-0.0438533 0.150234 0)
(-0.0353843 0.143418 0)
(-0.0283647 0.137296 0)
(-0.0225485 0.131791 0)
(-0.0177371 0.12684 0)
(-0.0137776 0.122389 0)
(-0.0105409 0.118404 0)
(-0.0079165 0.114849 0)
(-0.0058171 0.111693 0)
(-0.00416197 0.10892 0)
(-0.00287791 0.106503 0)
(-0.00191283 0.104422 0)
(-0.00120972 0.102671 0)
(-0.000715405 0.101231 0)
(-0.000387796 0.100091 0)
(-0.000186739 0.0992448 0)
(-8.08203e-05 0.0986845 0)
(-2.38008e-05 0.0980069 0)
(-0.0605923 0.147332 0)
(-0.0496511 0.141553 0)
(-0.0406462 0.136215 0)
(-0.0331366 0.131307 0)
(-0.0268709 0.126813 0)
(-0.021645 0.122712 0)
(-0.0172996 0.118982 0)
(-0.013702 0.11561 0)
(-0.0107386 0.112576 0)
(-0.00831756 0.109866 0)
(-0.00635665 0.107468 0)
(-0.00478389 0.105368 0)
(-0.00353952 0.103552 0)
(-0.00256661 0.102017 0)
(-0.00181354 0.100751 0)
(-0.0012347 0.0997475 0)
(-0.000787925 0.0989985 0)
(-0.000440861 0.0985119 0)
(-0.000144095 0.0978487 0)
(-0.0650806 0.136467 0)
(-0.0539306 0.132509 0)
(-0.0446699 0.128657 0)
(-0.0368836 0.124979 0)
(-0.0303353 0.121512 0)
(-0.0248291 0.118278 0)
(-0.0202079 0.115284 0)
(-0.0163404 0.112538 0)
(-0.0131156 0.110038 0)
(-0.0104403 0.107783 0)
(-0.00823246 0.10577 0)
(-0.00642092 0.103995 0)
(-0.00494363 0.102453 0)
(-0.00374341 0.101142 0)
(-0.00276877 0.100056 0)
(-0.00197311 0.099192 0)
(-0.00131324 0.0985464 0)
(-0.00075483 0.0981375 0)
(-0.000248151 0.0974898 0)
(-0.0677588 0.125621 0)
(-0.0567344 0.12338 0)
(-0.0474728 0.120957 0)
(-0.0396111 0.118477 0)
(-0.0329411 0.116022 0)
(-0.0272853 0.113646 0)
(-0.0224964 0.111385 0)
(-0.0184506 0.109264 0)
(-0.0150419 0.107299 0)
(-0.0121795 0.105501 0)
(-0.00978322 0.103878 0)
(-0.0077843 0.102432 0)
(-0.00612082 0.101166 0)
(-0.00473519 0.100081 0)
(-0.00357721 0.0991787 0)
(-0.00260003 0.0984573 0)
(-0.00176006 0.0979169 0)
(-0.00102175 0.097586 0)
(-0.000336241 0.096957 0)
(-0.0687995 0.115094 0)
(-0.0581656 0.114407 0)
(-0.049118 0.113307 0)
(-0.0413578 0.111956 0)
(-0.0347124 0.110467 0)
(-0.0290283 0.108919 0)
(-0.0241744 0.10737 0)
(-0.0200377 0.105862 0)
(-0.01652 0.104424 0)
(-0.0135359 0.103078 0)
(-0.0110094 0.10184 0)
(-0.00887404 0.10072 0)
(-0.0070696 0.0997293 0)
(-0.00554041 0.0988719 0)
(-0.00423734 0.0981527 0)
(-0.00311432 0.0975745 0)
(-0.00212772 0.0971395 0)
(-0.00124157 0.0968851 0)
(-0.000408674 0.0962782 0)
(-0.0684157 0.105106 0)
(-0.058365 0.105777 0)
(-0.0497002 0.105866 0)
(-0.042188 0.10555 0)
(-0.0356931 0.10496 0)
(-0.0300889 0.104194 0)
(-0.0252633 0.103324 0)
(-0.0211166 0.102404 0)
(-0.0175606 0.101474 0)
(-0.014517 0.100567 0)
(-0.0119155 0.0997047 0)
(-0.00969317 0.0989056 0)
(-0.00779253 0.0981839 0)
(-0.00616091 0.09755 0)
(-0.00475042 0.0970113 0)
(-0.00351638 0.0965745 0)
(-0.00241657 0.0962437 0)
(-0.00141463 0.0960633 0)
(-0.000465643 0.095482 0)
(-0.0668304 0.0958044 0)
(-0.0574906 0.0976308 0)
(-0.0493324 0.098759 0)
(-0.0421829 0.0993687 0)
(-0.035942 0.0995986 0)
(-0.0305101 0.0995547 0)
(-0.0257945 0.0993186 0)
(-0.0217106 0.0989532 0)
(-0.0181812 0.0985074 0)
(-0.0151361 0.0980191 0)
(-0.0125115 0.0975182 0)
(-0.0102491 0.097028 0)
(-0.00829529 0.0965671 0)
(-0.00660057 0.0961499 0)
(-0.00511923 0.0957873 0)
(-0.00380857 0.0954881 0)
(-0.00262813 0.0952587 0)
(-0.00154178 0.0951492 0)
(-0.000507441 0.0945962 0)
(-0.0642571 0.0872746 0)
(-0.0557025 0.090061 0)
(-0.0481347 0.092079 0)
(-0.0414325 0.0935005 0)
(-0.0355269 0.0944626 0)
(-0.0303429 0.0950739 0)
(-0.0258073 0.0954202 0)
(-0.0218498 0.0955694 0)
(-0.0184049 0.0955757 0)
(-0.015411 0.0954822 0)
(-0.0128113 0.0953234 0)
(-0.0105527 0.0951269 0)
(-0.00858619 0.0949151 0)
(-0.00686575 0.0947055 0)
(-0.00534858 0.0945118 0)
(-0.00399438 0.0943449 0)
(-0.00276475 0.0942133 0)
(-0.00162439 0.0941707 0)
(-0.000534525 0.0936482 0)
(-0.0608892 0.0795556 0)
(-0.053153 0.0831239 0)
(-0.0462261 0.0858895 0)
(-0.0400294 0.08801 0)
(-0.0345198 0.0896152 0)
(-0.0296439 0.0908112 0)
(-0.0253457 0.0916839 0)
(-0.021569 0.0923032 0)
(-0.0182591 0.0927262 0)
(-0.0153634 0.0929991 0)
(-0.012832 0.0931597 0)
(-0.0106177 0.0932389 0)
(-0.00867592 0.0932617 0)
(-0.00696484 0.0932482 0)
(-0.00544487 0.0932146 0)
(-0.00407844 0.0931734 0)
(-0.00282957 0.0931348 0)
(-0.0016643 0.0931547 0)
(-0.000547504 0.0926642 0)
(-0.0568944 0.0726523 0)
(-0.0499799 0.0768463 0)
(-0.0437186 0.0802298 0)
(-0.038064 0.0829428 0)
(-0.0329934 0.0851042 0)
(-0.0284712 0.086814 0)
(-0.0244567 0.0881555 0)
(-0.0209059 0.0891982 0)
(-0.0177743 0.0899997 0)
(-0.0150178 0.090608 0)
(-0.0125934 0.0910629 0)
(-0.0104597 0.0913973 0)
(-0.00857712 0.0916382 0)
(-0.00690782 0.0918078 0)
(-0.00541576 0.0919239 0)
(-0.0040664 0.0920006 0)
(-0.00282649 0.0920494 0)
(-0.0016638 0.0921268 0)
(-0.000547141 0.0916694 0)
(-0.0524136 0.0665466 0)
(-0.0463042 0.0712334 0)
(-0.0407141 0.0751203 0)
(-0.0356212 0.0783284 0)
(-0.0310179 0.080964 0)
(-0.026883 0.083119 0)
(-0.0231879 0.0848722 0)
(-0.0198997 0.0862906 0)
(-0.0169827 0.0874313 0)
(-0.0144007 0.0883425 0)
(-0.0121172 0.0890648 0)
(-0.0100965 0.0896323 0)
(-0.00830398 0.0900733 0)
(-0.00670593 0.0904114 0)
(-0.00526995 0.0906657 0)
(-0.00396474 0.0908517 0)
(-0.00275999 0.0909815 0)
(-0.00162556 0.0911111 0)
(-0.000534325 0.0906869 0)
(-0.0475623 0.0612066 0)
(-0.0422291 0.0662759 0)
(-0.0373028 0.0705672 0)
(-0.0327787 0.0741834 0)
(-0.0286596 0.0772177 0)
(-0.0249351 0.0797533 0)
(-0.0215866 0.0818629 0)
(-0.0185898 0.0836104 0)
(-0.0159172 0.0850508 0)
(-0.0135393 0.0862316 0)
(-0.011426 0.0871934 0)
(-0.00954682 0.0879707 0)
(-0.00787179 0.0885927 0)
(-0.00637144 0.0890838 0)
(-0.00501703 0.089464 0)
(-0.00378063 0.0897496 0)
(-0.00263508 0.0899535 0)
(-0.00155256 0.0901297 0)
(-0.000510059 0.0897384 0)
(-0.042433 0.056593 0)
(-0.0378408 0.0619549 0)
(-0.0335628 0.0665668 0)
(-0.0296057 0.070515 0)
(-0.0259791 0.0738801 0)
(-0.0226802 0.0767363 0)
(-0.0196978 0.0791502 0)
(-0.017015 0.0811815 0)
(-0.0146107 0.0828828 0)
(-0.0124617 0.0842999 0)
(-0.0105433 0.0854729 0)
(-0.00883017 0.0864363 0)
(-0.00729665 0.0872194 0)
(-0.00591735 0.0878471 0)
(-0.00466724 0.0883402 0)
(-0.00352183 0.0887152 0)
(-0.00245719 0.0889857 0)
(-0.00144805 0.0892027 0)
(-0.000475427 0.0888436 0)
(-0.0370986 0.0526649 0)
(-0.0332105 0.058247 0)
(-0.029561 0.0631094 0)
(-0.0261636 0.0673236 0)
(-0.0230316 0.070959 0)
(-0.0201671 0.0740812 0)
(-0.0175646 0.0767508 0)
(-0.0152125 0.0790229 0)
(-0.0130956 0.0809473 0)
(-0.0111956 0.082568 0)
(-0.00949289 0.0839241 0)
(-0.00796653 0.0850494 0)
(-0.00659515 0.0859733 0)
(-0.0053572 0.086721 0)
(-0.00423133 0.0873133 0)
(-0.00319651 0.0877673 0)
(-0.00223211 0.0880965 0)
(-0.00131549 0.0883483 0)
(-0.000431576 0.08802 0)
(-0.0316157 0.0493821 0)
(-0.028396 0.055127 0)
(-0.0253536 0.0601817 0)
(-0.0225055 0.0646055 0)
(-0.0198661 0.0684578 0)
(-0.0174405 0.0717966 0)
(-0.0152269 0.0746767 0)
(-0.0132181 0.0771492 0)
(-0.0114032 0.0792605 0)
(-0.00976841 0.0810529 0)
(-0.00829828 0.0825641 0)
(-0.00697603 0.0838274 0)
(-0.00578416 0.0848718 0)
(-0.00470488 0.0857224 0)
(-0.00372044 0.0864 0)
(-0.00281321 0.0869219 0)
(-0.00196585 0.0873018 0)
(-0.00115846 0.0875824 0)
(-0.00037969 0.0872832 0)
(-0.026028 0.0467082 0)
(-0.023444 0.0525705 0)
(-0.0209882 0.0577696 0)
(-0.0186776 0.0623545 0)
(-0.0165265 0.0663768 0)
(-0.0145412 0.0698876 0)
(-0.0127223 0.0729367 0)
(-0.0110656 0.0755712 0)
(-0.00956379 0.0778349 0)
(-0.00820679 0.0797681 0)
(-0.00698279 0.0814072 0)
(-0.00587869 0.0827847 0)
(-0.00488067 0.0839293 0)
(-0.0039745 0.0848656 0)
(-0.00314591 0.0856145 0)
(-0.00238065 0.0861932 0)
(-0.00166461 0.0866154 0)
(-0.000980643 0.0869188 0)
(-0.000320984 0.0866467 0)
(-0.0203685 0.0446117 0)
(-0.0183925 0.0505556 0)
(-0.0165044 0.0558591 0)
(-0.01472 0.0605637 0)
(-0.0130518 0.0647142 0)
(-0.0115063 0.0683566 0)
(-0.0100853 0.0715363 0)
(-0.00878689 0.074297 0)
(-0.00760634 0.0766802 0)
(-0.00653666 0.0787244 0)
(-0.00556924 0.0804648 0)
(-0.00469438 0.0819332 0)
(-0.00390165 0.0831576 0)
(-0.00318024 0.0841624 0)
(-0.00251924 0.0849684 0)
(-0.00190768 0.0855927 0)
(-0.00133464 0.0860489 0)
(-0.000785769 0.0863691 0)
(-0.000256692 0.0861217 0)
(-0.0146627 0.0430668 0)
(-0.0132721 0.0490633 0)
(-0.0119362 0.0544377 0)
(-0.0106679 0.0592257 0)
(-0.00947727 0.0634673 0)
(-0.00837003 0.0672042 0)
(-0.00734852 0.0704786 0)
(-0.00641228 0.0733317 0)
(-0.00555861 0.0758029 0)
(-0.00478309 0.0779294 0)
(-0.00407999 0.0797452 0)
(-0.00344268 0.0812815 0)
(-0.00286396 0.0825658 0)
(-0.00233627 0.0836221 0)
(-0.00185194 0.084471 0)
(-0.00140319 0.0851296 0)
(-0.000982244 0.0856115 0)
(-0.000577644 0.0859427 0)
(-0.000188103 0.0857172 0)
(-0.0089309 0.0420581 0)
(-0.00810942 0.0480834 0)
(-0.0073138 0.0534995 0)
(-0.00655355 0.0583385 0)
(-0.00583578 0.062637 0)
(-0.00516495 0.0664341 0)
(-0.00454334 0.0697694 0)
(-0.00397139 0.0726824 0)
(-0.00344806 0.0752112 0)
(-0.00297113 0.0773917 0)
(-0.00253751 0.0792575 0)
(-0.00214345 0.0808388 0)
(-0.00178477 0.082163 0)
(-0.00145707 0.0832536 0)
(-0.00115577 0.0841313 0)
(-0.000876238 0.0848128 0)
(-0.000613849 0.085312 0)
(-0.000360282 0.0856488 0)
(-0.000116649 0.0854413 0)
(-0.00306688 0.0414567 0)
(-0.00279761 0.0474945 0)
(-0.00253355 0.0529319 0)
(-0.00227871 0.0577986 0)
(-0.00203601 0.0621291 0)
(-0.00180747 0.0659607 0)
(-0.00159428 0.0693316 0)
(-0.00139697 0.0722802 0)
(-0.0012155 0.0748434 0)
(-0.00104937 0.0770567 0)
(-0.000897693 0.0789528 0)
(-0.000759358 0.0805617 0)
(-0.000633051 0.0819103 0)
(-0.000517339 0.0830221 0)
(-0.000410712 0.0839174 0)
(-0.000311612 0.0846133 0)
(-0.00021852 0.0851233 0)
(-0.000127949 0.0854612 0)
(-4.11207e-05 0.0852689 0)
)
;

boundaryField
{
    leftWall
    {
        type            noSlip;
    }
    rightWall
    {
        type            noSlip;
    }
    lowerWall
    {
        type            noSlip;
    }
    atmosphere
    {
        type            pressureInletOutletVelocity;
        value           nonuniform List<vector> 
46
(
(0 -0.133828 0)
(0 -0.13341 0)
(0 -0.131485 0)
(0 -0.128605 0)
(0 -0.124797 0)
(0 -0.120097 0)
(0 -0.11455 0)
(0 -0.108208 0)
(0 -0.101137 0)
(0 -0.0934115 0)
(0 -0.085117 0)
(0 -0.0763485 0)
(0 -0.0672083 0)
(0 -0.0578034 0)
(0 -0.0482428 0)
(0 -0.0386336 0)
(0 -0.0290783 0)
(0 -0.0196711 0)
(0 -0.0104931 0)
(0 -0.00161016 0)
(-0.0041965 0.00687261 0)
(-0.0039885 0.0148745 0)
(-0.00377083 0.0223676 0)
(-0.00360118 0.0275142 0)
(-0.00348869 0.030697 0)
(-0.00337477 0.0337627 0)
(-0.0032591 0.036715 0)
(-0.00306688 0.0414567 0)
(-0.00279761 0.0474945 0)
(-0.00253355 0.0529319 0)
(-0.00227871 0.0577986 0)
(-0.00203601 0.0621291 0)
(-0.00180747 0.0659607 0)
(-0.00159428 0.0693316 0)
(-0.00139697 0.0722802 0)
(-0.0012155 0.0748434 0)
(-0.00104937 0.0770567 0)
(-0.000897693 0.0789528 0)
(-0.000759358 0.0805617 0)
(-0.000633051 0.0819103 0)
(-0.000517339 0.0830221 0)
(-0.000410712 0.0839174 0)
(-0.000311612 0.0846133 0)
(-0.00021852 0.0851233 0)
(-0.000127949 0.0854612 0)
(-4.11207e-05 0.0852689 0)
)
;
    }
    defaultFaces
    {
        type            empty;
    }
}


// ************************************************************************* //
