/*--------------------------------*- C++ -*----------------------------------*\
| =========                 |                                                 |
| \\      /  F ield         | OpenFOAM: The Open Source CFD Toolbox           |
|  \\    /   O peration     | Version:  5.x                                   |
|   \\  /    A nd           | Web:      www.OpenFOAM.org                      |
|    \\/     M anipulation  |                                                 |
\*---------------------------------------------------------------------------*/
FoamFile
{
    version     2.0;
    format      ascii;
    class       surfaceScalarField;
    location    "0.8";
    object      phi;
}
// * * * * * * * * * * * * * * * * * * * * * * * * * * * * * * * * * * * * * //

dimensions      [0 3 -1 0 0 0 0];

internalField   nonuniform List<scalar> 
4432
(
-4.31391e-06
4.31391e-06
-9.24858e-06
4.93467e-06
-1.39157e-05
4.66716e-06
-1.84982e-05
4.58248e-06
-2.20182e-05
3.51995e-06
-2.26706e-05
6.52383e-07
-2.06363e-05
-2.03431e-06
-1.79663e-05
-2.66995e-06
-1.6294e-05
-1.6723e-06
-1.57628e-05
-5.3123e-07
-1.59749e-05
2.1213e-07
-1.66646e-05
6.89699e-07
-1.76824e-05
1.01782e-06
-1.87654e-05
1.08302e-06
-1.9209e-05
4.43558e-07
-1.83278e-05
-8.81188e-07
-1.82809e-05
-4.6959e-08
-2.25988e-05
4.3179e-06
-2.69164e-05
4.31763e-06
-2.59726e-05
-9.43751e-07
-1.94766e-05
-6.49606e-06
-9.36376e-06
-1.01128e-05
-9.36375e-06
-6.68135e-06
1.09953e-05
-1.25607e-05
1.0814e-05
-1.74155e-05
9.52196e-06
-2.15364e-05
8.70334e-06
-2.39847e-05
5.96825e-06
-2.38438e-05
5.11532e-07
-2.14536e-05
-4.4245e-06
-1.84316e-05
-5.69197e-06
-1.6455e-05
-3.64896e-06
-1.57551e-05
-1.23107e-06
-1.5817e-05
2.7402e-07
-1.62329e-05
1.10557e-06
-1.67437e-05
1.52859e-06
-1.7307e-05
1.64632e-06
-1.81523e-05
1.28893e-06
-1.99737e-05
9.40137e-07
-2.28174e-05
2.79681e-06
-2.46411e-05
6.14156e-06
-2.30503e-05
2.72681e-06
-1.85154e-05
-5.47859e-06
-1.29416e-05
-1.20699e-05
-6.34297e-06
-1.67115e-05
-1.57067e-05
-6.29707e-06
1.72923e-05
-1.15918e-05
1.61088e-05
-1.62754e-05
1.42055e-05
-2.07183e-05
1.31463e-05
-2.38119e-05
9.06181e-06
-2.41176e-05
8.17247e-07
-2.19631e-05
-6.57901e-06
-1.91285e-05
-8.52655e-06
-1.71295e-05
-5.64792e-06
-1.6289e-05
-2.07162e-06
-1.61543e-05
1.39356e-07
-1.60974e-05
1.0486e-06
-1.57754e-05
1.20662e-06
-1.51335e-05
1.00444e-06
-1.45533e-05
7.08697e-07
-1.46987e-05
1.0856e-06
-1.50613e-05
3.15943e-06
-1.35847e-05
4.66488e-06
-1.04655e-05
-3.92301e-07
-6.98901e-06
-8.95512e-06
-4.39222e-06
-1.46667e-05
-1.65936e-06
-1.94443e-05
-1.73661e-05
-5.06227e-06
2.23546e-05
-9.69522e-06
2.07417e-05
-1.41388e-05
1.86491e-05
-1.83325e-05
1.734e-05
-2.1112e-05
1.18413e-05
-2.16171e-05
1.32235e-06
-2.03393e-05
-7.85678e-06
-1.88501e-05
-1.00158e-05
-1.77494e-05
-6.74859e-06
-1.71719e-05
-2.64911e-06
-1.71088e-05
7.62242e-08
-1.71117e-05
1.05144e-06
-1.67316e-05
8.26587e-07
-1.57117e-05
-1.54927e-08
-1.40734e-05
-9.29542e-07
-1.18829e-05
-1.10497e-06
-8.65527e-06
-6.81848e-08
-4.14262e-06
1.52228e-07
-1.67779e-07
-4.36713e-06
2.14136e-06
-1.12643e-05
2.04869e-06
-1.4574e-05
1.47e-06
-1.88656e-05
-1.58961e-05
-3.43196e-06
2.57865e-05
-7.09627e-06
2.4406e-05
-1.07004e-05
2.22532e-05
-1.37588e-05
2.03984e-05
-1.54397e-05
1.35222e-05
-1.58487e-05
1.73132e-06
-1.60833e-05
-7.62219e-06
-1.69886e-05
-9.11045e-06
-1.78494e-05
-5.88781e-06
-1.8136e-05
-2.36254e-06
-1.82597e-05
1.99921e-07
-1.82817e-05
1.07347e-06
-1.79289e-05
4.73852e-07
-1.69337e-05
-1.01071e-06
-1.5158e-05
-2.70524e-06
-1.23192e-05
-3.94377e-06
-7.94052e-06
-4.44687e-06
-2.47034e-06
-5.31795e-06
1.942e-06
-8.77948e-06
3.90132e-06
-1.32236e-05
3.61246e-06
-1.42851e-05
2.20024e-06
-1.74534e-05
-1.36958e-05
-1.32845e-06
2.7115e-05
-3.48281e-06
2.65604e-05
-5.92388e-06
2.46943e-05
-7.62835e-06
2.21029e-05
-8.02902e-06
1.39229e-05
-8.37224e-06
2.07453e-06
-1.05445e-05
-5.44994e-06
-1.42567e-05
-5.39819e-06
-1.74238e-05
-2.72077e-06
-1.89804e-05
-8.0597e-07
-1.9482e-05
7.01571e-07
-1.95092e-05
1.10061e-06
-1.90472e-05
1.19354e-08
-1.7947e-05
-2.11097e-06
-1.61091e-05
-4.54311e-06
-1.33282e-05
-6.72469e-06
-9.24501e-06
-8.53005e-06
-4.26775e-06
-1.02952e-05
-1.77935e-07
-1.28693e-05
2.1624e-06
-1.55639e-05
2.51598e-06
-1.46387e-05
1.79367e-06
-1.67311e-05
-1.19022e-05
8.74937e-07
2.62401e-05
3.09355e-07
2.71259e-05
-6.61342e-07
2.5665e-05
-7.89147e-07
2.22307e-05
1.42043e-07
1.29917e-05
-7.92735e-07
3.0093e-06
-6.12288e-06
-1.19792e-07
-1.23036e-05
7.82514e-07
-1.70079e-05
1.98358e-06
-1.97169e-05
1.90304e-06
-2.07662e-05
1.75084e-06
-2.0841e-05
1.17536e-06
-2.02288e-05
-6.00261e-07
-1.89304e-05
-3.40937e-06
-1.68715e-05
-6.602e-06
-1.38828e-05
-9.71337e-06
-9.68324e-06
-1.27296e-05
-4.73131e-06
-1.52471e-05
-4.37972e-07
-1.71626e-05
2.00287e-06
-1.80047e-05
2.75609e-06
-1.53919e-05
2.0809e-06
-1.60559e-05
-9.82127e-06
3.21768e-06
2.30224e-05
5.67133e-06
2.46723e-05
7.28392e-06
2.40524e-05
8.63245e-06
2.08821e-05
7.64686e-06
1.39773e-05
1.95031e-06
8.70586e-06
-6.155e-06
7.98551e-06
-1.26951e-05
7.32257e-06
-1.69855e-05
6.27404e-06
-1.9901e-05
4.81856e-06
-2.16031e-05
3.45285e-06
-2.2086e-05
1.65825e-06
-2.14289e-05
-1.25736e-06
-1.97134e-05
-5.12487e-06
-1.70904e-05
-9.22499e-06
-1.35367e-05
-1.3267e-05
-8.70703e-06
-1.75593e-05
-3.12959e-06
-2.08246e-05
1.60676e-06
-2.1899e-05
4.26169e-06
-2.06597e-05
4.98443e-06
-1.61147e-05
3.51264e-06
-1.45841e-05
-6.30862e-06
-1.78333e-05
1.78333e-05
-4.26312e-05
2.47979e-05
-4.56077e-05
2.97648e-06
-2.55577e-05
-2.00499e-05
2.78253e-07
-2.5836e-05
8.28424e-06
-8.00599e-06
1.56558e-06
6.71866e-06
-2.04564e-05
2.2022e-05
-6.07102e-05
4.02538e-05
-7.18218e-05
1.11115e-05
-3.43019e-05
-3.75199e-05
-7.1476e-06
-2.71542e-05
-6.66376e-06
-4.83837e-07
-1.02391e-05
3.57536e-06
-1.23345e-05
2.09536e-06
-1.45147e-05
2.18024e-06
-1.98518e-05
5.3371e-06
-2.64439e-05
6.59212e-06
-2.64439e-05
-2.86875e-05
4.65208e-05
-4.46831e-05
4.07935e-05
-3.86216e-05
-3.08504e-06
-1.79723e-05
-4.06993e-05
3.37636e-06
-4.71846e-05
4.54052e-06
-9.17016e-06
-2.32691e-05
3.45282e-05
-7.08037e-05
6.95566e-05
-9.13554e-05
6.08056e-05
-4.54657e-05
-3.47782e-05
1.07107e-05
-9.36963e-05
2.61635e-05
-4.2607e-05
3.23239e-05
-6.64427e-06
3.79957e-05
-2.09643e-06
4.0799e-05
-7.07937e-07
2.54969e-05
1.74824e-05
-5.63223e-06
3.64662e-05
-1.4708e-05
1.56679e-05
-4.11519e-05
-2.53452e-05
7.1866e-05
-3.51616e-05
5.06099e-05
-2.95211e-05
-8.72553e-06
-1.33887e-05
-5.68316e-05
-7.69957e-07
-5.98034e-05
-1.07393e-05
7.9914e-07
-5.24175e-05
7.62065e-05
-9.42629e-05
0.000111402
-7.06058e-05
3.71485e-05
-1.72925e-05
-8.80915e-05
9.23996e-06
-0.000120229
1.32954e-05
-4.66625e-05
1.60238e-05
-9.37265e-06
2.67009e-05
-1.27735e-05
4.36634e-05
-1.76704e-05
5.79983e-05
3.1475e-06
6.04923e-05
3.39722e-05
3.53519e-05
4.08083e-05
-5.80007e-06
-1.87448e-05
9.06108e-05
-2.584e-05
5.77051e-05
-2.28711e-05
-1.16944e-05
-1.17526e-05
-6.79502e-05
-8.55543e-06
-6.30005e-05
-3.39875e-05
2.62312e-05
-7.75445e-05
0.000119764
-9.29684e-05
0.000126826
-4.92052e-05
-6.61469e-06
-9.4276e-06
-0.000127869
3.402e-07
-0.000129997
2.12236e-06
-4.84447e-05
3.13249e-06
-1.03828e-05
1.48305e-05
-2.44715e-05
3.23171e-05
-3.5157e-05
4.94409e-05
-1.39763e-05
6.27352e-05
2.06779e-05
4.4674e-05
5.88695e-05
3.88739e-05
-1.18329e-05
0.000102444
-1.75363e-05
6.34084e-05
-1.76917e-05
-1.1539e-05
-1.24973e-05
-7.31446e-05
-2.38085e-05
-5.16893e-05
-6.17294e-05
6.41521e-05
-9.98423e-05
0.000157876
-8.51397e-05
0.000112123
-3.31113e-05
-5.86431e-05
-7.27305e-06
-0.000153707
-4.62135e-06
-0.000132648
-8.08633e-06
-4.49797e-05
-1.04093e-05
-8.0598e-06
4.42655e-07
-3.53234e-05
2.30578e-05
-5.77722e-05
3.88858e-05
-2.98043e-05
4.90969e-05
1.04669e-05
4.93025e-05
5.86638e-05
8.81764e-05
-3.77328e-06
0.000106217
-6.30799e-06
6.59431e-05
-8.0697e-06
-9.77731e-06
-1.42883e-05
-6.6926e-05
-4.13609e-05
-2.46167e-05
-8.35696e-05
0.000106361
-0.000106159
0.000180466
-6.90759e-05
7.50404e-05
-2.5826e-05
-0.000101893
-1.58087e-05
-0.000163725
-1.54878e-05
-0.000132969
-1.98027e-05
-4.06648e-05
-2.24843e-05
-5.37822e-06
-1.54828e-05
-4.23249e-05
-2.16468e-06
-7.10903e-05
9.12988e-06
-4.10988e-05
1.23891e-05
7.20773e-06
2.30243e-05
4.80286e-05
0.000111201
5.17141e-06
0.000101046
5.62623e-06
6.54883e-05
2.35431e-06
-6.5054e-06
-1.55874e-05
-4.89842e-05
-5.58269e-05
1.56228e-05
-9.79001e-05
0.000148434
-0.000102082
0.000184648
-5.47716e-05
2.773e-05
-2.65465e-05
-0.000130118
-2.8053e-05
-0.000162218
-3.48706e-05
-0.000126151
-3.23866e-05
-4.31488e-05
-2.92195e-05
-8.54533e-06
-3.64316e-05
-3.51129e-05
-6.51414e-05
-4.23805e-05
-0.000111089
4.84888e-06
-9.11006e-05
-1.27808e-05
-3.52033e-05
-7.86869e-06
7.59974e-05
1.00407e-05
9.10049e-05
1.38277e-05
6.17014e-05
8.69094e-06
-1.36868e-06
-1.78075e-05
-2.24858e-05
-6.58766e-05
6.3692e-05
-0.000104291
0.000186849
-9.32035e-05
0.00017356
-5.03813e-05
-1.50922e-05
-3.40043e-05
-0.000146495
-4.01631e-05
-0.000156059
-5.68067e-05
-0.000109508
-4.55279e-05
-5.44275e-05
-3.47009e-05
-1.93724e-05
-6.54925e-05
-4.32131e-06
-0.000127184
1.93114e-05
-0.000166541
4.42057e-05
-0.000139552
-3.97697e-05
-8.83339e-05
-5.90869e-05
-1.23365e-05
6.07391e-06
1.69485e-05
3.18041e-06
2.75658e-05
-4.55303e-06
3.17858e-05
-1.6234e-05
3.25632e-05
-2.79445e-05
2.56877e-05
-3.60471e-05
1.68084e-05
-3.89729e-05
1.09113e-05
-3.95742e-05
7.92388e-06
-4.0618e-05
7.31783e-06
-4.34068e-05
7.6074e-06
-4.6441e-05
6.48705e-06
-4.70631e-05
2.28032e-06
-4.40573e-05
-4.26313e-06
-3.87424e-05
-1.04398e-05
-3.36551e-05
-1.43123e-05
-2.79591e-05
-1.8963e-05
-1.9134e-05
-2.63844e-05
-7.4442e-06
-3.25144e-05
3.75177e-06
-3.30949e-05
1.12985e-05
-2.82064e-05
1.36807e-05
-1.84968e-05
1.10519e-05
-1.19553e-05
-4.07695e-06
8.8202e-06
-6.28548e-05
7.98033e-05
-8.10309e-05
4.57419e-05
-9.26392e-05
4.33941e-05
-9.61478e-05
3.60717e-05
-9.46198e-05
2.41597e-05
-8.91812e-05
1.13698e-05
-8.37435e-05
5.47367e-06
-7.61894e-05
3.69787e-07
-6.67416e-05
-2.12998e-06
-5.90619e-05
-7.22943e-08
-5.47422e-05
2.16736e-06
-5.16018e-05
-8.60118e-07
-4.94884e-05
-6.37653e-06
-5.07003e-05
-9.22788e-06
-5.62225e-05
-8.79016e-06
-6.10008e-05
-1.41846e-05
-5.70626e-05
-3.03226e-05
-4.04224e-05
-4.91546e-05
-1.83585e-05
-5.51588e-05
-1.1018e-06
-4.54631e-05
4.36243e-06
-2.3961e-05
6.7328e-06
-1.43257e-05
-7.28979e-06
9.94564e-06
-0.000197672
0.000277475
-0.000258072
0.000106141
-0.000279674
6.49966e-05
-0.000280349
3.67463e-05
-0.000276437
2.02476e-05
-0.000272685
7.6175e-06
-0.000264874
-2.33723e-06
-0.000251723
-1.27807e-05
-0.000232358
-2.14947e-05
-0.000214402
-1.8029e-05
-0.000198284
-1.39503e-05
-0.000183191
-1.59534e-05
-0.000170973
-1.85942e-05
-0.000169757
-1.04442e-05
-0.000182798
4.25045e-06
-0.000189849
-7.13269e-06
-0.000166901
-5.32715e-05
-0.000114096
-0.000101959
-4.64474e-05
-0.000122808
8.48794e-06
-0.000100398
1.21768e-05
-2.76499e-05
2.94059e-06
-5.08944e-06
-8.09245e-06
3.74328e-06
-9.38944e-05
0.00037137
-0.000175424
0.000187671
-0.000231305
0.000120877
-0.000273773
7.92142e-05
-0.000304722
5.11969e-05
-0.000325383
2.82785e-05
-0.000336438
8.71706e-06
-0.00033599
-1.32282e-05
-0.000330559
-2.69256e-05
-0.000326954
-2.16337e-05
-0.000299813
-4.10914e-05
-0.000285391
-3.03759e-05
-0.000291935
-1.20503e-05
-0.000325225
2.28467e-05
-0.000349685
2.87104e-05
-0.00031612
-4.0698e-05
-0.000249634
-0.000119758
-0.000191366
-0.000160227
-0.000135751
-0.000178423
-5.2864e-05
-0.000183285
1.8598e-05
-9.91118e-05
3.88496e-05
-2.53411e-05
4.98848e-05
-1.91277e-05
-3.68038e-05
0.000408173
-8.61049e-05
0.000236972
-0.000123464
0.000158236
-0.000145392
0.000101142
-0.000154748
6.05527e-05
-0.000163659
3.71903e-05
-0.000177352
2.24093e-05
-0.000197692
7.11234e-06
-0.000224381
-2.36921e-07
-0.000256299
1.02844e-05
-0.00031938
2.19896e-05
-0.000377834
2.80784e-05
-0.000405343
1.54579e-05
-0.000390466
7.96974e-06
-0.000359637
-2.11865e-06
-0.000316116
-8.42189e-05
-0.000266989
-0.000168884
-0.000235983
-0.000191234
-0.000219355
-0.00019505
-0.000213597
-0.000189043
-0.00016718
-0.000145528
-0.000153706
-3.88145e-05
4.52043e-05
-0.000149025
-5.19079e-06
0.000413364
-3.34819e-05
0.000265263
-5.21861e-05
0.00017694
-5.77556e-05
0.000106711
-5.17636e-05
5.45606e-05
-4.73018e-05
3.27284e-05
-5.07665e-05
2.58741e-05
-7.03779e-05
2.67236e-05
-0.000106436
3.58213e-05
-0.000147843
5.16914e-05
-0.000194041
6.81876e-05
-0.000238689
7.2727e-05
-0.000278506
5.52741e-05
-0.000305537
3.50015e-05
-0.00031163
3.9742e-06
-0.000304315
-9.15342e-05
-0.000289912
-0.000183287
-0.000268094
-0.000213052
-0.000250731
-0.000212413
-0.000242544
-0.00019723
-0.000226194
-0.000161879
-0.000205181
-5.98271e-05
2.32976e-05
-0.000183275
1.84861e-05
0.000394878
-7.4136e-06
0.000291162
-1.88178e-05
0.000188344
-2.03163e-05
0.00010821
-1.5352e-05
4.95963e-05
-1.18598e-05
2.9236e-05
-1.53878e-05
2.94022e-05
-2.64362e-05
3.77721e-05
-4.47465e-05
5.41315e-05
-6.77273e-05
7.46722e-05
-9.0507e-05
9.09672e-05
-0.000116329
9.85492e-05
-0.000150736
8.96812e-05
-0.00018463
6.88951e-05
-0.000208414
2.77584e-05
-0.000241132
-5.88165e-05
-0.000273716
-0.000150703
-0.000279
-0.000207768
-0.000270848
-0.000220565
-0.000262412
-0.000205666
-0.000253145
-0.000171145
-0.00021386
-9.9112e-05
5.59237e-06
-0.000196155
3.92029e-05
0.000355675
1.34352e-05
0.00031693
-8.09384e-07
0.000202589
-4.76093e-07
0.000107876
2.41091e-07
4.88791e-05
1.41758e-06
2.80596e-05
-3.9258e-06
3.47454e-05
-1.32131e-05
4.70595e-05
-2.09624e-05
6.18809e-05
-2.80575e-05
8.17673e-05
-3.51272e-05
9.80368e-05
-4.3352e-05
0.000106774
-5.98193e-05
0.000106148
-8.44734e-05
9.35491e-05
-0.000119727
6.3012e-05
-0.000174956
-3.58715e-06
-0.000226952
-9.87068e-05
-0.000259597
-0.000175123
-0.000268825
-0.000211337
-0.000268148
-0.000206343
-0.000262529
-0.000176765
-0.000237419
-0.000124221
-2.78346e-05
-0.000203992
5.95413e-05
0.000296134
5.09303e-05
0.000325541
3.31884e-05
0.00022033
2.44659e-05
0.000116599
2.13276e-05
5.20172e-05
1.70694e-05
3.23177e-05
8.89418e-06
4.29206e-05
-2.23872e-06
5.81923e-05
-9.64565e-06
6.9288e-05
-1.14284e-05
8.35502e-05
-1.11549e-05
9.77633e-05
-1.03941e-05
0.000106013
-1.27894e-05
0.000108544
-2.33214e-05
0.000104081
-5.04528e-05
9.01433e-05
-0.000106026
5.19861e-05
-0.000174197
-3.05356e-05
-0.00022366
-0.00012566
-0.000249519
-0.000185478
-0.00025778
-0.000198082
-0.000256619
-0.000177927
-0.000246152
-0.000134689
-7.1798e-05
-0.000202188
6.89718e-05
0.000227162
8.87968e-05
0.000305716
7.97918e-05
0.000229335
6.57153e-05
0.000130675
5.14642e-05
6.62683e-05
3.64003e-05
4.73814e-05
2.24531e-05
5.68677e-05
9.99026e-06
7.0655e-05
7.74243e-07
7.8504e-05
-2.20391e-06
8.65282e-05
-5.79861e-07
9.61393e-05
2.8667e-06
0.000102567
5.67253e-06
0.000105738
3.62832e-06
0.000106125
-9.16979e-06
0.000102941
-4.55565e-05
8.83727e-05
-0.000112412
3.63199e-05
-0.000177994
-6.00783e-05
-0.000223341
-0.000140131
-0.000242136
-0.000179287
-0.00024519
-0.000174873
-0.000239927
-0.000139951
-9.15689e-05
-0.000220156
5.6895e-05
0.000170267
9.79362e-05
0.000264674
0.000107026
0.000220245
9.56635e-05
0.000142038
7.42123e-05
8.77196e-05
5.13362e-05
7.02576e-05
3.34752e-05
7.47289e-05
2.07489e-05
8.33813e-05
1.12031e-05
8.80498e-05
6.37561e-06
9.13556e-05
6.34556e-06
9.61693e-05
8.89012e-06
0.000100022
1.1822e-05
0.000102806
1.25504e-05
0.000105397
8.42194e-06
0.00010707
-8.73004e-06
0.000105524
-5.54816e-05
8.30714e-05
-0.000129445
1.38856e-05
-0.000188715
-8.08616e-05
-0.000226971
-0.000141031
-0.000235891
-0.000165953
-0.000232077
-0.000143765
-9.94696e-05
-0.000224176
2.98235e-05
0.000140443
7.61691e-05
0.000218329
9.94773e-05
0.000196937
9.6319e-05
0.000145196
7.71987e-05
0.00010684
5.54798e-05
9.19765e-05
3.91095e-05
9.10991e-05
2.82853e-05
9.42056e-05
2.0281e-05
9.60541e-05
1.4972e-05
9.66645e-05
1.32317e-05
9.79096e-05
1.37653e-05
9.94883e-05
1.48394e-05
0.000101732
1.52875e-05
0.000104949
1.41313e-05
0.000108226
8.22053e-06
0.000111435
-1.54909e-05
0.000106783
-7.26065e-05
7.10012e-05
-0.000146848
-6.61994e-06
-0.000197952
-8.99269e-05
-0.000230346
-0.00013356
-0.000229231
-0.00014488
-0.000111283
-0.000217417
6.58335e-06
0.00013386
4.53884e-05
0.000179524
7.23614e-05
0.000169964
7.63584e-05
0.000141199
6.51729e-05
0.000118026
5.08265e-05
0.000106323
3.97345e-05
0.000102191
3.23213e-05
0.000101619
2.68044e-05
0.000101571
2.25271e-05
0.000100942
2.00537e-05
0.000100383
1.89457e-05
0.000100596
1.82478e-05
0.000102429
1.74795e-05
0.000105717
1.64095e-05
0.000109296
1.44011e-05
0.000113444
5.33708e-06
0.000115847
-2.61823e-05
0.000102521
-8.91579e-05
5.63557e-05
-0.000158139
-2.09455e-05
-0.000199361
-9.23381e-05
-0.000223319
-0.000120921
-0.000124734
-0.000209869
-2.94038e-06
0.0001368
2.39494e-05
0.000152634
4.63667e-05
0.000147547
5.34137e-05
0.000134152
4.9844e-05
0.000121595
4.33195e-05
0.000112847
3.77066e-05
0.000107804
3.36837e-05
0.000105642
3.05895e-05
0.000104665
2.78819e-05
0.00010365
2.56619e-05
0.000102603
2.38634e-05
0.000102395
2.22437e-05
0.000104049
2.06754e-05
0.000107285
1.90671e-05
0.000110904
1.75569e-05
0.000114954
1.42233e-05
0.000119181
-6.78697e-07
0.000117423
-4.22218e-05
9.78989e-05
-0.000106009
4.28419e-05
-0.000165445
-3.2902e-05
-0.000210047
-7.63191e-05
-9.84095e-05
-0.000236371
-1.46118e-06
0.000138261
1.46107e-05
0.000136562
2.99946e-05
0.000132163
3.70787e-05
0.000127068
3.81369e-05
0.000120537
3.67776e-05
0.000114207
3.49405e-05
0.000109641
3.3405e-05
0.000107177
3.21605e-05
0.00010591
3.08884e-05
0.000104922
2.94254e-05
0.000104066
2.77857e-05
0.000104035
2.61625e-05
0.000105673
2.46438e-05
0.000108804
2.30435e-05
0.000112504
2.15038e-05
0.000116494
1.96532e-05
0.000121031
1.2642e-05
0.000124434
-1.35417e-05
0.000124083
-6.68228e-05
9.6123e-05
-0.000118714
1.89895e-05
-0.000158144
-3.68891e-05
-5.45863e-05
-0.000201967
2.15131e-06
0.00013611
1.17866e-05
0.000126927
2.1711e-05
0.000122239
2.77948e-05
0.000120984
3.08101e-05
0.000117522
3.19924e-05
0.000113025
3.22521e-05
0.000109382
3.22787e-05
0.000107151
3.22864e-05
0.000105902
3.2111e-05
0.000105097
3.15396e-05
0.000104638
3.0604e-05
0.00010497
2.96435e-05
0.000106633
2.88675e-05
0.00010958
2.80808e-05
0.000113291
2.72346e-05
0.00011734
2.63625e-05
0.000121903
2.33031e-05
0.000127493
9.18848e-06
0.000138197
-3.34347e-05
0.000138746
-8.58279e-05
7.13826e-05
-0.00012514
2.42288e-06
-2.2646e-06
-0.000177462
4.30492e-06
0.000131805
1.1002e-05
0.00012023
1.77057e-05
0.000115535
2.27814e-05
0.000115909
2.63161e-05
0.000113987
2.85442e-05
0.000110797
2.9894e-05
0.000108032
3.08704e-05
0.000106175
3.17059e-05
0.000105067
3.23368e-05
0.000104467
3.26254e-05
0.000104349
3.26335e-05
0.000104962
3.26789e-05
0.000106588
3.30018e-05
0.000109257
3.35018e-05
0.000112791
3.40665e-05
0.000116775
3.48636e-05
0.000121106
3.51078e-05
0.000127249
3.09725e-05
0.000142332
3.8384e-06
0.00016588
-4.84669e-05
0.000123688
-7.92146e-05
3.31706e-05
2.44367e-05
-0.000105916
4.81542e-06
0.00012699
1.03505e-05
0.000114695
1.54527e-05
0.000110433
1.98167e-05
0.000111545
2.33578e-05
0.000110446
2.60066e-05
0.000108148
2.79641e-05
0.000106075
2.95556e-05
0.000104583
3.09728e-05
0.00010365
3.22284e-05
0.000103211
3.329e-05
0.000103288
3.42507e-05
0.000104002
3.53573e-05
0.000105481
3.6831e-05
0.000107783
3.8704e-05
0.000110918
4.08989e-05
0.00011458
4.36175e-05
0.000118388
4.69443e-05
0.000123922
5.08879e-05
0.000138389
4.37647e-05
0.000173003
-6.1812e-06
0.000173634
-5.07385e-05
7.77278e-05
2.40721e-05
-5.03739e-05
4.66808e-06
0.000122322
9.57693e-06
0.000109786
1.39017e-05
0.000106108
1.78258e-05
0.00010762
2.12743e-05
0.000106998
2.41244e-05
0.000105298
2.64692e-05
0.00010373
2.85046e-05
0.000102548
3.0379e-05
0.000101775
3.2159e-05
0.000101431
3.38923e-05
0.000101554
3.569e-05
0.000102204
3.77364e-05
0.000103435
4.02187e-05
0.000105301
4.32655e-05
0.000107871
4.68596e-05
0.000110986
5.1119e-05
0.000114128
5.66607e-05
0.00011838
6.55549e-05
0.000129494
7.56591e-05
0.000162899
5.20182e-05
0.000197275
-1.44776e-05
0.000144224
5.80833e-05
-4.84887e-05
4.39887e-06
0.000117923
8.84805e-06
0.000105337
1.27379e-05
0.000102218
1.63859e-05
0.000103973
1.975e-05
0.000103634
2.27178e-05
0.00010233
2.53339e-05
0.000101114
2.77165e-05
0.000100165
2.99806e-05
9.95112e-05
3.22175e-05
9.91942e-05
3.4516e-05
9.92557e-05
3.69914e-05
9.97285e-05
3.97869e-05
0.000100639
4.3063e-05
0.000102025
4.69923e-05
0.000103942
5.16453e-05
0.000106333
5.70104e-05
0.000108763
6.38469e-05
0.000111544
7.51026e-05
0.000118239
9.66999e-05
0.000141302
0.000110868
0.000183107
7.34507e-05
0.000181641
0.000113299
1.8235e-05
4.14783e-06
0.000113775
8.23276e-06
0.000101252
1.18399e-05
9.86114e-05
1.53029e-05
0.00010051
1.85988e-05
0.000100338
2.16381e-05
9.92909e-05
2.44472e-05
9.83045e-05
2.71033e-05
9.75089e-05
2.9696e-05
9.69185e-05
3.23192e-05
9.6571e-05
3.50721e-05
9.65027e-05
3.80655e-05
9.6735e-05
4.14231e-05
9.72816e-05
4.52877e-05
9.81602e-05
4.98404e-05
9.9389e-05
5.52352e-05
0.000100938
6.14542e-05
0.000102544
6.90095e-05
0.000103988
8.05917e-05
0.000106657
0.000104413
0.000117481
0.000141978
0.000145541
0.000157895
0.000165724
0.000136205
0.00013499
3.92258e-06
0.000109853
7.71337e-06
9.74613e-05
1.11208e-05
9.52041e-05
1.44525e-05
9.7178e-05
1.76895e-05
9.71013e-05
2.07665e-05
9.6214e-05
2.37052e-05
9.53657e-05
2.65629e-05
9.46512e-05
2.94119e-05
9.40694e-05
3.23363e-05
9.36466e-05
3.54302e-05
9.34089e-05
3.87957e-05
9.33694e-05
4.2547e-05
9.35304e-05
4.68173e-05
9.389e-05
5.17744e-05
9.4432e-05
5.76061e-05
9.51065e-05
6.43823e-05
9.57676e-05
7.22746e-05
9.6096e-05
8.28215e-05
9.61097e-05
0.000101894
9.84079e-05
0.000138673
0.000108762
0.000180921
0.000123476
0.000111762
0.000205364
3.7183e-06
0.000106134
7.26354e-06
9.39162e-05
1.05186e-05
9.19491e-05
1.37481e-05
9.39486e-05
1.69284e-05
9.39209e-05
2.00149e-05
9.31275e-05
2.30291e-05
9.23514e-05
2.60187e-05
9.16616e-05
2.90441e-05
9.10441e-05
3.21774e-05
9.05132e-05
3.55015e-05
9.00849e-05
3.91081e-05
8.97629e-05
4.31012e-05
8.95373e-05
4.76022e-05
8.93891e-05
5.27552e-05
8.92789e-05
5.8727e-05
8.91347e-05
6.56493e-05
8.88452e-05
7.355e-05
8.81953e-05
8.28596e-05
8.68001e-05
9.61766e-05
8.50909e-05
0.000120242
8.46968e-05
0.000155999
8.77194e-05
7.89241e-05
0.000188837
3.5326e-06
0.000102602
6.86535e-06
9.05834e-05
9.9922e-06
8.88223e-05
1.31312e-05
9.08096e-05
1.6251e-05
9.08011e-05
1.93217e-05
9.00568e-05
2.23658e-05
8.93072e-05
2.54245e-05
8.8603e-05
2.85496e-05
8.7919e-05
3.18028e-05
8.726e-05
3.52551e-05
8.66326e-05
3.89859e-05
8.60321e-05
4.30851e-05
8.54382e-05
4.7656e-05
8.48181e-05
5.28149e-05
8.41201e-05
5.86868e-05
8.32627e-05
6.54003e-05
8.21317e-05
7.30102e-05
8.05853e-05
8.15096e-05
7.83006e-05
9.15369e-05
7.50636e-05
0.00010557
7.06639e-05
0.000126869
6.64205e-05
5.61045e-05
0.000149688
3.36218e-06
9.92396e-05
6.50498e-06
8.74406e-05
9.51337e-06
8.58139e-05
1.25626e-05
8.77603e-05
1.56134e-05
8.77502e-05
1.86449e-05
8.70253e-05
2.16801e-05
8.62722e-05
2.47548e-05
8.55284e-05
2.79138e-05
8.47601e-05
3.12094e-05
8.39644e-05
3.47013e-05
8.31407e-05
3.84563e-05
8.22772e-05
4.2548e-05
8.13465e-05
4.7058e-05
8.0308e-05
5.20749e-05
7.9103e-05
5.76877e-05
7.76499e-05
6.3988e-05
7.58313e-05
7.1059e-05
7.35144e-05
7.88831e-05
7.04765e-05
8.74993e-05
6.64474e-05
9.72768e-05
6.08865e-05
0.000109712
5.39852e-05
4.31746e-05
0.000122642
3.20368e-06
9.60359e-05
6.17123e-06
8.44731e-05
9.06216e-06
8.2923e-05
1.20161e-05
8.48063e-05
1.4986e-05
8.47804e-05
1.79564e-05
8.40549e-05
2.09491e-05
8.32795e-05
2.3996e-05
8.24816e-05
2.71348e-05
8.16213e-05
3.04094e-05
8.06898e-05
3.38689e-05
7.96811e-05
3.75676e-05
7.85784e-05
4.15629e-05
7.7351e-05
4.59161e-05
7.59548e-05
5.06903e-05
7.43289e-05
5.59459e-05
7.23942e-05
6.17355e-05
7.00417e-05
6.81132e-05
6.71368e-05
7.50845e-05
6.35052e-05
8.26039e-05
5.89281e-05
9.04899e-05
5.30006e-05
9.88718e-05
4.56034e-05
3.55247e-05
0.000106522
3.05458e-06
9.29813e-05
5.85606e-06
8.16717e-05
8.62613e-06
8.01529e-05
1.14757e-05
8.19567e-05
1.43508e-05
8.19054e-05
1.7239e-05
8.11668e-05
2.01603e-05
8.03583e-05
2.31427e-05
7.94992e-05
2.62174e-05
7.85467e-05
2.94204e-05
7.74867e-05
3.27911e-05
7.63103e-05
3.63717e-05
7.49977e-05
4.02053e-05
7.35174e-05
4.4335e-05
7.18251e-05
4.88017e-05
6.98622e-05
5.36409e-05
6.7555e-05
5.88738e-05
6.48088e-05
6.45073e-05
6.15032e-05
7.05169e-05
5.74956e-05
7.68292e-05
5.26159e-05
8.32152e-05
4.66146e-05
8.94262e-05
3.93923e-05
3.03096e-05
9.46412e-05
2.91352e-06
9.00678e-05
5.55425e-06
7.9031e-05
8.1987e-06
7.75086e-05
1.09328e-05
7.92226e-05
1.36988e-05
7.91396e-05
1.64852e-05
7.83804e-05
1.93097e-05
7.75338e-05
2.21968e-05
7.66121e-05
2.51718e-05
7.55715e-05
2.82632e-05
7.43953e-05
3.15017e-05
7.30718e-05
3.49187e-05
7.15807e-05
3.85446e-05
6.98915e-05
4.24073e-05
6.79624e-05
4.65294e-05
6.57401e-05
5.09255e-05
6.31588e-05
5.55944e-05
6.014e-05
6.05116e-05
5.65859e-05
6.56218e-05
5.23854e-05
7.08258e-05
4.74119e-05
7.59293e-05
4.1511e-05
8.06847e-05
3.46368e-05
2.64522e-05
8.45421e-05
2.78062e-06
8.72873e-05
5.26226e-06
7.65495e-05
7.77683e-06
7.49941e-05
1.03842e-05
7.66153e-05
1.30275e-05
7.64963e-05
1.56947e-05
7.57132e-05
1.84012e-05
7.48274e-05
2.11674e-05
7.38459e-05
2.40139e-05
7.2725e-05
2.69624e-05
7.14468e-05
3.00359e-05
6.99982e-05
3.32568e-05
6.83599e-05
3.6645e-05
6.65034e-05
4.02162e-05
6.43912e-05
4.39794e-05
6.19768e-05
4.79338e-05
5.92043e-05
5.20641e-05
5.60096e-05
5.63318e-05
5.23181e-05
6.067e-05
4.80473e-05
6.49722e-05
4.31097e-05
6.90727e-05
3.74104e-05
7.27693e-05
3.09401e-05
2.35339e-05
7.56875e-05
2.65799e-06
8.46294e-05
4.977e-06
7.42307e-05
7.35842e-06
7.26127e-05
9.82953e-06
7.41442e-05
1.2339e-05
7.39868e-05
1.48727e-05
7.31795e-05
1.74438e-05
7.22564e-05
2.0069e-05
7.12207e-05
2.27644e-05
7.00297e-05
2.55462e-05
6.8665e-05
2.84312e-05
6.71133e-05
3.14341e-05
6.5357e-05
3.45668e-05
6.33707e-05
3.78361e-05
6.11218e-05
4.12416e-05
5.85712e-05
4.47728e-05
5.56729e-05
4.84061e-05
5.23762e-05
5.20984e-05
4.86257e-05
5.5782e-05
4.43637e-05
5.93579e-05
3.95338e-05
6.26874e-05
3.40809e-05
6.56128e-05
2.80146e-05
2.12605e-05
6.78861e-05
2.55045e-06
8.20791e-05
4.69569e-06
7.20856e-05
6.94024e-06
7.03682e-05
9.26857e-06
7.18158e-05
1.16365e-05
7.16188e-05
1.40262e-05
7.07899e-05
1.64491e-05
6.98336e-05
1.89184e-05
6.87514e-05
2.14465e-05
6.75016e-05
2.40453e-05
6.60662e-05
2.67261e-05
6.44326e-05
2.94981e-05
6.25849e-05
3.23672e-05
6.05015e-05
3.5334e-05
5.81549e-05
3.83921e-05
5.5513e-05
4.15256e-05
5.25394e-05
4.4707e-05
4.91948e-05
4.78932e-05
4.54396e-05
5.10214e-05
4.12356e-05
5.40062e-05
3.6549e-05
5.67371e-05
3.13498e-05
5.90967e-05
2.5655e-05
1.94363e-05
6.09209e-05
2.46438e-06
7.96148e-05
4.41795e-06
7.0132e-05
6.51771e-06
6.82684e-05
8.70041e-06
6.96331e-05
1.09225e-05
6.93967e-05
1.31614e-05
6.85511e-05
1.54274e-05
6.75676e-05
1.77315e-05
6.64474e-05
2.00826e-05
6.51504e-05
2.24892e-05
6.36595e-05
2.49584e-05
6.19633e-05
2.74951e-05
6.00481e-05
3.0101e-05
5.78956e-05
3.27725e-05
5.54833e-05
3.54999e-05
5.27856e-05
3.82649e-05
4.97744e-05
4.10396e-05
4.64202e-05
4.37837e-05
4.26956e-05
4.64425e-05
3.85769e-05
4.89455e-05
3.40461e-05
5.12066e-05
2.90888e-05
5.31385e-05
2.3723e-05
1.79411e-05
5.46337e-05
2.4034e-06
7.72114e-05
4.14829e-06
6.83872e-05
6.08829e-06
6.63284e-05
8.12384e-06
6.75976e-05
1.01972e-05
6.73234e-05
1.22804e-05
6.64681e-05
1.43846e-05
6.54635e-05
1.65186e-05
6.43134e-05
1.86887e-05
6.29803e-05
2.09007e-05
6.14474e-05
2.31584e-05
5.97056e-05
2.54635e-05
5.7743e-05
2.78145e-05
5.55445e-05
3.02056e-05
5.30922e-05
3.26253e-05
5.03659e-05
3.50553e-05
4.73445e-05
3.7469e-05
4.40065e-05
3.98311e-05
4.03334e-05
4.20964e-05
3.63117e-05
4.42084e-05
3.19341e-05
4.61014e-05
2.71957e-05
4.7712e-05
2.21124e-05
1.66802e-05
4.89728e-05
2.36322e-06
7.48482e-05
3.89409e-06
6.68564e-05
5.65418e-06
6.45684e-05
7.53745e-06
6.57144e-05
9.45719e-06
6.54037e-05
1.13802e-05
6.45452e-05
1.33186e-05
6.35251e-05
1.52798e-05
6.23522e-05
1.72683e-05
6.09917e-05
1.92877e-05
5.94279e-05
2.1339e-05
5.76543e-05
2.34216e-05
5.56605e-05
2.55319e-05
5.34342e-05
2.76625e-05
5.09616e-05
2.98016e-05
4.82268e-05
3.19319e-05
4.52141e-05
3.40298e-05
4.19085e-05
3.60656e-05
3.82975e-05
3.80032e-05
3.4374e-05
3.98003e-05
3.01371e-05
4.1409e-05
2.5587e-05
4.27849e-05
2.07365e-05
1.55754e-05
4.38898e-05
2.33116e-06
7.2517e-05
3.65812e-06
6.55296e-05
5.21824e-06
6.30084e-05
6.93723e-06
6.39954e-05
8.69421e-06
6.36468e-05
1.045e-05
6.27894e-05
1.22173e-05
6.17578e-05
1.4002e-05
6.05674e-05
1.58078e-05
5.91858e-05
1.76362e-05
5.75995e-05
1.94862e-05
5.58043e-05
2.13553e-05
5.37915e-05
2.32382e-05
5.15513e-05
2.51271e-05
4.90727e-05
2.701e-05
4.63438e-05
2.88714e-05
4.33526e-05
3.06911e-05
4.00887e-05
3.24448e-05
3.65438e-05
3.4105e-05
3.27138e-05
3.56416e-05
2.86006e-05
3.70223e-05
2.42063e-05
3.82175e-05
1.95413e-05
1.45862e-05
3.92068e-05
2.29145e-06
7.02257e-05
3.43419e-06
6.4387e-05
4.7777e-06
6.16649e-05
6.31477e-06
6.24582e-05
7.8955e-06
6.2066e-05
9.47323e-06
6.12117e-05
1.10602e-05
6.01709e-05
1.26609e-05
5.89668e-05
1.42787e-05
5.75681e-05
1.59127e-05
5.59655e-05
1.75607e-05
5.41564e-05
1.92183e-05
5.21338e-05
2.08796e-05
4.98899e-05
2.25358e-05
4.74163e-05
2.41758e-05
4.47037e-05
2.57855e-05
4.17429e-05
2.73475e-05
3.85267e-05
2.88424e-05
3.50489e-05
3.02494e-05
3.13069e-05
3.15475e-05
2.73025e-05
3.27156e-05
2.30381e-05
3.37342e-05
1.85226e-05
1.373e-05
3.45903e-05
2.2289e-06
6.79969e-05
3.21061e-06
6.34053e-05
4.32478e-06
6.05506e-05
5.66053e-06
6.11224e-05
7.04802e-06
6.06785e-05
8.43315e-06
5.98267e-05
9.82664e-06
5.87775e-05
1.12313e-05
5.75621e-05
1.26501e-05
5.61493e-05
1.40797e-05
5.45359e-05
1.55169e-05
5.27192e-05
1.69559e-05
5.06947e-05
1.839e-05
4.84557e-05
1.98103e-05
4.5996e-05
2.12057e-05
4.33083e-05
2.25638e-05
4.0385e-05
2.3869e-05
3.72215e-05
2.51056e-05
3.38122e-05
2.62569e-05
3.01556e-05
2.73075e-05
2.62519e-05
2.82419e-05
2.21035e-05
2.90464e-05
1.7718e-05
1.30679e-05
2.97085e-05
2.13032e-06
6.58666e-05
2.97406e-06
6.25615e-05
3.8513e-06
5.96733e-05
4.96935e-06
6.00043e-05
6.14572e-06
5.95022e-05
7.32282e-06
5.86497e-05
8.50836e-06
5.75921e-05
9.70344e-06
5.6367e-05
1.09094e-05
5.49432e-05
1.21213e-05
5.33239e-05
1.33343e-05
5.15061e-05
1.45425e-05
4.94866e-05
1.57377e-05
4.72604e-05
1.69115e-05
4.48222e-05
1.8053e-05
4.21667e-05
1.91505e-05
3.92875e-05
2.01907e-05
3.61813e-05
2.11593e-05
3.28436e-05
2.20423e-05
2.92725e-05
2.28263e-05
2.54679e-05
2.34984e-05
2.14313e-05
2.40495e-05
1.71669e-05
1.26511e-05
2.44663e-05
1.99692e-06
6.38697e-05
2.71367e-06
6.18447e-05
3.35342e-06
5.90336e-05
4.24515e-06
5.91126e-05
5.19606e-06
5.85514e-05
6.154e-06
5.76918e-05
7.12059e-06
5.66254e-05
8.09586e-06
5.53916e-05
9.07863e-06
5.39604e-05
1.00624e-05
5.23402e-05
1.10416e-05
5.05269e-05
1.20096e-05
4.85187e-05
1.29584e-05
4.63115e-05
1.38793e-05
4.39012e-05
1.47628e-05
4.12832e-05
1.55968e-05
3.84535e-05
1.63708e-05
3.54074e-05
1.70708e-05
3.21435e-05
1.7685e-05
2.86583e-05
1.82012e-05
2.49516e-05
1.86092e-05
2.10233e-05
1.89046e-05
1.68714e-05
1.24809e-05
1.90748e-05
1.80659e-06
6.20631e-05
2.39699e-06
6.12545e-05
2.8172e-06
5.86135e-05
3.4851e-06
5.84447e-05
4.2039e-06
5.78325e-05
4.93802e-06
5.69576e-05
5.68126e-06
5.58821e-05
6.43241e-06
5.46404e-05
7.18838e-06
5.32044e-05
7.94136e-06
5.15872e-05
8.68542e-06
4.97829e-05
9.41418e-06
4.77898e-05
1.01203e-05
4.56053e-05
1.07954e-05
4.32261e-05
1.1431e-05
4.06476e-05
1.20161e-05
3.78685e-05
1.25414e-05
3.48821e-05
1.29952e-05
3.16898e-05
1.3367e-05
2.82865e-05
1.3647e-05
2.46717e-05
1.38278e-05
2.08425e-05
1.39096e-05
1.67895e-05
1.25091e-05
1.38813e-05
1.64633e-06
6.04169e-05
2.10451e-06
6.07965e-05
2.31476e-06
5.84032e-05
2.78408e-06
5.79753e-05
3.28658e-06
5.733e-05
3.82193e-06
5.64223e-05
4.36019e-06
5.53439e-05
4.9104e-06
5.40902e-05
5.46165e-06
5.2653e-05
6.00795e-06
5.10408e-05
6.54288e-06
4.92479e-05
7.06015e-06
4.72726e-05
7.55311e-06
4.51124e-05
8.01443e-06
4.27647e-05
8.43533e-06
4.02267e-05
8.80646e-06
3.74974e-05
9.11806e-06
3.45705e-05
9.36095e-06
3.14469e-05
9.52467e-06
2.81228e-05
9.60121e-06
2.45951e-05
9.58364e-06
2.08601e-05
9.46982e-06
1.69033e-05
1.27326e-05
9.24626e-06
1.16687e-06
1.41193e-06
1.4603e-06
1.65447e-06
1.86789e-06
2.12383e-06
2.3763e-06
2.64612e-06
2.91286e-06
3.17672e-06
3.42977e-06
3.66788e-06
3.88673e-06
4.08096e-06
4.24347e-06
4.36802e-06
4.44771e-06
4.47945e-06
4.45763e-06
4.37675e-06
4.23306e-06
4.0287e-06
3.76871e-06
9.33671e-06
-5.16509e-07
8.83971e-06
4.97005e-07
5.71423e-06
3.12547e-06
5.32511e-06
3.8912e-07
1.09074e-05
-1.47829e-06
1.1913e-05
-5.08542e-07
1.23642e-05
2.67427e-06
7.4462e-06
1.02431e-05
1.09097e-05
-8.64464e-06
2.07937e-05
-1.03926e-05
2.16674e-05
1.80066e-06
1.50176e-05
1.40959e-05
-6.72074e-05
3.94348e-05
-0.000105481
2.78812e-05
-0.000129034
2.53531e-05
2.65948e-05
-0.000140611
-0.00015792
4.83293e-05
-0.00017112
4.10815e-05
-0.000177781
3.2014e-05
2.71098e-05
-0.000178296
-0.000174926
3.99806e-05
-0.000175536
4.16911e-05
-0.000176736
3.32141e-05
2.48627e-05
-0.000174488
-0.000176615
2.04398e-05
-0.000165319
3.03951e-05
-0.000160999
2.88945e-05
2.15447e-05
-0.000157681
-0.000185133
1.58126e-06
-0.000170487
1.57491e-05
-0.000159162
1.75689e-05
9.37068e-06
-0.000146988
-0.00018747
-1.31375e-05
-0.000169243
-2.47756e-06
-0.000160346
8.6714e-06
3.62296e-06
-0.000154598
-0.000204848
-2.8446e-05
-0.00018309
-2.42348e-05
-0.000160596
-1.38229e-05
-9.91422e-06
-0.000147059
-0.000220688
-3.19349e-05
-0.000218856
-2.60667e-05
-0.000211923
-2.0756e-05
-1.8074e-05
-0.000203763
-0.000212339
-3.70132e-05
-0.00021169
-2.67153e-05
-0.000210387
-2.20591e-05
-1.93844e-05
-0.000209077
-0.000190696
-5.61859e-05
-0.00017466
-4.27519e-05
-0.000159426
-3.72928e-05
-3.42309e-05
-0.000144579
-0.000239024
-5.35327e-05
-0.000228367
-5.34093e-05
-0.000217044
-4.86156e-05
-6.5e-05
-0.000186275
-0.000221926
-3.35745e-05
-0.000236893
-3.84422e-05
-0.000234652
-5.08568e-05
-5.41255e-05
-0.000245526
-0.000208559
-2.47693e-06
-0.00022948
-1.75209e-05
-0.000250288
-3.00486e-05
-4.13613e-05
-0.000263052
-0.000141623
3.32299e-05
-0.000174623
1.54793e-05
-0.000199274
-5.39741e-06
-2.52292e-05
-0.000215407
-5.12058e-05
3.4062e-05
-7.78107e-05
4.20844e-05
-0.00010929
2.60823e-05
-2.61013e-06
-0.000131909
-3.56232e-05
2.11965e-05
-2.23397e-05
2.88007e-05
-1.95094e-05
2.32519e-05
7.38867e-06
-2.95083e-05
7.7742e-06
3.16574e-05
1.3969e-05
2.26061e-05
2.32255e-05
1.39954e-05
4.0575e-06
2.65567e-05
0.000120968
4.56789e-05
0.000112406
3.11676e-05
0.000109121
1.72811e-05
3.95571e-06
0.000109223
0.000208002
4.30409e-05
0.000206768
3.24009e-05
0.000204658
1.93919e-05
4.87915e-06
0.000203734
0.000201433
3.04445e-05
0.00021025
2.35844e-05
0.000214905
1.47365e-05
4.93945e-06
0.000214845
0.000159408
2.07254e-05
0.000166946
1.60459e-05
0.000171264
1.04192e-05
4.19073e-06
0.000172012
0.000127818
1.55492e-05
0.000131951
1.19136e-05
0.000134504
7.86596e-06
3.63123e-06
0.000135064
0.000109393
1.26778e-05
0.000111578
9.72945e-06
0.00011287
6.57334e-06
3.35251e-06
0.000113149
9.65507e-05
1.07683e-05
9.796e-05
8.32006e-06
9.87835e-05
5.74969e-06
3.15145e-06
9.89845e-05
8.59098e-05
9.4005e-06
8.69087e-05
7.32117e-06
8.7488e-05
5.17027e-06
3.0064e-06
8.7633e-05
7.67064e-05
8.38152e-06
7.7455e-05
6.57254e-06
7.79058e-05
4.71944e-06
2.85739e-06
7.80548e-05
6.86848e-05
7.58286e-06
6.92837e-05
5.97364e-06
6.96672e-05
4.33594e-06
2.69193e-06
6.98327e-05
6.15665e-05
6.93732e-06
6.20611e-05
5.47908e-06
6.23954e-05
4.00161e-06
2.52013e-06
6.25672e-05
5.51684e-05
6.40263e-06
5.55875e-05
5.05997e-06
5.58851e-05
3.70397e-06
2.34763e-06
5.60577e-05
4.94339e-05
5.9416e-06
4.98072e-05
4.68663e-06
5.00901e-05
3.42116e-06
2.15675e-06
5.0281e-05
4.43081e-05
5.52341e-06
4.46611e-05
4.33359e-06
4.49488e-05
3.13342e-06
1.93224e-06
4.51734e-05
3.95954e-05
5.13483e-06
3.99354e-05
3.99361e-06
4.02286e-05
2.84018e-06
1.68193e-06
4.04791e-05
3.49333e-05
4.79188e-06
3.52367e-05
3.69033e-06
3.55029e-05
2.57395e-06
1.45018e-06
3.57348e-05
2.99685e-05
4.53197e-06
3.01908e-05
3.46804e-06
3.03777e-05
2.38702e-06
1.29729e-06
3.05307e-05
2.46127e-05
4.3856e-06
2.4722e-05
3.35877e-06
2.47979e-05
2.31106e-06
1.2492e-06
2.48461e-05
1.91061e-05
4.3543e-06
1.91064e-05
3.35848e-06
1.90841e-05
2.3332e-06
1.28365e-06
1.90497e-05
1.38241e-05
4.41139e-06
1.37517e-05
3.43083e-06
1.36763e-05
2.40848e-06
1.35223e-06
1.36077e-05
9.10726e-06
4.55032e-06
8.96598e-06
3.57201e-06
8.82774e-06
2.5466e-06
1.48046e-06
8.69946e-06
3.63967e-06
3.51497e-06
3.39277e-06
3.27689e-06
2.51933e-05
6.62007e-05
4.21404e-05
4.47543e-05
2.96242e-05
1.11476e-05
-4.29058e-05
5.00442e-05
-0.000137402
0.000158188
-0.000202671
0.000252118
-0.000173317
0.000144205
-0.000119404
-6.90046e-05
-0.000113956
-0.000151944
-0.000146752
-0.000123263
-0.000173147
-8.31127e-05
-0.000143743
-8.38313e-05
-0.000113927
-4.91884e-05
-0.000143336
2.50882e-05
-0.000200098
7.60726e-05
-0.000213015
5.71228e-05
-0.00017874
-7.40441e-05
-8.36457e-05
-0.000154182
-9.59822e-05
2.80916e-05
4.83522e-05
3.33921e-05
3.94538e-05
6.01383e-07
4.39383e-05
-6.66239e-05
0.000117269
-0.000136301
0.000227865
-0.000194116
0.000309933
-0.0001683
0.00011839
-0.000152457
-8.4848e-05
-0.000172995
-0.000131406
-0.00020118
-9.5079e-05
-0.000212029
-7.22632e-05
-0.000192661
-0.0001032
-0.000156426
-8.54233e-05
-0.000140009
8.67167e-06
-0.000141193
7.72562e-05
-0.000131054
4.69841e-05
-0.00011264
-9.24576e-05
-6.20568e-05
-0.000204765
-0.000158039
4.97891e-06
5.74692e-05
-1.8526e-05
6.29587e-05
-5.33223e-05
7.87346e-05
-9.08458e-05
0.000154793
-0.000142683
0.000279703
-0.000193981
0.00036123
-0.000183768
0.000108177
-0.000191501
-7.71154e-05
-0.000209671
-0.000113236
-0.000209546
-9.5204e-05
-0.000199785
-8.20236e-05
-0.00019643
-0.000106555
-0.00018045
-0.000101403
-0.000145714
-2.60649e-05
-0.000106079
3.76211e-05
-6.16995e-05
2.60488e-06
-3.82253e-05
-0.000115932
-2.86789e-05
-0.000214312
-0.000186718
-0.000131742
4.86004e-05
-0.000108109
3.9326e-05
-9.94948e-05
7.012e-05
-0.000107305
0.000162603
-0.000140254
0.000312652
-0.000177982
0.000398958
-0.000184968
0.000115163
-0.000197422
-6.46617e-05
-0.000207441
-0.000103216
-0.000199002
-0.000103643
-0.000175419
-0.000105606
-0.000167121
-0.000114853
-0.000165329
-0.000103195
-0.000134939
-5.64548e-05
-7.79991e-05
-1.93191e-05
-1.68779e-05
-5.85163e-05
1.02452e-05
-0.000143055
1.23372e-05
-0.000216404
-0.000174381
-0.000164537
3.48416e-05
-0.000136824
1.16129e-05
-0.000117451
5.07466e-05
-0.000110579
0.000155732
-0.000120776
0.000322849
-0.000144945
0.000423127
-0.000163717
0.000133935
-0.000171642
-5.67369e-05
-0.000180788
-9.40697e-05
-0.000187608
-9.68225e-05
-0.000184114
-0.000109101
-0.000160805
-0.000138162
-0.000151421
-0.000112579
-0.000126581
-8.12943e-05
-7.95426e-05
-6.63579e-05
-5.10691e-05
-8.69898e-05
-2.76643e-05
-0.00016646
5.60483e-06
-0.000249673
-0.000168776
-0.000158191
1.85437e-05
-0.000136781
-9.79641e-06
-0.000123364
3.73298e-05
-0.000110272
0.000142639
-0.000100793
0.00031337
-0.000113639
0.000435973
-0.000140658
0.000160955
-0.000141364
-5.60312e-05
-0.000150822
-8.46115e-05
-0.000191244
-5.64002e-05
-0.000225679
-7.46662e-05
-0.000221102
-0.000142739
-0.000218404
-0.000115278
-0.000202479
-9.72194e-05
-0.000183159
-8.56776e-05
-0.000172942
-9.72068e-05
-0.000127716
-0.000211686
-3.59382e-05
-0.000341451
-0.000204714
-0.000155297
1.61597e-05
-0.000138259
-2.68342e-05
-0.000128449
2.75195e-05
-0.000112553
0.000126743
-9.21411e-05
0.000292958
-7.78074e-05
0.000421639
-0.000123686
0.000206833
-0.000177882
-1.83562e-06
-0.000196653
-6.584e-05
-0.000233974
-1.90795e-05
-0.000279388
-2.92515e-05
-0.000443873
2.17463e-05
-0.00058991
3.07591e-05
-0.00067284
-1.42895e-05
-0.000664488
-9.40291e-05
-0.000541755
-0.000219941
-0.000321636
-0.000431805
-0.00011966
-0.000543427
-0.000324374
-0.000127942
-2.88613e-06
-0.000133763
-2.10135e-05
-0.000124125
1.78818e-05
-0.000117054
0.000119671
-7.10773e-05
0.000246981
-1.3247e-05
0.000363809
-2.2962e-05
0.000216548
-6.32656e-05
3.84681e-05
-0.000123686
-5.4193e-06
-8.08142e-05
-6.19514e-05
-4.20816e-05
-6.79844e-05
-0.000123947
0.000103612
-0.000247742
0.000154554
-0.000361731
9.96995e-05
-0.000415091
-4.0669e-05
-0.000387244
-0.000247788
-0.000305616
-0.000513432
-0.00014303
-0.000706013
-0.000467404
-0.000146659
-1.0825e-05
-0.000159872
-7.80059e-06
-0.000157582
1.55919e-05
-0.000135167
9.72565e-05
-7.00751e-05
0.000181889
4.74327e-05
0.000246301
7.51472e-05
0.000188834
2.21416e-05
9.14737e-05
-2.30047e-05
3.97269e-05
1.9574e-06
-8.69135e-05
6.76708e-05
-0.000133698
0.000174272
-2.98982e-06
0.000146935
0.000181892
5.62379e-05
0.000190397
-7.24846e-07
1.62935e-05
-2.56622e-05
-0.000222851
-7.88163e-05
-0.000460278
-4.1263e-05
-0.000743566
-0.000508667
-0.000133673
-2.42113e-05
-0.000140457
-1.01676e-06
-0.000159773
3.49084e-05
-0.000141222
7.87058e-05
-9.14035e-05
0.00013207
-1.03198e-05
0.000165217
2.60962e-05
0.000152418
-1.09426e-06
0.000118664
6.96966e-06
3.1663e-05
2.74719e-05
-0.000107416
3.87984e-05
-0.000145024
0.000146937
-0.000111129
0.000270817
5.80122e-05
0.000277613
0.0001836
0.000233711
6.01958e-05
0.000187999
-0.000177139
0.000103637
-0.000375917
-6.27299e-06
-0.000633656
-0.00051494
-0.000197906
-3.00685e-05
-0.000190247
-8.67507e-06
-0.000169739
1.44e-05
-0.000140273
4.92404e-05
-9.88207e-05
9.06175e-05
-5.07063e-05
0.000117103
-1.74822e-05
0.000119194
8.75526e-06
9.24267e-05
4.93367e-05
-8.91849e-06
6.01557e-05
-0.000118235
6.53378e-05
-0.000150206
7.07492e-05
-0.00011654
0.000165696
-3.69339e-05
0.000215681
0.000133614
0.000219792
5.60841e-05
0.000191329
-0.000148676
0.000155452
-0.00034004
8.60208e-06
-0.000486806
-0.000506338
-0.000204427
-3.47188e-05
-0.000189994
-2.31078e-05
-0.000167515
-8.07836e-06
-0.000136632
1.83568e-05
-9.19737e-05
4.59593e-05
-4.0878e-05
6.60072e-05
6.45689e-06
7.18588e-05
8.23961e-05
1.64875e-05
0.000136001
-6.2523e-05
0.000143238
-0.000125472
0.000108518
-0.000115486
7.70226e-05
-8.50445e-05
8.06828e-05
-4.05942e-05
9.36294e-05
0.000120668
0.000106062
4.36519e-05
8.81347e-05
-0.000130749
9.97933e-05
-0.000351699
3.04268e-05
-0.000417439
-0.000475911
-0.000116528
-6.27707e-05
-9.60687e-05
-4.35667e-05
-7.39766e-05
-3.01704e-05
-4.52121e-05
-1.04076e-05
-2.39056e-07
9.86223e-07
5.94768e-05
6.29127e-06
0.000133781
-2.44563e-06
0.000181503
-3.12337e-05
0.000191533
-7.25531e-05
0.000152965
-8.69049e-05
0.000103053
-6.55742e-05
5.548e-05
-3.74717e-05
3.44122e-06
1.14447e-05
-1.25114e-05
0.00013662
1.22917e-05
1.88485e-05
1.0765e-05
-0.000129222
4.06699e-05
-0.000381603
3.40794e-05
-0.000410848
-0.000441832
-0.00014064
-0.000108406
-0.00011069
-7.3516e-05
-8.28413e-05
-5.80196e-05
-5.4998e-05
-3.82509e-05
-3.02592e-05
-2.37525e-05
-6.39432e-06
-1.75736e-05
2.08164e-05
-2.96564e-05
4.96843e-05
-6.01015e-05
4.23438e-05
-6.52126e-05
2.65601e-05
-7.11212e-05
1.70532e-05
-5.60672e-05
-3.38835e-05
1.34651e-05
-0.000114501
9.20626e-05
-5.99674e-05
8.2086e-05
-2.5508e-05
-1.56106e-05
-1.27437e-05
-0.000141987
1.88195e-06
-0.000396229
1.09038e-05
-0.00041987
-0.000430928
-0.000229698
-0.000124235
-0.000183508
-0.000119705
-0.000133609
-0.000107919
-8.94967e-05
-8.2363e-05
-6.05624e-05
-5.26868e-05
-3.81645e-05
-3.99714e-05
-3.01929e-05
-3.7628e-05
-9.62159e-06
-8.06728e-05
-1.20503e-05
-6.2784e-05
-6.28479e-05
-2.03236e-05
-0.000135807
1.68919e-05
-0.000192531
7.01888e-05
-0.000150462
4.99936e-05
-5.40024e-05
-1.43734e-05
-1.77977e-05
-5.18154e-05
-1.255e-05
-0.000147234
-2.47719e-05
-0.000384007
-1.30026e-05
-0.00043164
-0.000443931
-0.000261431
-0.000125856
-0.000221247
-0.000159889
-0.000171742
-0.000157425
-0.000122272
-0.000131832
-6.79408e-05
-0.000107018
-2.69374e-05
-8.09748e-05
-1.79835e-05
-4.65818e-05
-7.23232e-05
-2.6333e-05
-0.000151188
1.60812e-05
-0.00023315
6.16384e-05
-0.000270512
5.42537e-05
-0.000216186
1.58625e-05
-0.000113435
-5.27574e-05
-3.25121e-05
-9.5296e-05
4.15975e-06
-8.84874e-05
-2.33827e-06
-0.000140736
-3.34579e-05
-0.000352888
-2.37126e-05
-0.000441385
-0.000467644
-0.000224383
-0.00011688
-0.000201814
-0.000182457
-0.000166642
-0.000192597
-0.0001346
-0.000163874
-0.000110866
-0.000130753
-9.7498e-05
-9.43425e-05
-0.000106797
-3.72827e-05
-0.000161726
2.85961e-05
-0.000219821
7.4176e-05
-0.000240876
8.26935e-05
-0.000213968
2.73464e-05
-0.00013723
-6.08756e-05
-6.08091e-05
-0.000129179
-5.68409e-06
-0.000150421
3.11408e-05
-0.000125312
1.79419e-05
-0.000127538
-2.12988e-05
-0.000313647
-2.54693e-05
-0.000437215
-0.000493113
-0.000157411
-9.13785e-05
-0.0001538
-0.000186068
-0.000132134
-0.000214263
-0.000114188
-0.00018182
-0.000113331
-0.00013161
-0.000122562
-8.51112e-05
-0.000134299
-2.55463e-05
-0.000150536
4.48328e-05
-0.000161227
8.48673e-05
-0.000141007
6.24737e-05
-9.19405e-05
-2.172e-05
-3.64138e-05
-0.000116402
5.21092e-06
-0.000170803
3.4498e-05
-0.000179708
5.7795e-05
-0.00014861
4.94206e-05
-0.000119163
8.77324e-06
-0.000273
-9.52712e-06
-0.000418914
-0.00050264
-5.784e-05
-6.30468e-05
-7.27474e-05
-0.000171161
-6.99024e-05
-0.000217108
-6.31384e-05
-0.000188584
-6.61602e-05
-0.000128588
-7.92703e-05
-7.2001e-05
-8.66465e-05
-1.81699e-05
-7.53998e-05
3.35863e-05
-5.102e-05
6.04874e-05
-1.44654e-05
2.5919e-05
2.84526e-05
-6.46379e-05
5.80127e-05
-0.000145962
7.04702e-05
-0.000183261
7.77626e-05
-0.000187001
8.55639e-05
-0.000156411
8.15987e-05
-0.000115198
4.02437e-05
-0.000231645
1.0918e-05
-0.000389589
-0.000491722
3.13538e-05
-6.7844e-05
2.11012e-05
-0.000160908
4.87415e-06
-0.00020088
-7.87557e-06
-0.000175835
-1.30906e-05
-0.000123373
-1.47511e-05
-7.03404e-05
-8.44159e-06
-2.44794e-05
1.54442e-05
9.70063e-06
5.47026e-05
2.12292e-05
9.70699e-05
-1.64484e-05
0.000120369
-8.79367e-05
0.000122638
-0.000148231
0.000115895
-0.000176519
0.00010752
-0.000178625
0.000104722
-0.000153614
0.000103753
-0.000114229
6.47295e-05
-0.000192621
2.83833e-05
-0.000353243
-0.000463339
0.000113859
-7.24802e-05
9.94385e-05
-0.000146488
6.86481e-05
-0.00017009
4.0943e-05
-0.00014813
2.62175e-05
-0.000108648
2.71222e-05
-7.12451e-05
4.48895e-05
-4.22463e-05
7.70871e-05
-2.2497e-05
0.000118084
-1.97679e-05
0.000149158
-4.75226e-05
0.000157104
-9.58824e-05
0.000147653
-0.00013878
0.000131659
-0.000160525
0.000118007
-0.000164974
0.000111301
-0.000146908
0.000110807
-0.000113734
8.10053e-05
-0.00016282
3.89676e-05
-0.000311205
-0.000424371
0.00018235
-5.10963e-05
0.000146726
-0.000110864
0.00010416
-0.000127524
7.11365e-05
-0.000115106
5.35119e-05
-9.10229e-05
5.04233e-05
-6.81567e-05
6.07884e-05
-5.26116e-05
8.43802e-05
-4.60886e-05
0.000115042
-5.04295e-05
0.000138085
-7.05657e-05
0.000144623
-0.000102421
0.000138119
-0.000132276
0.000126724
-0.00014913
0.000116916
-0.000155166
0.000110904
-0.000140895
0.000109536
-0.000112366
8.8133e-05
-0.000141417
4.44256e-05
-0.000267497
-0.000379945
0.000192717
-2.89684e-05
0.00015304
-7.11871e-05
0.000113433
-8.79166e-05
8.42975e-05
-8.59709e-05
6.89397e-05
-7.56651e-05
6.57979e-05
-6.50148e-05
7.19351e-05
-5.87488e-05
8.52303e-05
-5.93838e-05
0.000103159
-6.83582e-05
0.000119012
-8.64181e-05
0.000126843
-0.000110252
0.000126621
-0.000132055
0.000121637
-0.000144146
0.000115185
-0.000148714
0.000108757
-0.000134467
0.000103884
-0.000107494
8.70439e-05
-0.000124577
4.73843e-05
-0.000227838
-0.000332561
0.000158504
-1.54597e-05
0.000132186
-4.48698e-05
0.000106043
-6.17736e-05
8.67444e-05
-6.66719e-05
7.60291e-05
-6.49499e-05
7.30879e-05
-6.20733e-05
7.6528e-05
-6.21888e-05
8.51024e-05
-6.79581e-05
9.71769e-05
-8.04328e-05
0.000109207
-9.84484e-05
0.000117273
-0.000118318
0.000119771
-0.000134552
0.000117231
-0.000141606
0.000111433
-0.000142916
0.000103532
-0.000126566
9.48742e-05
-9.88364e-05
8.01161e-05
-0.000109819
4.64722e-05
-0.000194194
-0.000286089
0.000128331
-8.72686e-06
0.000113944
-3.04827e-05
9.82694e-05
-4.60993e-05
8.57311e-05
-5.41333e-05
7.79075e-05
-5.71265e-05
7.48679e-05
-5.90337e-05
7.6137e-05
-6.34578e-05
8.14183e-05
-7.32394e-05
9.00378e-05
-8.90522e-05
9.94822e-05
-0.000107893
0.000106443
-0.000125278
0.000109006
-0.000137116
0.000107076
-0.000139675
0.00010172
-0.000137561
9.33808e-05
-0.000118226
8.31216e-05
-8.85771e-05
6.94069e-05
-9.61038e-05
4.16391e-05
-0.000166426
-0.00024445
0.000109811
-5.38913e-06
0.000101785
-2.24567e-05
9.18035e-05
-3.61177e-05
8.27455e-05
-4.50753e-05
7.6274e-05
-5.06549e-05
7.27878e-05
-5.55475e-05
7.22823e-05
-6.29522e-05
7.51716e-05
-7.61287e-05
8.09463e-05
-9.48268e-05
8.70295e-05
-0.000113976
9.0945e-05
-0.000129193
9.17369e-05
-0.000137908
8.97274e-05
-0.000137666
8.51379e-05
-0.000132971
7.73822e-05
-0.00011047
6.77696e-05
-7.89645e-05
5.58081e-05
-8.41422e-05
3.48006e-05
-0.000145418
-0.000209649
9.69097e-05
-3.31429e-06
9.16954e-05
-1.72425e-05
8.47191e-05
-2.91413e-05
7.78561e-05
-3.82124e-05
7.23091e-05
-4.51078e-05
6.83203e-05
-5.15587e-05
6.61893e-05
-6.0821e-05
6.66025e-05
-7.6542e-05
6.86917e-05
-9.69158e-05
7.01239e-05
-0.000115408
6.97826e-05
-0.000128852
6.78979e-05
-0.000136023
6.5354e-05
-0.000135122
6.13021e-05
-0.00012892
5.38735e-05
-0.000103042
4.58739e-05
-7.0965e-05
3.92558e-05
-7.75242e-05
2.73322e-05
-0.000133495
-0.000182317
8.62371e-05
-1.91831e-06
8.26717e-05
-1.36772e-05
7.76705e-05
-2.414e-05
7.23381e-05
-3.28799e-05
6.73612e-05
-4.01309e-05
6.28388e-05
-4.70363e-05
5.9186e-05
-5.7168e-05
5.67717e-05
-7.41278e-05
5.45236e-05
-9.46677e-05
5.11109e-05
-0.000111996
4.63788e-05
-0.00012412
4.12759e-05
-0.00013092
3.71148e-05
-0.000130961
3.22517e-05
-0.000124057
2.46802e-05
-9.54706e-05
2.11359e-05
-6.74208e-05
2.50737e-05
-8.14621e-05
2.08893e-05
-0.00012931
-0.000161428
7.71639e-05
-1.02736e-06
7.46469e-05
-1.11601e-05
7.09688e-05
-2.04619e-05
6.67782e-05
-2.86893e-05
6.23378e-05
-3.56904e-05
5.76673e-05
-4.23658e-05
5.29809e-05
-5.24815e-05
4.80646e-05
-6.92114e-05
4.22532e-05
-8.88563e-05
3.5362e-05
-0.000105104
2.71674e-05
-0.000115926
1.88389e-05
-0.000122592
1.1776e-05
-0.000123898
4.79323e-06
-0.000117074
4.67477e-07
-9.11449e-05
6.6052e-06
-7.35585e-05
1.86759e-05
-9.35328e-05
1.6653e-05
-0.000127287
-0.000144775
6.92422e-05
-4.36816e-07
6.74361e-05
-9.35397e-06
6.47678e-05
-1.77936e-05
6.16003e-05
-2.55217e-05
5.79951e-05
-3.20852e-05
5.39869e-05
-3.83576e-05
4.93946e-05
-4.78893e-05
4.35202e-05
-6.33367e-05
3.62589e-05
-8.1595e-05
2.80858e-05
-9.69314e-05
1.85138e-05
-0.000106354
8.23895e-06
-0.000112317
-1.83316e-06
-0.000113826
-9.76407e-06
-0.000109143
-8.80284e-06
-9.2106e-05
4.57165e-06
-8.6933e-05
1.66742e-05
-0.000105635
1.38098e-05
-0.000124423
-0.000130965
6.21789e-05
-4.84921e-08
6.09432e-05
-8.11834e-06
5.9136e-05
-1.59865e-05
5.70036e-05
-2.33893e-05
5.46717e-05
-2.97533e-05
5.2236e-05
-3.59217e-05
4.91753e-05
-4.48286e-05
4.44299e-05
-5.85911e-05
3.79336e-05
-7.50987e-05
3.04748e-05
-8.94725e-05
2.21574e-05
-9.80362e-05
1.26722e-05
-0.000102832
2.89674e-06
-0.000104051
-3.73922e-06
-0.000102507
8.57152e-08
-9.59309e-05
1.15952e-05
-9.84424e-05
1.64107e-05
-0.000110451
1.18495e-05
-0.000119862
-0.000119115
5.58965e-05
1.1259e-07
5.51567e-05
-7.37851e-06
5.40996e-05
-1.49295e-05
5.29719e-05
-2.22616e-05
5.20842e-05
-2.88656e-05
5.1585e-05
-3.54224e-05
5.08032e-05
-4.40467e-05
4.83902e-05
-5.6178e-05
4.38102e-05
-7.05186e-05
3.80011e-05
-8.36634e-05
3.21287e-05
-9.21637e-05
2.54505e-05
-9.61536e-05
1.84165e-05
-9.70168e-05
1.28753e-05
-9.69658e-05
1.34528e-05
-9.65085e-05
1.7134e-05
-0.000102124
1.56297e-05
-0.000108946
1.029e-05
-0.000114522
-0.000108825
5.03569e-05
3.66406e-08
5.00978e-05
-7.11935e-06
4.96898e-05
-1.45216e-05
4.9376e-05
-2.19478e-05
4.95451e-05
-2.90347e-05
5.03715e-05
-3.62487e-05
5.11946e-05
-4.48698e-05
5.05803e-05
-5.55637e-05
4.7639e-05
-6.75772e-05
4.32584e-05
-7.92827e-05
3.89998e-05
-8.79051e-05
3.4481e-05
-9.16348e-05
2.92881e-05
-9.18239e-05
2.3872e-05
-9.15498e-05
2.05737e-05
-9.32101e-05
1.8276e-05
-9.98257e-05
1.40091e-05
-0.000104679
8.683e-06
-0.000109195
-0.000100142
4.54926e-05
-2.82531e-07
4.5636e-05
-7.26276e-06
4.57273e-05
-1.46129e-05
4.59068e-05
-2.21274e-05
4.64321e-05
-2.956e-05
4.74136e-05
-3.72303e-05
4.82866e-05
-4.57428e-05
4.78329e-05
-5.51099e-05
4.54224e-05
-6.51666e-05
4.18792e-05
-7.57395e-05
3.81334e-05
-8.41592e-05
3.38752e-05
-8.73766e-05
2.88712e-05
-8.68199e-05
2.38088e-05
-8.64874e-05
1.98389e-05
-8.92401e-05
1.63347e-05
-9.63214e-05
1.16508e-05
-9.99952e-05
6.60154e-06
-0.000104146
-9.35405e-05
4.09561e-05
-7.59645e-07
4.1352e-05
-7.65864e-06
4.16785e-05
-1.49395e-05
4.19498e-05
-2.23989e-05
4.2244e-05
-2.98542e-05
4.25638e-05
-3.75502e-05
4.24237e-05
-4.56026e-05
4.1026e-05
-5.37121e-05
3.84599e-05
-6.26005e-05
3.54022e-05
-7.26818e-05
3.17316e-05
-8.04885e-05
2.71208e-05
-8.27658e-05
2.24036e-05
-8.21027e-05
1.8907e-05
-8.29907e-05
1.63543e-05
-8.66873e-05
1.32156e-05
-9.31825e-05
8.83142e-06
-9.56108e-05
4.12138e-06
-9.94358e-05
-8.94191e-05
3.62036e-05
-1.22851e-06
3.65939e-05
-8.04893e-06
3.68432e-05
-1.51888e-05
3.68668e-05
-2.24226e-05
3.66626e-05
-2.965e-05
3.62181e-05
-3.71057e-05
3.51653e-05
-4.45498e-05
3.31806e-05
-5.17272e-05
3.0799e-05
-6.02187e-05
2.80543e-05
-6.99371e-05
2.43307e-05
-7.67649e-05
2.00436e-05
-7.84786e-05
1.67462e-05
-7.88053e-05
1.49691e-05
-8.12134e-05
1.31559e-05
-8.48739e-05
1.00596e-05
-9.00862e-05
6.18195e-06
-9.1733e-05
1.91669e-06
-9.51705e-05
-8.75024e-05
3.08264e-05
-1.52419e-06
3.10174e-05
-8.23985e-06
3.10094e-05
-1.51809e-05
3.07163e-05
-2.21295e-05
3.01269e-05
-2.90607e-05
2.93007e-05
-3.62795e-05
2.80777e-05
-4.33267e-05
2.65152e-05
-5.01647e-05
2.48048e-05
-5.85083e-05
2.21882e-05
-6.73205e-05
1.85655e-05
-7.31422e-05
1.52799e-05
-7.5193e-05
1.34017e-05
-7.69271e-05
1.21691e-05
-7.99807e-05
1.03211e-05
-8.30259e-05
7.43151e-06
-8.71965e-05
4.31099e-06
-8.86124e-05
7.09831e-07
-9.15693e-05
-8.67926e-05
2.49237e-05
-1.60191e-06
2.48959e-05
-8.21201e-06
2.46802e-05
-1.49653e-05
2.42669e-05
-2.17161e-05
2.3657e-05
-2.84508e-05
2.29497e-05
-3.55721e-05
2.21666e-05
-4.25436e-05
2.1422e-05
-4.94201e-05
2.02198e-05
-5.7306e-05
1.77359e-05
-6.48367e-05
1.465e-05
-7.00562e-05
1.23306e-05
-7.28736e-05
1.09494e-05
-7.55458e-05
9.56794e-06
-7.85992e-05
7.89418e-06
-8.1352e-05
5.59415e-06
-8.48964e-05
3.3022e-06
-8.63204e-05
5.49403e-07
-8.88164e-05
-8.62431e-05
1.89936e-05
-1.5459e-06
1.88576e-05
-8.07618e-06
1.86025e-05
-1.47102e-05
1.83159e-05
-2.14296e-05
1.79842e-05
-2.81192e-05
1.76592e-05
-3.52472e-05
1.73692e-05
-4.22536e-05
1.70583e-05
-4.91091e-05
1.60036e-05
-5.62513e-05
1.39047e-05
-6.27378e-05
1.1569e-05
-6.77205e-05
9.8231e-06
-7.11277e-05
8.53533e-06
-7.4258e-05
7.23617e-06
-7.72999e-05
6.0001e-06
-8.01158e-05
4.32285e-06
-8.32191e-05
2.73787e-06
-8.47353e-05
7.89285e-07
-8.68677e-05
-8.54538e-05
1.3451e-05
-1.38941e-06
1.33008e-05
-7.92603e-06
1.3133e-05
-1.45425e-05
1.30646e-05
-2.13613e-05
1.30538e-05
-2.81084e-05
1.30118e-05
-3.52052e-05
1.28674e-05
-4.21092e-05
1.25174e-05
-4.87592e-05
1.15611e-05
-5.5295e-05
1.00359e-05
-6.12127e-05
8.39394e-06
-6.60785e-05
7.10017e-06
-6.98339e-05
6.10532e-06
-7.3263e-05
5.20093e-06
-7.63954e-05
4.36623e-06
-7.9281e-05
3.20603e-06
-8.20587e-05
2.14722e-06
-8.36764e-05
7.7695e-07
-8.54973e-05
-8.46768e-05
8.38408e-06
-1.07414e-06
8.17689e-06
-7.71891e-06
8.07971e-06
-1.44453e-05
8.12377e-06
-2.14053e-05
8.21111e-06
-2.81957e-05
8.18829e-06
-3.51823e-05
7.9695e-06
-4.18904e-05
7.57019e-06
-4.83598e-05
6.88361e-06
-5.46084e-05
5.9636e-06
-6.02927e-05
5.00188e-06
-6.51167e-05
4.27501e-06
-6.9107e-05
3.72241e-06
-7.27103e-05
3.22849e-06
-7.59014e-05
2.72253e-06
-7.87749e-05
2.01151e-06
-8.13476e-05
1.3684e-06
-8.30332e-05
4.73131e-07
-8.46019e-05
-8.42036e-05
3.02248e-06
2.88075e-06
2.8517e-06
2.85455e-06
2.8692e-06
2.79108e-06
2.65913e-06
2.48757e-06
2.24368e-06
1.94069e-06
1.64997e-06
1.44981e-06
1.28111e-06
1.12766e-06
9.53751e-07
6.9957e-07
4.816e-07
1.19595e-07
)
;

boundaryField
{
    leftWall
    {
        type            calculated;
        value           uniform 0;
    }
    rightWall
    {
        type            calculated;
        value           uniform 0;
    }
    lowerWall
    {
        type            calculated;
        value           uniform 0;
    }
    atmosphere
    {
        type            calculated;
        value           nonuniform List<scalar> 
46
(
5.92501e-05
6.05514e-05
5.83547e-05
5.77811e-05
5.71167e-05
5.61665e-05
5.50914e-05
5.38202e-05
5.23862e-05
5.0777e-05
4.8995e-05
4.70345e-05
4.48934e-05
4.25704e-05
4.00642e-05
3.73729e-05
3.44909e-05
3.14151e-05
2.81446e-05
2.4676e-05
2.10038e-05
1.71076e-05
1.29925e-05
4.67931e-06
3.69666e-06
2.66873e-06
1.59631e-06
-8.19769e-07
-7.5772e-06
-1.44162e-05
-2.14081e-05
-2.82103e-05
-3.51042e-05
-4.17584e-05
-4.81883e-05
-5.43645e-05
-5.99897e-05
-6.4826e-05
-6.89068e-05
-7.25416e-05
-7.57479e-05
-7.86009e-05
-8.10933e-05
-8.28151e-05
-8.42399e-05
-8.4084e-05
)
;
    }
    defaultFaces
    {
        type            empty;
        value           nonuniform 0();
    }
}


// ************************************************************************* //
