/*--------------------------------*- C++ -*----------------------------------*\
| =========                 |                                                 |
| \\      /  F ield         | OpenFOAM: The Open Source CFD Toolbox           |
|  \\    /   O peration     | Version:  5.x                                   |
|   \\  /    A nd           | Web:      www.OpenFOAM.org                      |
|    \\/     M anipulation  |                                                 |
\*---------------------------------------------------------------------------*/
FoamFile
{
    version     2.0;
    format      ascii;
    class       surfaceScalarField;
    location    "0.2";
    object      alphaPhi10;
}
// * * * * * * * * * * * * * * * * * * * * * * * * * * * * * * * * * * * * * //

dimensions      [0 3 -1 0 0 0 0];

internalField   nonuniform List<scalar> 
4432
(
2.1009e-06
-2.1009e-06
7.78087e-06
-5.67996e-06
1.41304e-05
-6.34957e-06
2.00282e-05
-5.89773e-06
2.54373e-05
-5.40913e-06
3.06124e-05
-5.17516e-06
3.57708e-05
-5.1584e-06
4.10207e-05
-5.24983e-06
4.63735e-05
-5.35278e-06
5.17743e-05
-5.40085e-06
5.71212e-05
-5.34691e-06
6.22664e-05
-5.1452e-06
6.70049e-05
-4.73851e-06
7.10539e-05
-4.04898e-06
7.39885e-05
-2.93455e-06
7.49776e-05
-9.89119e-07
7.2463e-05
2.51455e-06
6.41766e-05
8.28639e-06
4.81797e-05
1.5997e-05
2.41573e-05
2.40223e-05
-3.10255e-06
2.72599e-05
-1.35516e-05
1.46286e-05
-1.39967e-05
2.14925e-06
-4.25015e-06
7.83189e-06
-1.13626e-05
1.41811e-05
-1.26988e-05
2.00852e-05
-1.18019e-05
2.55005e-05
-1.08244e-05
3.06888e-05
-1.03634e-05
3.58704e-05
-1.034e-05
4.11501e-05
-1.05296e-05
4.65371e-05
-1.07397e-05
5.19781e-05
-1.08419e-05
5.73756e-05
-1.07443e-05
6.25858e-05
-1.03555e-05
6.74088e-05
-9.5615e-06
7.15667e-05
-8.2068e-06
7.47039e-05
-6.0718e-06
7.66209e-05
-2.90608e-06
7.73539e-05
1.78157e-06
7.66913e-05
8.94894e-06
7.23632e-05
2.0325e-05
6.001e-05
3.63751e-05
3.74831e-05
4.97866e-05
1.29831e-05
3.9744e-05
-4.88393e-06
2.21215e-06
-6.46231e-06
7.88559e-06
-1.7036e-05
1.41854e-05
-1.89986e-05
2.00377e-05
-1.76541e-05
2.54178e-05
-1.62045e-05
3.05944e-05
-1.55401e-05
3.57857e-05
-1.55313e-05
4.10888e-05
-1.58327e-05
4.65093e-05
-1.61602e-05
5.19964e-05
-1.6329e-05
5.74583e-05
-1.62063e-05
6.276e-05
-1.56572e-05
6.77122e-05
-1.45136e-05
7.20563e-05
-1.25509e-05
7.54575e-05
-9.47294e-06
7.74577e-05
-4.90633e-06
7.76255e-05
1.6138e-06
7.59298e-05
1.06446e-05
7.30954e-05
2.31594e-05
6.88542e-05
4.06163e-05
5.75931e-05
6.10477e-05
3.2479e-05
6.48582e-05
2.32513e-05
2.30487e-06
-8.76717e-06
7.97729e-06
-2.27084e-05
1.42056e-05
-2.5227e-05
1.99777e-05
-2.34262e-05
2.53084e-05
-2.15352e-05
3.04749e-05
-2.07065e-05
3.56863e-05
-2.07427e-05
4.10288e-05
-2.11752e-05
4.65036e-05
-2.1635e-05
5.20638e-05
-2.18892e-05
5.76262e-05
-2.17687e-05
6.30683e-05
-2.10993e-05
6.82171e-05
-1.96624e-05
7.28306e-05
-1.71644e-05
7.65787e-05
-1.32211e-05
7.90421e-05
-7.36965e-06
7.97253e-05
9.30606e-07
7.81609e-05
1.22089e-05
7.43608e-05
2.69596e-05
6.97105e-05
4.52666e-05
6.22094e-05
6.85488e-05
4.10963e-05
8.59713e-05
5.73822e-05
2.42815e-06
-1.11953e-05
8.1009e-06
-2.83812e-05
1.42323e-05
-3.13584e-05
1.98975e-05
-2.90913e-05
2.51666e-05
-2.68044e-05
3.03244e-05
-2.58643e-05
3.55643e-05
-2.59827e-05
4.09576e-05
-2.65685e-05
4.65015e-05
-2.71789e-05
5.21545e-05
-2.75422e-05
5.78453e-05
-2.74595e-05
6.34687e-05
-2.67227e-05
6.88727e-05
-2.50664e-05
7.38333e-05
-2.21251e-05
7.80323e-05
-1.74201e-05
8.106e-05
-1.03973e-05
8.24589e-05
-4.68353e-07
8.17233e-05
1.29446e-05
7.82423e-05
3.04406e-05
7.19644e-05
5.15445e-05
6.32519e-05
7.72613e-05
4.36223e-05
0.000105601
0.000105295
2.58251e-06
-1.37778e-05
8.24787e-06
-3.40465e-05
1.42534e-05
-3.7364e-05
1.97877e-05
-3.46257e-05
2.49863e-05
-3.20029e-05
3.01363e-05
-3.10143e-05
3.54091e-05
-3.12555e-05
4.08584e-05
-3.20178e-05
4.64784e-05
-3.27988e-05
5.22358e-05
-3.32996e-05
5.80751e-05
-3.32988e-05
6.39134e-05
-3.2561e-05
6.96223e-05
-3.07753e-05
7.49971e-05
-2.74998e-05
7.97344e-05
-2.21574e-05
8.34366e-05
-1.40995e-05
8.56557e-05
-2.68739e-06
8.58617e-05
1.27385e-05
8.33759e-05
3.29264e-05
7.6931e-05
5.79894e-05
6.615e-05
8.80422e-05
4.59561e-05
0.000125795
0.000157491
2.76259e-06
-1.65404e-05
8.40434e-06
-3.96883e-05
1.42546e-05
-4.32142e-05
1.964e-05
-4.00111e-05
2.47624e-05
-3.71253e-05
2.99048e-05
-3.61567e-05
3.52107e-05
-3.65614e-05
4.07155e-05
-3.75226e-05
4.64124e-05
-3.84957e-05
5.22793e-05
-3.91665e-05
5.8281e-05
-3.93005e-05
6.43603e-05
-3.86403e-05
7.04131e-05
-3.68281e-05
7.62549e-05
-3.33416e-05
8.16059e-05
-2.75085e-05
8.60998e-05
-1.85934e-05
8.92914e-05
-5.87898e-06
9.05871e-05
1.14428e-05
8.93057e-05
3.42077e-05
8.39467e-05
6.33484e-05
7.2468e-05
9.95209e-05
5.30133e-05
0.00014525
0.000210647
2.95591e-06
-1.94963e-05
8.54912e-06
-4.52815e-05
1.42242e-05
-4.88892e-05
1.94531e-05
-4.52401e-05
2.44973e-05
-4.21695e-05
2.96304e-05
-4.12897e-05
3.49653e-05
-4.18963e-05
4.05205e-05
-4.30778e-05
4.62907e-05
-4.4266e-05
5.22686e-05
-4.51444e-05
5.84431e-05
-4.5475e-05
6.47837e-05
-4.49809e-05
7.12102e-05
-4.32546e-05
7.75655e-05
-3.96968e-05
8.36005e-05
-3.35436e-05
8.89839e-05
-2.39767e-05
9.33019e-05
-1.0197e-05
9.59005e-05
8.84418e-06
9.61277e-05
3.39805e-05
9.25836e-05
6.68923e-05
8.1894e-05
0.00011021
6.08463e-05
0.000166297
0.000271493
7.72607e-26
-1.93132e-25
1.10022e-25
-8.19048e-26
1.50345e-26
-2.6948e-27
5.79085e-28
-4.15474e-27
6.21337e-30
-1.52044e-28
1.70569e-31
-2.8619e-30
1.20982e-32
-9.19951e-32
7.08087e-34
-3.53812e-33
2.53628e-35
-9.40047e-35
7.17513e-37
-1.20579e-36
1.7394e-38
5.79208e-39
3.45879e-40
4.47915e-40
5.3786e-42
1.46521e-41
6.41569e-44
3.09144e-43
5.51815e-46
4.97731e-45
3.1616e-48
5.55359e-47
9.99576e-51
4.23126e-49
1.12179e-53
1.86213e-51
3.23374e-54
-1.21252e-23
3.51405e-24
-3.27419e-24
-1.86816e-23
2.87752e-25
-4.56797e-24
6.3248e-26
-1.26812e-24
1.03551e-27
-4.37232e-26
3.31974e-29
-9.7594e-28
1.77114e-30
-2.27964e-29
8.57841e-32
-6.50996e-31
2.98958e-33
-1.48806e-32
8.25115e-35
-1.75356e-34
1.9156e-36
2.1917e-36
3.63356e-38
1.78945e-37
5.40581e-40
5.56607e-39
6.08313e-42
1.14276e-40
4.85322e-44
1.70317e-42
2.45816e-46
1.74988e-44
6.16603e-49
1.15381e-46
4.33649e-52
3.71014e-49
3.57057e-52
-7.39097e-22
6.05583e-22
-1.68278e-22
-2.61055e-21
5.68997e-23
-2.58346e-21
5.1469e-24
-3.90824e-22
8.97325e-26
-9.31765e-24
2.86721e-27
-2.00298e-25
1.06637e-28
-3.49502e-27
3.7552e-30
-6.06876e-29
1.12014e-31
-1.01402e-30
2.79289e-33
-1.00942e-32
5.91428e-35
1.15614e-34
1.03177e-36
8.39697e-36
1.41279e-38
2.39473e-37
1.45287e-40
4.51906e-39
1.0379e-42
6.0939e-41
4.50399e-45
5.52816e-43
9.54941e-48
3.12007e-45
8.14485e-51
8.57766e-48
8.67768e-51
-6.1496e-20
4.88687e-20
-3.69514e-20
-6.52169e-19
2.81329e-21
-1.06176e-18
2.9753e-22
-9.50446e-20
4.68063e-24
-9.34664e-22
1.83214e-25
-1.87088e-23
6.41579e-27
-5.85654e-25
1.44643e-28
-7.96085e-27
3.28777e-30
-6.91345e-29
7.15848e-32
-4.67536e-31
1.34894e-33
4.2225e-33
2.12566e-35
2.57373e-34
2.64622e-37
6.57994e-36
2.46348e-39
1.12576e-37
1.61701e-41
1.36462e-39
6.56888e-44
1.15066e-41
1.28809e-46
6.03796e-44
1.5443e-49
1.51673e-46
1.62605e-49
-6.37635e-18
5.26498e-18
-4.46327e-18
-8.05146e-17
-8.77339e-20
-1.5196e-17
6.51691e-21
-1.99984e-18
1.02267e-22
-1.94406e-20
5.92037e-24
-3.49391e-22
3.16371e-25
-2.09051e-23
5.45265e-27
-4.52683e-25
8.31934e-29
-4.22321e-27
1.45406e-30
-1.71018e-29
2.41029e-32
1.14741e-31
3.39579e-34
5.80635e-33
3.88964e-36
1.30685e-34
3.3931e-38
2.05582e-36
2.09237e-40
2.31458e-38
8.12899e-43
1.84974e-40
1.5319e-45
9.21454e-43
2.3412e-48
2.20108e-45
2.50106e-48
-1.09077e-16
1.05643e-16
-4.23989e-17
-1.66628e-16
-1.27687e-18
-6.87781e-17
2.31994e-20
-4.7777e-18
9.64689e-22
-2.18173e-19
5.33609e-23
-2.65189e-21
3.17388e-24
-9.6422e-23
8.52372e-26
-2.31075e-24
1.50137e-27
-5.0961e-26
2.09588e-29
-2.18918e-28
3.23332e-31
2.00556e-30
4.25682e-33
9.07226e-32
4.5379e-35
1.91102e-33
3.76658e-37
2.79098e-35
2.29333e-39
3.05766e-37
8.69802e-42
2.38416e-39
1.52546e-44
1.13257e-41
2.81496e-47
2.49131e-44
3.06472e-47
-2.30846e-16
5.27505e-16
-1.20179e-16
3.77616e-17
-5.59007e-18
7.10164e-16
-1.63728e-20
1.7977e-17
6.90431e-21
-4.28245e-19
2.59701e-22
-2.41237e-20
5.84502e-24
-1.62522e-22
2.71741e-25
-2.58046e-24
8.97375e-27
-4.59553e-26
1.86133e-28
-6.81409e-28
2.92468e-30
1.83494e-29
3.84162e-32
8.80106e-31
4.03134e-34
1.88349e-32
3.34371e-36
2.79056e-34
2.01931e-38
3.05371e-36
7.44402e-41
2.32817e-38
1.3856e-43
1.08197e-40
2.70575e-46
2.36401e-43
3.01258e-46
-4.56357e-17
5.73141e-16
-5.09637e-15
1.11529e-14
-2.35919e-16
1.65874e-15
-9.1908e-19
-3.06543e-16
3.24306e-20
1.11122e-17
1.40588e-20
1.36886e-18
4.09866e-22
1.49217e-20
5.25405e-24
4.42627e-23
1.55623e-26
2.55142e-25
5.54901e-27
-5.97733e-27
2.9982e-29
1.53395e-28
2.81394e-31
7.04381e-30
3.21596e-33
1.62766e-31
2.6123e-35
2.49381e-33
1.43464e-37
2.64368e-35
4.62245e-40
1.85243e-37
1.64761e-42
7.52416e-40
2.06466e-45
1.81489e-42
2.36587e-45
6.818e-06
-2.63143e-05
1.86489e-05
-5.71124e-05
3.00579e-05
-6.02982e-05
4.06003e-05
-5.57825e-05
5.10728e-05
-5.26421e-05
6.1951e-05
-5.21679e-05
7.33599e-05
-5.33052e-05
8.5304e-05
-5.50218e-05
9.77975e-05
-5.67595e-05
0.000110891
-5.82375e-05
0.000124655
-5.92397e-05
0.000139123
-5.94486e-05
0.000154246
-5.83773e-05
0.000169835
-5.52857e-05
0.000185435
-4.91445e-05
0.000200336
-3.88775e-05
0.000213733
-2.35938e-05
0.000224109
-1.53213e-06
0.00023049
2.75999e-05
0.000230109
6.72732e-05
0.000221149
0.000119171
0.000212486
0.00017496
0.000257289
0.00022669
7.60345e-06
-3.39178e-05
1.90383e-05
-6.85472e-05
2.95627e-05
-7.08226e-05
3.94219e-05
-6.56417e-05
4.95713e-05
-6.27914e-05
6.03618e-05
-6.29585e-05
7.1794e-05
-6.47373e-05
8.38446e-05
-6.70724e-05
9.65853e-05
-6.95002e-05
0.000110181
-7.18335e-05
0.000124844
-7.39023e-05
0.000140771
-7.5376e-05
0.000158204
-7.58105e-05
0.00017722
-7.43012e-05
0.000197393
-6.93179e-05
0.000217936
-5.942e-05
0.000238
-4.36584e-05
0.00025626
-1.9792e-05
0.00027203
1.18304e-05
0.000282795
5.65079e-05
0.000291578
0.000110388
0.000301962
0.000164575
0.000232333
0.000326918
8.33382e-06
-4.22516e-05
1.91899e-05
-7.94034e-05
2.87205e-05
-8.03532e-05
3.79101e-05
-7.48312e-05
4.77351e-05
-7.26165e-05
5.83484e-05
-7.35718e-05
6.96482e-05
-7.60371e-05
8.16205e-05
-7.90448e-05
9.44282e-05
-8.23079e-05
0.000108358
-8.57632e-05
0.000123741
-8.92851e-05
0.000140962
-9.25968e-05
0.000160674
-9.5523e-05
0.000183303
-9.69301e-05
0.00020844
-9.44553e-05
0.000235127
-8.61071e-05
0.000263062
-7.15953e-05
0.000290063
-4.67967e-05
0.000317272
-1.68795e-05
0.000335818
3.7962e-05
0.000341706
0.0001045
0.000344417
0.000161864
0.000214456
0.00036229
8.92646e-06
-5.11781e-05
1.90216e-05
-8.94985e-05
2.75403e-05
-8.88718e-05
3.61114e-05
-8.34023e-05
4.55822e-05
-8.20873e-05
5.58862e-05
-8.38757e-05
6.68658e-05
-8.70167e-05
7.85495e-05
-9.07285e-05
9.11902e-05
-9.49486e-05
0.000105098
-9.96712e-05
0.000120609
-0.000104795
0.000138185
-0.000110173
0.000159189
-0.000116527
0.000184594
-0.000122334
0.0002133
-0.000123159
0.000242868
-0.000115674
0.000272281
-0.000101269
0.000259426
-3.86282e-05
0.000219793
-8.03985e-06
0.000167378
3.71907e-06
0.000188775
7.6981e-06
0.000256588
2.385e-05
9.42797e-05
0.000315284
9.34072e-06
-6.05188e-05
1.85163e-05
-9.86741e-05
2.60612e-05
-9.64168e-05
3.40648e-05
-9.14059e-05
4.31161e-05
-9.11386e-05
5.29519e-05
-9.37115e-05
6.33962e-05
-9.7461e-05
7.45108e-05
-0.000101843
8.65116e-05
-0.000106949
9.95189e-05
-0.000112678
0.000113707
-0.000118983
0.000129684
-0.000126149
0.00015048
-0.000137312
0.000176885
-0.000148703
0.000198141
-0.00014436
0.000158895
-6.47722e-05
7.38751e-05
-1.60849e-05
9.82927e-06
-2.92374e-06
2.04318e-06
-2.35363e-07
3.09227e-06
-4.86275e-09
7.55591e-06
4.73788e-07
2.2776e-05
1.68378e-06
3.99826e-06
8.20886e-05
9.57936e-06
-7.00981e-05
1.77052e-05
-0.0001068
2.4346e-05
-0.000103058
3.18097e-05
-9.88695e-05
4.0323e-05
-9.96519e-05
4.94599e-05
-0.000102848
5.90178e-05
-0.000107019
6.90068e-05
-0.000111832
7.94053e-05
-0.000117347
9.01457e-05
-0.000123417
0.000101378
-0.000130206
0.000114859
-0.000139607
0.000135102
-0.000157389
0.000140192
-0.000142029
5.75872e-05
-3.20505e-05
1.86032e-05
-4.50249e-06
3.12773e-06
-5.98428e-07
2.82941e-07
-8.10509e-08
5.27453e-08
-6.44965e-09
4.7662e-08
-2.2504e-10
5.01155e-07
1.85235e-08
1.9918e-06
1.39722e-07
5.37706e-07
5.42108e-06
9.67581e-06
-7.97739e-05
1.65893e-05
-0.000113713
2.23529e-05
-0.000108821
2.92073e-05
-0.000105723
3.69122e-05
-0.000107356
4.49081e-05
-0.000110843
5.29604e-05
-0.00011507
6.09658e-05
-0.000119832
6.88499e-05
-0.000125218
7.70126e-05
-0.000131552
8.64589e-05
-0.000139525
9.79891e-05
-0.000149159
8.2149e-05
-9.23313e-05
3.49731e-05
-1.76988e-05
4.84643e-06
-1.72236e-06
6.37226e-07
-3.10205e-07
8.49015e-08
-5.00218e-08
8.09087e-09
-5.17337e-09
1.43844e-09
-2.79607e-10
1.01669e-09
-1.23079e-11
1.79228e-08
2.80488e-10
1.49429e-07
9.40723e-09
6.63996e-08
6.29098e-07
9.57026e-06
-8.93442e-05
1.50169e-05
-0.000119153
1.97918e-05
-0.000113589
2.57862e-05
-0.00011171
3.22177e-05
-0.000113777
3.85075e-05
-0.000117118
4.4569e-05
-0.000121109
5.05188e-05
-0.000125702
5.73208e-05
-0.000131833
6.58773e-05
-0.000136138
6.40581e-05
-9.72335e-05
3.45116e-05
-2.1552e-05
1.89265e-05
-3.22411e-06
1.74019e-06
-3.8432e-07
2.09197e-07
-2.20856e-07
3.47836e-08
-1.55612e-07
4.12849e-09
-2.33516e-08
5.97505e-10
-2.28153e-09
2.04743e-10
-9.30478e-11
6.10951e-11
-1.01094e-11
3.21644e-10
-1.5742e-12
9.44034e-09
3.47445e-10
5.2747e-09
7.05647e-08
9.3461e-06
-9.86903e-05
1.27952e-05
-0.000122506
1.62968e-05
-0.000116994
2.11766e-05
-0.000116472
2.62106e-05
-0.000118651
3.1297e-05
-0.000121987
3.68715e-05
-0.000122872
4.10867e-05
-0.000102709
3.99573e-05
-6.88258e-05
2.6309e-05
-1.28485e-05
2.48517e-05
-1.66785e-06
3.61125e-06
-2.02425e-07
4.24883e-07
-2.6605e-08
4.57722e-08
-3.05486e-09
1.45596e-07
-1.62796e-07
2.26755e-07
-7.91866e-07
5.71048e-09
-1.05739e-07
2.20229e-10
-1.99236e-09
3.98389e-11
-5.70864e-11
2.09572e-11
-1.34305e-11
8.93782e-12
-1.59724e-12
3.49573e-10
6.59929e-12
2.82998e-10
5.4439e-09
9.62545e-06
-9.73009e-05
9.94757e-06
-8.70054e-05
1.22503e-05
-8.28343e-05
1.58421e-05
-7.44303e-05
1.87529e-05
-6.1299e-05
2.00806e-05
-4.53376e-05
1.82644e-05
-1.18826e-05
1.15632e-05
-8.24245e-07
1.47283e-05
-7.54323e-08
1.89438e-06
-7.70153e-09
2.25145e-07
-1.04096e-09
3.03071e-08
-7.86827e-09
6.01066e-09
-3.50704e-09
4.32641e-09
-1.70472e-09
2.85116e-07
-3.9415e-07
5.2455e-07
-7.93556e-07
1.56457e-08
-2.43469e-07
2.89763e-10
-5.08848e-10
2.54014e-11
6.66537e-11
6.81826e-12
-6.97088e-12
1.51045e-12
-4.45166e-13
7.63478e-12
-1.34175e-14
-1.42381e-12
2.96716e-10
5.03852e-06
9.83943e-24
3.12561e-06
3.71782e-23
4.30649e-06
-8.46673e-23
4.37487e-06
-1.51512e-20
3.59945e-06
-1.25755e-18
4.35557e-06
-5.62498e-17
9.08057e-07
-2.77316e-16
8.38123e-08
-1.0815e-14
8.40445e-09
-3.19649e-13
6.59191e-10
-1.01579e-11
9.69691e-10
-9.43705e-10
2.52681e-09
-8.31474e-09
3.49518e-09
-4.48892e-09
2.75133e-09
-1.7654e-09
3.66178e-07
-3.0741e-07
4.76626e-07
-6.6626e-07
5.25343e-08
-2.92209e-07
1.96299e-10
1.98964e-09
1.00719e-11
1.68155e-10
1.0343e-12
-1.57106e-12
5.80724e-13
-1.43539e-13
5.54556e-13
-3.37244e-14
-6.49707e-12
1.91372e-10
-1.17728e-24
6.84514e-23
-8.54299e-24
2.53411e-22
2.28952e-24
-9.54998e-23
5.83173e-22
-1.56272e-20
6.64625e-20
-1.30697e-18
3.37485e-18
-5.82752e-17
2.59263e-17
-2.44072e-16
1.05281e-15
-1.15071e-14
3.17388e-14
-3.47706e-13
6.02071e-12
-1.57515e-11
1.94839e-09
-2.89838e-09
1.01897e-08
-1.72548e-08
1.11309e-08
-6.76934e-09
1.19359e-08
-2.86497e-09
2.81802e-07
-1.44201e-07
3.78744e-07
-5.25458e-07
4.33709e-08
-2.48803e-07
-3.23347e-11
3.72039e-09
2.62662e-12
1.02024e-10
2.02749e-13
-3.40475e-14
9.86948e-14
-3.48972e-14
1.05263e-13
-7.12001e-14
-4.77464e-12
8.33978e-11
-3.53127e-24
1.03085e-22
-4.01692e-23
3.61424e-22
9.63643e-23
-2.32463e-22
7.02856e-21
-2.67314e-20
6.0493e-19
-2.17857e-18
3.50241e-17
-1.06666e-16
2.70365e-16
-4.66373e-16
3.36276e-14
-4.49834e-14
1.36713e-12
-1.7286e-12
8.99313e-11
-1.03832e-10
2.18559e-08
-2.44456e-08
6.57721e-08
-1.70533e-07
4.50906e-08
-1.04838e-07
4.52813e-08
-3.34712e-09
1.90658e-07
-8.46821e-08
3.07504e-07
-4.01044e-07
1.00924e-08
-8.39704e-08
-8.28259e-11
3.45255e-09
-1.07107e-13
1.77213e-11
-2.52659e-15
-1.846e-15
9.78057e-15
-3.03118e-14
3.62028e-13
-7.66385e-14
-9.25157e-12
4.50701e-12
-5.19386e-24
1.01345e-22
-4.1361e-23
2.71535e-22
3.66347e-22
-2.67193e-21
5.82964e-20
-3.61848e-19
5.16531e-18
-2.48847e-17
1.78065e-16
-9.03738e-16
1.67244e-15
-3.05456e-15
2.56486e-13
-4.06596e-13
8.74903e-12
-1.02121e-11
5.71717e-10
-6.7048e-10
3.65807e-08
-1.22072e-07
7.47973e-08
-1.99963e-07
6.72359e-08
-1.35323e-07
5.90814e-08
-2.10261e-09
1.45003e-07
-6.25696e-08
1.58165e-07
-1.78904e-07
-3.26354e-09
2.04832e-08
-1.72746e-11
2.04493e-10
-9.26714e-14
5.61992e-13
-2.04305e-14
-1.44378e-15
1.31794e-14
-2.94542e-14
4.25448e-13
-4.17413e-13
-8.57379e-12
-6.51427e-13
-4.59787e-24
6.91794e-23
-1.86301e-23
8.14972e-24
1.84946e-21
-2.13107e-20
2.81016e-19
-2.45228e-18
2.14993e-17
-1.56326e-16
6.31162e-16
-4.07155e-15
1.83153e-14
-2.83658e-14
8.13119e-13
-9.32559e-13
3.79458e-11
-5.27887e-11
2.96815e-09
-3.59993e-09
6.65784e-09
-1.61683e-07
1.4443e-09
-1.85394e-07
2.16027e-09
-1.26833e-07
1.13347e-08
-2.18966e-08
3.62822e-08
-7.19321e-08
-1.93183e-08
-1.88449e-08
-1.95028e-10
1.36275e-09
-6.26173e-13
1.02056e-11
-6.02025e-14
7.36349e-15
-2.80096e-14
-7.82873e-16
8.05463e-14
-4.45538e-14
1.72096e-12
-1.13718e-12
-2.31669e-11
3.41312e-11
-1.89608e-24
2.92733e-23
-2.41292e-25
-3.06758e-22
3.12333e-21
-7.03216e-20
3.98408e-19
-8.44449e-18
2.4681e-17
-7.04313e-16
2.97267e-16
-1.99334e-14
2.59346e-15
-8.663e-14
1.21581e-12
-5.45971e-13
-3.06192e-11
-2.03919e-11
-2.9468e-09
-6.7514e-10
-3.43016e-08
-2.5324e-08
-5.62326e-08
-1.54677e-07
6.51027e-09
-1.80369e-07
-6.87719e-08
-5.31037e-08
-1.04428e-07
-6.47822e-09
-1.33428e-09
5.33597e-09
-9.9537e-12
3.91586e-11
-2.3811e-14
2.85608e-13
-1.60293e-14
8.08975e-16
1.08883e-14
-1.4946e-15
2.24743e-13
-6.83257e-14
2.30936e-12
-1.41034e-12
-2.2788e-11
2.67799e-11
-1.86289e-25
9.29043e-25
-1.14238e-24
-5.2026e-22
-1.7808e-21
-1.15042e-19
-9.41197e-19
-1.46983e-17
-4.22896e-16
-1.57116e-15
-6.53468e-15
-5.81903e-14
-2.58367e-15
-2.21263e-13
-3.45101e-13
-2.13242e-13
-2.1117e-11
-2.80007e-14
-6.9827e-10
-5.11684e-14
-2.60284e-08
-1.47439e-13
-5.27113e-08
-8.61531e-13
-8.0951e-08
-5.74586e-12
-7.90101e-09
-3.54513e-11
-5.32361e-09
-7.32986e-11
-3.89821e-11
6.57828e-11
-2.97316e-13
5.35461e-13
-1.20834e-14
1.95752e-15
-1.24804e-14
1.4617e-16
-2.48938e-15
-1.92306e-15
5.36782e-14
-3.43509e-14
-1.28914e-13
-5.59097e-13
-8.23677e-12
-7.18605e-12
-8.37286e-24
-2.19197e-24
-4.2666e-23
-4.76987e-22
-1.24605e-20
-9.2195e-20
-3.9661e-18
-1.10083e-17
-1.79638e-15
-1.49314e-15
-3.3968e-14
-5.52141e-14
-4.01004e-14
-1.81385e-13
-7.89487e-15
-1.6785e-13
-1.18951e-14
-2.39296e-14
-2.48465e-14
-3.92128e-14
-1.14652e-13
-5.82514e-14
-8.74618e-13
-9.0326e-14
-6.17861e-12
-3.64066e-13
-3.9752e-11
-1.6451e-12
-6.72427e-11
-2.23951e-12
-5.42592e-13
-4.25248e-14
-4.12425e-15
8.05723e-16
-2.58358e-15
-5.5602e-18
-6.4996e-15
-8.17322e-17
-1.12394e-14
-9.48758e-16
-4.49087e-14
-6.99673e-15
-4.98042e-13
-9.40916e-14
-1.20226e-12
-7.25769e-12
-7.77159e-25
-1.41481e-24
-2.29388e-22
-2.30909e-22
-5.59448e-20
-3.55146e-20
-8.08612e-18
-3.49175e-18
-2.44905e-15
-3.23359e-16
-3.82151e-14
-1.71073e-14
-5.07727e-14
-7.87733e-14
-8.77219e-15
-6.2254e-14
-1.21364e-14
-1.89831e-14
-1.90598e-14
-3.22051e-14
-2.78911e-14
-5.54947e-14
-6.70152e-14
-5.54e-14
-3.83961e-13
-5.02865e-14
-1.89782e-12
-8.8712e-14
-2.11033e-13
-1.47777e-13
-9.62031e-16
-4.56773e-16
-1.10138e-16
-1.46536e-18
-3.83052e-16
-3.25179e-18
-3.50972e-15
-2.13591e-17
-7.10891e-15
-1.40351e-16
-5.23782e-16
-8.14541e-16
-1.38067e-13
-8.21514e-15
-8.90943e-14
-1.65438e-12
-2.64305e-24
1.22823e-24
-1.62465e-22
-6.97779e-23
-2.5172e-20
-1.10662e-20
-2.64979e-18
-8.21235e-19
-4.19512e-16
-4.30952e-18
-1.08344e-14
-3.30386e-18
-1.32602e-14
-9.63239e-17
-7.75424e-15
-4.73782e-16
-1.23748e-14
-6.21223e-15
-4.35415e-14
-3.07507e-14
-6.81899e-14
-7.3021e-14
-7.76147e-14
-7.89215e-14
-7.82853e-14
-5.61136e-14
-2.03209e-14
-1.67925e-14
-7.01228e-17
-8.21838e-17
-4.80466e-18
-1.36077e-18
-5.84181e-18
-2.63392e-19
-3.461e-17
-3.60959e-19
-2.35418e-16
-1.8132e-18
-1.24526e-15
-1.16609e-17
-5.29142e-15
-8.03118e-17
-2.44501e-14
-5.13754e-16
-1.23406e-15
-2.64521e-13
-2.7147e-24
5.67834e-24
-1.49917e-22
7.74241e-23
-1.90626e-20
3.04005e-22
-3.70138e-19
-1.94733e-22
-1.34071e-19
-1.10977e-20
-3.15936e-18
-5.38071e-19
-8.25314e-17
-1.74127e-17
-3.10296e-16
-3.67215e-16
-7.72237e-15
-2.67423e-15
-4.40426e-14
-4.4148e-15
-7.62326e-14
-4.37008e-15
-7.32808e-14
-1.07679e-15
-3.1556e-14
-6.65649e-16
-9.0553e-17
-3.77404e-16
-4.22512e-18
-2.12698e-16
-8.46443e-19
-4.67286e-19
-8.93301e-19
-1.41155e-19
-2.28836e-18
-2.07899e-19
-1.30844e-17
-2.62769e-19
-1.00948e-16
-6.75225e-19
-1.10317e-15
-4.12874e-18
-1.30569e-14
-1.32683e-17
1.97975e-16
-4.58341e-14
3.3632e-24
2.39962e-24
2.70429e-23
3.30444e-23
-3.12281e-23
1.38799e-22
-1.88694e-22
-3.7267e-23
-9.49431e-21
-1.93528e-21
-4.18745e-19
-1.3421e-19
-3.22594e-17
-4.35844e-18
-6.46212e-16
-5.75825e-17
-1.38367e-15
-1.5881e-16
-1.57956e-15
-1.70143e-16
-1.37701e-15
-1.37857e-16
-1.03733e-16
-9.76482e-17
-2.17156e-16
-6.29279e-17
-4.57214e-16
-6.34813e-17
-8.17421e-19
-1.32924e-17
-3.89678e-19
-7.45399e-20
-6.13466e-19
-7.96705e-20
-8.02348e-19
-1.05319e-19
-1.22115e-18
-8.13061e-20
-5.79414e-18
-5.3208e-20
-6.30719e-17
-1.68247e-19
-8.30698e-16
2.53335e-19
3.46746e-17
-6.4757e-15
1.56023e-24
4.95424e-25
1.3376e-23
6.7848e-24
-6.43913e-24
2.80276e-23
-3.52763e-23
-8.42978e-24
-1.62099e-21
-4.16841e-22
-1.1132e-19
-2.47571e-20
-4.96291e-18
-8.46123e-19
-4.80651e-17
-2.14819e-17
-1.01864e-16
-1.05563e-16
-1.06302e-16
-1.56134e-16
-9.68849e-17
-1.4993e-16
-7.16351e-17
-1.16989e-16
-6.44174e-17
-3.0135e-17
-3.91685e-17
-4.53552e-18
-1.08097e-19
-2.52755e-19
-1.321e-19
-1.25528e-20
-2.91237e-19
-1.63149e-20
-2.91197e-19
-2.12783e-20
-2.35432e-19
-1.51091e-20
-3.57353e-19
-5.63052e-21
-2.99656e-18
-6.56258e-21
-4.21444e-17
4.81163e-20
2.53667e-18
-5.42692e-16
3.38111e-25
-1.45441e-31
2.84566e-24
-3.52651e-29
-1.36115e-24
-4.16358e-27
-9.42585e-24
-3.65081e-25
-4.16141e-22
-1.7205e-23
-2.41862e-20
-9.84859e-22
-1.0553e-18
-2.89934e-20
-2.41685e-17
-1.34196e-18
-9.56906e-17
-2.03352e-17
-1.14572e-16
-7.84609e-17
-1.07472e-16
-7.98025e-17
-5.57937e-17
-9.21717e-17
-1.15e-17
-3.67135e-17
-8.55829e-19
-6.26226e-18
-1.87531e-20
-3.52691e-19
-2.1213e-20
-3.40497e-21
-4.48279e-20
-9.23753e-22
-4.49285e-20
-8.83972e-22
-2.59649e-20
-6.99246e-22
-2.88505e-20
-2.52087e-22
-1.39217e-19
-2.46389e-22
-2.15963e-18
3.39947e-21
1.4722e-19
-3.51277e-17
-1.44914e-31
-5.26831e-34
-3.52778e-29
-1.32204e-31
-4.18268e-27
-1.61781e-29
-3.6828e-25
-7.96267e-28
-1.7548e-23
-3.94404e-26
-9.99903e-22
-2.31197e-24
-3.05222e-20
-7.32858e-23
-1.49055e-18
-3.01504e-21
-1.78366e-17
-9.49134e-20
-6.08331e-17
-6.38265e-19
-6.59923e-17
-1.35185e-18
-5.53301e-17
-1.48244e-18
-1.5024e-17
-8.01504e-19
-1.14079e-18
-1.66187e-19
-1.22553e-20
-3.55895e-20
-2.40223e-21
-4.66587e-21
-1.59586e-21
-6.72569e-22
-1.7945e-21
-1.16476e-23
-1.07329e-21
-8.4093e-24
-1.18755e-21
-3.88493e-24
-5.90815e-21
-9.02841e-24
-1.0187e-19
1.63679e-22
6.70422e-21
-1.72435e-18
-5.24792e-34
-2.03911e-36
-1.32056e-31
-5.30042e-34
-1.62275e-29
-6.81048e-32
-8.10213e-28
-3.45551e-30
-4.0229e-26
-1.8686e-28
-2.41134e-24
-1.04013e-26
-7.58881e-23
-3.8528e-25
-4.09713e-21
-1.70052e-23
-9.81793e-20
-5.70071e-22
-4.35905e-19
-4.35073e-21
-6.7369e-19
-1.13405e-20
-5.93811e-19
-1.53265e-20
-1.79097e-19
-1.45412e-20
-4.80589e-20
-7.46736e-21
-1.50189e-20
-3.49804e-21
-2.58228e-21
-1.73193e-21
-1.93751e-23
-3.58448e-22
-1.98947e-23
-9.36497e-26
-1.53693e-23
-6.79686e-26
-2.18195e-23
-8.53127e-26
-2.21975e-22
-2.92756e-25
-4.15532e-21
6.10855e-24
2.64052e-22
-7.51557e-20
-2.03865e-36
-4.63675e-40
-5.31949e-34
-1.27607e-37
-6.86201e-32
-1.73983e-35
-3.54226e-30
-9.18088e-34
-1.90339e-28
-5.4364e-32
-1.05881e-26
-3.21981e-30
-3.98675e-25
-1.27685e-28
-2.1759e-23
-4.79147e-27
-5.55712e-22
-1.89411e-25
-3.05123e-21
-6.4635e-24
-6.44335e-21
-5.77071e-23
-7.74213e-21
-1.69284e-22
-6.18414e-21
-2.40439e-22
-3.5662e-21
-2.28023e-22
-2.42473e-21
-9.71383e-23
-9.19316e-22
-1.50671e-23
-1.92665e-26
-1.54859e-24
-9.18409e-26
7.95018e-26
-1.63274e-25
-7.42376e-28
-5.24903e-25
-1.89837e-27
-6.9911e-24
-7.88813e-27
-1.44387e-22
1.78191e-25
8.60623e-24
-2.89248e-21
-4.63376e-40
-2.99099e-43
-1.27966e-37
-9.29979e-41
-1.7509e-35
-1.43051e-38
-9.30164e-34
-8.51227e-37
-5.52819e-32
-5.63038e-35
-3.2713e-30
-3.57816e-33
-1.30769e-28
-1.54209e-31
-4.94296e-27
-6.25572e-30
-2.49849e-25
-2.30773e-28
-7.55292e-24
-1.09244e-26
-4.97646e-23
-1.63976e-25
-1.14837e-22
-6.8823e-25
-1.3986e-22
-1.17937e-24
-1.04609e-22
-1.21925e-24
-2.33797e-23
-6.49791e-25
-3.4171e-24
-7.01335e-26
2.34025e-25
4.77324e-27
-1.82148e-27
5.1035e-27
-1.90422e-27
-1.27433e-29
-1.14799e-26
-3.2316e-29
-1.77925e-25
-1.78815e-28
-4.13828e-24
3.96228e-27
2.21949e-25
-9.37064e-23
-3.08114e-43
-1.95429e-47
-9.53005e-41
-6.26423e-45
-1.45918e-38
-9.87664e-43
-8.65723e-37
-8.56293e-41
-5.7163e-35
-6.12667e-39
-3.63488e-33
-4.21467e-37
-1.57825e-31
-1.98404e-35
-6.41327e-30
-8.76524e-34
-2.62471e-28
-3.39188e-32
-1.46945e-26
-1.36974e-30
-1.64895e-25
-5.25374e-29
-5.03885e-25
-6.05274e-28
-7.05031e-25
-2.20062e-27
-6.17878e-25
-3.59445e-27
-1.20364e-25
-3.69745e-27
1.01073e-26
-2.31236e-27
1.41718e-26
-2.09861e-28
-2.94614e-29
8.02944e-30
-2.97713e-29
-3.40437e-31
-1.94815e-28
-4.80206e-31
-3.60878e-27
-3.35528e-30
-9.59667e-26
6.7634e-29
4.51898e-27
-2.46735e-24
-1.95404e-47
-2.49188e-51
-6.28284e-45
-8.71653e-49
-9.93794e-43
-1.49939e-46
-8.66094e-41
-1.4219e-44
-6.20967e-39
-1.11025e-42
-4.27603e-37
-8.31595e-41
-2.02723e-35
-4.3348e-39
-8.96583e-34
-2.10386e-37
-3.49282e-32
-8.93452e-36
-1.7827e-30
-3.39382e-34
-7.02156e-29
-1.48882e-32
-6.17096e-28
-4.81973e-31
-1.72308e-27
-4.47737e-30
-2.43984e-27
-1.29076e-29
-2.33575e-27
-1.68904e-29
-7.48525e-28
-1.47411e-29
2.09535e-29
-5.40149e-30
-6.88396e-31
-6.42299e-31
-6.02784e-31
-8.87792e-33
-2.7678e-30
-6.04156e-33
-5.89014e-29
-5.25606e-32
-1.82335e-27
9.04462e-31
7.50155e-29
-5.29443e-26
-2.4915e-51
-3.8411e-55
-8.73998e-49
-1.47981e-52
-1.50786e-46
-2.80294e-50
-1.41613e-44
-2.89033e-48
-1.12347e-42
-2.51837e-46
-8.48593e-41
-1.99855e-44
-4.41884e-39
-1.19628e-42
-2.14742e-37
-6.42546e-41
-9.1473e-36
-3.02489e-39
-3.52057e-34
-1.27022e-37
-2.18985e-32
-5.40546e-36
-7.03834e-31
-2.5216e-34
-4.77778e-30
-3.76535e-33
-1.02739e-29
-1.51134e-32
-1.11281e-29
-2.31109e-32
-7.39409e-30
-2.07642e-32
-2.62186e-30
-5.88214e-33
-2.11214e-32
-6.15554e-34
-1.02383e-32
-2.64672e-34
-3.2689e-32
-6.43345e-35
-7.83128e-31
-6.80741e-34
-2.89419e-29
9.58352e-33
1.04003e-30
-9.40846e-28
-3.84108e-55
-2.26667e-60
-1.48364e-52
-9.71513e-58
-2.81779e-50
-2.04606e-55
-2.85066e-48
-2.27511e-53
-2.64502e-46
-2.35616e-51
-2.02499e-44
-2.03602e-49
-1.21652e-42
-1.35979e-47
-6.54698e-41
-8.14407e-46
-3.09034e-39
-4.28248e-44
-1.30337e-37
-2.00807e-42
-7.07381e-36
-8.51795e-41
-4.04668e-34
-3.47281e-39
-4.567e-33
-1.74222e-37
-1.28254e-32
-3.87125e-36
-1.46086e-32
-2.2389e-35
-8.23138e-33
-4.25606e-35
-9.74622e-34
-4.12908e-35
-5.50996e-34
-1.40792e-35
-1.64764e-34
-2.80027e-37
-3.20447e-34
-7.22564e-37
-8.54845e-33
-7.39732e-36
-3.89339e-31
8.10689e-35
1.22898e-32
-1.42217e-29
-2.26631e-60
-3.59808e-64
-9.73811e-58
-1.75364e-61
-2.0556e-55
-4.19217e-59
-2.80626e-53
-5.79547e-57
-2.38391e-51
-6.18489e-55
-2.05958e-49
-6.00488e-53
-1.38021e-47
-4.52091e-51
-8.27955e-46
-3.05476e-49
-4.36443e-44
-1.81314e-47
-2.05153e-42
-9.60657e-46
-8.72486e-41
-4.60662e-44
-3.97713e-39
-2.0357e-42
-3.1779e-37
-1.11253e-40
-6.03445e-36
-3.96116e-39
-2.41089e-35
-3.57766e-38
-3.34047e-35
-8.87802e-38
-2.30753e-35
-9.62005e-38
-4.02779e-37
-4.10575e-38
-4.46434e-37
-8.10274e-40
-2.92816e-36
-6.00915e-39
-7.78582e-35
-6.87825e-38
-4.43153e-33
5.41821e-37
1.24167e-34
-1.86778e-31
-3.51118e-64
-7.64348e-69
-1.70923e-61
-4.21319e-66
-4.10432e-59
-1.13934e-63
-5.83641e-57
-2.05224e-61
-6.24316e-55
-2.49791e-59
-6.06721e-53
-2.76168e-57
-4.58151e-51
-2.37397e-55
-3.1004e-49
-1.83092e-53
-1.84409e-47
-1.24179e-51
-9.79088e-46
-7.52433e-50
-4.70457e-44
-4.12945e-48
-2.11893e-42
-2.07892e-46
-1.95033e-40
-1.09738e-44
-6.87862e-39
-6.29158e-43
-4.19518e-38
-1.12623e-41
-7.07251e-38
-4.59013e-41
-5.65519e-38
-6.24404e-41
-1.05818e-39
-4.55948e-41
-1.48666e-39
-1.11873e-41
-2.10906e-38
-4.20178e-41
-6.08704e-37
-5.8572e-40
-4.63206e-35
2.87749e-39
1.06148e-36
-2.10707e-33
-7.64346e-69
-2.49452e-74
-4.22082e-66
-1.59432e-71
-1.14356e-63
-4.99527e-69
-2.06368e-61
-1.04235e-66
-2.51854e-59
-1.47122e-64
-2.78686e-57
-1.88165e-62
-2.40062e-55
-1.8807e-60
-1.8549e-53
-1.68424e-58
-1.26033e-51
-1.32635e-56
-7.65036e-50
-9.33774e-55
-4.20597e-48
-5.95799e-53
-2.12498e-46
-3.48409e-51
-1.52508e-44
-1.88535e-49
-1.21504e-42
-1.00435e-47
-1.59801e-41
-6.67707e-46
-4.12352e-41
-1.85385e-44
-4.17244e-41
-1.08331e-43
-1.30684e-41
-1.79839e-43
-1.49181e-41
-1.53398e-43
-1.29766e-40
-2.24657e-43
-4.72555e-39
-3.71288e-42
-7.33837e-37
8.84748e-42
7.7336e-39
-2.03862e-35
-2.49441e-74
-1.1889e-78
-1.59679e-71
-9.04997e-76
-5.01116e-69
-3.36492e-73
-1.04734e-66
-8.32246e-71
-1.48148e-64
-1.39212e-68
-1.89788e-62
-2.06618e-66
-1.8985e-60
-2.49683e-64
-1.70303e-58
-2.65392e-62
-1.34329e-56
-2.4805e-60
-9.47202e-55
-2.07391e-58
-6.05315e-53
-1.57249e-56
-3.54519e-51
-1.0934e-54
-1.92174e-49
-7.03575e-53
-1.19204e-47
-4.24242e-51
-1.45876e-45
-3.26448e-49
-3.30434e-44
-1.57537e-47
-1.1871e-43
-1.55407e-46
-1.44592e-43
-3.64487e-46
-1.53218e-43
-3.92694e-46
-6.16567e-43
-1.16226e-45
-2.2684e-41
-1.95286e-44
-5.15446e-39
-1.35152e-44
5.16909e-41
-1.78138e-37
-1.1889e-78
-3.04668e-84
-9.06185e-76
-2.89314e-81
-3.37389e-73
-1.32485e-78
-8.33315e-71
-4.00783e-76
-1.40174e-68
-8.17418e-74
-2.08093e-66
-1.49953e-71
-2.51764e-64
-2.21808e-69
-2.67906e-62
-2.88528e-67
-2.50727e-60
-3.30131e-65
-2.09897e-58
-3.38e-63
-1.59348e-56
-3.13965e-61
-1.10934e-54
-2.67579e-59
-7.14677e-53
-2.11146e-57
-4.38867e-51
-1.55395e-55
-6.44526e-49
-1.08717e-53
-2.96196e-47
-1.05221e-51
-1.7196e-46
-4.16206e-50
-2.46682e-46
-3.34678e-49
-3.69452e-46
-9.13284e-49
-2.67057e-45
-5.14563e-48
-8.92793e-44
-9.07582e-47
-2.46769e-41
-2.70886e-46
3.47924e-43
-1.41075e-39
-3.04667e-84
-5.35042e-90
-2.89344e-81
-6.87575e-87
-1.32707e-78
-4.13741e-84
-3.69109e-76
-1.48207e-81
-8.3477e-74
-4.3811e-79
-1.50788e-71
-1.02817e-76
-2.23316e-69
-1.96143e-74
-2.90755e-67
-3.28641e-72
-3.33033e-65
-4.83998e-70
-3.41326e-63
-6.37403e-68
-3.17376e-61
-7.61232e-66
-2.70753e-59
-8.33914e-64
-2.13855e-57
-8.45824e-62
-1.57535e-55
-8.00227e-60
-1.11436e-53
-7.10141e-58
-2.03462e-51
-6.11491e-56
-5.85711e-50
-7.13656e-54
-2.27256e-49
-2.88351e-52
-7.9401e-49
-2.55293e-51
-9.82618e-48
-1.67689e-50
-3.23781e-46
-3.36199e-49
-8.36012e-44
-1.81028e-48
2.12866e-45
-1.08083e-41
-5.21811e-90
-1.0432e-95
-6.89706e-87
-2.09282e-92
-4.13098e-84
-1.81453e-89
-1.61585e-81
-1.01826e-86
-4.39726e-79
-4.07765e-84
-1.03257e-76
-1.35277e-81
-1.97176e-74
-3.64197e-79
-3.30596e-72
-8.59646e-77
-4.87279e-70
-1.78064e-74
-6.42246e-68
-3.29272e-72
-7.67626e-66
-5.51237e-70
-8.41574e-64
-8.4514e-68
-8.54248e-62
-1.19804e-65
-8.08808e-60
-1.58244e-63
-7.18308e-58
-1.95901e-61
-6.50783e-56
-2.2866e-59
-1.22822e-53
-3.36675e-57
-2.5892e-52
-3.19159e-55
-1.78308e-51
-5.30169e-54
-2.63104e-50
-3.72178e-53
-9.18049e-49
-9.1518e-52
-2.05554e-46
-7.3552e-51
1.19977e-47
-7.32451e-44
-1.0432e-95
-4.98775e-103
-2.09387e-92
-1.95852e-99
-1.81663e-89
-2.96286e-96
-1.02008e-86
-2.82772e-93
-4.08785e-84
-1.91097e-90
-1.35686e-81
-1.06648e-87
-3.65511e-79
-4.82963e-85
-8.63297e-77
-1.91461e-82
-1.78926e-74
-6.6533e-80
-3.3106e-72
-2.06155e-77
-5.54544e-70
-5.77416e-75
-8.50681e-68
-1.47836e-72
-1.20654e-65
-3.4922e-70
-1.59452e-63
-7.66933e-68
-1.97499e-61
-1.57516e-65
-2.32062e-59
-3.03726e-63
-5.1555e-57
-5.76077e-61
-3.03218e-55
-1.57421e-58
-2.63681e-54
-6.79071e-57
-4.92974e-53
-5.24369e-56
-1.78637e-51
-1.43294e-54
-3.38531e-49
-1.77509e-53
1.31365e-49
-4.32892e-46
-4.98775e-103
-2.52181e-116
-1.95902e-99
-4.56614e-112
-2.96482e-96
-2.20858e-108
-2.83069e-93
-6.34986e-105
-1.91379e-90
-1.28838e-101
-1.06209e-87
-2.13436e-98
-4.84026e-85
-2.94572e-95
-1.91945e-82
-3.51462e-92
-6.67249e-80
-3.67879e-89
-2.06822e-77
-3.43575e-86
-5.79484e-75
-2.90188e-83
-1.48415e-72
-2.24053e-80
-3.50704e-70
-1.59525e-77
-7.7044e-68
-1.0547e-74
-1.58287e-65
-6.50909e-72
-3.05313e-63
-3.76143e-69
-5.98365e-61
-2.03516e-66
-1.77439e-58
-1.04067e-63
-2.12383e-57
-8.81223e-61
-4.17635e-56
-4.37663e-59
-1.81772e-54
-7.939e-58
-3.30404e-52
-1.92969e-56
4.52375e-51
-2.03707e-48
-2.52181e-116
-4.56639e-112
-2.20928e-108
-6.35163e-105
-1.28397e-101
-2.13582e-98
-2.94785e-95
-3.51757e-92
-3.68231e-89
-3.43943e-86
-2.90532e-83
-2.24344e-80
-1.59749e-77
-1.0563e-74
-6.51966e-72
-3.76795e-69
-2.03893e-66
-1.03462e-63
-2.29668e-61
-5.23607e-60
-2.49405e-58
-1.78232e-55
-4.67008e-51
0.000105861
0.000120829
9.72181e-06
8.16e-05
-4.11284e-07
6.88334e-06
-5.80661e-07
-3.08855e-12
0.000313405
0.00013434
0.000261218
0.000132241
0.000152543
0.000117673
7.07495e-05
2.53311e-05
0.000374685
0.000121941
0.000372182
0.00013474
0.000345764
0.000143958
0.000140152
0.00027613
0.000351158
8.60624e-05
0.00037481
0.000110955
0.000382634
0.000135904
0.000154237
0.000367885
0.000143985
3.40319e-06
0.000231052
1.14324e-05
0.000327077
6.39243e-05
0.00012994
0.000350066
8.19001e-06
6.19966e-07
1.81008e-05
1.51507e-06
9.10912e-05
6.04568e-06
3.91762e-05
0.00026332
1.15026e-06
9.65087e-08
2.40004e-06
2.63971e-07
7.60878e-06
1.01136e-06
1.70848e-05
9.6256e-05
1.57809e-07
1.05791e-08
3.90266e-07
3.12227e-08
1.31503e-06
9.83521e-08
2.03916e-06
1.65352e-05
1.53917e-08
9.09423e-10
4.36903e-08
3.03837e-09
1.34549e-07
8.26351e-09
1.73504e-07
2.01288e-06
1.29677e-09
-1.26799e-11
4.33006e-09
1.56898e-10
1.228e-08
5.03964e-10
1.16632e-08
1.75815e-07
2.79567e-10
4.78352e-12
5.73977e-10
-1.00218e-12
1.10337e-09
1.28809e-10
7.29209e-10
1.22278e-08
2.22065e-10
-3.30194e-12
5.38833e-10
5.06871e-12
6.89019e-10
2.03758e-10
1.69811e-10
1.52833e-09
1.28319e-11
-1.40225e-11
3.2043e-11
-1.76405e-11
3.20274e-09
4.05224e-09
3.58031e-10
4.27227e-09
2.17591e-11
-6.61301e-11
9.5313e-10
-9.1605e-10
1.29151e-08
6.30048e-09
2.38891e-08
1.40842e-07
1.68961e-10
-1.33721e-10
6.36478e-10
-1.0054e-09
-4.35906e-09
-1.66034e-09
2.71705e-08
1.96143e-11
9.98065e-11
-1.27514e-10
1.87935e-09
-6.78078e-10
6.38663e-09
-2.90354e-09
-4.06882e-09
4.07808e-09
-3.27044e-11
-4.28047e-11
-4.60915e-10
-2.29432e-10
-3.29797e-09
-9.21307e-10
-2.59156e-09
-3.22909e-09
-5.4621e-11
-5.8807e-12
-1.80177e-10
-3.40585e-11
-7.45331e-10
-1.3084e-10
-4.02341e-10
-4.56921e-09
-9.35667e-12
-2.7336e-13
1.65732e-11
-9.19226e-13
-7.40808e-11
-1.45568e-12
5.85117e-13
-6.26259e-10
-5.15905e-13
-4.20254e-15
-4.00924e-12
-4.58034e-14
-2.29497e-11
-4.67443e-13
-5.59639e-13
-3.74222e-11
-6.84575e-14
1.26256e-16
-3.17109e-13
-5.2787e-15
-1.9913e-12
-5.64159e-14
-3.69764e-14
-4.38406e-12
-1.4014e-14
1.39188e-16
-4.25971e-14
3.66698e-16
-2.16393e-13
-1.31645e-15
4.47019e-15
-5.98646e-13
-1.76534e-15
1.25445e-17
-6.8694e-15
8.89261e-17
-2.26874e-14
2.11437e-16
1.61822e-15
-6.2767e-14
-1.32102e-16
7.14095e-19
-5.30397e-16
4.35721e-18
-1.42926e-15
1.58136e-17
7.60014e-17
-3.5875e-15
-6.35544e-18
3.10537e-20
-2.99981e-17
1.9164e-19
-7.84369e-17
8.42728e-19
5.92014e-18
-2.17545e-16
-2.76495e-19
1.27242e-21
-1.44346e-18
8.10887e-21
-3.81682e-18
3.73217e-20
2.89678e-19
-7.74706e-18
-1.08379e-20
4.42437e-23
-5.92892e-20
2.91969e-22
-1.60108e-19
1.36401e-21
1.15735e-20
-3.11319e-19
-3.60797e-22
1.23474e-24
-2.05395e-21
8.63276e-24
-5.71065e-21
4.19064e-23
4.08262e-22
-1.10044e-20
-9.87004e-24
2.74878e-26
-6.01704e-23
2.11132e-25
-1.74662e-22
1.10229e-24
1.28176e-23
-3.33837e-22
-2.20783e-25
5.03063e-28
-1.4925e-24
4.3287e-27
-4.6244e-24
2.50326e-26
3.67238e-25
-8.63004e-24
-4.08197e-27
7.80995e-30
-3.14283e-26
7.59202e-29
-1.06625e-25
4.96179e-28
9.14295e-27
-1.94694e-25
-6.38881e-29
1.13363e-31
-5.68396e-28
1.16212e-30
-2.16518e-27
8.71098e-30
2.05203e-28
-3.50896e-27
-9.05599e-31
1.66972e-33
-8.84255e-30
1.54864e-32
-3.89229e-29
1.36199e-31
4.20173e-30
-4.95971e-29
-1.2505e-32
2.18498e-35
-1.18292e-31
1.80699e-34
-6.21657e-31
1.91812e-33
7.86765e-32
-4.67743e-31
-1.53556e-34
4.35686e-37
-1.36324e-33
3.07222e-36
-8.83951e-33
2.75613e-35
1.36167e-33
3.45195e-34
-1.62883e-36
6.65984e-39
-1.68558e-35
6.38318e-38
-1.25102e-34
3.76284e-37
2.12852e-35
1.40219e-34
-1.54796e-38
8.1025e-41
-1.89222e-37
9.84102e-40
-1.62465e-36
4.71371e-39
2.95375e-37
3.72296e-36
-1.32595e-40
8.37428e-43
-1.82614e-39
1.25063e-41
-1.84608e-38
5.63234e-41
3.74795e-39
6.30594e-38
-9.98661e-43
7.52081e-45
-1.56392e-41
1.36788e-43
-1.8805e-40
9.3017e-43
4.30123e-41
9.17272e-40
-6.38336e-45
5.80836e-47
-1.1517e-43
1.28708e-45
-1.63878e-42
1.28657e-44
4.33751e-43
1.15625e-41
-3.20508e-47
3.90515e-49
-6.82508e-46
1.08209e-47
-1.11355e-44
9.92801e-47
2.52365e-45
1.24276e-43
-8.22798e-50
-2.16963e-48
-3.01527e-47
7.67798e-46
-7.6538e-11
7.34568e-11
-3.70137e-12
-7.27838e-11
-2.02399e-13
-4.01896e-12
-1.44404e-15
-2.1794e-13
-4.05116e-18
-1.66821e-15
2.02852e-19
7.64555e-18
9.04058e-21
-2.98675e-19
6.63687e-23
-2.51041e-21
1.23496e-24
-1.50859e-23
3.62327e-26
-5.14017e-26
7.13576e-28
4.20033e-27
1.11654e-29
1.8311e-28
1.40719e-31
4.3385e-30
1.34105e-33
7.31475e-32
8.7984e-36
8.97951e-34
3.43242e-38
7.56799e-36
6.43193e-41
3.88939e-38
1.24556e-43
1.00265e-40
1.31093e-43
9.11837e-08
1.55504e-05
-1.83087e-09
9.16322e-08
-4.50723e-11
-1.84e-09
-3.93904e-13
-4.61849e-11
-1.13056e-15
-4.10075e-13
1.79833e-19
-1.43701e-15
1.52602e-18
-2.93526e-19
5.58758e-20
-1.02359e-18
6.35383e-22
-1.51077e-20
5.02881e-25
-1.30511e-23
1.00719e-26
9.27854e-26
8.67106e-29
2.26389e-27
8.694e-31
3.73491e-29
7.60935e-33
5.02156e-31
5.18849e-35
5.49832e-33
2.42309e-37
4.65055e-35
6.29617e-40
2.84057e-37
5.817e-43
1.06695e-39
1.60262e-42
9.17486e-06
0.000214581
4.55317e-08
9.06807e-06
-4.99286e-09
4.49306e-08
-4.14441e-11
-5.06301e-09
-1.43614e-13
-4.29423e-11
-1.44314e-15
-1.69691e-13
2.50534e-17
-2.02099e-15
1.40108e-18
-2.76151e-17
1.65093e-20
-2.78996e-19
7.23329e-23
2.76353e-22
8.13324e-25
1.63677e-23
7.25538e-27
2.98404e-25
5.69728e-29
3.9061e-27
3.68232e-31
4.06446e-29
1.86365e-33
3.39199e-31
6.80196e-36
2.22142e-33
1.53269e-38
1.08139e-35
1.45104e-41
3.48447e-38
5.47638e-41
0.000163007
0.000311391
2.50494e-06
9.45957e-05
-4.6715e-08
2.41782e-06
-8.91356e-10
-5.27235e-08
-1.37141e-11
-9.38138e-10
-1.80078e-13
-1.475e-11
-1.35392e-15
-2.12153e-13
9.31147e-19
-2.04064e-15
5.18692e-19
-3.88883e-18
6.88531e-21
6.29835e-20
7.63798e-23
1.92437e-21
7.51871e-25
3.40956e-23
7.15041e-27
4.5966e-25
5.82855e-29
5.03458e-27
3.7581e-31
4.44285e-29
1.79518e-33
3.07857e-31
5.63343e-36
1.57555e-33
8.58128e-39
5.29421e-36
8.65154e-39
0.000285184
0.000366506
1.67669e-05
0.000229544
4.52385e-07
1.22279e-05
-1.75459e-08
3.81377e-07
-3.8794e-10
-1.91266e-08
-4.16217e-12
-4.31309e-10
-1.64124e-14
-5.13037e-12
5.25809e-16
-3.85766e-14
9.05257e-18
7.555e-17
3.33559e-19
4.91638e-18
4.21903e-21
1.21118e-19
4.45693e-23
2.11266e-21
4.76411e-25
2.98435e-23
4.17654e-27
3.46837e-25
2.88573e-29
3.2663e-27
1.4801e-31
2.41041e-29
4.99394e-34
1.31697e-31
8.18701e-37
4.7321e-34
8.27254e-37
0.000258714
0.00035507
5.58069e-05
0.000291614
1.80398e-06
3.47494e-05
8.11825e-09
1.98353e-06
-9.30467e-10
-1.95588e-08
-5.4389e-12
-1.70718e-09
3.8817e-13
-2.23158e-11
1.10383e-14
3.82473e-14
2.51422e-16
4.63775e-15
5.63623e-18
1.18732e-16
9.51047e-20
2.88697e-18
1.08758e-21
5.16881e-20
1.2476e-23
7.61523e-22
1.16552e-25
9.364e-24
8.59784e-28
9.35108e-26
4.70294e-30
7.35151e-28
1.69386e-32
4.27474e-30
2.96808e-35
1.63628e-32
3.05043e-35
0.000280511
0.000265029
0.000120464
0.000305588
2.17715e-06
6.94137e-05
1.16472e-07
3.5941e-06
2.63e-09
6.14827e-08
8.49101e-11
-7.01547e-10
2.72685e-12
3.64454e-12
6.93177e-14
1.09363e-12
1.37648e-15
3.52272e-14
6.52384e-18
7.15867e-16
6.48349e-19
1.75353e-17
8.32797e-21
3.457e-19
8.239e-23
5.30516e-21
8.55019e-25
6.8912e-23
6.74193e-27
7.34868e-25
3.9138e-29
6.1587e-27
1.49898e-31
3.81423e-29
2.79165e-34
1.5579e-31
3.09628e-34
0.000207581
0.0001957
0.000144861
0.000301789
1.9453e-06
8.31117e-05
2.02931e-07
4.55006e-06
7.45156e-09
1.93991e-07
1.80577e-10
3.50076e-09
4.58552e-12
7.10527e-11
1.01191e-13
2.53139e-12
1.88262e-15
6.29906e-14
-2.06989e-17
1.23886e-15
1.56333e-18
2.96287e-17
2.45117e-20
7.77937e-19
2.25912e-22
1.316e-20
2.00411e-24
1.80743e-22
1.4935e-26
2.03182e-24
9.55734e-29
1.79203e-26
3.88881e-31
1.17769e-28
7.6775e-34
5.1056e-31
1.07724e-33
0.00016981
0.000153
0.000122629
0.000288093
1.1044e-06
7.88494e-05
1.6959e-07
4.6623e-06
3.66541e-09
3.10942e-07
3.93567e-11
4.91075e-09
4.57405e-14
4.59014e-11
-6.99822e-15
9.49528e-13
-1.41823e-16
1.86537e-14
2.43604e-17
3.63361e-16
3.05989e-18
1.85242e-17
8.52328e-20
1.43365e-18
5.55666e-22
3.11241e-20
4.47619e-24
4.07541e-22
3.20529e-26
4.75367e-24
2.04636e-28
4.355e-26
8.99057e-31
2.96934e-28
1.90606e-33
1.34731e-30
2.98301e-33
0.000169945
0.000129567
8.60665e-05
0.000240047
-1.37294e-07
6.5493e-05
-1.53708e-08
3.89753e-06
-3.3762e-09
2.69287e-07
-3.21072e-11
1.32492e-09
-7.43233e-13
5.2393e-12
-1.89371e-14
8.89386e-14
-3.32286e-16
2.17819e-15
2.24076e-17
8.16562e-17
5.62562e-18
1.67519e-17
2.05718e-19
2.1484e-18
1.59745e-21
7.60146e-20
1.17413e-23
1.13191e-21
8.5473e-26
1.37111e-23
6.19761e-28
1.30256e-25
3.05263e-30
9.07135e-28
6.84039e-33
4.27531e-30
9.82257e-33
0.000142545
9.83007e-05
7.25469e-05
0.000210642
4.52454e-07
8.11175e-05
-4.22682e-08
3.98579e-06
-3.73762e-09
2.25693e-07
-3.10924e-11
7.94816e-10
-9.561e-14
2.14912e-12
-7.18501e-16
-6.06707e-15
1.50246e-16
1.4493e-15
7.57542e-17
1.21463e-16
5.49544e-18
2.04327e-17
6.76055e-19
4.54996e-18
8.99805e-21
2.80873e-19
4.97016e-23
4.95721e-21
3.48405e-25
5.96277e-23
3.36425e-27
5.70653e-25
1.61113e-29
4.11873e-27
3.72703e-32
1.99456e-29
4.70901e-32
0.000105108
5.93109e-05
6.61116e-05
0.000160834
9.13618e-07
0.000119226
2.58481e-08
4.69636e-06
-2.99517e-10
2.51776e-07
-1.37448e-11
1.55205e-09
4.07344e-12
-3.54421e-12
6.96984e-15
2.7279e-14
-3.89642e-16
1.94885e-14
8.32623e-17
9.69415e-16
2.51595e-17
9.37253e-17
6.39411e-19
7.54714e-18
2.16215e-20
5.52117e-19
1.8611e-22
1.51993e-20
1.09103e-24
1.89497e-22
9.15755e-27
1.76584e-24
4.56876e-29
1.30847e-26
1.09459e-31
6.48441e-29
1.56546e-31
5.36558e-05
1.46589e-05
5.16865e-05
0.000147494
1.30838e-05
0.000171593
5.28877e-07
1.99923e-05
1.20287e-08
7.93597e-07
-4.43772e-10
1.69622e-08
-1.99354e-11
1.35551e-10
-4.91906e-13
8.83676e-12
-2.42319e-15
4.37018e-13
6.68887e-17
3.27676e-14
2.99639e-17
6.08953e-16
3.03802e-18
3.3103e-17
6.58919e-20
2.0937e-18
5.44646e-22
5.1688e-20
3.47388e-24
6.56316e-22
2.88403e-26
6.61711e-24
1.74486e-28
4.90696e-26
4.3477e-31
2.44036e-28
5.91468e-31
1.36809e-05
1.5068e-06
7.26119e-05
8.151e-05
6.22691e-05
0.000186961
2.62468e-06
0.000103832
1.30099e-07
3.58044e-06
-3.66736e-09
1.75668e-07
-1.26633e-10
-1.67922e-10
4.27442e-12
-1.71221e-11
2.82027e-13
8.4808e-12
5.78312e-15
4.55697e-13
7.27791e-17
1.41578e-14
6.20673e-18
3.25928e-16
2.3192e-19
9.02613e-18
2.49957e-21
2.40108e-19
1.72066e-23
3.6241e-21
1.77388e-25
3.68051e-23
1.01662e-27
2.66355e-25
2.52442e-30
1.30744e-27
3.12623e-30
1.53625e-06
2.14236e-07
4.24316e-05
4.9454e-06
4.64371e-05
0.000113799
1.30153e-05
0.000100777
6.94299e-07
1.40173e-05
2.88724e-08
8.48553e-07
1.94008e-09
2.70384e-08
1.30357e-10
1.77038e-09
5.9286e-12
1.30945e-10
1.86984e-13
6.04276e-12
4.73905e-15
1.91575e-13
8.27526e-17
4.56838e-15
1.36049e-18
1.02599e-16
1.73816e-20
1.87555e-18
1.31283e-22
2.50633e-20
7.31788e-25
2.52142e-22
4.83309e-27
1.83208e-24
1.40234e-29
8.75301e-27
2.02894e-29
2.4583e-08
1.21305e-07
5.2555e-06
-1.55212e-07
2.79932e-05
3.37481e-06
1.95804e-05
1.38819e-05
2.1941e-07
1.64505e-05
7.03868e-08
7.99947e-07
3.8734e-09
7.37113e-08
1.64165e-10
4.16222e-09
5.56923e-12
2.27747e-10
1.51065e-13
9.28904e-12
3.5383e-15
2.82375e-13
-7.26739e-18
6.46134e-15
1.96174e-18
1.33727e-16
2.66808e-20
2.38134e-18
1.80537e-22
3.09409e-20
9.90173e-25
3.09164e-22
3.27793e-27
2.24385e-24
4.5037e-30
1.06138e-26
2.4406e-29
3.79499e-08
2.12385e-09
-2.87827e-07
-9.35404e-09
1.94664e-06
1.88613e-07
3.41175e-06
1.40803e-06
2.0438e-06
8.89911e-07
-3.99013e-08
5.73013e-07
-1.94733e-09
2.04874e-08
-1.24724e-10
1.44066e-09
-5.51787e-12
6.90876e-11
-1.75711e-13
2.6203e-12
-4.40967e-15
7.64555e-14
2.23647e-17
1.58414e-15
1.29454e-18
4.15123e-17
1.03742e-20
7.12154e-19
7.9078e-23
9.1019e-21
4.35153e-25
8.92619e-23
1.44135e-27
6.39038e-25
1.9832e-30
2.9965e-27
6.84546e-30
-1.65932e-08
-4.76206e-11
-3.85342e-07
1.09081e-08
-4.63142e-07
-6.17969e-08
5.3202e-08
2.3945e-07
8.50518e-08
1.57675e-07
6.98506e-09
1.15572e-08
-1.20702e-09
1.75384e-09
-5.72172e-11
8.93214e-11
-2.15009e-12
5.36238e-12
-6.28124e-14
2.43579e-13
-8.62702e-16
7.21277e-15
1.0839e-17
2.33107e-16
1.93724e-19
4.88067e-18
1.80414e-21
7.60902e-20
1.43442e-23
9.78886e-22
7.92992e-26
9.67575e-24
2.64249e-28
6.98688e-26
3.65588e-31
3.30994e-28
7.6406e-31
-1.50367e-08
-1.16244e-10
-8.03657e-08
-5.38696e-09
-1.76211e-07
-1.3173e-08
-7.12341e-08
2.87514e-08
-2.33498e-09
2.1723e-08
-3.17687e-10
2.43275e-09
-5.34555e-11
1.05205e-10
-4.08785e-12
4.60771e-12
-1.91162e-13
3.00266e-13
-6.0846e-15
1.51626e-14
3.90106e-17
7.73236e-16
1.83891e-18
2.45921e-17
1.75308e-20
4.35954e-19
1.89105e-22
6.99512e-21
1.52402e-24
8.94287e-23
8.51036e-27
8.83018e-25
2.8571e-29
6.37789e-27
3.96992e-32
3.02335e-29
6.96492e-32
-6.13742e-10
-3.0767e-11
-8.39659e-09
-6.16465e-10
-2.55377e-08
-1.38687e-09
-1.26214e-08
2.643e-09
-1.38337e-09
2.2292e-09
-3.50877e-11
2.82784e-10
-1.47099e-12
1.9165e-11
-1.66795e-13
5.72774e-13
-1.02856e-14
1.51903e-14
5.54556e-17
1.7324e-15
5.79637e-18
9.49399e-17
8.68275e-20
1.67351e-18
1.2459e-21
3.30491e-20
1.38426e-23
5.30771e-22
1.13621e-25
6.78594e-24
6.43618e-28
6.70749e-26
2.18346e-30
4.85423e-28
3.0507e-33
2.30715e-30
5.30948e-33
-5.55785e-11
-2.88496e-12
-7.32036e-10
-4.23676e-11
-2.51501e-09
-1.13903e-10
-1.38437e-09
2.00233e-10
-1.88267e-10
1.88356e-10
-1.27706e-11
2.5852e-11
-2.81918e-13
2.03217e-12
-2.01394e-15
7.7355e-14
1.854e-17
2.28778e-15
8.23631e-18
1.76371e-16
2.09728e-19
4.39954e-18
4.17041e-21
1.05323e-19
6.39271e-23
2.08503e-21
7.37715e-25
3.34459e-23
6.22695e-27
4.27839e-25
3.60046e-29
4.23536e-27
1.23945e-31
3.0723e-29
1.7426e-34
1.46463e-31
3.36004e-34
-5.40541e-12
-1.94913e-13
-5.35991e-11
-2.60565e-12
-2.00418e-10
-7.93669e-12
-1.21222e-10
1.30956e-11
-1.80221e-11
1.36249e-11
-1.5492e-12
2.00017e-12
-5.65392e-14
1.5622e-13
-6.28815e-16
4.65926e-15
-2.3721e-18
2.5618e-16
1.10629e-19
8.77427e-18
5.19105e-21
2.43302e-19
1.32044e-22
5.77488e-21
2.27604e-24
1.12994e-22
2.82615e-26
1.81218e-24
2.50572e-28
2.31998e-26
1.49845e-30
2.30057e-28
5.2767e-33
1.67275e-30
7.46341e-36
7.99905e-33
1.82182e-35
-4.7026e-13
-1.29217e-14
-3.52096e-12
-1.37369e-13
-1.38004e-11
-4.53273e-13
-8.96884e-12
7.44104e-13
-1.39342e-12
8.4385e-13
-1.22907e-13
1.31673e-13
-3.49674e-15
7.82736e-15
-4.22394e-17
3.8819e-16
-7.41146e-19
1.6882e-17
-1.02896e-20
5.06298e-19
-6.97405e-23
1.34186e-20
9.70474e-25
2.97617e-22
3.89155e-26
5.59037e-24
6.44114e-28
8.84714e-26
6.57092e-30
1.12035e-27
4.26334e-32
1.1046e-29
1.57616e-34
8.05348e-32
2.23061e-37
3.86488e-34
8.67565e-37
-2.45534e-14
6.83948e-16
-2.07435e-13
-4.06594e-15
-7.97449e-13
-1.93213e-14
-5.53738e-13
4.28866e-14
-8.6422e-14
4.62257e-14
-5.48982e-15
7.55361e-15
-1.31893e-16
4.75362e-16
-3.26421e-18
2.65671e-17
-7.21881e-20
9.21546e-19
-1.29927e-21
2.81386e-20
-1.83144e-23
7.23745e-22
-1.98156e-25
1.55218e-23
-1.52698e-27
2.80355e-25
-6.12658e-30
4.24316e-27
1.42522e-32
5.17037e-29
3.68492e-34
4.96853e-31
1.93936e-36
3.60818e-33
2.58745e-39
1.73049e-35
3.80265e-38
-1.95464e-15
1.04105e-16
-1.01897e-14
3.73592e-16
-4.2678e-14
5.11688e-16
-2.8336e-14
2.20525e-15
-4.2576e-15
2.49303e-15
-2.25782e-16
3.97865e-16
-7.91812e-18
2.88282e-17
-2.25617e-19
1.32885e-18
-5.27902e-21
4.84902e-20
-1.01606e-22
1.46786e-21
-1.59011e-24
3.71775e-23
-2.02662e-26
7.8283e-25
-2.08826e-28
1.38432e-26
-1.67043e-30
2.04881e-28
-1.0068e-32
2.44849e-30
-4.30571e-35
2.31185e-32
-1.13222e-37
1.64684e-34
-6.80858e-41
7.81117e-37
1.68495e-39
-1.29474e-16
3.26841e-18
-6.2126e-16
2.48854e-17
-2.04506e-15
9.44525e-17
-1.48079e-15
1.77935e-16
-2.32009e-16
1.3475e-16
-1.22858e-17
2.11531e-17
-4.6189e-19
1.3831e-18
-1.36524e-20
6.45811e-20
-3.28463e-22
2.38799e-21
-6.51354e-24
7.22006e-23
-1.05527e-25
1.81513e-24
-1.41154e-27
3.77976e-26
-1.5501e-29
6.60208e-28
-1.34237e-31
9.65155e-30
-8.88764e-34
1.14034e-31
-4.23043e-36
1.06592e-33
-1.22438e-38
7.52707e-36
-7.09699e-42
3.56022e-38
7.53629e-41
-5.21345e-18
1.10638e-19
-3.00957e-17
7.89971e-19
-9.17922e-17
3.62145e-18
-6.92482e-17
8.47775e-18
-1.13281e-17
5.99162e-18
-6.22535e-19
9.19047e-19
-2.43333e-20
6.07197e-20
-7.39868e-22
2.93554e-21
-1.81905e-23
1.10284e-22
-3.67557e-25
3.35684e-24
-6.07485e-27
8.44105e-26
-8.29799e-29
1.75069e-27
-9.32361e-31
3.03864e-29
-8.29032e-33
4.40951e-31
-5.65969e-35
5.1721e-33
-2.77603e-37
4.80543e-35
-8.25392e-40
3.37913e-37
-4.6233e-43
1.60037e-39
3.32013e-42
-1.8995e-19
3.53762e-21
-1.07307e-18
2.57081e-20
-3.58078e-18
1.15795e-19
-2.80118e-18
2.85434e-19
-4.93933e-19
2.20972e-19
-2.86377e-20
3.5762e-20
-1.16471e-21
2.49444e-21
-3.64637e-23
1.24763e-22
-9.16411e-25
4.79348e-24
-1.88409e-26
1.4789e-25
-3.15906e-28
3.74482e-27
-4.37503e-30
7.78465e-29
-4.9873e-32
1.35026e-30
-4.49753e-34
1.95449e-32
-3.11312e-36
2.2855e-34
-1.54725e-38
2.11758e-36
-4.67196e-41
1.48622e-38
-2.5382e-44
7.06346e-41
1.43476e-43
-6.13316e-21
1.00958e-22
-3.53798e-20
7.68007e-22
-1.2481e-19
3.56157e-21
-1.0151e-19
9.03799e-21
-1.95959e-20
7.50739e-21
-1.20391e-21
1.30149e-21
-5.10972e-23
9.57272e-23
-1.65172e-24
4.97969e-24
-4.2524e-26
1.96813e-25
-8.90663e-28
6.19151e-27
-1.51576e-29
1.58797e-28
-2.12541e-31
3.32681e-30
-2.44846e-33
5.7956e-32
-2.23068e-35
8.4052e-34
-1.55934e-37
9.83517e-36
-7.81774e-40
9.11393e-38
-2.38507e-42
6.3993e-40
-1.25836e-45
3.05842e-42
6.07777e-45
-1.7571e-22
2.57654e-24
-1.05312e-21
2.08269e-23
-3.97108e-21
1.00907e-22
-3.3482e-21
2.67295e-22
-7.12799e-22
2.38221e-22
-4.65634e-23
4.42806e-23
-2.06928e-24
3.4487e-24
-6.92934e-26
1.875e-25
-1.8329e-27
7.66245e-27
-3.9205e-29
2.4707e-28
-6.78312e-31
6.45092e-30
-9.64024e-33
1.36856e-31
-1.12297e-34
2.40502e-33
-1.03276e-36
3.50826e-35
-7.27709e-39
4.12139e-37
-3.67575e-41
3.82993e-39
-1.13243e-43
2.6958e-41
-5.81332e-47
1.29803e-43
2.52199e-46
-4.49731e-24
5.93896e-26
-2.83807e-23
5.16638e-25
-1.15909e-22
2.64181e-24
-1.00965e-22
7.3657e-24
-2.3908e-23
7.0767e-24
-1.66648e-24
1.41571e-24
-7.78087e-26
1.17228e-25
-2.70831e-27
6.6902e-27
-7.3838e-29
2.8397e-28
-1.61746e-30
9.42763e-30
-2.85178e-32
2.51694e-31
-4.11518e-34
5.4298e-33
-4.85311e-36
9.66227e-35
-4.50913e-38
1.42248e-36
-3.2047e-40
1.68253e-38
-1.6306e-42
1.57164e-40
-5.07555e-45
1.11095e-42
-2.52833e-48
5.39728e-45
1.02495e-47
-1.03496e-25
1.24609e-27
-6.95848e-25
1.18125e-26
-3.11825e-24
6.43503e-26
-2.79195e-24
1.9024e-25
-7.43135e-25
1.9791e-25
-5.54686e-26
4.27648e-26
-2.73007e-27
3.77883e-27
-9.90989e-29
2.27246e-28
-2.79351e-30
1.00578e-29
-6.28494e-32
3.45159e-31
-1.13208e-33
9.45833e-33
-1.66213e-35
2.08239e-34
-1.98776e-37
3.76471e-36
-1.86805e-39
5.61011e-38
-1.34014e-41
6.69792e-40
-6.87252e-44
6.30162e-42
-2.16276e-46
4.48028e-44
-1.04424e-49
2.19861e-46
4.08113e-49
-2.15141e-27
2.39457e-29
-1.56015e-26
2.50546e-28
-7.76626e-26
1.46714e-27
-7.09159e-26
4.63599e-27
-2.15023e-26
5.23916e-27
-1.7247e-27
1.22725e-27
-8.97664e-29
1.16104e-28
-3.4086e-30
7.38209e-30
-9.96426e-32
3.41858e-31
-2.30878e-33
1.2168e-32
-4.25908e-35
3.43374e-34
-6.37583e-37
7.73925e-36
-7.74567e-39
1.42553e-37
-7.37263e-41
2.15568e-39
-5.34404e-43
2.6034e-41
-2.76383e-45
2.47134e-43
-8.79851e-48
1.76955e-45
-4.11815e-51
8.77794e-48
1.59336e-50
-4.05791e-29
4.24268e-31
-3.18685e-28
4.96315e-30
-1.73819e-27
3.14677e-29
-1.71841e-27
1.07391e-28
-5.81421e-28
1.31969e-28
-5.02887e-29
3.36463e-29
-2.77606e-30
3.41778e-30
-1.10585e-31
2.30431e-31
-3.36149e-33
1.1198e-32
-8.04181e-35
4.14603e-34
-1.52278e-36
1.20822e-35
-2.32893e-38
2.79517e-37
-2.8789e-40
5.25827e-39
-2.77914e-42
8.08631e-41
-2.0374e-44
9.89673e-43
-1.06336e-46
9.49298e-45
-3.42584e-49
6.85299e-47
-1.55507e-52
3.4379e-49
6.10675e-52
-6.97812e-31
6.9908e-33
-5.96511e-30
9.25652e-32
-3.50813e-29
6.40427e-31
-4.0357e-29
2.37636e-30
-1.47409e-29
3.18463e-30
-1.37946e-30
8.86277e-31
-8.09842e-32
9.69051e-32
-3.39304e-33
6.94519e-33
-1.07511e-34
3.55049e-34
-2.66159e-36
1.37075e-35
-5.18404e-38
4.13486e-37
-8.11456e-40
9.84036e-39
-1.02223e-41
1.89444e-40
-1.00205e-43
2.96803e-42
-7.43659e-46
3.68688e-44
-3.91942e-48
3.57786e-46
-1.2782e-50
2.60634e-48
-5.62862e-54
1.32254e-50
2.3011e-53
-1.0958e-32
1.07849e-34
-1.03523e-31
1.63638e-33
-6.62663e-31
1.2475e-32
-8.8954e-31
5.04887e-32
-3.51293e-31
7.4139e-32
-3.56801e-32
2.25607e-32
-2.23313e-33
2.66069e-33
-9.8631e-35
2.03123e-34
-3.2646e-36
1.0946e-35
-8.38008e-38
4.4154e-37
-1.68189e-39
1.38133e-38
-2.69872e-41
3.38784e-40
-3.46925e-43
6.68571e-42
-3.45706e-45
1.0687e-43
-2.59938e-47
1.34908e-45
-1.38418e-49
1.32584e-47
-4.56968e-52
9.75279e-50
-1.95219e-55
5.00554e-52
8.54068e-55
-1.57226e-34
1.56736e-36
-1.66691e-33
2.75974e-35
-1.17229e-32
2.33887e-34
-1.84252e-32
1.03784e-33
-7.87767e-33
1.67498e-33
-8.71007e-34
5.583e-34
-5.82434e-35
7.11342e-35
-2.71716e-36
5.79389e-36
-9.41201e-38
3.29651e-37
-2.50934e-39
1.39157e-38
-5.19748e-41
4.52186e-40
-8.56041e-43
1.14458e-41
-1.12425e-44
2.31843e-43
-1.13989e-46
3.78554e-45
-8.6897e-49
4.86107e-47
-4.67732e-51
4.84196e-49
-1.56302e-53
3.59843e-51
-6.47493e-57
1.86752e-53
3.12898e-56
-2.05835e-36
2.15979e-38
-2.4817e-35
4.47081e-37
-1.92679e-34
4.24659e-36
-3.59947e-34
2.07895e-35
-1.66012e-34
3.69581e-35
-2.00386e-35
1.35124e-35
-1.43433e-36
1.86222e-36
-7.07969e-38
1.62017e-37
-2.57037e-39
9.74436e-39
-7.12749e-41
4.30973e-40
-1.52544e-42
1.45629e-41
-2.58172e-44
3.80845e-43
-3.46708e-46
7.92601e-45
-3.57945e-48
1.32312e-46
-2.76811e-50
1.7296e-48
-1.50659e-52
1.74714e-50
-5.09486e-55
1.3123e-52
-2.04396e-58
6.88365e-55
1.13419e-57
-2.44246e-38
2.83914e-40
-3.3966e-37
7.00435e-39
-2.94463e-36
7.52161e-38
-6.57019e-36
4.08454e-37
-3.26889e-36
8.01795e-37
-4.31935e-37
3.21818e-37
-3.31488e-38
4.80083e-38
-1.73356e-39
4.46493e-39
-6.60508e-41
2.84088e-40
-1.90707e-42
1.31748e-41
-4.22157e-44
4.63301e-43
-7.348e-46
1.25275e-44
-1.00976e-47
2.68056e-46
-1.0621e-49
4.57767e-48
-8.3357e-52
6.09483e-50
-4.5887e-54
6.24607e-52
-1.56983e-56
4.74268e-54
-6.08086e-60
2.51288e-56
4.078e-59
-2.57788e-40
3.58122e-42
-4.20121e-39
1.06726e-40
-4.11263e-38
1.30733e-39
-1.10294e-37
7.9121e-39
-5.91777e-38
1.77489e-38
-8.58292e-39
7.57571e-39
-7.07248e-40
1.22456e-39
-3.92327e-41
1.21835e-40
-1.57024e-42
8.20627e-42
-4.72459e-44
3.993e-43
-1.08251e-45
1.46209e-44
-1.93893e-47
4.08941e-46
-2.7278e-49
9.00023e-48
-2.92427e-51
1.57291e-49
-2.32983e-53
2.13363e-51
-1.29741e-55
2.21885e-53
-4.4884e-58
1.70333e-55
-1.66993e-61
9.10942e-58
1.45826e-60
-2.32865e-42
4.37093e-44
-4.53576e-41
1.56954e-42
-5.11418e-40
2.32576e-41
-1.63738e-39
4.71251e-40
-9.8675e-40
3.7264e-39
-1.52634e-40
6.39484e-40
-1.35441e-41
7.0787e-41
-7.98611e-43
5.42976e-42
-3.36291e-44
3.04486e-43
-1.05558e-45
1.29462e-44
-2.50507e-47
4.52048e-46
-4.61961e-49
1.30726e-47
-6.65603e-51
2.95803e-49
-7.27425e-53
5.28831e-51
-5.88462e-55
7.30572e-53
-3.31632e-57
7.70646e-55
-1.15968e-59
5.97842e-57
-4.08315e-63
3.22314e-59
5.0968e-62
-1.16466e-44
-2.83729e-43
-4.10373e-42
-2.18875e-41
-1.12661e-41
-1.78277e-42
-1.65658e-43
-1.02623e-44
-4.51566e-46
-1.47596e-47
-3.63357e-49
-6.90719e-51
-1.02015e-52
-1.13727e-54
-9.34418e-57
-5.33143e-59
-1.87668e-61
-6.25348e-65
)
;

boundaryField
{
    leftWall
    {
        type            calculated;
        value           uniform 0;
    }
    rightWall
    {
        type            calculated;
        value           uniform 0;
    }
    lowerWall
    {
        type            calculated;
        value           uniform 0;
    }
    atmosphere
    {
        type            calculated;
        value           nonuniform List<scalar> 
46
(
0
0
0
0
0
0
0
0
0
0
0
0
0
0
0
0
0
0
0
0
0
0
4.2524e-53
5.94651e-51
3.08062e-49
1.18799e-47
3.22692e-46
2.16608e-44
7.72034e-43
1.16028e-41
8.85745e-41
2.62643e-40
1.00754e-40
1.65822e-41
1.70529e-42
1.19058e-43
5.99383e-45
2.27207e-46
6.57597e-48
1.48901e-49
2.66356e-51
3.68118e-53
3.88398e-55
3.01308e-57
1.623e-59
2.56948e-62
)
;
    }
    defaultFaces
    {
        type            empty;
        value           nonuniform 0();
    }
}


// ************************************************************************* //
