/*--------------------------------*- C++ -*----------------------------------*\
| =========                 |                                                 |
| \\      /  F ield         | OpenFOAM: The Open Source CFD Toolbox           |
|  \\    /   O peration     | Version:  5.x                                   |
|   \\  /    A nd           | Web:      www.OpenFOAM.org                      |
|    \\/     M anipulation  |                                                 |
\*---------------------------------------------------------------------------*/
FoamFile
{
    version     2.0;
    format      ascii;
    class       volVectorField;
    location    "0.2";
    object      U;
}
// * * * * * * * * * * * * * * * * * * * * * * * * * * * * * * * * * * * * * //

dimensions      [0 1 -1 0 0 0 0];

internalField   nonuniform List<vector> 
2268
(
(0.00394716 -0.00543739 0)
(0.0492929 -0.0151952 0)
(0.122115 -0.0170834 0)
(0.194087 -0.015842 0)
(0.258866 -0.0144734 0)
(0.318364 -0.0138001 0)
(0.376283 -0.013719 0)
(0.43486 -0.0139381 0)
(0.49467 -0.0141963 0)
(0.555372 -0.0143086 0)
(0.616073 -0.0141435 0)
(0.675377 -0.0135784 0)
(0.731316 -0.0124605 0)
(0.781166 -0.0105894 0)
(0.821045 -0.00759919 0)
(0.845851 -0.00231342 0)
(0.843324 0.0088429 0)
(0.789394 0.0278999 0)
(0.661878 0.0541064 0)
(0.438102 0.0797914 0)
(0.129325 0.0822765 0)
(-0.232318 -0.0211942 0)
(-0.167467 -0.151173 0)
(0.00417116 -0.0165594 0)
(0.0500699 -0.0457049 0)
(0.123068 -0.0513896 0)
(0.194878 -0.0477554 0)
(0.259512 -0.0436758 0)
(0.319087 -0.0416655 0)
(0.377253 -0.041446 0)
(0.436161 -0.0421263 0)
(0.496356 -0.0429191 0)
(0.557497 -0.043281 0)
(0.61873 -0.0428261 0)
(0.678708 -0.0411832 0)
(0.735511 -0.0378946 0)
(0.786519 -0.0323381 0)
(0.828313 -0.0235691 0)
(0.856255 -0.00955864 0)
(0.870257 0.0133198 0)
(0.875263 0.0498167 0)
(0.861279 0.103038 0)
(0.786148 0.169614 0)
(0.592277 0.217101 0)
(0.200418 0.1614 0)
(0.131163 -0.0910872 0)
(0.00455084 -0.0279722 0)
(0.0510304 -0.0761256 0)
(0.123776 -0.0854781 0)
(0.194793 -0.0794718 0)
(0.258714 -0.0727167 0)
(0.317985 -0.0694348 0)
(0.376184 -0.0691556 0)
(0.435315 -0.0703512 0)
(0.495852 -0.0717123 0)
(0.557458 -0.0723638 0)
(0.619326 -0.0716847 0)
(0.680188 -0.0690637 0)
(0.738236 -0.063745 0)
(0.790991 -0.0547109 0)
(0.835219 -0.0405777 0)
(0.866605 -0.0195374 0)
(0.880049 0.00996196 0)
(0.871422 0.0530106 0)
(0.84611 0.116881 0)
(0.811511 0.208774 0)
(0.762234 0.303347 0)
(0.513455 0.293627 0)
(0.284496 0.0472145 0)
(0.00515892 -0.0397721 0)
(0.052471 -0.106516 0)
(0.124788 -0.119238 0)
(0.194703 -0.110815 0)
(0.257675 -0.101511 0)
(0.316574 -0.0971374 0)
(0.374879 -0.0969489 0)
(0.434391 -0.0987569 0)
(0.49548 -0.100758 0)
(0.55782 -0.101784 0)
(0.620672 -0.101004 0)
(0.682883 -0.0975825 0)
(0.742809 -0.0904816 0)
(0.798171 -0.0783235 0)
(0.845875 -0.0592993 0)
(0.881728 -0.0312494 0)
(0.901107 0.00857816 0)
(0.89806 0.0632004 0)
(0.869213 0.135722 0)
(0.811733 0.230921 0)
(0.771808 0.350203 0)
(0.627463 0.404965 0)
(0.365996 0.254767 0)
(0.00602761 -0.0521347 0)
(0.0543723 -0.136907 0)
(0.126009 -0.152509 0)
(0.194494 -0.141598 0)
(0.256309 -0.129963 0)
(0.314785 -0.124767 0)
(0.373263 -0.124868 0)
(0.433273 -0.127409 0)
(0.495063 -0.130146 0)
(0.558323 -0.131666 0)
(0.622418 -0.130957 0)
(0.686352 -0.126984 0)
(0.748703 -0.118451 0)
(0.807432 -0.103607 0)
(0.859625 -0.0801673 0)
(0.90118 -0.045424 0)
(0.92754 0.00357105 0)
(0.933169 0.0698662 0)
(0.913575 0.156086 0)
(0.853757 0.259858 0)
(0.77535 0.389514 0)
(0.648933 0.509545 0)
(0.396792 0.476591 0)
(0.00722965 -0.0653458 0)
(0.0566719 -0.16728 0)
(0.127304 -0.185153 0)
(0.194038 -0.1717 0)
(0.254526 -0.15803 0)
(0.312554 -0.152352 0)
(0.371246 -0.152974 0)
(0.431813 -0.156384 0)
(0.494369 -0.159968 0)
(0.558649 -0.162134 0)
(0.624152 -0.161728 0)
(0.690095 -0.157554 0)
(0.755335 -0.148074 0)
(0.818086 -0.131155 0)
(0.875612 -0.103976 0)
(0.923961 -0.0632993 0)
(0.958617 -0.00578729 0)
(0.974107 0.0717734 0)
(0.965063 0.172538 0)
(0.918258 0.294685 0)
(0.821827 0.440389 0)
(0.669396 0.616694 0)
(0.409036 0.718473 0)
(0.00878583 -0.0794468 0)
(0.0592159 -0.197568 0)
(0.128491 -0.217121 0)
(0.193217 -0.201115 0)
(0.252265 -0.185718 0)
(0.309829 -0.179889 0)
(0.368747 -0.181247 0)
(0.429871 -0.185643 0)
(0.493192 -0.190169 0)
(0.558516 -0.19312 0)
(0.625518 -0.193245 0)
(0.693689 -0.189222 0)
(0.762188 -0.17929 0)
(0.82947 -0.160907 0)
(0.893011 -0.130735 0)
(0.949152 -0.0850566 0)
(0.993653 -0.0203594 0)
(1.02092 0.067457 0)
(1.02431 0.182333 0)
(0.993265 0.326795 0)
(0.905906 0.501127 0)
(0.737236 0.721486 0)
(0.46331 0.969794 0)
(0.0105847 -0.0944247 0)
(0.0617705 -0.227874 0)
(0.12938 -0.248387 0)
(0.191969 -0.229849 0)
(0.249553 -0.213084 0)
(0.306642 -0.207421 0)
(0.365756 -0.20969 0)
(0.427383 -0.215156 0)
(0.491415 -0.220699 0)
(0.55776 -0.224547 0)
(0.62632 -0.225396 0)
(0.696895 -0.221819 0)
(0.768937 -0.211781 0)
(0.841166 -0.192266 0)
(0.91137 -0.159453 0)
(0.97624 -0.109299 0)
(1.03194 -0.0379573 0)
(1.07283 0.0590503 0)
(1.09201 0.186686 0)
(1.0799 0.351601 0)
(1.01361 0.561984 0)
(0.865163 0.836587 0)
(0.459804 1.28785 0)
(0.00180212 -0.0041025 0)
(0.013462 -0.000328298 0)
(0.0121886 0.000842332 0)
(0.0136698 -0.000520544 0)
(0.0233237 -0.00152304 0)
(0.0333773 -0.00191942 0)
(0.044057 -0.00177936 0)
(0.0527784 -0.0013853 0)
(0.058908 -0.00086997 0)
(0.0621196 -0.00032936 0)
(0.0625037 0.000211214 0)
(0.0603686 0.000653047 0)
(0.0561428 0.00104027 0)
(0.0501241 0.00129483 0)
(0.0426703 0.00157284 0)
(0.0341842 0.00172347 0)
(0.0249061 0.00185671 0)
(0.0151313 0.00194555 0)
(0.0050434 0.00201593 0)
(-0.018768 -0.00307908 0)
(-0.00735957 -0.00214606 0)
(-0.00140669 -0.00124981 0)
(0.00769132 -0.00494861 0)
(0.0223559 -0.00656325 0)
(0.0352286 -0.00731357 0)
(0.0481579 -0.00661415 0)
(0.058728 -0.00507673 0)
(0.0660779 -0.00319532 0)
(0.069972 -0.00125914 0)
(0.0705778 0.000561991 0)
(0.0682815 0.0021213 0)
(0.0635602 0.00343245 0)
(0.0567937 0.00441958 0)
(0.0483888 0.00528379 0)
(0.03876 0.00587628 0)
(0.0282622 0.00631358 0)
(0.0171592 0.00657794 0)
(0.00567645 0.00665562 0)
(-0.0192966 0.00215238 0)
(-0.00462379 -0.00502979 0)
(0.000804052 -0.00451048 0)
(0.00780313 -0.0105625 0)
(0.0222078 -0.0120907 0)
(0.0350332 -0.0130492 0)
(0.0481706 -0.0116687 0)
(0.058698 -0.00889903 0)
(0.0659444 -0.00557176 0)
(0.0697464 -0.00215084 0)
(0.0702663 0.000983763 0)
(0.0679067 0.00369273 0)
(0.0631542 0.00595181 0)
(0.0564017 0.00772279 0)
(0.0480437 0.00916077 0)
(0.0384715 0.0102144 0)
(0.0280448 0.0109799 0)
(0.0170303 0.0114158 0)
(0.00563221 0.011561 0)
(-0.0193795 0.0070063 0)
(-0.00804671 -0.00679516 0)
(-0.0010463 -0.00672257 0)
(0.00536391 -0.0154674 0)
(0.0213934 -0.0175613 0)
(0.0349188 -0.0188959 0)
(0.0489603 -0.0167516 0)
(0.0599267 -0.0127573 0)
(0.067292 -0.00788786 0)
(0.0710212 -0.00300805 0)
(0.0713439 0.00144886 0)
(0.0687663 0.00524446 0)
(0.0637979 0.00845285 0)
(0.0568727 0.0109853 0)
(0.048381 0.0129627 0)
(0.0386991 0.0144657 0)
(0.0281947 0.0155638 0)
(0.0171071 0.0161838 0)
(0.00565683 0.0163773 0)
(-0.0258753 0.00883908 0)
(-0.0178613 -0.00926338 0)
(-0.00526098 -0.0103454 0)
(0.00146133 -0.0211039 0)
(0.0203101 -0.0237316 0)
(0.034899 -0.0253419 0)
(0.0502038 -0.0222708 0)
(0.0618503 -0.0167669 0)
(0.0694647 -0.010215 0)
(0.0731036 -0.0038214 0)
(0.073182 0.00201431 0)
(0.0703249 0.00693057 0)
(0.0650846 0.0110341 0)
(0.0578679 0.0143542 0)
(0.0491463 0.0168443 0)
(0.0392808 0.0188178 0)
(0.0285855 0.0201868 0)
(0.0173277 0.021002 0)
(0.00572989 0.0212442 0)
(-0.0309852 0.0228314 0)
(-0.0260647 -0.00567544 0)
(-0.0116405 -0.0159738 0)
(-0.00559948 -0.0274358 0)
(0.0182277 -0.0307549 0)
(0.0348358 -0.0323819 0)
(0.0519228 -0.0282022 0)
(0.0644134 -0.0209062 0)
(0.0722599 -0.0125957 0)
(0.0757711 -0.00452802 0)
(0.0755436 0.00272325 0)
(0.0722996 0.00877213 0)
(0.0667141 0.0137909 0)
(0.0591561 0.0177979 0)
(0.0501353 0.0208712 0)
(0.0400193 0.0232509 0)
(0.0290831 0.0248935 0)
(0.0176212 0.0259106 0)
(0.00582296 0.0261841 0)
(-0.0476872 0.0209339 0)
(-0.0361529 -0.010466 0)
(-0.0253945 -0.0208898 0)
(-0.0178774 -0.0365258 0)
(0.0137282 -0.039843 0)
(0.0342296 -0.0405758 0)
(0.0538737 -0.0347448 0)
(0.0674749 -0.0253538 0)
(0.0756325 -0.0149624 0)
(0.0790128 -0.00507769 0)
(0.0783854 0.00354063 0)
(0.0746811 0.0107923 0)
(0.0686507 0.0167259 0)
(0.0606803 0.0213973 0)
(0.0513195 0.0250168 0)
(0.0408924 0.0277959 0)
(0.0296819 0.0297274 0)
(0.0179687 0.0309044 0)
(0.00593131 0.0312129 0)
(-0.033071 0.053794 0)
(-0.0677296 0.0127598 0)
(-0.0382986 -0.029927 0)
(-0.0323328 -0.0454273 0)
(0.00852654 -0.0520019 0)
(0.034097 -0.0502507 0)
(0.0567415 -0.0420685 0)
(0.0714941 -0.0300743 0)
(0.0798373 -0.0173778 0)
(0.0828495 -0.00557315 0)
(0.0817168 0.00446704 0)
(0.0774862 0.0129608 0)
(0.0709074 0.0197974 0)
(0.0624545 0.0251176 0)
(0.052699 0.0292684 0)
(0.0419144 0.0324562 0)
(0.0303652 0.0346583 0)
(0.0183667 0.0359906 0)
(0.00606112 0.0363359 0)
(0.0133707 -0.120444 0)
(0.0653525 -0.275187 0)
(0.129996 -0.295046 0)
(0.189204 -0.272785 0)
(0.244625 -0.255083 0)
(0.300988 -0.250591 0)
(0.360252 -0.254741 0)
(0.422434 -0.262158 0)
(0.48738 -0.269639 0)
(0.555244 -0.27546 0)
(0.626383 -0.27836 0)
(0.701128 -0.276742 0)
(0.779479 -0.268089 0)
(0.860878 -0.248732 0)
(0.943802 -0.21404 0)
(1.02514 -0.159012 0)
(1.1013 -0.0789741 0)
(1.16592 0.0312804 0)
(1.21259 0.177928 0)
(1.23869 0.368012 0)
(1.21614 0.620697 0)
(1.22627 0.919785 0)
(1.09727 1.52974 0)
(0.017024 -0.15872 0)
(0.0698703 -0.338165 0)
(0.130142 -0.354671 0)
(0.184582 -0.327921 0)
(0.237244 -0.310548 0)
(0.292713 -0.308825 0)
(0.351971 -0.316134 0)
(0.414558 -0.326609 0)
(0.480424 -0.337282 0)
(0.550185 -0.346776 0)
(0.624971 -0.354058 0)
(0.705872 -0.357273 0)
(0.793922 -0.353701 0)
(0.890193 -0.339187 0)
(0.994286 -0.307155 0)
(1.10258 -0.250067 0)
(1.21112 -0.162266 0)
(1.31468 -0.0351629 0)
(1.40404 0.135764 0)
(1.47982 0.36852 0)
(1.52104 0.661035 0)
(1.59025 0.948564 0)
(1.63513 1.35439 0)
(0.0207192 -0.201564 0)
(0.0735089 -0.398363 0)
(0.128561 -0.408567 0)
(0.178078 -0.378855 0)
(0.228181 -0.364048 0)
(0.282578 -0.36637 0)
(0.341153 -0.377371 0)
(0.403228 -0.391324 0)
(0.469001 -0.406006 0)
(0.539769 -0.420765 0)
(0.617456 -0.434813 0)
(0.703493 -0.446389 0)
(0.800327 -0.453959 0)
(0.911868 -0.451967 0)
(1.03947 -0.429134 0)
(1.17774 -0.376588 0)
(1.32364 -0.29244 0)
(1.46727 -0.159255 0)
(1.60894 0.0196689 0)
(1.74253 0.22401 0)
(1.81557 0.48267 0)
(1.8342 0.794972 0)
(1.86658 1.127 0)
(0.0240774 -0.248146 0)
(0.0757241 -0.455064 0)
(0.125046 -0.457074 0)
(0.169915 -0.426412 0)
(0.217683 -0.4159 0)
(0.270571 -0.422769 0)
(0.327591 -0.437501 0)
(0.3881 -0.455128 0)
(0.452579 -0.474648 0)
(0.523096 -0.496085 0)
(0.601251 -0.51878 0)
(0.68777 -0.541869 0)
(0.787818 -0.565481 0)
(0.91062 -0.581213 0)
(1.05821 -0.575328 0)
(1.21987 -0.543401 0)
(1.38965 -0.500501 0)
(1.56276 -0.4117 0)
(1.68808 -0.264801 0)
(1.76508 0.0480512 0)
(1.84578 0.435518 0)
(1.87744 0.765948 0)
(1.89363 1.04083 0)
(0.0268602 -0.297543 0)
(0.0763307 -0.507114 0)
(0.119667 -0.500015 0)
(0.160377 -0.470681 0)
(0.205897 -0.465674 0)
(0.256614 -0.477107 0)
(0.311119 -0.495421 0)
(0.368689 -0.516901 0)
(0.430039 -0.541838 0)
(0.497063 -0.570004 0)
(0.568716 -0.600943 0)
(0.646465 -0.633859 0)
(0.741449 -0.675295 0)
(0.869174 -0.721612 0)
(1.02537 -0.753451 0)
(1.18409 -0.746406 0)
(1.32153 -0.713868 0)
(1.42851 -0.504878 0)
(1.5565 -0.183125 0)
(1.67696 0.0942567 0)
(1.73057 0.424977 0)
(1.79206 0.779265 0)
(1.84371 1.03622 0)
(0.0289834 -0.348931 0)
(0.075454 -0.554026 0)
(0.11267 -0.538061 0)
(0.149775 -0.512289 0)
(0.192844 -0.5133 0)
(0.240363 -0.528825 0)
(0.290824 -0.550173 0)
(0.342831 -0.574972 0)
(0.39739 -0.60373 0)
(0.454092 -0.635052 0)
(0.510916 -0.668845 0)
(0.575458 -0.707955 0)
(0.666226 -0.787107 0)
(0.800469 -0.892847 0)
(0.965145 -0.946616 0)
(1.11056 -0.894234 0)
(1.24679 -0.778042 0)
(1.35686 -0.596827 0)
(1.47574 -0.162952 0)
(1.61011 0.105253 0)
(1.68542 0.506256 0)
(1.75172 0.834269 0)
(1.8006 1.02317 0)
(0.0305792 -0.401663 0)
(0.0732424 -0.59541 0)
(0.103859 -0.571876 0)
(0.137577 -0.551389 0)
(0.177198 -0.557872 0)
(0.219475 -0.576036 0)
(0.262912 -0.598605 0)
(0.305212 -0.624069 0)
(0.348466 -0.652151 0)
(0.390754 -0.682804 0)
(0.438977 -0.719004 0)
(0.506217 -0.78576 0)
(0.626984 -0.940025 0)
(0.804936 -1.0852 0)
(0.991378 -1.09576 0)
(1.18444 -1.00959 0)
(1.39704 -0.788748 0)
(1.45927 -0.56493 0)
(1.37218 -0.346111 0)
(1.30163 -0.191338 0)
(1.4628 0.176521 0)
(1.72007 0.701167 0)
(1.81747 1.0043 0)
(0.0318473 -0.453581 0)
(0.0693904 -0.62847 0)
(0.0918351 -0.599556 0)
(0.121723 -0.585363 0)
(0.155742 -0.595382 0)
(0.19 -0.613639 0)
(0.223678 -0.635025 0)
(0.255449 -0.658792 0)
(0.29197 -0.687462 0)
(0.337688 -0.727758 0)
(0.420075 -0.793032 0)
(0.57011 -0.929781 0)
(0.799986 -1.13836 0)
(1.04868 -1.24973 0)
(1.14569 -1.17419 0)
(1.249 -1.13972 0)
(1.37842 -0.915967 0)
(1.22971 -0.547568 0)
(0.982745 -0.212427 0)
(0.883028 -0.094354 0)
(0.985134 0.00245465 0)
(1.32055 0.430029 0)
(1.55546 0.884882 0)
(0.0340142 -0.504329 0)
(0.0644911 -0.650745 0)
(0.0750723 -0.620021 0)
(0.101145 -0.613572 0)
(0.128948 -0.625229 0)
(0.15693 -0.642686 0)
(0.188155 -0.664502 0)
(0.228036 -0.695179 0)
(0.295368 -0.744184 0)
(0.425409 -0.831916 0)
(0.625102 -0.971489 0)
(0.976121 -1.16419 0)
(1.26499 -1.36183 0)
(1.27345 -1.29917 0)
(1.09424 -1.25931 0)
(0.964339 -1.21378 0)
(1.05812 -0.856367 0)
(0.878792 -0.263753 0)
(0.653586 -0.0583745 0)
(0.607101 -0.169937 0)
(0.599931 -0.197766 0)
(0.836462 0.185522 0)
(1.10586 0.667066 0)
(0.0395793 -0.559816 0)
(0.0637432 -0.668421 0)
(0.059832 -0.64151 0)
(0.0880114 -0.645508 0)
(0.120971 -0.659914 0)
(0.164934 -0.682327 0)
(0.236116 -0.720919 0)
(0.344482 -0.783168 0)
(0.529801 -0.902653 0)
(0.867476 -1.07674 0)
(1.20595 -1.32385 0)
(1.3666 -1.44493 0)
(1.40285 -1.43529 0)
(1.27273 -1.10139 0)
(0.921485 -1.11189 0)
(0.739788 -1.1056 0)
(0.749895 -0.766489 0)
(0.640198 -0.11311 0)
(0.496022 0.00837158 0)
(0.437427 -0.143295 0)
(0.364003 -0.23061 0)
(0.481525 -0.0130256 0)
(0.743242 0.346079 0)
(0.0443707 -0.621269 0)
(0.081279 -0.686209 0)
(0.081992 -0.665208 0)
(0.132352 -0.687688 0)
(0.207518 -0.716911 0)
(0.327844 -0.773904 0)
(0.568795 -0.886661 0)
(0.764649 -0.988476 0)
(0.993851 -1.22767 0)
(1.18479 -1.37816 0)
(1.3658 -1.50164 0)
(1.47615 -1.48734 0)
(1.45135 -1.27623 0)
(1.30793 -0.797378 0)
(0.85807 -0.888745 0)
(0.663452 -0.96438 0)
(0.606768 -0.663478 0)
(0.493255 -0.0208802 0)
(0.366514 0.0774518 0)
(0.311558 -0.0922082 0)
(0.252231 -0.221935 0)
(0.3091 -0.18124 0)
(0.532491 -0.00245825 0)
(0.0307232 -0.700456 0)
(0.117812 -0.70492 0)
(0.19765 -0.6938 0)
(0.279904 -0.756992 0)
(0.388714 -0.83229 0)
(0.501126 -0.974633 0)
(0.621957 -1.05457 0)
(0.769251 -1.1895 0)
(0.93354 -1.37481 0)
(1.10621 -1.5477 0)
(1.28183 -1.63026 0)
(1.37138 -1.51779 0)
(1.33067 -1.17308 0)
(1.25839 -0.541696 0)
(0.866454 -0.587621 0)
(0.603087 -0.78538 0)
(0.51076 -0.513673 0)
(0.362791 0.0936294 0)
(0.220052 0.136265 0)
(0.196983 -0.0503312 0)
(0.16999 -0.204965 0)
(0.21799 -0.279586 0)
(0.376815 -0.259156 0)
(0.0167813 -0.747093 0)
(0.0679592 -0.750712 0)
(0.163993 -0.792014 0)
(0.247185 -0.859126 0)
(0.325224 -0.942566 0)
(0.405609 -1.05364 0)
(0.489457 -1.17601 0)
(0.589378 -1.33389 0)
(0.720677 -1.53984 0)
(0.8839 -1.73384 0)
(1.0225 -1.76649 0)
(1.03466 -1.54859 0)
(0.965002 -1.10348 0)
(0.984277 -0.369828 0)
(0.744575 -0.351192 0)
(0.482424 -0.590298 0)
(0.367525 -0.317619 0)
(0.140778 0.259717 0)
(0.0437351 0.168059 0)
(0.0559718 -0.0371818 0)
(0.0502171 -0.213922 0)
(0.101478 -0.367623 0)
(0.22283 -0.465325 0)
(0.0211423 -0.787116 0)
(0.0648277 -0.871558 0)
(0.12067 -0.879698 0)
(0.175975 -0.930447 0)
(0.225899 -1.01113 0)
(0.273678 -1.11688 0)
(0.321252 -1.25102 0)
(0.385591 -1.43864 0)
(0.470311 -1.68114 0)
(0.572609 -1.86335 0)
(0.583326 -1.81443 0)
(0.537273 -1.50841 0)
(0.446203 -1.01828 0)
(0.529642 -0.316902 0)
(0.486793 -0.256196 0)
(0.285164 -0.408584 0)
(0.121303 -0.0749576 0)
(-0.18186 0.405526 0)
(-0.143119 0.17261 0)
(-0.126781 -0.0411139 0)
(-0.112737 -0.237119 0)
(-0.0765051 -0.440376 0)
(-0.0128137 -0.605873 0)
(0.0221269 -0.829622 0)
(0.0497832 -0.905464 0)
(0.0727707 -0.917602 0)
(0.103284 -0.968194 0)
(0.127643 -1.04437 0)
(0.145428 -1.14551 0)
(0.154744 -1.28259 0)
(0.169489 -1.48599 0)
(0.168748 -1.73033 0)
(0.153343 -1.86251 0)
(0.047733 -1.7508 0)
(-0.0109774 -1.42733 0)
(-0.0722705 -0.974478 0)
(0.0840971 -0.323725 0)
(0.101844 -0.264435 0)
(-0.0373215 -0.19696 0)
(-0.372099 0.257775 0)
(-0.457498 0.416798 0)
(-0.349211 0.134072 0)
(-0.321805 -0.0565527 0)
(-0.304631 -0.248607 0)
(-0.304682 -0.457909 0)
(-0.333506 -0.64347 0)
(0.0148384 -0.861224 0)
(0.0260413 -0.915398 0)
(0.0305898 -0.934995 0)
(0.0397942 -0.982477 0)
(0.0399294 -1.05007 0)
(0.0280622 -1.13951 0)
(-0.00120455 -1.26499 0)
(-0.046522 -1.45061 0)
(-0.141838 -1.65948 0)
(-0.271296 -1.75529 0)
(-0.422071 -1.65401 0)
(-0.513224 -1.37635 0)
(-0.522073 -0.977111 0)
(-0.374966 -0.510684 0)
(-0.42421 -0.224034 0)
(-0.531604 0.131495 0)
(-0.775771 0.41466 0)
(-0.644563 0.296465 0)
(-0.53305 0.071231 0)
(-0.496815 -0.0760102 0)
(-0.487304 -0.235831 0)
(-0.52203 -0.411192 0)
(-0.612028 -0.595465 0)
(0.00509035 -0.875772 0)
(0.00282424 -0.912169 0)
(-0.00481763 -0.934797 0)
(-0.0138764 -0.975097 0)
(-0.033784 -1.03029 0)
(-0.0694335 -1.10151 0)
(-0.125853 -1.19993 0)
(-0.218546 -1.34213 0)
(-0.378119 -1.50277 0)
(-0.57758 -1.59112 0)
(-0.76854 -1.53651 0)
(-0.920666 -1.29642 0)
(-0.986171 -0.872405 0)
(-1.02277 -0.424796 0)
(-1.11748 -0.09207 0)
(-1.07388 0.221135 0)
(-0.974113 0.318533 0)
(-0.769282 0.125423 0)
(-0.672842 0.0062873 0)
(-0.632932 -0.0959533 0)
(-0.63148 -0.21063 0)
(-0.680741 -0.332726 0)
(-0.79302 -0.470539 0)
(-0.00340876 -0.871929 0)
(-0.0161887 -0.90035 0)
(-0.0335813 -0.919982 0)
(-0.0566242 -0.951514 0)
(-0.0900437 -0.993227 0)
(-0.139226 -1.04391 0)
(-0.209332 -1.10741 0)
(-0.318554 -1.19774 0)
(-0.493307 -1.30751 0)
(-0.719605 -1.37551 0)
(-0.957697 -1.33658 0)
(-1.17438 -1.16026 0)
(-1.32221 -0.84105 0)
(-1.3749 -0.440172 0)
(-1.3337 -0.0964576 0)
(-1.19546 0.0819253 0)
(-0.991889 0.0738129 0)
(-0.827604 -0.019787 0)
(-0.75737 -0.0516365 0)
(-0.721199 -0.113392 0)
(-0.726466 -0.183087 0)
(-0.778137 -0.252382 0)
(-0.884465 -0.322427 0)
(-0.00893943 -0.85636 0)
(-0.0305674 -0.879593 0)
(-0.0561328 -0.894765 0)
(-0.0879142 -0.91771 0)
(-0.129196 -0.946938 0)
(-0.184052 -0.979561 0)
(-0.255529 -1.014 0)
(-0.355509 -1.05822 0)
(-0.508026 -1.11384 0)
(-0.714935 -1.14568 0)
(-0.941784 -1.10125 0)
(-1.14257 -0.950744 0)
(-1.27352 -0.712743 0)
(-1.30138 -0.456213 0)
(-1.22334 -0.251528 0)
(-1.07349 -0.140781 0)
(-0.922822 -0.116708 0)
(-0.834001 -0.10824 0)
(-0.78897 -0.0975287 0)
(-0.764308 -0.124434 0)
(-0.775491 -0.155224 0)
(-0.822502 -0.182436 0)
(-0.908653 -0.198152 0)
(-0.0126184 -0.832639 0)
(-0.0407841 -0.851712 0)
(-0.0721981 -0.862404 0)
(-0.109176 -0.877915 0)
(-0.154134 -0.896703 0)
(-0.20984 -0.915952 0)
(-0.27709 -0.931783 0)
(-0.360442 -0.944975 0)
(-0.47527 -0.958498 0)
(-0.628887 -0.959982 0)
(-0.799679 -0.921338 0)
(-0.949249 -0.823305 0)
(-1.04308 -0.672055 0)
(-1.06178 -0.499823 0)
(-1.01108 -0.352924 0)
(-0.926674 -0.258154 0)
(-0.855657 -0.200636 0)
(-0.813883 -0.153905 0)
(-0.785184 -0.128584 0)
(-0.772499 -0.128216 0)
(-0.787243 -0.128607 0)
(-0.827302 -0.125166 0)
(-0.892706 -0.10595 0)
(-0.0150077 -0.803 0)
(-0.0475131 -0.819163 0)
(-0.0826239 -0.825808 0)
(-0.122304 -0.835222 0)
(-0.1683 -0.845797 0)
(-0.222453 -0.855418 0)
(-0.284901 -0.860543 0)
(-0.355655 -0.858499 0)
(-0.439797 -0.849531 0)
(-0.542948 -0.831642 0)
(-0.6576 -0.793413 0)
(-0.762127 -0.720635 0)
(-0.834047 -0.614322 0)
(-0.861469 -0.494082 0)
(-0.850536 -0.384064 0)
(-0.823254 -0.297656 0)
(-0.79803 -0.231011 0)
(-0.777084 -0.178829 0)
(-0.760406 -0.145759 0)
(-0.757182 -0.125577 0)
(-0.772248 -0.105525 0)
(-0.804056 -0.0808033 0)
(-0.850988 -0.0405355 0)
(-0.016435 -0.769844 0)
(-0.0514642 -0.783667 0)
(-0.0885401 -0.787063 0)
(-0.129165 -0.791703 0)
(-0.174603 -0.796035 0)
(-0.226058 -0.798485 0)
(-0.283795 -0.796698 0)
(-0.34696 -0.78797 0)
(-0.4155 -0.770125 0)
(-0.490837 -0.74155 0)
(-0.57122 -0.699388 0)
(-0.646946 -0.639208 0)
(-0.704746 -0.559977 0)
(-0.737448 -0.469584 0)
(-0.748426 -0.381984 0)
(-0.747228 -0.306357 0)
(-0.740461 -0.243113 0)
(-0.730874 -0.191771 0)
(-0.724105 -0.152169 0)
(-0.726726 -0.118955 0)
(-0.740114 -0.0859888 0)
(-0.763825 -0.0480452 0)
(-0.795511 0.0032402 0)
(-0.0171453 -0.734794 0)
(-0.0532523 -0.746775 0)
(-0.0909232 -0.74766 0)
(-0.131268 -0.748681 0)
(-0.175172 -0.748431 0)
(-0.223374 -0.745636 0)
(-0.27612 -0.738685 0)
(-0.333014 -0.725759 0)
(-0.393084 -0.704763 0)
(-0.454999 -0.673932 0)
(-0.516867 -0.632369 0)
(-0.574814 -0.579185 0)
(-0.622656 -0.514401 0)
(-0.655407 -0.44213 0)
(-0.673339 -0.370159 0)
(-0.680926 -0.304569 0)
(-0.682292 -0.246574 0)
(-0.680844 -0.19583 0)
(-0.681212 -0.151706 0)
(-0.686612 -0.110988 0)
(-0.697718 -0.0702933 0)
(-0.714592 -0.0251751 0)
(-0.734687 0.0307059 0)
(-0.0172835 -0.699145 0)
(-0.0533889 -0.709647 0)
(-0.0906321 -0.708678 0)
(-0.129847 -0.707029 0)
(-0.171615 -0.703516 0)
(-0.216367 -0.697105 0)
(-0.264125 -0.686575 0)
(-0.314597 -0.670749 0)
(-0.3671 -0.648404 0)
(-0.420121 -0.618126 0)
(-0.471413 -0.579004 0)
(-0.518448 -0.531249 0)
(-0.558331 -0.475981 0)
(-0.588439 -0.415711 0)
(-0.608249 -0.35475 0)
(-0.619829 -0.296907 0)
(-0.626326 -0.24323 0)
(-0.630659 -0.193517 0)
(-0.635147 -0.147377 0)
(-0.641307 -0.103192 0)
(-0.650267 -0.0585807 0)
(-0.661749 -0.0102561 0)
(-0.67335 0.0464157 0)
(-0.0169874 -0.663858 0)
(-0.0523181 -0.67317 0)
(-0.0884141 -0.670877 0)
(-0.125938 -0.667321 0)
(-0.165227 -0.661546 0)
(-0.206521 -0.652768 0)
(-0.249694 -0.640092 0)
(-0.294354 -0.622621 0)
(-0.33995 -0.599518 0)
(-0.385493 -0.570007 0)
(-0.429242 -0.533651 0)
(-0.469127 -0.490744 0)
(-0.503309 -0.442409 0)
(-0.530489 -0.390524 0)
(-0.550466 -0.337515 0)
(-0.564369 -0.285507 0)
(-0.574048 -0.235504 0)
(-0.581393 -0.187572 0)
(-0.587794 -0.141226 0)
(-0.594031 -0.0958449 0)
(-0.60094 -0.0499925 0)
(-0.608322 -0.00103243 0)
(-0.614186 0.0541403 0)
(-0.0163846 -0.629591 0)
(-0.0503925 -0.637956 0)
(-0.0848625 -0.634746 0)
(-0.120338 -0.62988 0)
(-0.15699 -0.622597 0)
(-0.194926 -0.612315 0)
(-0.233998 -0.598399 0)
(-0.273836 -0.580217 0)
(-0.313881 -0.557188 0)
(-0.353287 -0.528845 0)
(-0.390862 -0.495072 0)
(-0.425229 -0.456271 0)
(-0.455148 -0.413284 0)
(-0.479846 -0.367338 0)
(-0.499251 -0.319963 0)
(-0.514002 -0.272493 0)
(-0.525179 -0.22569 0)
(-0.533782 -0.179792 0)
(-0.540674 -0.134559 0)
(-0.546694 -0.0895531 0)
(-0.552146 -0.0438102 0)
(-0.556517 0.00410804 0)
(-0.558479 0.0566221 0)
(-0.0155822 -0.5968 0)
(-0.0478809 -0.604432 0)
(-0.0804215 -0.600608 0)
(-0.113633 -0.594884 0)
(-0.147595 -0.586644 0)
(-0.182319 -0.575473 0)
(-0.217643 -0.560915 0)
(-0.253237 -0.542551 0)
(-0.288624 -0.520034 0)
(-0.323105 -0.493097 0)
(-0.355782 -0.461688 0)
(-0.385748 -0.426145 0)
(-0.412246 -0.387189 0)
(-0.434761 -0.345767 0)
(-0.453163 -0.302842 0)
(-0.467763 -0.259201 0)
(-0.479208 -0.215382 0)
(-0.488181 -0.171641 0)
(-0.495168 -0.128031 0)
(-0.500472 -0.0843017 0)
(-0.504597 -0.0398441 0)
(-0.507074 0.00636259 0)
(-0.506566 0.0557749 0)
(-0.0146594 -0.565808 0)
(-0.0449856 -0.572885 0)
(-0.0754164 -0.568671 0)
(-0.106255 -0.562421 0)
(-0.137538 -0.553622 0)
(-0.169214 -0.541999 0)
(-0.201116 -0.527236 0)
(-0.232949 -0.50905 0)
(-0.264321 -0.487214 0)
(-0.294709 -0.461592 0)
(-0.323452 -0.432244 0)
(-0.349867 -0.399481 0)
(-0.373412 -0.363822 0)
(-0.393776 -0.32591 0)
(-0.410883 -0.28642 0)
(-0.424867 -0.245943 0)
(-0.436051 -0.204903 0)
(-0.444799 -0.163509 0)
(-0.451405 -0.121845 0)
(-0.456255 -0.079819 0)
(-0.459376 -0.0372458 0)
(-0.460334 0.00677247 0)
(-0.458391 0.0529665 0)
(-0.0136666 -0.536821 0)
(-0.0418506 -0.543477 0)
(-0.0700713 -0.539038 0)
(-0.0985046 -0.532497 0)
(-0.12716 -0.523424 0)
(-0.155957 -0.511646 0)
(-0.184733 -0.496945 0)
(-0.21324 -0.479151 0)
(-0.241143 -0.458137 0)
(-0.268023 -0.433851 0)
(-0.293394 -0.406359 0)
(-0.316784 -0.375904 0)
(-0.337802 -0.342903 0)
(-0.356185 -0.307862 0)
(-0.371856 -0.271267 0)
(-0.384916 -0.233524 0)
(-0.39552 -0.194947 0)
(-0.403826 -0.155753 0)
(-0.409964 -0.116116 0)
(-0.414108 -0.0760931 0)
(-0.416354 -0.0354844 0)
(-0.416448 0.00608344 0)
(-0.41374 0.0491329 0)
(-0.0126331 -0.509982 0)
(-0.0385817 -0.516302 0)
(-0.0645438 -0.511757 0)
(-0.0905873 -0.505087 0)
(-0.11669 -0.495937 0)
(-0.142771 -0.484202 0)
(-0.168666 -0.469743 0)
(-0.194167 -0.452459 0)
(-0.219 -0.432282 0)
(-0.242837 -0.409213 0)
(-0.265313 -0.383347 0)
(-0.28607 -0.354892 0)
(-0.304819 -0.324154 0)
(-0.321357 -0.291511 0)
(-0.335592 -0.257362 0)
(-0.34755 -0.222033 0)
(-0.357309 -0.185728 0)
(-0.364942 -0.148627 0)
(-0.370543 -0.110951 0)
(-0.374228 -0.0728962 0)
(-0.375906 -0.0343904 0)
(-0.375393 0.00474489 0)
(-0.372321 0.0448689 0)
(-0.0115763 -0.485358 0)
(-0.0352572 -0.491389 0)
(-0.0589481 -0.486824 0)
(-0.0826436 -0.480133 0)
(-0.106282 -0.471038 0)
(-0.129793 -0.459474 0)
(-0.15302 -0.445362 0)
(-0.175788 -0.428647 0)
(-0.197868 -0.409308 0)
(-0.219 -0.387376 0)
(-0.238905 -0.362946 0)
(-0.257316 -0.336198 0)
(-0.274004 -0.307379 0)
(-0.288807 -0.276782 0)
(-0.301636 -0.244715 0)
(-0.312474 -0.211455 0)
(-0.321333 -0.177205 0)
(-0.328258 -0.142154 0)
(-0.333326 -0.106505 0)
(-0.336482 -0.0704154 0)
(-0.337714 -0.0338846 0)
(-0.336933 0.00303772 0)
(-0.333782 0.0405458 0)
(-0.01051 -0.462962 0)
(-0.0319357 -0.468728 0)
(-0.0533693 -0.4642 0)
(-0.0747691 -0.457561 0)
(-0.0960326 -0.448606 0)
(-0.117107 -0.437293 0)
(-0.137843 -0.423584 0)
(-0.158093 -0.407458 0)
(-0.177668 -0.388922 0)
(-0.196361 -0.368024 0)
(-0.213954 -0.344866 0)
(-0.23024 -0.319601 0)
(-0.24504 -0.292435 0)
(-0.25822 -0.263609 0)
(-0.26969 -0.233376 0)
(-0.279404 -0.201967 0)
(-0.287371 -0.169563 0)
(-0.293613 -0.136344 0)
(-0.298107 -0.102504 0)
(-0.300794 -0.0682085 0)
(-0.301708 -0.0336553 0)
(-0.300796 0.00121124 0)
(-0.297782 0.0364051 0)
(-0.00944719 -0.442761 0)
(-0.0286589 -0.448285 0)
(-0.0478686 -0.44383 0)
(-0.0670282 -0.437289 0)
(-0.0860044 -0.428523 0)
(-0.104758 -0.417504 0)
(-0.123152 -0.404223 0)
(-0.141059 -0.388679 0)
(-0.158325 -0.370899 0)
(-0.174783 -0.350942 0)
(-0.190261 -0.328907 0)
(-0.204596 -0.304931 0)
(-0.217645 -0.279192 0)
(-0.229296 -0.251893 0)
(-0.23947 -0.223251 0)
(-0.248111 -0.193475 0)
(-0.25519 -0.162738 0)
(-0.260708 -0.131179 0)
(-0.264648 -0.0989756 0)
(-0.267008 -0.0663742 0)
(-0.26776 -0.0335683 0)
(-0.266816 -0.00058367 0)
(-0.264025 0.0325873 0)
(-0.0083986 -0.424728 0)
(-0.0254502 -0.430039 0)
(-0.0424817 -0.425674 0)
(-0.0594572 -0.419256 0)
(-0.0762282 -0.410701 0)
(-0.092762 -0.399992 0)
(-0.108938 -0.387134 0)
(-0.124646 -0.372144 0)
(-0.13976 -0.35506 0)
(-0.154144 -0.335948 0)
(-0.167663 -0.314903 0)
(-0.180186 -0.292051 0)
(-0.191596 -0.267546 0)
(-0.201802 -0.241568 0)
(-0.210736 -0.214307 0)
(-0.218345 -0.185953 0)
(-0.22459 -0.156672 0)
(-0.229449 -0.126602 0)
(-0.232899 -0.0959089 0)
(-0.234923 -0.064848 0)
(-0.235551 -0.0336186 0)
(-0.234699 -0.00226647 0)
(-0.232211 0.0291651 0)
(-0.00736624 -0.408836 0)
(-0.0223111 -0.413971 0)
(-0.0372173 -0.409704 0)
(-0.0520643 -0.403418 0)
(-0.0667068 -0.395079 0)
(-0.0811104 -0.384673 0)
(-0.0951729 -0.372217 0)
(-0.1088 -0.357737 0)
(-0.121889 -0.34128 0)
(-0.13433 -0.322915 0)
(-0.146014 -0.302732 0)
(-0.156837 -0.28085 0)
(-0.166706 -0.257408 0)
(-0.175544 -0.232566 0)
(-0.183292 -0.206496 0)
(-0.189906 -0.179377 0)
(-0.195347 -0.151377 0)
(-0.199582 -0.122624 0)
(-0.20259 -0.0932533 0)
(-0.204377 -0.0635063 0)
(-0.204934 -0.0336538 0)
(-0.204193 -0.00374466 0)
(-0.202063 0.0261867 0)
(-0.00633802 -0.394989 0)
(-0.0192219 -0.399981 0)
(-0.0320663 -0.395816 0)
(-0.0448391 -0.389669 0)
(-0.0574257 -0.381545 0)
(-0.069779 -0.371433 0)
(-0.0818173 -0.359354 0)
(-0.0934608 -0.345341 0)
(-0.104626 -0.329444 0)
(-0.115227 -0.311732 0)
(-0.125176 -0.292295 0)
(-0.134392 -0.271243 0)
(-0.142799 -0.248706 0)
(-0.150334 -0.224829 0)
(-0.156949 -0.19977 0)
(-0.162607 -0.173699 0)
(-0.16728 -0.146783 0)
(-0.170933 -0.119162 0)
(-0.173538 -0.0909559 0)
(-0.17509 -0.0623598 0)
(-0.175625 -0.0336439 0)
(-0.175082 -0.00495922 0)
(-0.173336 0.0236795 0)
(-0.00528329 -0.383107 0)
(-0.0161365 -0.387954 0)
(-0.0270024 -0.383887 0)
(-0.0377552 -0.377877 0)
(-0.0483553 -0.36996 0)
(-0.0587331 -0.360125 0)
(-0.0688284 -0.348394 0)
(-0.0785734 -0.334804 0)
(-0.0879014 -0.319405 0)
(-0.0967445 -0.302265 0)
(-0.105036 -0.283471 0)
(-0.112713 -0.263128 0)
(-0.119719 -0.241358 0)
(-0.126005 -0.218296 0)
(-0.131531 -0.194088 0)
(-0.136267 -0.168892 0)
(-0.140195 -0.142875 0)
(-0.143293 -0.116186 0)
(-0.145539 -0.088946 0)
(-0.14691 -0.0613093 0)
(-0.147426 -0.0335655 0)
(-0.147109 -0.00590646 0)
(-0.145794 0.0216561 0)
(-0.00416364 -0.373334 0)
(-0.0129831 -0.377931 0)
(-0.0219562 -0.373943 0)
(-0.0307329 -0.368057 0)
(-0.0394012 -0.360316 0)
(-0.0478689 -0.350716 0)
(-0.0560972 -0.339282 0)
(-0.0640289 -0.32605 0)
(-0.0716089 -0.311072 0)
(-0.0787812 -0.294415 0)
(-0.0854927 -0.276161 0)
(-0.091696 -0.25641 0)
(-0.0973506 -0.235277 0)
(-0.102423 -0.212889 0)
(-0.106886 -0.189384 0)
(-0.110723 -0.164909 0)
(-0.113921 -0.139622 0)
(-0.116474 -0.113683 0)
(-0.118368 -0.0872224 0)
(-0.119595 -0.0603611 0)
(-0.120154 -0.0333638 0)
(-0.12007 -0.00653484 0)
(-0.119193 0.0201432 0)
(-0.00298152 -0.365892 0)
(-0.00973183 -0.369971 0)
(-0.0168522 -0.366057 0)
(-0.0236691 -0.360285 0)
(-0.0304212 -0.352688 0)
(-0.0370082 -0.343276 0)
(-0.043413 -0.332074 0)
(-0.0495927 -0.319124 0)
(-0.0555027 -0.304477 0)
(-0.0610957 -0.288201 0)
(-0.0663247 -0.270374 0)
(-0.0711478 -0.251092 0)
(-0.0755301 -0.23046 0)
(-0.0794463 -0.208599 0)
(-0.082881 -0.18564 0)
(-0.0858296 -0.161724 0)
(-0.0882969 -0.137 0)
(-0.0902943 -0.111626 0)
(-0.0918369 -0.0857462 0)
(-0.0929315 -0.0594703 0)
(-0.0935619 -0.033011 0)
(-0.0937521 -0.00677865 0)
(-0.0933523 0.0191828 0)
(-0.00182505 -0.361175 0)
(-0.00650311 -0.364314 0)
(-0.0117549 -0.360498 0)
(-0.0166195 -0.354852 0)
(-0.0214431 -0.347376 0)
(-0.0261395 -0.338102 0)
(-0.0307113 -0.327061 0)
(-0.0351356 -0.314301 0)
(-0.0393847 -0.29988 0)
(-0.0434255 -0.283867 0)
(-0.0472212 -0.266342 0)
(-0.0507349 -0.247392 0)
(-0.0539317 -0.227117 0)
(-0.0567831 -0.205627 0)
(-0.0592704 -0.183043 0)
(-0.0613892 -0.159496 0)
(-0.0631512 -0.135127 0)
(-0.0645865 -0.110093 0)
(-0.0657476 -0.0845539 0)
(-0.0666964 -0.0586264 0)
(-0.067439 -0.0324832 0)
(-0.0679573 -0.00663044 0)
(-0.0680876 0.0187958 0)
(-0.0008281 -0.359166 0)
(-0.00352833 -0.361013 0)
(-0.00686404 -0.357351 0)
(-0.00980326 -0.351846 0)
(-0.0127008 -0.344478 0)
(-0.0155065 -0.335298 0)
(-0.0182328 -0.324355 0)
(-0.0208741 -0.311702 0)
(-0.0234198 -0.297406 0)
(-0.0258551 -0.281538 0)
(-0.0281618 -0.26418 0)
(-0.0303192 -0.245423 0)
(-0.0323043 -0.225362 0)
(-0.0340941 -0.204101 0)
(-0.0356682 -0.181751 0)
(-0.0370137 -0.158424 0)
(-0.0381322 -0.13424 0)
(-0.0390502 -0.109324 0)
(-0.0398355 -0.0838095 0)
(-0.0406309 -0.0578267 0)
(-0.0415364 -0.0316206 0)
(-0.0425395 -0.00588786 0)
(-0.0433718 0.0191798 0)
(-0.000125052 -0.356324 0)
(-0.000993659 -0.357099 0)
(-0.00224614 -0.353611 0)
(-0.00324923 -0.348228 0)
(-0.00422144 -0.34095 0)
(-0.0051549 -0.331852 0)
(-0.00605756 -0.320993 0)
(-0.00692923 -0.308437 0)
(-0.00776759 -0.29425 0)
(-0.00856938 -0.27851 0)
(-0.00933077 -0.261302 0)
(-0.0100475 -0.242719 0)
(-0.0107147 -0.22286 0)
(-0.011327 -0.201832 0)
(-0.0118788 -0.179745 0)
(-0.0123653 -0.156709 0)
(-0.0127855 -0.132828 0)
(-0.0131481 -0.108187 0)
(-0.0134891 -0.0828309 0)
(-0.0140152 -0.0567961 0)
(-0.014654 -0.0303326 0)
(-0.0153609 -0.004513 0)
(-0.0161346 0.0203759 0)
(0.994004 1.22844 0)
(0.390457 0.578078 0)
(-0.18839 -0.0804388 0)
(0.00869925 -0.565102 0)
(1.75504 1.59808 0)
(1.58655 1.47198 0)
(1.29723 1.20848 0)
(0.857349 0.716177 0)
(1.96549 1.40607 0)
(2.02011 1.54794 0)
(1.99198 1.60841 0)
(1.79098 1.50132 0)
(1.93577 1.2605 0)
(2.0034 1.42195 0)
(2.07859 1.59271 0)
(2.09684 1.72928 0)
(1.8716 1.1931 0)
(1.89677 1.27418 0)
(1.96772 1.45576 0)
(2.06426 1.70313 0)
(1.83004 1.16802 0)
(1.82603 1.20344 0)
(1.86644 1.24881 0)
(1.9744 1.61931 0)
(1.8438 1.1824 0)
(1.80328 1.24993 0)
(1.77208 1.09913 0)
(1.88536 1.46894 0)
(1.65721 1.18656 0)
(1.6649 1.35257 0)
(1.6184 1.11658 0)
(1.80441 1.2069 0)
(1.29223 1.03532 0)
(1.39326 1.23734 0)
(1.41251 1.03673 0)
(1.64949 0.932549 0)
(0.996192 0.682865 0)
(1.18266 0.901996 0)
(1.25842 0.80549 0)
(1.45505 0.721059 0)
(0.787482 0.248817 0)
(1.0073 0.488955 0)
(1.10983 0.559891 0)
(1.26595 0.545444 0)
(0.568036 -0.111996 0)
(0.761578 0.123141 0)
(0.832741 0.327257 0)
(0.900916 0.442351 0)
(0.357707 -0.400723 0)
(0.483046 -0.170536 0)
(0.533488 0.17803 0)
(0.364615 0.518103 0)
(0.0603114 -0.568221 0)
(0.148632 -0.270787 0)
(0.227149 0.236813 0)
(0.149822 0.738506 0)
(-0.344726 -0.635774 0)
(-0.27256 -0.370291 0)
(-0.152427 0.0957973 0)
(0.0352064 0.594975 0)
(-0.684635 -0.67628 0)
(-0.65855 -0.586636 0)
(-0.530035 -0.347499 0)
(-0.34144 0.0412984 0)
(-0.910814 -0.57573 0)
(-0.97057 -0.589627 0)
(-0.978603 -0.511444 0)
(-0.928649 -0.320865 0)
(-1.00562 -0.38264 0)
(-1.0991 -0.42051 0)
(-1.19606 -0.43804 0)
(-1.28016 -0.396052 0)
(-1.00265 -0.202062 0)
(-1.07958 -0.203508 0)
(-1.17774 -0.204991 0)
(-1.29786 -0.181849 0)
(-0.959004 -0.0776973 0)
(-1.00963 -0.0541135 0)
(-1.07321 -0.0285878 0)
(-1.15415 0.00987773 0)
(-0.895378 0.00342773 0)
(-0.926651 0.0372953 0)
(-0.963153 0.0747137 0)
(-1.00732 0.119784 0)
(-0.823416 0.053398 0)
(-0.841414 0.089898 0)
(-0.860754 0.129896 0)
(-0.882731 0.174037 0)
(-0.750746 0.0818582 0)
(-0.75988 0.117473 0)
(-0.768551 0.155799 0)
(-0.777589 0.196075 0)
(-0.681363 0.0958315 0)
(-0.684809 0.129087 0)
(-0.687061 0.164208 0)
(-0.688692 0.200002 0)
(-0.616958 0.100518 0)
(-0.616914 0.130912 0)
(-0.615472 0.162497 0)
(-0.613061 0.19409 0)
(-0.557948 0.0994907 0)
(-0.555873 0.127025 0)
(-0.552436 0.155273 0)
(-0.547982 0.183216 0)
(-0.504087 0.0951215 0)
(-0.500936 0.12004 0)
(-0.49655 0.145352 0)
(-0.491226 0.170235 0)
(-0.454884 0.0890052 0)
(-0.451265 0.111628 0)
(-0.446568 0.134435 0)
(-0.441047 0.156786 0)
(-0.409797 0.0821825 0)
(-0.406086 0.102826 0)
(-0.40145 0.123521 0)
(-0.396105 0.143778 0)
(-0.368304 0.07529 0)
(-0.364722 0.0942407 0)
(-0.360352 0.11316 0)
(-0.355379 0.131678 0)
(-0.329914 0.0687021 0)
(-0.326587 0.0862112 0)
(-0.322591 0.103636 0)
(-0.318085 0.120699 0)
(-0.294194 0.0626333 0)
(-0.29119 0.0789147 0)
(-0.287617 0.0950794 0)
(-0.283613 0.110917 0)
(-0.260779 0.0571878 0)
(-0.258124 0.0724264 0)
(-0.254985 0.0875291 0)
(-0.251486 0.102329 0)
(-0.229344 0.0523985 0)
(-0.227041 0.0667579 0)
(-0.224327 0.080971 0)
(-0.221317 0.0948958 0)
(-0.199597 0.0482661 0)
(-0.197638 0.0618899 0)
(-0.195333 0.0753643 0)
(-0.192788 0.088558 0)
(-0.17128 0.0447788 0)
(-0.169653 0.0577922 0)
(-0.167738 0.0706597 0)
(-0.165631 0.0832518 0)
(-0.144151 0.0419267 0)
(-0.142849 0.0544386 0)
(-0.141309 0.0668121 0)
(-0.139618 0.0789184 0)
(-0.117988 0.0397157 0)
(-0.117013 0.0518178 0)
(-0.115842 0.0637895 0)
(-0.11455 0.0755094 0)
(-0.0926057 0.0381729 0)
(-0.0919628 0.0499419 0)
(-0.0911614 0.0615834 0)
(-0.0902612 0.0729968 0)
(-0.0678291 0.037304 0)
(-0.0675308 0.0488043 0)
(-0.0671055 0.0601684 0)
(-0.0665941 0.0713337 0)
(-0.0437141 0.0372904 0)
(-0.0438144 0.0485731 0)
(-0.0438111 0.0596976 0)
(-0.0437218 0.0706476 0)
(-0.0166382 0.0381397 0)
(-0.0169033 0.049242 0)
(-0.0171231 0.0601382 0)
(-0.0172934 0.0708498 0)
(-0.604106 -0.0161049 0)
(-0.109492 -0.0266082 0)
(-0.105725 -0.0475204 0)
(-0.0475312 -0.064018 0)
(0.00290406 -0.0760192 0)
(0.0382586 -0.0693454 0)
(0.0650911 -0.0552341 0)
(0.0812436 -0.0378205 0)
(0.0893073 -0.0207369 0)
(0.0912633 -0.00570998 0)
(0.0888313 0.0068069 0)
(0.0833697 0.0170347 0)
(0.0755709 0.0251933 0)
(0.0660902 0.031513 0)
(0.055525 0.0363915 0)
(0.0439779 0.0400356 0)
(0.0317396 0.0426429 0)
(0.019157 0.0442787 0)
(0.00631771 0.0446274 0)
(0.143337 0.225976 0)
(-0.14499 -0.108447 0)
(-0.251114 -0.143293 0)
(-0.0922008 -0.136996 0)
(-0.00703882 -0.12315 0)
(0.0482925 -0.103689 0)
(0.0812953 -0.0762132 0)
(0.0987398 -0.0485988 0)
(0.105412 -0.024244 0)
(0.104965 -0.00447311 0)
(0.100095 0.011419 0)
(0.0923974 0.0239228 0)
(0.0827331 0.0336033 0)
(0.071625 0.0411652 0)
(0.0596646 0.0469373 0)
(0.0470375 0.05112 0)
(0.0338999 0.0541904 0)
(0.0204108 0.0560754 0)
(0.0067056 0.0564247 0)
(1.26802 1.08226 0)
(0.460782 0.397741 0)
(-0.269925 -0.203629 0)
(-0.176653 -0.310788 0)
(-0.00538892 -0.210251 0)
(0.0737323 -0.148027 0)
(0.110326 -0.099229 0)
(0.124912 -0.0573941 0)
(0.127118 -0.0248873 0)
(0.122216 -2.07416e-05 0)
(0.113689 0.0187646 0)
(0.102907 0.033139 0)
(0.0908301 0.0438984 0)
(0.0779261 0.0522066 0)
(0.0643849 0.0586891 0)
(0.050454 0.063359 0)
(0.0362043 0.0666882 0)
(0.0217571 0.0687491 0)
(0.00719143 0.0689657 0)
(1.83937 1.59767 0)
(1.36746 1.21814 0)
(0.512801 0.547323 0)
(-0.146762 -0.396032 0)
(0.0246991 -0.349371 0)
(0.123138 -0.204882 0)
(0.157043 -0.116724 0)
(0.161681 -0.0596841 0)
(0.154544 -0.0198427 0)
(0.142824 0.00893394 0)
(0.12907 0.0294715 0)
(0.114464 0.0448358 0)
(0.0995281 0.0562206 0)
(0.0846837 0.064889 0)
(0.0695374 0.0715178 0)
(0.0541293 0.0764934 0)
(0.0386951 0.0800239 0)
(0.0231822 0.0823457 0)
(0.00763005 0.0824339 0)
(1.99597 1.83144 0)
(1.72617 1.64832 0)
(1.21966 1.17013 0)
(0.417562 0.101171 0)
(0.115328 -0.431777 0)
(0.199513 -0.267314 0)
(0.223857 -0.121578 0)
(0.207749 -0.0491442 0)
(0.185876 -0.00556264 0)
(0.164866 0.0239814 0)
(0.144993 0.044381 0)
(0.126344 0.059216 0)
(0.108471 0.0705306 0)
(0.0914242 0.0792543 0)
(0.07465 0.0857992 0)
(0.0579861 0.0908685 0)
(0.0413932 0.094499 0)
(0.0247845 0.0968945 0)
(0.00814816 0.0969047 0)
(1.97417 1.94259 0)
(1.8022 1.91299 0)
(1.50139 1.60613 0)
(0.892045 0.744887 0)
(0.396755 -0.251717 0)
(0.311387 -0.276298 0)
(0.298947 -0.105797 0)
(0.256788 -0.0202339 0)
(0.21716 0.020808 0)
(0.185582 0.0456868 0)
(0.159485 0.0633914 0)
(0.137248 0.0764787 0)
(0.117082 0.0868637 0)
(0.0980991 0.095125 0)
(0.0797767 0.101613 0)
(0.0618341 0.106577 0)
(0.0440304 0.110103 0)
(0.0263374 0.112424 0)
(0.00865772 0.112237 0)
(1.88908 2.02656 0)
(1.76189 2.11612 0)
(1.55794 1.91836 0)
(1.08648 1.12681 0)
(0.733362 0.108615 0)
(0.462229 -0.161285 0)
(0.363403 -0.0527616 0)
(0.295238 0.0284487 0)
(0.240516 0.0580985 0)
(0.200784 0.0735255 0)
(0.171112 0.0857468 0)
(0.146501 0.0961533 0)
(0.124669 0.10505 0)
(0.104337 0.112462 0)
(0.0847351 0.118545 0)
(0.0654895 0.123229 0)
(0.0465523 0.126664 0)
(0.0278276 0.128929 0)
(0.00914089 0.128536 0)
(1.76511 2.12069 0)
(1.66565 2.29193 0)
(1.50606 2.13858 0)
(1.1476 1.34682 0)
(0.906734 0.455683 0)
(0.531261 0.06675 0)
(0.387837 0.0527063 0)
(0.308737 0.0914725 0)
(0.248134 0.100461 0)
(0.207657 0.103869 0)
(0.178067 0.109578 0)
(0.153512 0.116887 0)
(0.131124 0.124335 0)
(0.10987 0.131031 0)
(0.0892295 0.136537 0)
(0.0689808 0.14094 0)
(0.0490469 0.14418 0)
(0.0292895 0.146276 0)
(0.00961604 0.145653 0)
(1.62707 2.19092 0)
(1.54642 2.46609 0)
(1.40206 2.32864 0)
(1.11165 1.46749 0)
(0.915496 0.795771 0)
(0.436662 0.325891 0)
(0.324424 0.159428 0)
(0.277044 0.145456 0)
(0.2354 0.136867 0)
(0.205409 0.130322 0)
(0.180991 0.131796 0)
(0.158623 0.137457 0)
(0.136726 0.144125 0)
(0.114924 0.150357 0)
(0.0934041 0.155565 0)
(0.0722097 0.159657 0)
(0.05123 0.162648 0)
(0.0305649 0.164586 0)
(0.0100478 0.163689 0)
(1.48832 2.19525 0)
(1.43915 2.64652 0)
(1.28969 2.48503 0)
(1.04331 1.47186 0)
(0.713588 1.22487 0)
(0.222648 0.549833 0)
(0.187123 0.196802 0)
(0.212605 0.15693 0)
(0.210139 0.151776 0)
(0.198246 0.147444 0)
(0.182593 0.149942 0)
(0.163434 0.15677 0)
(0.142066 0.164044 0)
(0.119773 0.170361 0)
(0.0973552 0.175536 0)
(0.075195 0.179346 0)
(0.0533445 0.182049 0)
(0.0317892 0.183805 0)
(0.0104366 0.182596 0)
(1.34875 2.13292 0)
(1.34869 2.80185 0)
(1.20202 2.65952 0)
(0.959617 1.66694 0)
(0.378337 1.74054 0)
(0.0326892 0.704509 0)
(0.0220624 0.155934 0)
(0.140673 0.108653 0)
(0.189509 0.137643 0)
(0.196931 0.152728 0)
(0.187636 0.164103 0)
(0.170223 0.175378 0)
(0.148315 0.184679 0)
(0.1249 0.1916 0)
(0.10126 0.196581 0)
(0.077908 0.200005 0)
(0.0550969 0.202234 0)
(0.0327768 0.20362 0)
(0.0107528 0.202032 0)
(1.14921 2.02881 0)
(1.27336 2.89488 0)
(1.16572 2.83043 0)
(0.827734 1.98345 0)
(0.108738 2.16648 0)
(0.00419949 0.783497 0)
(-0.032894 0.0626056 0)
(0.108744 0.00850607 0)
(0.195651 0.0989669 0)
(0.211694 0.15208 0)
(0.201502 0.178941 0)
(0.181093 0.196024 0)
(0.156093 0.207298 0)
(0.130138 0.214442 0)
(0.104682 0.218823 0)
(0.0800977 0.221493 0)
(0.0564158 0.223065 0)
(0.0334781 0.223971 0)
(0.0109721 0.221936 0)
(0.855154 1.59018 0)
(1.20677 2.86216 0)
(1.17694 3.04076 0)
(0.851731 2.61275 0)
(0.116475 2.41224 0)
(0.204698 0.889911 0)
(0.165499 -0.0302766 0)
(0.179272 -0.0840767 0)
(0.248397 0.069922 0)
(0.251914 0.161015 0)
(0.225394 0.201069 0)
(0.195031 0.221725 0)
(0.164332 0.233174 0)
(0.13488 0.239308 0)
(0.107315 0.242405 0)
(0.0815067 0.243857 0)
(0.0571227 0.244458 0)
(0.0337931 0.244704 0)
(0.0110606 0.242132 0)
(0.452546 0.893612 0)
(1.05169 2.64071 0)
(1.21679 3.15499 0)
(1.07047 3.08509 0)
(0.579623 2.74541 0)
(0.695088 1.08804 0)
(0.56514 -0.0458893 0)
(0.378332 -0.0931916 0)
(0.34505 0.0954059 0)
(0.305356 0.196242 0)
(0.253245 0.236869 0)
(0.209142 0.255166 0)
(0.171262 0.263455 0)
(0.137996 0.26666 0)
(0.108452 0.267349 0)
(0.0816985 0.266929 0)
(0.0569517 0.266174 0)
(0.0335825 0.265544 0)
(0.0109758 0.26234 0)
(-0.0283297 0.541506 0)
(0.789646 2.21688 0)
(1.18129 3.0598 0)
(1.25849 3.13266 0)
(1.18362 2.75539 0)
(1.24461 1.40354 0)
(1.01252 0.168396 0)
(0.637188 0.0564132 0)
(0.456094 0.201405 0)
(0.352361 0.267143 0)
(0.274598 0.289584 0)
(0.217931 0.297087 0)
(0.173957 0.298025 0)
(0.137891 0.296117 0)
(0.1072 0.293212 0)
(0.0801773 0.290276 0)
(0.0556315 0.287814 0)
(0.0327111 0.286123 0)
(0.0106767 0.282208 0)
(-0.265446 0.602477 0)
(0.154569 1.31092 0)
(0.990548 2.77092 0)
(1.25164 3.03254 0)
(1.36239 2.64788 0)
(1.46159 1.26486 0)
(1.13551 0.419149 0)
(0.720131 0.332532 0)
(0.492283 0.361933 0)
(0.364241 0.362132 0)
(0.277019 0.353843 0)
(0.215566 0.344338 0)
(0.169612 0.334911 0)
(0.133139 0.326368 0)
(0.102814 0.319084 0)
(0.0765494 0.313222 0)
(0.0529563 0.308841 0)
(0.0310804 0.305982 0)
(0.0101342 0.301316 0)
(-0.766779 0.180757 0)
(-0.376529 1.1184 0)
(0.469168 2.14617 0)
(0.911894 2.72941 0)
(1.17512 2.48472 0)
(1.24774 1.64203 0)
(0.93457 0.780978 0)
(0.630565 0.59104 0)
(0.448136 0.512708 0)
(0.334766 0.456363 0)
(0.256217 0.418089 0)
(0.19967 0.391037 0)
(0.156993 0.370864 0)
(0.123106 0.355482 0)
(0.0949733 0.34373 0)
(0.0706581 0.33492 0)
(0.048853 0.328626 0)
(0.0286596 0.324609 0)
(0.00934009 0.319207 0)
(-1.32505 -0.109566 0)
(-1.14355 0.671484 0)
(-0.528903 1.57675 0)
(0.0971941 2.2281 0)
(0.451062 2.17198 0)
(0.685366 1.56349 0)
(0.594693 1.01289 0)
(0.457223 0.761621 0)
(0.35021 0.620316 0)
(0.273878 0.530517 0)
(0.21623 0.471669 0)
(0.171887 0.431341 0)
(0.136845 0.402534 0)
(0.108182 0.381442 0)
(0.0839111 0.365868 0)
(0.0626524 0.354498 0)
(0.0434171 0.346529 0)
(0.0255028 0.341495 0)
(0.00831186 0.335429 0)
(-1.4564 -0.0280126 0)
(-1.53328 0.407071 0)
(-1.26122 1.10716 0)
(-0.701345 1.70975 0)
(-0.233649 1.75626 0)
(0.13123 1.41172 0)
(0.256703 1.05714 0)
(0.260355 0.823418 0)
(0.231965 0.674654 0)
(0.197911 0.575938 0)
(0.165268 0.508638 0)
(0.136386 0.461444 0)
(0.111366 0.427496 0)
(0.0895897 0.402673 0)
(0.0703371 0.384442 0)
(0.0529573 0.371217 0)
(0.0369005 0.362001 0)
(0.0217441 0.356193 0)
(0.00709141 0.349586 0)
(-1.26795 0.138517 0)
(-1.36791 0.442348 0)
(-1.25319 0.872366 0)
(-0.895945 1.26624 0)
(-0.467031 1.35989 0)
(-0.134739 1.19167 0)
(0.0348432 0.978651 0)
(0.102367 0.808849 0)
(0.123344 0.684288 0)
(0.122288 0.593833 0)
(0.11181 0.528159 0)
(0.0979374 0.48013 0)
(0.0832986 0.444659 0)
(0.0689511 0.418316 0)
(0.0552342 0.398798 0)
(0.0421741 0.384576 0)
(0.0296624 0.374644 0)
(0.0175739 0.368372 0)
(0.00573778 0.361377 0)
(-1.06076 0.231384 0)
(-1.09663 0.462862 0)
(-1.01054 0.73692 0)
(-0.782024 0.968805 0)
(-0.489991 1.04746 0)
(-0.247517 0.983817 0)
(-0.0936913 0.869842 0)
(-0.00782199 0.759107 0)
(0.0362238 0.665357 0)
(0.0558775 0.590895 0)
(0.0618597 0.532778 0)
(0.0604604 0.488201 0)
(0.0551568 0.454128 0)
(0.047876 0.428221 0)
(0.0396336 0.408716 0)
(0.030959 0.394352 0)
(0.0221048 0.384251 0)
(0.0132082 0.377843 0)
(0.00431769 0.370616 0)
(-0.90155 0.266151 0)
(-0.89625 0.43964 0)
(-0.817264 0.626268 0)
(-0.662156 0.776867 0)
(-0.46945 0.841949 0)
(-0.295958 0.826024 0)
(-0.167806 0.768192 0)
(-0.0825672 0.698612 0)
(-0.0291963 0.632058 0)
(0.00192802 0.574167 0)
(0.0185641 0.52617 0)
(0.026519 0.487528 0)
(0.0288215 0.456789 0)
(0.0276923 0.432781 0)
(0.0244495 0.414345 0)
(0.0199215 0.40058 0)
(0.0146174 0.390797 0)
(0.00885505 0.384563 0)
(0.00288874 0.377246 0)
(-0.778897 0.271693 0)
(-0.756814 0.403559 0)
(-0.688116 0.536558 0)
(-0.576036 0.643372 0)
(-0.441563 0.699415 0)
(-0.313432 0.705339 0)
(-0.208889 0.67904 0)
(-0.131076 0.637751 0)
(-0.0764939 0.592786 0)
(-0.0401129 0.549772 0)
(-0.0167326 0.512114 0)
(-0.00249047 0.480188 0)
(0.00547151 0.45385 0)
(0.00934572 0.432717 0)
(0.0103889 0.416096 0)
(0.00955978 0.403496 0)
(0.00753647 0.394419 0)
(0.0046926 0.388641 0)
(0.00149236 0.381308 0)
(-0.681151 0.262718 0)
(-0.653298 0.365747 0)
(-0.595404 0.465277 0)
(-0.510771 0.545825 0)
(-0.411776 0.594633 0)
(-0.314153 0.610893 0)
(-0.229085 0.602936 0)
(-0.160773 0.580734 0)
(-0.10895 0.552005 0)
(-0.0712055 0.521919 0)
(-0.0445199 0.493583 0)
(-0.0263141 0.46831 0)
(-0.0142375 0.446733 0)
(-0.00656213 0.428876 0)
(-0.00207282 0.414518 0)
(0.000237246 0.403444 0)
(0.00111056 0.395367 0)
(0.000864943 0.390296 0)
(0.000174012 0.382937 0)
(-0.601398 0.246995 0)
(-0.572553 0.329913 0)
(-0.523913 0.407966 0)
(-0.457912 0.472086 0)
(-0.382149 0.515165 0)
(-0.305823 0.536133 0)
(-0.236281 0.538957 0)
(-0.177309 0.529372 0)
(-0.129866 0.512666 0)
(-0.093098 0.492858 0)
(-0.065345 0.472642 0)
(-0.044975 0.4536 0)
(-0.0302874 0.436668 0)
(-0.0198721 0.422157 0)
(-0.0126841 0.410259 0)
(-0.00782232 0.40089 0)
(-0.00448137 0.393994 0)
(-0.00250735 0.389827 0)
(-0.00100604 0.382331 0)
(-0.534814 0.228702 0)
(-0.507193 0.297443 0)
(-0.466135 0.36118 0)
(-0.413313 0.414465 0)
(-0.353584 0.453077 0)
(-0.292592 0.476026 0)
(-0.235284 0.485256 0)
(-0.18469 0.484104 0)
(-0.142119 0.476106 0)
(-0.107528 0.464264 0)
(-0.0801331 0.450815 0)
(-0.0589443 0.43724 0)
(-0.0427515 0.424604 0)
(-0.0305119 0.413381 0)
(-0.0213626 0.403923 0)
(-0.0145233 0.396329 0)
(-0.00920453 0.390679 0)
(-0.00535987 0.387572 0)
(-0.00197818 0.379773 0)
(-0.477966 0.210069 0)
(-0.45253 0.268616 0)
(-0.417676 0.32247 0)
(-0.374537 0.368271 0)
(-0.326347 0.403383 0)
(-0.276716 0.426988 0)
(-0.229049 0.440046 0)
(-0.185693 0.444557 0)
(-0.147925 0.442839 0)
(-0.116074 0.437112 0)
(-0.0898749 0.429116 0)
(-0.0687567 0.420221 0)
(-0.0519273 0.411386 0)
(-0.0386292 0.403196 0)
(-0.0281497 0.396053 0)
(-0.0198482 0.390199 0)
(-0.0130239 0.385788 0)
(-0.00765673 0.383793 0)
(-0.00273361 0.375664 0)
(-0.428432 0.192245 0)
(-0.40551 0.243289 0)
(-0.375775 0.290085 0)
(-0.340001 0.330514 0)
(-0.300427 0.362859 0)
(-0.25945 0.386472 0)
(-0.219458 0.401821 0)
(-0.182248 0.410128 0)
(-0.148945 0.412943 0)
(-0.120023 0.411859 0)
(-0.095484 0.408232 0)
(-0.0750416 0.403214 0)
(-0.0582003 0.397654 0)
(-0.0444218 0.392161 0)
(-0.0331506 0.387157 0)
(-0.0238611 0.382927 0)
(-0.0159552 0.3797 0)
(-0.00940748 0.378767 0)
(-0.00328833 0.370351 0)
(-0.384493 0.17578 0)
(-0.364109 0.221166 0)
(-0.338649 0.262762 0)
(-0.308654 0.299202 0)
(-0.275721 0.329326 0)
(-0.241503 0.352633 0)
(-0.207707 0.369343 0)
(-0.175703 0.380208 0)
(-0.146434 0.386282 0)
(-0.120405 0.388704 0)
(-0.0977563 0.388531 0)
(-0.0783768 0.38668 0)
(-0.0619681 0.383902 0)
(-0.0481587 0.380744 0)
(-0.0365264 0.377646 0)
(-0.026657 0.374885 0)
(-0.0180489 0.37276 0)
(-0.010654 0.372781 0)
(-0.00366487 0.364166 0)
(-0.34492 0.160893 0)
(-0.326956 0.201915 0)
(-0.305113 0.239566 0)
(-0.279771 0.272957 0)
(-0.252106 0.301273 0)
(-0.223288 0.324129 0)
(-0.194567 0.341619 0)
(-0.166986 0.354214 0)
(-0.141322 0.362633 0)
(-0.118048 0.367698 0)
(-0.0973675 0.37022 0)
(-0.0792756 0.370932 0)
(-0.0636081 0.370466 0)
(-0.0501114 0.369308 0)
(-0.0384695 0.367865 0)
(-0.0283592 0.366405 0)
(-0.0193773 0.365269 0)
(-0.0114393 0.366137 0)
(-0.00387985 0.357396 0)
(-0.30881 0.147634 0)
(-0.293096 0.185218 0)
(-0.27435 0.219801 0)
(-0.252842 0.250799 0)
(-0.229456 0.277623 0)
(-0.205047 0.299972 0)
(-0.180543 0.317875 0)
(-0.156748 0.331633 0)
(-0.134291 0.341741 0)
(-0.113593 0.348793 0)
(-0.0948763 0.353409 0)
(-0.078195 0.356172 0)
(-0.0634717 0.357599 0)
(-0.0505392 0.358122 0)
(-0.0391676 0.358094 0)
(-0.0291001 0.357768 0)
(-0.0200225 0.357496 0)
(-0.0118108 0.359087 0)
(-0.00395492 0.350316 0)
(-0.275494 0.135965 0)
(-0.261846 0.170788 0)
(-0.245781 0.202935 0)
(-0.227493 0.232014 0)
(-0.207659 0.257588 0)
(-0.186919 0.27942 0)
(-0.165973 0.297504 0)
(-0.145446 0.312033 0)
(-0.125847 0.323352 0)
(-0.107537 0.331894 0)
(-0.0907329 0.338129 0)
(-0.0755198 0.342519 0)
(-0.0618736 0.345487 0)
(-0.0496888 0.347398 0)
(-0.0388009 0.348561 0)
(-0.0290087 0.349207 0)
(-0.020069 0.349675 0)
(-0.0118217 0.351846 0)
(-0.00391411 0.343169 0)
(-0.244462 0.125804 0)
(-0.232701 0.158378 0)
(-0.218981 0.188554 0)
(-0.203443 0.216067 0)
(-0.186615 0.240583 0)
(-0.168983 0.26191 0)
(-0.151085 0.280027 0)
(-0.133409 0.295055 0)
(-0.116366 0.307236 0)
(-0.100263 0.316888 0)
(-0.0852983 0.324369 0)
(-0.0715693 0.330042 0)
(-0.0590839 0.334249 0)
(-0.0477794 0.337297 0)
(-0.0375392 0.33945 0)
(-0.0282093 0.340913 0)
(-0.0196009 0.342007 0)
(-0.0115252 0.344615 0)
(-0.00377682 0.336152 0)
(-0.215313 0.117055 0)
(-0.205278 0.147773 0)
(-0.193629 0.176334 0)
(-0.180476 0.202551 0)
(-0.166234 0.226161 0)
(-0.15128 0.24701 0)
(-0.136031 0.265065 0)
(-0.12087 0.280401 0)
(-0.106131 0.293189 0)
(-0.0920689 0.303663 0)
(-0.078862 0.312096 0)
(-0.0666076 0.318771 0)
(-0.055332 0.323967 0)
(-0.0450017 0.327937 0)
(-0.035535 0.330903 0)
(-0.0268157 0.333044 0)
(-0.0186983 0.334657 0)
(-0.0109707 0.337575 0)
(-0.00355959 0.329429 0)
(-0.18773 0.109619 0)
(-0.179274 0.138794 0)
(-0.169474 0.166017 0)
(-0.158421 0.191149 0)
(-0.146441 0.213981 0)
(-0.13383 0.234383 0)
(-0.120915 0.252317 0)
(-0.107999 0.267828 0)
(-0.095351 0.281035 0)
(-0.0831847 0.292111 0)
(-0.0716538 0.301265 0)
(-0.0608507 0.308719 0)
(-0.0508108 0.314695 0)
(-0.0415198 0.319404 0)
(-0.0329217 0.32303 0)
(-0.0249299 0.325728 0)
(-0.0174342 0.327764 0)
(-0.0102026 0.330882 0)
(-0.00327698 0.323133 0)
(-0.161453 0.103402 0)
(-0.154451 0.131287 0)
(-0.146319 0.157395 0)
(-0.137138 0.181615 0)
(-0.127166 0.203775 0)
(-0.116636 0.223764 0)
(-0.105806 0.241543 0)
(-0.0949169 0.257135 0)
(-0.0841853 0.270623 0)
(-0.073788 0.282134 0)
(-0.0638563 0.291828 0)
(-0.0544743 0.299879 0)
(-0.0456807 0.306466 0)
(-0.0374733 0.31176 0)
(-0.0298148 0.315916 0)
(-0.022642 0.319064 0)
(-0.0158735 0.32144 0)
(-0.0092599 0.324662 0)
(-0.00294136 0.317378 0)
(-0.136264 0.0983205 0)
(-0.13061 0.125126 0)
(-0.124001 0.150303 0)
(-0.116513 0.173752 0)
(-0.108349 0.195331 0)
(-0.0996942 0.214945 0)
(-0.0907508 0.23255 0)
(-0.0817123 0.248159 0)
(-0.0727524 0.261826 0)
(-0.0640161 0.273645 0)
(-0.0556142 0.283738 0)
(-0.0476208 0.292242 0)
(-0.0400741 0.2993 0)
(-0.0329796 0.305052 0)
(-0.0263135 0.309627 0)
(-0.0200299 0.313134 0)
(-0.0140734 0.315777 0)
(-0.00817684 0.319022 0)
(-0.0025635 0.31225 0)
(-0.111978 0.0943063 0)
(-0.107586 0.120211 0)
(-0.102385 0.144608 0)
(-0.0964487 0.167406 0)
(-0.089935 0.188484 0)
(-0.0829912 0.207757 0)
(-0.0757777 0.225185 0)
(-0.0684479 0.240766 0)
(-0.061141 0.254538 0)
(-0.053975 0.266568 0)
(-0.0470417 0.27695 0)
(-0.0404048 0.28579 0)
(-0.0341 0.293205 0)
(-0.028137 0.299309 0)
(-0.0225015 0.30421 0)
(-0.017161 0.307999 0)
(-0.0120829 0.310847 0)
(-0.00698313 0.314048 0)
(-0.00215294 0.307822 0)
(-0.0884406 0.0913116 0)
(-0.0852435 0.116466 0)
(-0.08136 0.140212 0)
(-0.0768633 0.16246 0)
(-0.0718756 0.183107 0)
(-0.0665143 0.202078 0)
(-0.0609058 0.219331 0)
(-0.0551712 0.234856 0)
(-0.049421 0.248678 0)
(-0.0437497 0.260844 0)
(-0.0382322 0.271427 0)
(-0.0329218 0.280511 0)
(-0.0278504 0.28819 0)
(-0.0230294 0.294558 0)
(-0.0184513 0.299705 0)
(-0.0140939 0.30371 0)
(-0.00994562 0.306711 0)
(-0.00570533 0.309811 0)
(-0.00171825 0.304149 0)
(-0.0655001 0.0892724 0)
(-0.0634387 0.113802 0)
(-0.0607965 0.137005 0)
(-0.0576471 0.158791 0)
(-0.0540849 0.179071 0)
(-0.0502036 0.197775 0)
(-0.0461017 0.214861 0)
(-0.0418734 0.230315 0)
(-0.0376047 0.244148 0)
(-0.0333695 0.256396 0)
(-0.0292269 0.267113 0)
(-0.0252198 0.276366 0)
(-0.0213755 0.284233 0)
(-0.0177054 0.290793 0)
(-0.014207 0.296121 0)
(-0.0108648 0.300285 0)
(-0.00768818 0.303397 0)
(-0.00436347 0.306346 0)
(-0.0012689 0.301259 0)
(-0.0433887 0.0882907 0)
(-0.0424744 0.112307 0)
(-0.0410484 0.135062 0)
(-0.0391902 0.156467 0)
(-0.0369764 0.176441 0)
(-0.0344841 0.194917 0)
(-0.0317916 0.211851 0)
(-0.0289728 0.227223 0)
(-0.0260942 0.241038 0)
(-0.023213 0.253319 0)
(-0.020375 0.26411 0)
(-0.0176143 0.273466 0)
(-0.0149532 0.281451 0)
(-0.0124028 0.288134 0)
(-0.00996414 0.29358 0)
(-0.00762687 0.29785 0)
(-0.00542256 0.301035 0)
(-0.00302088 0.303827 0)
(-0.000820843 0.299234 0)
(-0.0174993 0.0882325 0)
(-0.0175486 0.11174 0)
(-0.017299 0.134039 0)
(-0.0167926 0.155049 0)
(-0.016065 0.174697 0)
(-0.0151563 0.192918 0)
(-0.0141083 0.20967 0)
(-0.0129613 0.224926 0)
(-0.0117525 0.238684 0)
(-0.0105138 0.250958 0)
(-0.0092719 0.261781 0)
(-0.00804708 0.271198 0)
(-0.00685362 0.279261 0)
(-0.0057001 0.286029 0)
(-0.00459013 0.291562 0)
(-0.00351774 0.295913 0)
(-0.00252051 0.299138 0)
(-0.00137121 0.301698 0)
(-0.000334417 0.297717 0)
)
;

boundaryField
{
    leftWall
    {
        type            noSlip;
    }
    rightWall
    {
        type            noSlip;
    }
    lowerWall
    {
        type            noSlip;
    }
    atmosphere
    {
        type            pressureInletOutletVelocity;
        value           nonuniform List<vector> 
46
(
(0 -0.356324 0)
(0 -0.357099 0)
(0 -0.353611 0)
(0 -0.348228 0)
(0 -0.34095 0)
(0 -0.331852 0)
(0 -0.320993 0)
(0 -0.308437 0)
(0 -0.29425 0)
(0 -0.27851 0)
(0 -0.261302 0)
(0 -0.242719 0)
(0 -0.22286 0)
(0 -0.201832 0)
(0 -0.179745 0)
(0 -0.156709 0)
(0 -0.132828 0)
(0 -0.108187 0)
(0 -0.0828309 0)
(0 -0.0567961 0)
(0 -0.0303326 0)
(0 -0.004513 0)
(-0.0161346 0.0203759 0)
(-0.0166382 0.0381397 0)
(-0.0169033 0.049242 0)
(-0.0171231 0.0601382 0)
(-0.0172934 0.0708498 0)
(-0.0174993 0.0882325 0)
(-0.0175486 0.11174 0)
(-0.017299 0.134039 0)
(-0.0167926 0.155049 0)
(-0.016065 0.174697 0)
(-0.0151563 0.192918 0)
(-0.0141083 0.20967 0)
(-0.0129613 0.224926 0)
(-0.0117525 0.238684 0)
(-0.0105138 0.250958 0)
(-0.0092719 0.261781 0)
(-0.00804708 0.271198 0)
(-0.00685362 0.279261 0)
(-0.0057001 0.286029 0)
(-0.00459013 0.291562 0)
(-0.00351774 0.295913 0)
(-0.00252051 0.299138 0)
(-0.00137121 0.301698 0)
(-0.000334417 0.297717 0)
)
;
    }
    defaultFaces
    {
        type            empty;
    }
}


// ************************************************************************* //
