/*--------------------------------*- C++ -*----------------------------------*\
| =========                 |                                                 |
| \\      /  F ield         | OpenFOAM: The Open Source CFD Toolbox           |
|  \\    /   O peration     | Version:  5.x                                   |
|   \\  /    A nd           | Web:      www.OpenFOAM.org                      |
|    \\/     M anipulation  |                                                 |
\*---------------------------------------------------------------------------*/
FoamFile
{
    version     2.0;
    format      ascii;
    class       volScalarField;
    location    "0.1";
    object      p_rgh;
}
// * * * * * * * * * * * * * * * * * * * * * * * * * * * * * * * * * * * * * //

dimensions      [1 -1 -2 0 0 0 0];

internalField   nonuniform List<scalar> 
8000
(
0.0122401
0.0122401
0.0122401
0.0122401
0.0122401
0.0122401
0.0122401
0.0122401
0.0122401
0.0122401
0.0122401
0.0122401
0.0122401
0.0122401
0.0122401
0.0122401
0.0122402
0.0122402
0.0122402
0.0122402
0.0367203
0.0367204
0.0367204
0.0367203
0.0367203
0.0367203
0.0367203
0.0367203
0.0367203
0.0367203
0.0367203
0.0367203
0.0367203
0.0367204
0.0367204
0.0367204
0.0367204
0.0367205
0.0367205
0.0367205
0.0612006
0.0612006
0.0612006
0.0612005
0.0612005
0.0612005
0.0612004
0.0612004
0.0612004
0.0612005
0.0612005
0.0612005
0.0612005
0.0612006
0.0612006
0.0612007
0.0612007
0.0612007
0.0612008
0.0612007
0.0856808
0.0856808
0.0856808
0.0856807
0.0856807
0.0856806
0.0856806
0.0856806
0.0856806
0.0856806
0.0856807
0.0856807
0.0856808
0.0856808
0.0856809
0.0856809
0.085681
0.085681
0.0856811
0.0856809
0.110161
0.110161
0.110161
0.110161
0.110161
0.110161
0.110161
0.110161
0.110161
0.110161
0.110161
0.110161
0.110161
0.110161
0.110161
0.110161
0.110161
0.110161
0.110161
0.110161
0.134641
0.134641
0.134641
0.134641
0.134641
0.134641
0.134641
0.134641
0.134641
0.134641
0.134641
0.134641
0.134641
0.134641
0.134641
0.134641
0.134641
0.134642
0.134642
0.134641
0.159121
0.159121
0.159121
0.159121
0.159121
0.159121
0.159121
0.159121
0.159121
0.159121
0.159121
0.159121
0.159121
0.159122
0.159122
0.159122
0.159122
0.159122
0.159122
0.159121
0.183601
0.183601
0.183601
0.183601
0.183601
0.183601
0.183602
0.183602
0.183602
0.183602
0.183602
0.183602
0.183602
0.183602
0.183602
0.183602
0.183602
0.183602
0.183602
0.183601
0.208081
0.208082
0.208082
0.208082
0.208082
0.208082
0.208082
0.208082
0.208082
0.208082
0.208082
0.208082
0.208082
0.208082
0.208082
0.208082
0.208082
0.208082
0.208082
0.208082
0.232561
0.232562
0.232562
0.232562
0.232562
0.232562
0.232562
0.232562
0.232562
0.232562
0.232562
0.232562
0.232562
0.232562
0.232562
0.232562
0.232562
0.232562
0.232562
0.232562
0.257042
0.257042
0.257042
0.257042
0.257042
0.257042
0.257042
0.257042
0.257042
0.257042
0.257042
0.257042
0.257042
0.257042
0.257042
0.257042
0.257042
0.257042
0.257042
0.257042
0.281522
0.281522
0.281522
0.281522
0.281522
0.281522
0.281523
0.281523
0.281522
0.281522
0.281522
0.281522
0.281522
0.281522
0.281522
0.281522
0.281522
0.281522
0.281522
0.281522
0.306002
0.306002
0.306003
0.306003
0.306003
0.306003
0.306003
0.306003
0.306003
0.306002
0.306002
0.306002
0.306002
0.306002
0.306002
0.306002
0.306002
0.306003
0.306003
0.306002
0.330483
0.330483
0.330483
0.330483
0.330483
0.330483
0.330483
0.330483
0.330483
0.330483
0.330482
0.330482
0.330482
0.330482
0.330482
0.330483
0.330483
0.330483
0.330483
0.330483
0.354963
0.354963
0.354963
0.354963
0.354963
0.354963
0.354963
0.354963
0.354963
0.354963
0.354963
0.354962
0.354963
0.354963
0.354963
0.354963
0.354963
0.354963
0.354963
0.354963
0.379444
0.379443
0.379443
0.379443
0.379443
0.379443
0.379443
0.379443
0.379443
0.379443
0.379443
0.379443
0.379443
0.379443
0.379443
0.379443
0.379443
0.379443
0.379443
0.379443
0.403924
0.403924
0.403924
0.403924
0.403924
0.403923
0.403923
0.403923
0.403923
0.403923
0.403923
0.403923
0.403923
0.403923
0.403923
0.403923
0.403923
0.403923
0.403923
0.403923
0.428404
0.428404
0.428404
0.428404
0.428404
0.428404
0.428403
0.428403
0.428403
0.428403
0.428403
0.428403
0.428403
0.428403
0.428403
0.428403
0.428403
0.428403
0.428403
0.428403
0.452885
0.452884
0.452884
0.452884
0.452884
0.452884
0.452884
0.452884
0.452884
0.452883
0.452883
0.452883
0.452883
0.452883
0.452883
0.452883
0.452883
0.452882
0.452882
0.452883
0.477365
0.477364
0.477364
0.477364
0.477364
0.477364
0.477364
0.477364
0.477364
0.477364
0.477364
0.477364
0.477363
0.477363
0.477363
0.477363
0.477362
0.477362
0.477362
0.477363
0.501845
0.501844
0.501844
0.501844
0.501844
0.501844
0.501844
0.501844
0.501844
0.501844
0.501844
0.501844
0.501843
0.501843
0.501843
0.501843
0.501842
0.501842
0.501842
0.501843
0.526325
0.526324
0.526324
0.526324
0.526324
0.526324
0.526324
0.526324
0.526324
0.526324
0.526324
0.526324
0.526323
0.526323
0.526323
0.526323
0.526322
0.526322
0.526322
0.526322
0.550805
0.550804
0.550804
0.550804
0.550804
0.550804
0.550804
0.550804
0.550804
0.550804
0.550804
0.550804
0.550803
0.550803
0.550803
0.550803
0.550802
0.550802
0.550802
0.550802
0.575285
0.575284
0.575284
0.575284
0.575284
0.575284
0.575284
0.575284
0.575284
0.575284
0.575284
0.575284
0.575284
0.575283
0.575283
0.575283
0.575282
0.575282
0.575282
0.575282
0.599765
0.599764
0.599764
0.599764
0.599764
0.599764
0.599764
0.599764
0.599764
0.599764
0.599764
0.599764
0.599763
0.599763
0.599763
0.599763
0.599763
0.599763
0.599763
0.599762
0.624244
0.624244
0.624244
0.624244
0.624244
0.624244
0.624244
0.624244
0.624244
0.624244
0.624244
0.624244
0.624243
0.624243
0.624243
0.624243
0.624243
0.624243
0.624243
0.624243
0.648724
0.648724
0.648724
0.648724
0.648724
0.648724
0.648724
0.648724
0.648724
0.648724
0.648724
0.648723
0.648723
0.648723
0.648723
0.648723
0.648723
0.648723
0.648723
0.648723
0.673204
0.673204
0.673204
0.673204
0.673204
0.673204
0.673204
0.673204
0.673204
0.673204
0.673203
0.673203
0.673203
0.673203
0.673203
0.673203
0.673203
0.673203
0.673203
0.673203
0.697684
0.697684
0.697684
0.697684
0.697684
0.697684
0.697684
0.697684
0.697684
0.697683
0.697683
0.697683
0.697683
0.697683
0.697683
0.697683
0.697683
0.697683
0.697683
0.697683
0.722164
0.722164
0.722164
0.722164
0.722164
0.722164
0.722164
0.722164
0.722163
0.722163
0.722163
0.722163
0.722163
0.722163
0.722163
0.722163
0.722163
0.722163
0.722163
0.722163
0.746644
0.746644
0.746644
0.746644
0.746644
0.746644
0.746644
0.746644
0.746643
0.746643
0.746643
0.746643
0.746643
0.746643
0.746643
0.746643
0.746643
0.746643
0.746643
0.746643
0.771124
0.771124
0.771124
0.771124
0.771124
0.771124
0.771124
0.771124
0.771123
0.771123
0.771123
0.771123
0.771123
0.771123
0.771123
0.771123
0.771123
0.771123
0.771123
0.771123
0.795604
0.795604
0.795604
0.795604
0.795604
0.795604
0.795604
0.795604
0.795603
0.795603
0.795603
0.795603
0.795603
0.795603
0.795603
0.795603
0.795603
0.795603
0.795603
0.795604
0.820084
0.820084
0.820084
0.820084
0.820084
0.820084
0.820084
0.820084
0.820084
0.820084
0.820083
0.820083
0.820083
0.820083
0.820083
0.820083
0.820083
0.820083
0.820084
0.820084
0.844564
0.844564
0.844564
0.844564
0.844564
0.844564
0.844564
0.844564
0.844564
0.844564
0.844564
0.844564
0.844564
0.844564
0.844564
0.844564
0.844564
0.844564
0.844564
0.844564
0.869045
0.869045
0.869045
0.869044
0.869044
0.869044
0.869044
0.869044
0.869044
0.869044
0.869044
0.869044
0.869044
0.869044
0.869044
0.869044
0.869044
0.869044
0.869044
0.869045
0.893525
0.893525
0.893525
0.893525
0.893524
0.893524
0.893524
0.893524
0.893524
0.893524
0.893524
0.893524
0.893525
0.893525
0.893525
0.893525
0.893525
0.893525
0.893525
0.893525
0.918005
0.918005
0.918005
0.918005
0.918005
0.918005
0.918005
0.918005
0.918005
0.918005
0.918005
0.918005
0.918005
0.918005
0.918005
0.918005
0.918005
0.918005
0.918005
0.918005
0.942485
0.942485
0.942485
0.942485
0.942485
0.942485
0.942485
0.942485
0.942485
0.942485
0.942485
0.942485
0.942485
0.942485
0.942485
0.942485
0.942485
0.942485
0.942485
0.942486
0.966965
0.966965
0.966965
0.966965
0.966965
0.966965
0.966965
0.966965
0.966965
0.966966
0.966966
0.966966
0.966966
0.966966
0.966966
0.966966
0.966966
0.966966
0.966966
0.966966
0.991445
0.991445
0.991445
0.991445
0.991445
0.991445
0.991445
0.991446
0.991446
0.991446
0.991446
0.991446
0.991446
0.991446
0.991446
0.991446
0.991446
0.991446
0.991446
0.991446
1.01593
1.01593
1.01593
1.01593
1.01593
1.01593
1.01593
1.01593
1.01593
1.01593
1.01593
1.01593
1.01593
1.01593
1.01593
1.01593
1.01593
1.01593
1.01593
1.01593
1.04041
1.04041
1.04041
1.04041
1.04041
1.04041
1.04041
1.04041
1.04041
1.04041
1.04041
1.04041
1.04041
1.04041
1.04041
1.04041
1.04041
1.04041
1.04041
1.04041
1.06489
1.06489
1.06489
1.06489
1.06489
1.06489
1.06489
1.06489
1.06489
1.06489
1.06489
1.06489
1.06489
1.06489
1.06489
1.06489
1.06489
1.06489
1.06489
1.06489
1.08937
1.08937
1.08937
1.08937
1.08937
1.08937
1.08937
1.08937
1.08937
1.08937
1.08937
1.08937
1.08937
1.08937
1.08937
1.08937
1.08937
1.08937
1.08937
1.08937
1.11385
1.11385
1.11385
1.11385
1.11385
1.11385
1.11385
1.11385
1.11385
1.11385
1.11385
1.11385
1.11385
1.11385
1.11385
1.11385
1.11385
1.11385
1.11385
1.11385
1.13833
1.13833
1.13833
1.13833
1.13833
1.13833
1.13833
1.13833
1.13833
1.13833
1.13833
1.13833
1.13833
1.13833
1.13833
1.13833
1.13833
1.13833
1.13833
1.13833
1.16281
1.16281
1.16281
1.16281
1.16281
1.16281
1.16281
1.16281
1.16281
1.16281
1.16281
1.16281
1.16281
1.16281
1.16281
1.16281
1.16281
1.16281
1.16281
1.16281
1.18729
1.18729
1.18729
1.18729
1.18729
1.18729
1.18729
1.18729
1.18729
1.18729
1.18729
1.18729
1.18729
1.18729
1.18729
1.18729
1.18729
1.18729
1.18729
1.18729
1.21177
1.21177
1.21177
1.21177
1.21177
1.21177
1.21177
1.21177
1.21177
1.21177
1.21177
1.21177
1.21177
1.21177
1.21177
1.21177
1.21177
1.21177
1.21177
1.21177
1.23625
1.23625
1.23625
1.23625
1.23625
1.23625
1.23625
1.23625
1.23625
1.23625
1.23625
1.23625
1.23625
1.23625
1.23625
1.23625
1.23625
1.23625
1.23625
1.23625
1.26073
1.26073
1.26073
1.26073
1.26073
1.26073
1.26073
1.26073
1.26073
1.26073
1.26073
1.26073
1.26073
1.26073
1.26073
1.26073
1.26073
1.26073
1.26073
1.26073
1.28521
1.28521
1.28521
1.28521
1.28521
1.28521
1.28521
1.28521
1.28521
1.28521
1.28521
1.28521
1.28521
1.28521
1.28521
1.28521
1.28521
1.28521
1.28521
1.28521
1.30969
1.30969
1.30969
1.30969
1.30969
1.30969
1.30969
1.30969
1.30969
1.30969
1.30969
1.30969
1.30969
1.30969
1.30969
1.30969
1.30969
1.30969
1.30969
1.30969
1.33417
1.33417
1.33417
1.33417
1.33417
1.33417
1.33417
1.33417
1.33417
1.33417
1.33417
1.33417
1.33417
1.33417
1.33417
1.33417
1.33417
1.33417
1.33417
1.33417
1.35865
1.35865
1.35865
1.35865
1.35865
1.35865
1.35865
1.35865
1.35865
1.35865
1.35865
1.35865
1.35865
1.35865
1.35865
1.35865
1.35865
1.35865
1.35865
1.35865
1.38313
1.38313
1.38313
1.38313
1.38313
1.38313
1.38313
1.38313
1.38313
1.38313
1.38313
1.38313
1.38313
1.38313
1.38313
1.38313
1.38313
1.38313
1.38313
1.38313
1.40761
1.40761
1.40761
1.40761
1.40761
1.40761
1.40761
1.40761
1.40761
1.40761
1.40761
1.40761
1.40761
1.40761
1.40761
1.40761
1.40761
1.40761
1.40761
1.40761
1.43209
1.43209
1.43209
1.43209
1.43209
1.43209
1.43209
1.43209
1.43209
1.43209
1.43209
1.43209
1.43209
1.43209
1.43209
1.43209
1.43209
1.43209
1.43209
1.43209
1.45657
1.45657
1.45657
1.45657
1.45657
1.45657
1.45657
1.45657
1.45657
1.45657
1.45657
1.45657
1.45657
1.45657
1.45657
1.45657
1.45657
1.45657
1.45657
1.45657
1.48105
1.48105
1.48105
1.48105
1.48105
1.48105
1.48105
1.48105
1.48105
1.48105
1.48105
1.48105
1.48105
1.48105
1.48105
1.48105
1.48105
1.48105
1.48105
1.48105
1.50553
1.50553
1.50553
1.50553
1.50553
1.50553
1.50553
1.50553
1.50553
1.50553
1.50553
1.50553
1.50553
1.50553
1.50553
1.50553
1.50553
1.50553
1.50553
1.50553
1.53001
1.53001
1.53001
1.53001
1.53001
1.53001
1.53001
1.53001
1.53001
1.53001
1.53001
1.53001
1.53001
1.53001
1.53001
1.53001
1.53001
1.53001
1.53001
1.53001
1.55449
1.55449
1.55449
1.55449
1.55449
1.55449
1.55449
1.55449
1.55449
1.55449
1.55449
1.55449
1.55449
1.55449
1.55449
1.55449
1.55449
1.55449
1.55449
1.55449
1.57897
1.57897
1.57897
1.57897
1.57897
1.57897
1.57897
1.57897
1.57897
1.57897
1.57897
1.57897
1.57897
1.57897
1.57897
1.57897
1.57897
1.57897
1.57897
1.57897
1.60345
1.60345
1.60345
1.60345
1.60345
1.60345
1.60345
1.60345
1.60345
1.60345
1.60345
1.60345
1.60345
1.60345
1.60345
1.60345
1.60345
1.60345
1.60345
1.60345
1.62793
1.62793
1.62793
1.62793
1.62793
1.62793
1.62793
1.62793
1.62793
1.62793
1.62793
1.62793
1.62793
1.62793
1.62793
1.62793
1.62793
1.62793
1.62793
1.62793
1.65241
1.65241
1.65241
1.65241
1.65241
1.65241
1.65241
1.65241
1.65241
1.65241
1.65241
1.65241
1.65241
1.65241
1.65241
1.65241
1.65241
1.65241
1.65241
1.65241
1.67689
1.67689
1.67689
1.67689
1.67689
1.67689
1.67689
1.67689
1.67689
1.67689
1.67689
1.67689
1.67689
1.67689
1.67689
1.67689
1.67689
1.67689
1.67689
1.67689
1.70137
1.70137
1.70137
1.70137
1.70137
1.70137
1.70137
1.70137
1.70137
1.70137
1.70137
1.70137
1.70137
1.70137
1.70137
1.70137
1.70137
1.70137
1.70137
1.70137
1.72585
1.72585
1.72585
1.72585
1.72585
1.72585
1.72585
1.72585
1.72585
1.72585
1.72585
1.72585
1.72585
1.72585
1.72585
1.72585
1.72585
1.72585
1.72585
1.72585
1.75033
1.75033
1.75033
1.75033
1.75033
1.75033
1.75033
1.75033
1.75033
1.75033
1.75033
1.75033
1.75033
1.75033
1.75033
1.75033
1.75033
1.75033
1.75033
1.75033
1.77481
1.77481
1.77481
1.77481
1.77481
1.77481
1.77481
1.77481
1.77481
1.77481
1.77481
1.77481
1.77481
1.77481
1.77481
1.77481
1.77481
1.77481
1.77481
1.77481
1.79929
1.79929
1.79929
1.79929
1.79929
1.79929
1.79929
1.79929
1.79929
1.79929
1.79929
1.79929
1.79929
1.79929
1.79929
1.79929
1.79929
1.79929
1.79929
1.79929
1.82377
1.82377
1.82377
1.82377
1.82377
1.82377
1.82377
1.82377
1.82377
1.82377
1.82377
1.82377
1.82377
1.82377
1.82377
1.82377
1.82377
1.82377
1.82377
1.82377
1.84825
1.84825
1.84825
1.84825
1.84825
1.84825
1.84825
1.84825
1.84825
1.84825
1.84825
1.84825
1.84825
1.84825
1.84825
1.84825
1.84825
1.84825
1.84825
1.84825
1.87273
1.87273
1.87273
1.87273
1.87273
1.87273
1.87273
1.87273
1.87273
1.87273
1.87273
1.87273
1.87273
1.87273
1.87273
1.87273
1.87273
1.87273
1.87273
1.87273
1.89721
1.89721
1.89721
1.89721
1.89721
1.89721
1.89721
1.89721
1.89721
1.89721
1.89721
1.89721
1.89721
1.89721
1.89721
1.89721
1.89721
1.89721
1.89721
1.89721
1.92169
1.92169
1.92169
1.92169
1.92169
1.92169
1.92169
1.92169
1.92169
1.92169
1.92169
1.92169
1.92169
1.92169
1.92169
1.92169
1.92169
1.92169
1.92169
1.92169
1.94617
1.94617
1.94617
1.94617
1.94617
1.94617
1.94617
1.94617
1.94617
1.94617
1.94617
1.94617
1.94617
1.94617
1.94617
1.94617
1.94617
1.94617
1.94617
1.94617
1.97065
1.97065
1.97065
1.97065
1.97065
1.97065
1.97065
1.97065
1.97065
1.97065
1.97065
1.97065
1.97065
1.97065
1.97065
1.97065
1.97065
1.97065
1.97065
1.97065
1.99513
1.99513
1.99513
1.99513
1.99513
1.99513
1.99513
1.99513
1.99513
1.99513
1.99513
1.99513
1.99513
1.99513
1.99513
1.99513
1.99513
1.99513
1.99513
1.99513
2.01961
2.01961
2.01961
2.01961
2.01961
2.01961
2.01961
2.01961
2.01961
2.01961
2.01961
2.01961
2.01961
2.01961
2.01961
2.01961
2.01961
2.01961
2.01961
2.01961
2.04409
2.04409
2.04409
2.04409
2.04409
2.04409
2.04409
2.04409
2.04409
2.04409
2.04409
2.04409
2.04409
2.04409
2.04409
2.04409
2.04409
2.04409
2.04409
2.04409
2.06857
2.06857
2.06857
2.06857
2.06857
2.06857
2.06857
2.06857
2.06857
2.06857
2.06857
2.06857
2.06857
2.06857
2.06857
2.06857
2.06857
2.06857
2.06857
2.06857
2.09305
2.09305
2.09305
2.09305
2.09305
2.09305
2.09305
2.09305
2.09305
2.09305
2.09305
2.09305
2.09305
2.09305
2.09305
2.09305
2.09305
2.09305
2.09305
2.09305
2.11753
2.11753
2.11753
2.11753
2.11753
2.11753
2.11753
2.11753
2.11753
2.11753
2.11753
2.11753
2.11753
2.11753
2.11753
2.11753
2.11753
2.11753
2.11753
2.11753
2.14201
2.14201
2.14201
2.14201
2.14201
2.14201
2.14201
2.14201
2.14201
2.14201
2.14201
2.14201
2.14201
2.14201
2.14201
2.14201
2.14201
2.14201
2.14201
2.14201
2.16649
2.16649
2.16649
2.16649
2.16649
2.16649
2.16649
2.16649
2.16649
2.16649
2.16649
2.16649
2.16649
2.16649
2.16649
2.16649
2.16649
2.16649
2.16649
2.16649
2.19097
2.19097
2.19097
2.19097
2.19097
2.19097
2.19097
2.19097
2.19097
2.19097
2.19097
2.19097
2.19097
2.19097
2.19097
2.19097
2.19098
2.19097
2.19098
2.19097
2.21545
2.21545
2.21545
2.21545
2.21545
2.21545
2.21545
2.21545
2.21545
2.21545
2.21546
2.21546
2.21546
2.21546
2.21546
2.21546
2.21546
2.21546
2.21546
2.21545
2.23993
2.23994
2.23994
2.23994
2.23994
2.23994
2.23994
2.23994
2.23994
2.23994
2.23994
2.23994
2.23994
2.23994
2.23994
2.23994
2.23994
2.23994
2.23994
2.23994
2.26441
2.26442
2.26442
2.26442
2.26442
2.26442
2.26442
2.26442
2.26442
2.26442
2.26442
2.26442
2.26442
2.26442
2.26442
2.26442
2.26442
2.26442
2.26442
2.26442
2.2889
2.2889
2.2889
2.2889
2.2889
2.2889
2.2889
2.2889
2.2889
2.2889
2.2889
2.2889
2.2889
2.2889
2.2889
2.2889
2.2889
2.2889
2.2889
2.2889
2.31338
2.31338
2.31338
2.31338
2.31338
2.31338
2.31338
2.31338
2.31338
2.31338
2.31338
2.31338
2.31338
2.31338
2.31338
2.31338
2.31338
2.31338
2.31338
2.31338
2.33786
2.33786
2.33786
2.33786
2.33786
2.33786
2.33786
2.33786
2.33786
2.33786
2.33786
2.33786
2.33786
2.33786
2.33786
2.33786
2.33786
2.33786
2.33786
2.33786
2.36234
2.36234
2.36234
2.36234
2.36234
2.36234
2.36234
2.36234
2.36234
2.36234
2.36234
2.36234
2.36234
2.36234
2.36234
2.36234
2.36234
2.36234
2.36234
2.36234
2.38682
2.38682
2.38682
2.38682
2.38682
2.38682
2.38682
2.38682
2.38682
2.38682
2.38682
2.38682
2.38682
2.38682
2.38682
2.38682
2.38682
2.38682
2.38682
2.38682
2.4113
2.4113
2.4113
2.4113
2.4113
2.4113
2.4113
2.4113
2.4113
2.4113
2.4113
2.4113
2.4113
2.4113
2.4113
2.4113
2.4113
2.4113
2.4113
2.4113
2.43578
2.43578
2.43578
2.43578
2.43578
2.43578
2.43578
2.43578
2.43578
2.43578
2.43578
2.43578
2.43578
2.43578
2.43578
2.43578
2.43578
2.43578
2.43578
2.43578
2.46026
2.46026
2.46026
2.46026
2.46026
2.46026
2.46026
2.46026
2.46026
2.46026
2.46026
2.46026
2.46026
2.46026
2.46026
2.46026
2.46026
2.46026
2.46026
2.46026
2.48474
2.48474
2.48474
2.48474
2.48474
2.48474
2.48474
2.48474
2.48474
2.48474
2.48474
2.48474
2.48474
2.48474
2.48474
2.48474
2.48474
2.48474
2.48474
2.48474
2.50922
2.50922
2.50922
2.50922
2.50922
2.50922
2.50922
2.50922
2.50922
2.50922
2.50922
2.50922
2.50922
2.50922
2.50922
2.50922
2.50922
2.50922
2.50922
2.50922
2.5337
2.5337
2.5337
2.5337
2.5337
2.5337
2.5337
2.5337
2.5337
2.5337
2.5337
2.5337
2.5337
2.5337
2.5337
2.5337
2.5337
2.5337
2.5337
2.5337
2.55818
2.55818
2.55818
2.55818
2.55818
2.55818
2.55818
2.55818
2.55818
2.55818
2.55818
2.55818
2.55818
2.55818
2.55818
2.55818
2.55818
2.55818
2.55818
2.55818
2.58266
2.58266
2.58266
2.58266
2.58266
2.58266
2.58266
2.58266
2.58266
2.58266
2.58266
2.58266
2.58266
2.58266
2.58266
2.58266
2.58266
2.58266
2.58266
2.58266
2.60714
2.60714
2.60714
2.60714
2.60714
2.60714
2.60714
2.60714
2.60714
2.60714
2.60714
2.60714
2.60714
2.60714
2.60714
2.60714
2.60714
2.60714
2.60714
2.60714
2.63162
2.63162
2.63162
2.63162
2.63162
2.63162
2.63162
2.63162
2.63162
2.63162
2.63162
2.63162
2.63162
2.63162
2.63162
2.63162
2.63162
2.63162
2.63162
2.63162
2.6561
2.6561
2.6561
2.6561
2.6561
2.6561
2.6561
2.6561
2.6561
2.6561
2.6561
2.6561
2.6561
2.6561
2.6561
2.6561
2.6561
2.6561
2.6561
2.6561
2.68058
2.68058
2.68058
2.68058
2.68058
2.68058
2.68058
2.68058
2.68058
2.68058
2.68058
2.68058
2.68058
2.68058
2.68058
2.68058
2.68058
2.68058
2.68058
2.68058
2.70506
2.70506
2.70506
2.70506
2.70506
2.70506
2.70506
2.70506
2.70506
2.70506
2.70506
2.70506
2.70506
2.70506
2.70506
2.70506
2.70506
2.70506
2.70506
2.70506
2.72954
2.72954
2.72954
2.72954
2.72954
2.72954
2.72954
2.72954
2.72954
2.72954
2.72954
2.72954
2.72954
2.72954
2.72954
2.72954
2.72954
2.72954
2.72954
2.72954
2.75402
2.75402
2.75402
2.75402
2.75402
2.75402
2.75402
2.75402
2.75402
2.75402
2.75402
2.75402
2.75402
2.75402
2.75402
2.75402
2.75402
2.75402
2.75402
2.75402
2.7785
2.7785
2.7785
2.7785
2.7785
2.7785
2.7785
2.7785
2.7785
2.7785
2.7785
2.7785
2.7785
2.7785
2.7785
2.7785
2.7785
2.7785
2.7785
2.7785
2.80298
2.80298
2.80298
2.80298
2.80298
2.80298
2.80298
2.80298
2.80298
2.80298
2.80298
2.80298
2.80298
2.80298
2.80298
2.80298
2.80298
2.80298
2.80298
2.80298
2.82746
2.82746
2.82746
2.82746
2.82746
2.82746
2.82746
2.82746
2.82746
2.82746
2.82746
2.82746
2.82746
2.82746
2.82746
2.82746
2.82746
2.82746
2.82746
2.82746
2.85194
2.85194
2.85194
2.85194
2.85194
2.85194
2.85194
2.85194
2.85194
2.85194
2.85194
2.85194
2.85194
2.85194
2.85194
2.85194
2.85194
2.85194
2.85194
2.85194
2.87642
2.87642
2.87642
2.87642
2.87642
2.87642
2.87642
2.87642
2.87642
2.87642
2.87642
2.87642
2.87642
2.87642
2.87642
2.87642
2.87642
2.87642
2.87642
2.87642
2.9009
2.9009
2.9009
2.9009
2.9009
2.9009
2.9009
2.9009
2.9009
2.9009
2.9009
2.9009
2.9009
2.9009
2.9009
2.9009
2.9009
2.9009
2.9009
2.9009
2.92538
2.92538
2.92538
2.92538
2.92538
2.92538
2.92538
2.92538
2.92538
2.92538
2.92538
2.92538
2.92538
2.92538
2.92538
2.92538
2.92538
2.92538
2.92538
2.92538
2.94986
2.94986
2.94985
2.94986
2.94986
2.94986
2.94986
2.94985
2.94985
2.94985
2.94985
2.94985
2.94985
2.94985
2.94985
2.94985
2.94985
2.94985
2.94985
2.94985
2.97434
2.97433
2.97433
2.97433
2.97433
2.97433
2.97433
2.97433
2.97433
2.97433
2.97433
2.97433
2.97433
2.97433
2.97433
2.97433
2.97433
2.97433
2.97433
2.97434
2.99882
2.99881
2.99881
2.99881
2.99881
2.99881
2.99881
2.99881
2.99881
2.99881
2.99881
2.99881
2.99881
2.99881
2.99881
2.99881
2.99881
2.99882
2.99882
2.99882
3.02329
3.02329
3.02329
3.02329
3.02329
3.02329
3.02329
3.02329
3.02329
3.02329
3.02329
3.02329
3.02329
3.0233
3.0233
3.0233
3.0233
3.0233
3.0233
3.0233
3.04778
3.04778
3.04777
3.04777
3.04777
3.04777
3.04777
3.04777
3.04778
3.04778
3.04778
3.04778
3.04778
3.04778
3.04778
3.04778
3.04778
3.04778
3.04778
3.04778
3.07226
3.07226
3.07226
3.07226
3.07226
3.07226
3.07226
3.07226
3.07226
3.07226
3.07226
3.07226
3.07226
3.07226
3.07226
3.07226
3.07226
3.07226
3.07226
3.07226
3.09674
3.09674
3.09674
3.09674
3.09674
3.09674
3.09674
3.09674
3.09674
3.09674
3.09674
3.09674
3.09674
3.09674
3.09674
3.09674
3.09674
3.09674
3.09674
3.09674
3.12122
3.12122
3.12122
3.12122
3.12122
3.12122
3.12122
3.12122
3.12122
3.12122
3.12122
3.12122
3.12122
3.12122
3.12122
3.12122
3.12122
3.12122
3.12122
3.12122
3.1457
3.1457
3.1457
3.1457
3.1457
3.1457
3.1457
3.1457
3.1457
3.1457
3.1457
3.1457
3.1457
3.1457
3.1457
3.1457
3.1457
3.1457
3.1457
3.1457
3.17018
3.17018
3.17018
3.17018
3.17018
3.17018
3.17018
3.17018
3.17018
3.17018
3.17018
3.17018
3.17018
3.17018
3.17018
3.17018
3.17018
3.17018
3.17018
3.17018
3.19466
3.19466
3.19466
3.19466
3.19466
3.19466
3.19466
3.19466
3.19466
3.19466
3.19466
3.19466
3.19466
3.19466
3.19466
3.19466
3.19466
3.19466
3.19466
3.19466
3.21914
3.21914
3.21914
3.21914
3.21914
3.21914
3.21914
3.21914
3.21914
3.21914
3.21914
3.21914
3.21914
3.21914
3.21914
3.21914
3.21914
3.21914
3.21914
3.21914
3.24362
3.24362
3.24362
3.24362
3.24362
3.24362
3.24362
3.24362
3.24362
3.24362
3.24362
3.24362
3.24362
3.24362
3.24362
3.24362
3.24362
3.24362
3.24362
3.24362
3.2681
3.2681
3.2681
3.2681
3.2681
3.2681
3.2681
3.2681
3.2681
3.2681
3.2681
3.2681
3.2681
3.2681
3.2681
3.2681
3.2681
3.2681
3.2681
3.2681
3.29258
3.29258
3.29258
3.29258
3.29258
3.29258
3.29258
3.29258
3.29258
3.29258
3.29258
3.29258
3.29258
3.29258
3.29258
3.29258
3.29258
3.29258
3.29258
3.29258
3.31706
3.31706
3.31706
3.31706
3.31706
3.31706
3.31706
3.31706
3.31706
3.31706
3.31706
3.31706
3.31706
3.31706
3.31706
3.31706
3.31706
3.31706
3.31706
3.31706
3.34154
3.34154
3.34154
3.34154
3.34154
3.34154
3.34154
3.34154
3.34154
3.34154
3.34154
3.34154
3.34154
3.34154
3.34154
3.34154
3.34154
3.34154
3.34154
3.34154
3.36602
3.36602
3.36602
3.36602
3.36602
3.36602
3.36602
3.36602
3.36602
3.36602
3.36602
3.36602
3.36602
3.36602
3.36602
3.36602
3.36602
3.36602
3.36602
3.36602
3.39051
3.39051
3.39051
3.39051
3.39051
3.39051
3.39051
3.39051
3.39051
3.39051
3.39051
3.39051
3.39051
3.3905
3.3905
3.3905
3.3905
3.3905
3.3905
3.3905
3.41499
3.41499
3.41499
3.41499
3.41499
3.41499
3.41499
3.41499
3.41499
3.41499
3.41499
3.41499
3.41499
3.41499
3.41499
3.41499
3.41499
3.41499
3.41498
3.41498
3.43947
3.43947
3.43947
3.43947
3.43947
3.43947
3.43947
3.43947
3.43947
3.43947
3.43947
3.43947
3.43947
3.43947
3.43947
3.43947
3.43947
3.43947
3.43947
3.43946
3.46395
3.46395
3.46395
3.46395
3.46395
3.46395
3.46395
3.46395
3.46395
3.46395
3.46395
3.46395
3.46395
3.46395
3.46395
3.46395
3.46395
3.46395
3.46395
3.46395
3.48843
3.48843
3.48843
3.48843
3.48843
3.48843
3.48843
3.48843
3.48843
3.48843
3.48843
3.48843
3.48843
3.48843
3.48843
3.48843
3.48843
3.48843
3.48843
3.48843
3.51291
3.51291
3.51291
3.51291
3.51291
3.51291
3.51291
3.51291
3.51291
3.51291
3.51291
3.51291
3.51291
3.51291
3.51291
3.51291
3.51291
3.51291
3.51291
3.51291
3.53739
3.53739
3.53739
3.53739
3.53739
3.53739
3.53739
3.53739
3.53739
3.53739
3.53739
3.53739
3.53739
3.53739
3.53739
3.53739
3.53739
3.53739
3.53739
3.53739
3.56187
3.56187
3.56187
3.56187
3.56187
3.56187
3.56187
3.56187
3.56187
3.56187
3.56187
3.56187
3.56187
3.56187
3.56187
3.56187
3.56187
3.56187
3.56187
3.56186
3.58635
3.58635
3.58635
3.58635
3.58635
3.58635
3.58635
3.58635
3.58635
3.58635
3.58635
3.58635
3.58635
3.58635
3.58635
3.58635
3.58635
3.58634
3.58634
3.58634
3.61083
3.61083
3.61083
3.61083
3.61083
3.61083
3.61083
3.61083
3.61083
3.61083
3.61083
3.61083
3.61083
3.61083
3.61083
3.61083
3.61082
3.61082
3.61082
3.61082
3.63531
3.63531
3.63531
3.63531
3.63531
3.63531
3.63531
3.63531
3.63531
3.63531
3.63531
3.63531
3.63531
3.63531
3.63531
3.6353
3.6353
3.6353
3.6353
3.6353
3.65979
3.65979
3.65979
3.65979
3.65979
3.65979
3.65979
3.65979
3.65979
3.65979
3.65979
3.65979
3.65979
3.65979
3.65979
3.65978
3.65978
3.65978
3.65978
3.65978
3.68427
3.68426
3.68426
3.68426
3.68427
3.68427
3.68427
3.68427
3.68428
3.68428
3.68428
3.68427
3.68427
3.68427
3.68427
3.68426
3.68426
3.68426
3.68426
3.68426
3.70874
3.70874
3.70874
3.70874
3.70875
3.70875
3.70875
3.70876
3.70876
3.70876
3.70876
3.70876
3.70875
3.70875
3.70875
3.70874
3.70874
3.70874
3.70874
3.70874
3.73322
3.73322
3.73322
3.73322
3.73322
3.73323
3.73324
3.73324
3.73324
3.73325
3.73324
3.73324
3.73324
3.73323
3.73323
3.73322
3.73321
3.73321
3.73321
3.73321
3.7577
3.75769
3.75769
3.7577
3.7577
3.75771
3.75772
3.75773
3.75773
3.75773
3.75773
3.75773
3.75772
3.75772
3.75771
3.7577
3.75769
3.75769
3.75769
3.75769
3.78217
3.78216
3.78216
3.78217
3.78218
3.7822
3.78221
3.78221
3.78222
3.78222
3.78222
3.78222
3.78221
3.7822
3.78219
3.78218
3.78217
3.78216
3.78216
3.78216
3.80663
3.80663
3.80663
3.80665
3.80667
3.80668
3.8067
3.80671
3.80671
3.80671
3.80671
3.80671
3.8067
3.80669
3.80668
3.80666
3.80664
3.80662
3.80662
3.80662
3.83107
3.83109
3.83109
3.83112
3.83115
3.83117
3.83119
3.8312
3.83121
3.83121
3.83121
3.8312
3.8312
3.83119
3.83117
3.83114
3.83111
3.83109
3.83108
3.83106
3.85544
3.85553
3.85555
3.8556
3.85564
3.85567
3.85569
3.8557
3.85571
3.85571
3.85571
3.8557
3.8557
3.85569
3.85567
3.85563
3.85559
3.85554
3.85552
3.85543
3.87963
3.87997
3.88
3.88009
3.88015
3.88018
3.8802
3.88021
3.88021
3.88021
3.88021
3.88021
3.8802
3.88019
3.88017
3.88014
3.88008
3.87999
3.87996
3.87962
3.90753
3.90444
3.90447
3.90461
3.90467
3.90471
3.90472
3.90472
3.90472
3.90471
3.90471
3.90471
3.90471
3.90471
3.9047
3.90466
3.9046
3.90446
3.90443
3.90746
3.93031
3.92885
3.92891
3.92916
3.92922
3.92925
3.92925
3.92923
3.92922
3.92921
3.92921
3.92922
3.92923
3.92924
3.92924
3.9292
3.92914
3.92889
3.92883
3.93023
3.95149
3.95342
3.95342
3.95379
3.95381
3.9538
3.95377
3.95374
3.95372
3.9537
3.9537
3.95371
3.95373
3.95376
3.95379
3.95379
3.95377
3.95339
3.95339
3.95146
3.97224
3.97852
3.97826
3.97854
3.97845
3.97835
3.97828
3.97823
3.9782
3.97818
3.97818
3.97819
3.97821
3.97826
3.97833
3.97843
3.97852
3.97823
3.97849
3.97221
4.12206
4.00567
4.00423
4.00353
4.00308
4.00284
4.00272
4.00267
4.00265
4.00265
4.00265
4.00265
4.00266
4.00271
4.00282
4.00306
4.0035
4.0042
4.00564
4.1219
4.08126
4.03081
4.02867
4.02783
4.02734
4.02712
4.02706
4.02706
4.02709
4.0271
4.0271
4.02708
4.02705
4.02704
4.02709
4.02731
4.0278
4.02863
4.03077
4.08124
4.05139
4.05633
4.05179
4.05145
4.05121
4.05118
4.05129
4.05141
4.05151
4.05157
4.05157
4.0515
4.05139
4.05126
4.05115
4.05117
4.05141
4.05175
4.05629
4.05134
4.07898
4.08193
4.07448
4.07456
4.07487
4.07515
4.07549
4.07578
4.07599
4.07609
4.07609
4.07597
4.07576
4.07546
4.07511
4.07483
4.07452
4.07443
4.08188
4.07892
4.10276
4.15666
4.09795
4.09754
4.09869
4.09917
4.09979
4.10025
4.10057
4.10073
4.10072
4.10055
4.10022
4.09975
4.09912
4.09864
4.09748
4.0979
4.15665
4.1027
4.11499
4.19681
4.12176
4.11957
4.12242
4.12336
4.12425
4.12489
4.12532
4.12553
4.12552
4.1253
4.12486
4.1242
4.1233
4.12236
4.1195
4.12171
4.1968
4.11489
4.14021
4.17825
4.15154
4.1463
4.14716
4.1481
4.14903
4.14978
4.1503
4.15055
4.15055
4.15027
4.14974
4.14897
4.14803
4.14708
4.14621
4.1515
4.17815
4.14006
4.1721
4.17555
4.19379
4.16893
4.17032
4.1726
4.17393
4.1749
4.17554
4.17585
4.17584
4.17551
4.17485
4.17386
4.17251
4.17022
4.16881
4.19386
4.17553
4.17205
4.18998
4.19741
4.26761
4.19544
4.19497
4.19795
4.19932
4.2004
4.20112
4.20147
4.20146
4.20108
4.20034
4.19924
4.19785
4.19485
4.19531
4.26749
4.19733
4.18983
4.21557
4.21722
4.27592
4.22738
4.2238
4.22457
4.22531
4.22631
4.22707
4.22746
4.22745
4.22703
4.22625
4.22522
4.22446
4.22367
4.22724
4.27575
4.21711
4.21542
4.23648
4.23788
4.25278
4.25093
4.2483
4.24947
4.25086
4.25227
4.25331
4.25384
4.25383
4.25326
4.2522
4.25076
4.24935
4.24814
4.25077
4.25244
4.23779
4.23636
4.25814
4.25952
4.26695
4.30048
4.27044
4.27287
4.27607
4.2784
4.27995
4.28073
4.28071
4.27991
4.27832
4.27596
4.27275
4.27029
4.30041
4.26676
4.25934
4.25795
4.2751
4.27528
4.28251
4.33636
4.29583
4.2965
4.30171
4.30511
4.3073
4.30838
4.30836
4.30725
4.30501
4.30158
4.29636
4.29564
4.33629
4.28228
4.27505
4.27488
4.2913
4.29341
4.2995
4.31867
4.31907
4.32288
4.32832
4.3327
4.33565
4.3371
4.33708
4.33558
4.33259
4.32816
4.32269
4.31892
4.31818
4.29924
4.29314
4.29104
4.30518
4.31005
4.31809
4.32953
4.36303
4.34758
4.35515
4.3612
4.36524
4.36722
4.3672
4.36517
4.36108
4.35498
4.34737
4.36283
4.32923
4.31774
4.30971
4.30484
4.31389
4.32301
4.33504
4.34951
4.38247
4.37472
4.38412
4.39149
4.39664
4.39923
4.3992
4.39656
4.39135
4.38393
4.37451
4.38212
4.34916
4.33461
4.32258
4.31349
4.31405
4.33227
4.35042
4.3726
4.38481
4.41135
4.41229
4.42305
4.43001
4.43353
4.4335
4.42991
4.42289
4.41206
4.41116
4.38446
4.3722
4.34987
4.33175
4.31365
4.35309
4.36311
4.36512
4.39473
4.4153
4.44321
4.44277
4.45712
4.46625
4.47095
4.47092
4.46614
4.45695
4.44255
4.44283
4.41491
4.39429
4.36452
4.36301
4.35227
4.38835
4.37978
4.37313
4.41045
4.43455
4.45608
4.4809
4.49353
4.50585
4.51214
4.5121
4.50574
4.49334
4.48055
4.4556
4.43399
4.40988
4.37231
4.37889
4.38838
4.38333
4.49784
4.49963
4.45996
4.45392
4.49158
4.51779
4.53376
4.54939
4.55788
4.55784
4.54927
4.53356
4.51747
4.49119
4.45328
4.45935
4.49773
4.49926
4.38252
4.46263
4.89174
4.96765
4.75228
4.48164
4.52019
4.54907
4.57987
4.59687
4.60874
4.60869
4.59676
4.57978
4.5488
4.51982
4.48106
4.75313
4.96901
4.89278
4.46217
4.42934
4.84126
4.91058
4.97892
4.53785
4.53802
4.58307
4.62008
4.64861
4.66492
4.66488
4.6485
4.61994
4.58289
4.53773
4.53672
4.98018
4.91125
4.84057
4.42915
4.29864
4.36847
4.45416
4.45364
4.47592
4.53696
4.6075
4.66345
4.70352
4.72612
4.72611
4.70343
4.66332
4.60738
4.53688
4.47597
4.45254
4.45357
4.36785
4.29905
4.25801
4.30434
4.36857
4.40351
4.45708
4.5417
4.62976
4.70704
4.76322
4.79298
4.79299
4.76301
4.7069
4.62962
4.54154
4.45693
4.40328
4.36862
4.30463
4.25737
4.1606
4.20575
4.27698
4.34047
4.41485
4.51932
4.63991
4.75387
4.82813
4.86652
4.86651
4.82799
4.75359
4.63972
4.51909
4.4146
4.3402
4.27684
4.20571
4.16021
4.05409
4.15293
4.16674
4.2423
4.3299
4.46323
4.63769
4.80949
4.90745
4.94968
4.94968
4.90731
4.80921
4.63748
4.46294
4.32957
4.24193
4.16643
4.15306
4.05378
3.94849
4.01373
4.04162
4.11181
4.19714
4.36673
4.63267
4.90435
5.02469
5.05049
5.05054
5.02442
4.90418
4.63241
4.36637
4.19673
4.11131
4.04114
4.0136
3.94809
3.83066
3.8265
3.8995
3.96062
4.00368
4.20178
4.64633
5.12082
5.20636
5.17825
5.17809
5.20607
5.12065
4.64604
4.20126
4.00315
3.95996
3.89882
3.82586
3.83002
3.70155
3.64467
3.75866
3.85549
3.87485
4.13921
4.82052
5.61991
5.49817
5.32421
5.32403
5.49815
5.62015
4.8203
4.13846
3.87439
3.85472
3.75776
3.64431
3.70066
3.54561
3.35686
3.64787
3.67005
3.3663
3.95446
5.21043
6.45215
6.05931
5.49779
5.49841
6.0588
6.45365
5.21088
3.95212
3.36554
3.66888
3.6463
3.35545
3.54438
3.39355
2.83301
2.36164
3.37768
1.51226
-4.08248
-8.37007
-11.8876
-8.79461
-2.66886
-2.66697
-8.79773
-11.8822
-8.36911
-4.08931
1.51136
3.37736
2.3622
2.83245
3.39203
3.91788
2.27709
6.6913
-1.22834
-13.2724
-12.1857
-6.10024
0.194662
0.207415
-0.0658427
-0.0658561
0.207231
0.194804
-6.10054
-12.1852
-13.2744
-1.23708
6.68709
2.27726
3.91628
4.94557
6.80241
-10.8534
-8.13345
-6.31753
-0.523445
-0.0864417
-0.082027
-0.04959
-0.0406643
-0.0406706
-0.049598
-0.082094
-0.0864906
-0.52359
-6.3163
-8.13603
-10.8531
6.80553
4.94156
5.3878
-4.47377
-11.0614
-1.3167
0.0520941
-0.142393
-0.0966087
-0.0720382
-0.0555837
-0.0500909
-0.0500948
-0.0555956
-0.072072
-0.096643
-0.142456
0.0520785
-1.31596
-11.0588
-4.47219
5.38932
-7.86332
-1.34096
0.33583
-0.200382
-0.048411
-0.0972734
-0.079143
-0.0634398
-0.0521145
-0.048599
-0.0486022
-0.0521245
-0.0634585
-0.0791611
-0.0972958
-0.0484061
-0.200176
0.335741
-1.34165
-7.86152
0.891433
-0.0943277
0.151055
-0.150959
-0.0376047
-0.0705423
-0.0601483
-0.051413
-0.0450299
-0.0426498
-0.0426522
-0.0450355
-0.0514208
-0.0601518
-0.0705377
-0.0375714
-0.150854
0.151074
-0.094357
0.891596
0.121293
-0.0167332
0.11973
-0.0491038
-0.0296023
-0.0438437
-0.0420576
-0.0385671
-0.0357674
-0.0346054
-0.0346073
-0.0357682
-0.0385672
-0.0420527
-0.0438309
-0.0295823
-0.0490706
0.119732
-0.0168342
0.121283
0.142037
0.0462608
0.0751408
-0.00296755
-0.0153647
-0.0237016
-0.0260455
-0.0261656
-0.025768
-0.0255574
-0.0255577
-0.0257672
-0.0261616
-0.0260361
-0.0236869
-0.0153478
-0.00295173
0.0751479
0.0462505
0.14206
0.0887887
0.0450401
0.0459592
0.0127582
-0.00135143
-0.00924875
-0.0134388
-0.0155332
-0.0165165
-0.0168955
-0.0168954
-0.016515
-0.0155281
-0.013429
-0.00923517
-0.00133627
0.0127705
0.0459657
0.0450422
0.0888017
0.0421994
0.0303601
0.0311094
0.0169976
0.00684882
-0.000164554
-0.00467232
-0.00743794
-0.00898767
-0.00962678
-0.00962672
-0.0089867
-0.00743429
-0.00466529
-0.000155614
0.00685715
0.0170047
0.0311121
0.0303591
0.0422014
0.0216881
0.0207585
0.0227822
0.0166745
0.0101986
0.00477962
0.000835254
-0.00183023
-0.00343369
-0.00411824
-0.00411832
-0.00343356
-0.00182887
0.000838308
0.00478313
0.0102011
0.016675
0.0227797
0.0207541
0.0216849
0.0133539
0.0151976
0.0172394
0.0146557
0.0108105
0.00705592
0.00398885
0.00177031
0.000370695
-0.000246411
-0.000246426
0.000370544
0.00177006
0.00398845
0.00705418
0.0108072
0.0146501
0.0172317
0.0151892
0.0133466
0.00949856
0.0117131
0.0134057
0.0124312
0.0102773
0.00780861
0.00562601
0.00394482
0.00283765
0.00233293
0.00233304
0.00283754
0.00394375
0.00562352
0.00780449
0.01027
0.0124212
0.0133938
0.0117009
0.00948733
0.00770673
0.00954911
0.0108493
0.0105847
0.00943188
0.00790874
0.00641311
0.00520036
0.00437586
0.00398815
0.00398816
0.00437539
0.00519842
0.00640882
0.0079017
0.00942186
0.0105721
0.0108349
0.00953437
0.00769271
0.00691825
0.00825524
0.00920145
0.00922051
0.00862481
0.00771244
0.00673113
0.00589079
0.00530389
0.00501979
0.00501937
0.00530258
0.00588759
0.00672531
0.0077037
0.00861335
0.00920686
0.0091864
0.0082398
0.00690323
0.00657788
0.00749072
0.00815498
0.00826766
0.00797267
0.00743854
0.00681941
0.00625543
0.00584841
0.00564631
0.00564548
0.00584601
0.00625086
0.00681232
0.00742893
0.00796088
0.00825433
0.00814076
0.00747626
0.00656369
0.00642844
0.00703495
0.00749225
0.00762038
0.00748447
0.00717865
0.00679884
0.00643479
0.00615993
0.00601928
0.00601823
0.0061567
0.00642932
0.00679117
0.00716905
0.0074734
0.0076084
0.00747996
0.0070227
0.00641641
0.00635963
0.00675849
0.00707068
0.00718568
0.00713205
0.00696166
0.00673363
0.0065064
0.00632914
0.00623492
0.00623376
0.00632568
0.00650088
0.00672631
0.006953
0.00712254
0.00717584
0.00706099
0.0067491
0.00635048
0.00632454
0.00658656
0.00679937
0.00689356
0.00688096
0.00678986
0.00665607
0.0065173
0.0064064
0.00634614
0.00634508
0.00640331
0.00651249
0.0066499
0.00678283
0.00687359
0.00688627
0.00679249
0.00658016
0.00631843
0.00630289
0.00647567
0.00662115
0.006695
0.00670157
0.00665612
0.00658009
0.00649734
0.00642988
0.00639204
0.00639121
0.00642752
0.00649369
0.00657553
0.0066511
0.0066965
0.00669025
0.00661692
0.00647201
0.00629953
0.00628577
0.00640043
0.00650036
0.00655693
0.0065713
0.00655158
0.00651037
0.00646265
0.00642319
0.00639973
0.00639919
0.00642167
0.0064603
0.00650755
0.00654857
0.00656844
0.00655448
0.00649845
0.00639903
0.00628464
0.00626922
0.00634584
0.00641487
0.00645769
0.00647408
0.00646833
0.00644773
0.00642145
0.00639934
0.00638533
0.00638505
0.00639857
0.00642033
0.00644642
0.00646709
0.00647311
0.00645709
0.00641478
0.0063462
0.00626978
0.00625149
0.006303
0.00635092
0.00638307
0.00639882
0.00640017
0.00639138
0.00637799
0.0063662
0.00635837
0.00635831
0.00636606
0.00637782
0.00639129
0.00640029
0.00639926
0.00638391
0.00635216
0.00630459
0.00625321
0.00623176
0.0062666
0.00630003
0.00632406
0.00633791
0.00634255
0.00634027
0.00633439
0.00632836
0.00632464
0.00632473
0.00632862
0.00633486
0.00634101
0.00634358
0.00633935
0.00632584
0.00630214
0.00626897
0.00623425
0.00620983
0.0062335
0.00625688
0.00627479
0.00628643
0.00629218
0.00629325
0.00629158
0.00628914
0.00628757
0.00628776
0.00628965
0.00629244
0.00629451
0.0062938
0.00628843
0.00627711
0.00625951
0.00623631
0.00621276
0.00618574
0.00620182
0.0062182
0.00623151
0.00624101
0.00624674
0.00624933
0.00624987
0.00624944
0.00624907
0.0062493
0.0062501
0.00625095
0.00625088
0.0062487
0.00624331
0.00623412
0.0062211
0.00620485
0.00618884
0.00615963
0.00617057
0.00618209
0.0061919
0.00619951
0.00620471
0.00620778
0.00620932
0.00620993
0.0062102
0.00621044
0.00621065
0.0062105
0.00620942
0.00620674
0.00620189
0.00619461
0.00618502
0.00617364
0.00616275
0.0061318
0.00613921
0.00614731
0.00615454
0.00616051
0.00616498
0.00616801
0.00616988
0.00617095
0.00617153
0.00617177
0.00617167
0.00617106
0.00616962
0.00616696
0.00616284
0.00615717
0.00615014
0.00614218
0.0061348
0.00610246
0.00610749
0.00611315
0.00611847
0.00612308
0.00612679
0.00612953
0.00613141
0.0061326
0.00613328
0.00613351
0.00613329
0.00613253
0.00613107
0.0061287
0.00612531
0.00612095
0.00611583
0.00611028
0.00610529
0.00607186
0.00607528
0.00607926
0.00608315
0.0060867
0.00608968
0.00609202
0.00609375
0.0060949
0.00609555
0.00609577
0.00609555
0.00609478
0.00609344
0.00609144
0.00608875
0.00608545
0.00608174
0.00607789
0.00607452
0.00604031
0.0060426
0.0060454
0.00604824
0.00605094
0.00605332
0.00605525
0.00605673
0.00605777
0.00605838
0.00605858
0.00605837
0.00605768
0.00605654
0.00605491
0.00605281
0.00605034
0.00604767
0.00604501
0.00604275
0.00600802
0.00600954
0.00601149
0.00601355
0.00601559
0.00601746
0.00601902
0.00602025
0.00602114
0.00602169
0.00602185
0.00602166
0.00602111
0.00602019
0.0060189
0.00601729
0.00601545
0.00601353
0.00601171
0.00601021
0.00597511
0.00597612
0.00597748
0.00597899
0.00598051
0.00598195
0.0059832
0.00598421
0.00598495
0.0059854
0.00598555
0.00598541
0.00598497
0.00598423
0.00598324
0.00598204
0.00598069
0.00597932
0.00597807
0.00597709
0.00594175
0.00594242
0.00594336
0.00594447
0.00594561
0.00594672
0.0059477
0.00594851
0.0059491
0.00594948
0.00594962
0.00594953
0.00594918
0.00594861
0.00594786
0.00594696
0.00594598
0.00594501
0.00594417
0.00594354
0.00590808
0.00590852
0.00590916
0.00590997
0.00591083
0.00591167
0.00591243
0.00591307
0.00591355
0.00591387
0.00591398
0.00591392
0.00591368
0.00591326
0.00591269
0.00591202
0.00591131
0.00591064
0.00591008
0.00590966
0.00587417
0.00587447
0.00587491
0.0058755
0.00587613
0.00587677
0.00587735
0.00587786
0.00587825
0.00587851
0.0058786
0.00587856
0.00587839
0.00587809
0.00587767
0.00587718
0.00587667
0.00587621
0.00587583
0.00587556
0.00584009
0.0058403
0.0058406
0.00584103
0.0058415
0.00584199
0.00584244
0.00584283
0.00584313
0.00584334
0.00584343
0.00584341
0.00584329
0.00584307
0.00584278
0.00584241
0.00584206
0.00584175
0.0058415
0.00584132
0.00580592
0.00580605
0.00580626
0.00580657
0.00580692
0.00580729
0.00580764
0.00580794
0.00580817
0.00580834
0.00580842
0.00580842
0.00580835
0.0058082
0.00580799
0.00580773
0.00580748
0.00580727
0.00580711
0.00580701
0.00577167
0.00577176
0.00577192
0.00577214
0.0057724
0.00577267
0.00577293
0.00577317
0.00577335
0.00577349
0.00577356
0.00577357
0.00577353
0.00577343
0.00577328
0.00577311
0.00577293
0.00577279
0.00577269
0.00577263
0.00573738
0.00573744
0.00573756
0.00573772
0.00573791
0.00573813
0.00573832
0.00573849
0.00573864
0.00573875
0.00573881
0.00573884
0.00573881
0.00573874
0.00573864
0.00573853
0.00573841
0.00573832
0.00573826
0.00573823
0.00570309
0.00570311
0.0057032
0.00570331
0.00570346
0.00570363
0.00570377
0.00570391
0.00570402
0.0057041
0.00570416
0.00570419
0.00570418
0.00570413
0.00570407
0.005704
0.00570392
0.00570386
0.00570383
0.00570382
0.00566878
0.00566879
0.00566886
0.00566894
0.00566904
0.00566915
0.00566928
0.0056694
0.00566948
0.00566953
0.00566958
0.00566961
0.00566962
0.00566959
0.00566955
0.00566951
0.00566946
0.00566942
0.00566941
0.00566941
0.00563447
0.00563446
0.00563451
0.00563459
0.00563466
0.00563473
0.00563482
0.00563491
0.00563498
0.00563503
0.00563508
0.0056351
0.00563512
0.00563511
0.00563509
0.00563506
0.00563504
0.00563501
0.00563501
0.00563502
0.00560016
0.00560014
0.00560017
0.00560024
0.0056003
0.00560037
0.00560042
0.00560047
0.00560053
0.00560059
0.00560063
0.00560066
0.00560067
0.00560068
0.00560066
0.00560065
0.00560064
0.00560063
0.00560063
0.00560063
0.00556585
0.00556586
0.00556586
0.00556589
0.00556595
0.00556601
0.00556605
0.00556609
0.00556613
0.00556617
0.00556622
0.00556625
0.00556626
0.00556628
0.00556627
0.00556626
0.00556626
0.00556626
0.00556627
0.00556627
0.00553154
0.00553158
0.00553157
0.00553158
0.00553162
0.00553166
0.00553171
0.00553174
0.00553177
0.0055318
0.00553184
0.00553187
0.00553189
0.00553191
0.00553191
0.00553191
0.00553191
0.00553192
0.00553192
0.00553193
0.00549723
0.00549726
0.00549728
0.0054973
0.00549732
0.00549735
0.00549737
0.00549739
0.00549743
0.00549746
0.00549749
0.00549752
0.00549754
0.00549756
0.00549758
0.00549759
0.00549759
0.00549759
0.00549759
0.0054976
0.00546295
0.00546296
0.00546298
0.005463
0.00546303
0.00546305
0.00546306
0.00546308
0.00546311
0.00546314
0.00546317
0.00546321
0.00546322
0.00546324
0.00546326
0.00546328
0.00546327
0.00546327
0.00546329
0.00546329
0.00542869
0.00542868
0.0054287
0.00542871
0.00542873
0.00542875
0.00542878
0.0054288
0.00542882
0.00542884
0.00542887
0.0054289
0.00542893
0.00542895
0.00542896
0.00542897
0.00542897
0.00542898
0.00542899
0.00542899
0.00539441
0.00539441
0.00539442
0.00539444
0.00539444
0.00539446
0.00539449
0.00539451
0.00539453
0.00539456
0.00539458
0.00539461
0.00539464
0.00539466
0.00539467
0.00539467
0.00539468
0.0053947
0.0053947
0.00539469
0.00536014
0.00536013
0.00536015
0.00536017
0.00536018
0.00536019
0.0053602
0.00536022
0.00536025
0.00536028
0.0053603
0.00536033
0.00536036
0.00536037
0.00536038
0.0053604
0.00536041
0.00536041
0.0053604
0.0053604
0.00532587
0.00532587
0.00532586
0.00532588
0.00532591
0.00532592
0.00532592
0.00532594
0.00532597
0.00532601
0.00532603
0.00532606
0.00532608
0.00532609
0.00532611
0.00532613
0.00532614
0.00532613
0.00532612
0.00532613
0.00529161
0.00529161
0.0052916
0.0052916
0.00529162
0.00529164
0.00529166
0.00529168
0.0052917
0.00529173
0.00529176
0.00529179
0.00529181
0.00529182
0.00529184
0.00529185
0.00529185
0.00529184
0.00529185
0.00529186
0.00525732
0.00525733
0.00525734
0.00525734
0.00525735
0.00525737
0.0052574
0.00525742
0.00525743
0.00525747
0.0052575
0.00525752
0.00525753
0.00525755
0.00525757
0.00525757
0.00525756
0.00525757
0.00525758
0.00525758
0.00522304
0.00522305
0.00522308
0.00522308
0.00522309
0.0052231
0.00522312
0.00522314
0.00522318
0.00522321
0.00522323
0.00522324
0.00522326
0.00522327
0.00522328
0.00522328
0.00522328
0.00522329
0.00522329
0.00522329
0.00518878
0.00518878
0.0051888
0.00518881
0.00518882
0.00518883
0.00518885
0.00518888
0.00518891
0.00518894
0.00518895
0.00518897
0.00518898
0.005189
0.005189
0.005189
0.005189
0.005189
0.005189
0.005189
0.00515453
0.00515452
0.00515452
0.00515453
0.00515455
0.00515457
0.00515458
0.00515461
0.00515464
0.00515466
0.00515468
0.0051547
0.00515471
0.00515472
0.00515472
0.00515472
0.00515471
0.00515471
0.00515471
0.00515471
0.00512026
0.00512026
0.00512026
0.00512026
0.00512028
0.0051203
0.00512032
0.00512034
0.00512037
0.00512039
0.00512041
0.00512043
0.00512044
0.00512044
0.00512044
0.00512043
0.00512042
0.00512042
0.00512042
0.00512042
0.00508598
0.005086
0.005086
0.00508601
0.00508602
0.00508603
0.00508605
0.00508607
0.0050861
0.00508612
0.00508614
0.00508615
0.00508616
0.00508616
0.00508615
0.00508614
0.00508614
0.00508614
0.00508614
0.00508613
0.00505173
0.00505174
0.00505174
0.00505175
0.00505175
0.00505176
0.00505178
0.00505181
0.00505183
0.00505185
0.00505186
0.00505187
0.00505187
0.00505187
0.00505186
0.00505186
0.00505186
0.00505185
0.00505185
0.00505184
0.00501748
0.00501748
0.00501748
0.00501749
0.00501749
0.00501751
0.00501753
0.00501755
0.00501756
0.00501757
0.00501758
0.00501759
0.00501759
0.00501758
0.00501758
0.00501757
0.00501757
0.00501756
0.00501756
0.00501756
0.00498324
0.00498324
0.00498323
0.00498323
0.00498324
0.00498325
0.00498327
0.00498328
0.00498329
0.0049833
0.00498331
0.00498331
0.00498331
0.0049833
0.0049833
0.00498329
0.00498328
0.00498328
0.00498327
0.00498328
0.004949
0.004949
0.00494899
0.00494899
0.00494899
0.004949
0.00494901
0.00494902
0.00494904
0.00494905
0.00494905
0.00494904
0.00494903
0.00494903
0.00494902
0.00494901
0.004949
0.004949
0.004949
0.004949
0.00491476
0.00491476
0.00491475
0.00491475
0.00491475
0.00491476
0.00491476
0.00491478
0.00491479
0.00491479
0.00491479
0.00491478
0.00491477
0.00491475
0.00491474
0.00491473
0.00491473
0.00491473
0.00491473
0.00491473
0.00488053
0.00488053
0.00488053
0.00488052
0.00488051
0.00488051
0.00488052
0.00488053
0.00488054
0.00488053
0.00488053
0.00488051
0.0048805
0.00488048
0.00488047
0.00488047
0.00488047
0.00488047
0.00488046
0.00488046
0.00484631
0.00484631
0.0048463
0.00484629
0.00484628
0.00484628
0.00484628
0.00484628
0.00484628
0.00484628
0.00484627
0.00484625
0.00484623
0.00484622
0.00484621
0.00484621
0.00484621
0.0048462
0.0048462
0.00484621
0.00481209
0.00481209
0.00481207
0.00481206
0.00481205
0.00481205
0.00481204
0.00481204
0.00481203
0.00481203
0.00481202
0.00481199
0.00481197
0.00481196
0.00481196
0.00481195
0.00481194
0.00481194
0.00481195
0.00481196
0.00477786
0.00477786
0.00477784
0.00477783
0.00477783
0.00477781
0.0047778
0.0047778
0.0047778
0.00477779
0.00477776
0.00477774
0.00477772
0.00477771
0.0047777
0.00477769
0.00477768
0.00477769
0.0047777
0.00477771
0.00474363
0.00474363
0.00474362
0.00474361
0.0047436
0.00474358
0.00474357
0.00474357
0.00474356
0.00474354
0.00474351
0.00474349
0.00474348
0.00474346
0.00474344
0.00474343
0.00474343
0.00474345
0.00474345
0.00474345
0.0047094
0.0047094
0.00470939
0.00470938
0.00470936
0.00470935
0.00470934
0.00470933
0.00470931
0.00470929
0.00470927
0.00470925
0.00470923
0.00470921
0.00470919
0.00470918
0.00470919
0.0047092
0.0047092
0.00470919
0.00467516
0.00467516
0.00467515
0.00467513
0.00467512
0.00467511
0.0046751
0.00467508
0.00467506
0.00467504
0.00467502
0.004675
0.00467498
0.00467495
0.00467494
0.00467494
0.00467494
0.00467494
0.00467494
0.00467494
0.0046409
0.0046409
0.00464089
0.00464088
0.00464087
0.00464086
0.00464084
0.00464082
0.00464081
0.00464079
0.00464077
0.00464074
0.00464071
0.0046407
0.00464069
0.00464069
0.00464068
0.00464068
0.00464068
0.00464069
0.00460664
0.00460663
0.00460663
0.00460662
0.00460661
0.0046066
0.00460658
0.00460656
0.00460655
0.00460653
0.00460651
0.00460648
0.00460646
0.00460645
0.00460644
0.00460643
0.00460642
0.00460642
0.00460643
0.00460644
0.00457236
0.00457237
0.00457236
0.00457236
0.00457235
0.00457233
0.00457232
0.0045723
0.00457229
0.00457226
0.00457224
0.00457221
0.0045722
0.00457219
0.00457218
0.00457216
0.00457216
0.00457217
0.00457218
0.00457218
0.00453809
0.00453809
0.00453809
0.00453808
0.00453807
0.00453806
0.00453805
0.00453803
0.00453801
0.00453799
0.00453797
0.00453795
0.00453794
0.00453792
0.0045379
0.00453789
0.0045379
0.00453791
0.00453791
0.00453791
0.00450381
0.0045038
0.0045038
0.00450379
0.00450379
0.00450379
0.00450378
0.00450376
0.00450374
0.00450372
0.0045037
0.00450369
0.00450367
0.00450365
0.00450364
0.00450363
0.00450364
0.00450364
0.00450364
0.00450363
0.00446951
0.0044695
0.0044695
0.00446951
0.00446951
0.00446951
0.00446949
0.00446948
0.00446946
0.00446945
0.00446943
0.00446942
0.0044694
0.00446938
0.00446938
0.00446937
0.00446937
0.00446937
0.00446936
0.00446936
0.0044352
0.0044352
0.00443521
0.00443522
0.00443522
0.00443522
0.00443521
0.0044352
0.00443518
0.00443517
0.00443516
0.00443515
0.00443514
0.00443513
0.00443512
0.00443512
0.00443511
0.0044351
0.00443509
0.00443509
0.00440091
0.00440092
0.00440093
0.00440093
0.00440093
0.00440093
0.00440093
0.00440092
0.00440091
0.0044009
0.00440089
0.00440088
0.00440088
0.00440087
0.00440087
0.00440086
0.00440086
0.00440084
0.00440084
0.00440083
0.00436663
0.00436663
0.00436664
0.00436664
0.00436665
0.00436665
0.00436665
0.00436664
0.00436663
0.00436663
0.00436662
0.00436662
0.00436661
0.00436661
0.00436661
0.00436661
0.0043666
0.00436659
0.00436658
0.00436658
0.00433235
0.00433234
0.00433235
0.00433235
0.00433237
0.00433237
0.00433237
0.00433237
0.00433236
0.00433236
0.00433235
0.00433235
0.00433234
0.00433235
0.00433236
0.00433236
0.00433235
0.00433234
0.00433233
0.00433233
0.00429806
0.00429806
0.00429806
0.00429808
0.00429809
0.0042981
0.0042981
0.00429809
0.00429809
0.00429808
0.00429808
0.00429807
0.00429808
0.00429809
0.0042981
0.0042981
0.00429809
0.00429808
0.00429807
0.00429807
0.00426378
0.00426378
0.0042638
0.00426381
0.00426382
0.00426382
0.00426383
0.00426383
0.00426382
0.00426382
0.00426381
0.00426381
0.00426382
0.00426383
0.00426384
0.00426384
0.00426383
0.00426382
0.00426382
0.00426382
0.00422951
0.00422952
0.00422953
0.00422954
0.00422955
0.00422955
0.00422956
0.00422956
0.00422956
0.00422955
0.00422955
0.00422955
0.00422956
0.00422957
0.00422958
0.00422958
0.00422957
0.00422957
0.00422957
0.00422957
0.00419526
0.00419526
0.00419527
0.00419527
0.00419528
0.00419528
0.00419529
0.0041953
0.00419529
0.00419529
0.00419529
0.00419529
0.0041953
0.00419531
0.00419531
0.00419531
0.00419531
0.00419531
0.00419531
0.00419531
0.004161
0.004161
0.004161
0.004161
0.00416101
0.00416102
0.00416102
0.00416102
0.00416102
0.00416102
0.00416102
0.00416102
0.00416103
0.00416104
0.00416104
0.00416104
0.00416105
0.00416105
0.00416105
0.00416105
0.00412674
0.00412674
0.00412674
0.00412674
0.00412674
0.00412674
0.00412675
0.00412674
0.00412674
0.00412674
0.00412674
0.00412675
0.00412676
0.00412676
0.00412677
0.00412677
0.00412678
0.00412678
0.00412678
0.00412678
0.00409247
0.00409248
0.00409248
0.00409247
0.00409247
0.00409247
0.00409246
0.00409246
0.00409245
0.00409245
0.00409246
0.00409247
0.00409248
0.00409248
0.00409249
0.00409249
0.0040925
0.0040925
0.0040925
0.0040925
0.00405821
0.00405822
0.00405821
0.0040582
0.0040582
0.00405819
0.00405818
0.00405817
0.00405816
0.00405816
0.00405817
0.00405818
0.00405819
0.00405819
0.0040582
0.0040582
0.00405821
0.00405821
0.00405822
0.00405821
0.00402395
0.00402395
0.00402394
0.00402393
0.00402392
0.00402391
0.0040239
0.00402388
0.00402388
0.00402388
0.00402389
0.0040239
0.0040239
0.0040239
0.00402391
0.00402391
0.00402392
0.00402393
0.00402393
0.00402393
0.00398967
0.00398966
0.00398966
0.00398966
0.00398965
0.00398964
0.00398962
0.0039896
0.0039896
0.0039896
0.0039896
0.0039896
0.0039896
0.00398961
0.00398962
0.00398963
0.00398963
0.00398964
0.00398964
0.00398964
0.00395539
0.00395538
0.00395538
0.00395538
0.00395537
0.00395535
0.00395533
0.00395532
0.00395532
0.00395531
0.00395531
0.00395531
0.00395531
0.00395532
0.00395533
0.00395534
0.00395535
0.00395535
0.00395536
0.00395536
0.0039211
0.0039211
0.0039211
0.0039211
0.00392108
0.00392106
0.00392105
0.00392104
0.00392103
0.00392103
0.00392102
0.00392102
0.00392103
0.00392103
0.00392104
0.00392105
0.00392106
0.00392107
0.00392107
0.00392108
0.00388682
0.00388682
0.00388682
0.00388681
0.00388679
0.00388677
0.00388676
0.00388675
0.00388675
0.00388675
0.00388674
0.00388674
0.00388675
0.00388675
0.00388676
0.00388676
0.00388677
0.00388679
0.0038868
0.0038868
0.00385255
0.00385255
0.00385254
0.00385252
0.00385251
0.00385249
0.00385248
0.00385248
0.00385247
0.00385247
0.00385247
0.00385247
0.00385247
0.00385247
0.00385247
0.00385248
0.00385249
0.00385251
0.00385252
0.00385253
0.00381828
0.00381828
0.00381826
0.00381825
0.00381823
0.00381822
0.00381821
0.00381821
0.00381821
0.0038182
0.0038182
0.0038182
0.0038182
0.00381819
0.0038182
0.00381821
0.00381822
0.00381824
0.00381825
0.00381825
0.00378401
0.00378401
0.003784
0.00378398
0.00378396
0.00378395
0.00378395
0.00378394
0.00378394
0.00378394
0.00378393
0.00378393
0.00378393
0.00378393
0.00378394
0.00378395
0.00378396
0.00378398
0.00378398
0.00378399
0.00374975
0.00374974
0.00374973
0.00374971
0.0037497
0.00374969
0.00374968
0.00374968
0.00374968
0.00374967
0.00374967
0.00374967
0.00374967
0.00374967
0.00374968
0.00374969
0.0037497
0.00374971
0.00374972
0.00374972
0.00371548
0.00371548
0.00371546
0.00371545
0.00371543
0.00371542
0.00371542
0.00371541
0.00371541
0.00371541
0.00371541
0.00371541
0.00371541
0.00371542
0.00371543
0.00371544
0.00371544
0.00371545
0.00371546
0.00371546
0.00368121
0.0036812
0.00368119
0.00368118
0.00368117
0.00368115
0.00368115
0.00368114
0.00368114
0.00368114
0.00368114
0.00368115
0.00368115
0.00368116
0.00368117
0.00368117
0.00368118
0.00368119
0.00368119
0.0036812
0.00364694
0.00364693
0.00364693
0.00364691
0.0036469
0.00364689
0.00364688
0.00364687
0.00364687
0.00364687
0.00364688
0.00364688
0.00364689
0.00364689
0.0036469
0.0036469
0.00364691
0.00364692
0.00364693
0.00364693
0.00361267
0.00361267
0.00361266
0.00361265
0.00361263
0.00361262
0.00361261
0.0036126
0.0036126
0.0036126
0.0036126
0.00361261
0.00361261
0.00361262
0.00361263
0.00361264
0.00361265
0.00361265
0.00361266
0.00361265
0.0035784
0.0035784
0.00357839
0.00357838
0.00357836
0.00357835
0.00357834
0.00357833
0.00357833
0.00357833
0.00357833
0.00357833
0.00357833
0.00357834
0.00357835
0.00357837
0.00357837
0.00357838
0.00357837
0.00357837
0.00354413
0.00354413
0.00354412
0.0035441
0.00354409
0.00354408
0.00354407
0.00354406
0.00354405
0.00354405
0.00354405
0.00354405
0.00354406
0.00354407
0.00354408
0.00354409
0.0035441
0.00354409
0.00354408
0.00354408
0.00350986
0.00350985
0.00350984
0.00350983
0.00350982
0.00350981
0.0035098
0.00350979
0.00350978
0.00350977
0.00350977
0.00350978
0.00350979
0.0035098
0.00350981
0.00350982
0.00350981
0.00350981
0.0035098
0.0035098
0.00347558
0.00347557
0.00347556
0.00347556
0.00347555
0.00347554
0.00347553
0.00347551
0.0034755
0.0034755
0.0034755
0.00347551
0.00347552
0.00347553
0.00347554
0.00347554
0.00347554
0.00347553
0.00347553
0.00347553
0.0034413
0.0034413
0.0034413
0.00344129
0.00344129
0.00344127
0.00344126
0.00344124
0.00344123
0.00344123
0.00344123
0.00344124
0.00344125
0.00344126
0.00344127
0.00344127
0.00344127
0.00344127
0.00344127
0.00344127
0.00340704
0.00340705
0.00340704
0.00340704
0.00340703
0.00340701
0.00340699
0.00340698
0.00340697
0.00340696
0.00340696
0.00340697
0.00340698
0.00340699
0.003407
0.00340701
0.00340701
0.00340701
0.00340702
0.00340702
0.0033728
0.0033728
0.00337279
0.00337278
0.00337277
0.00337275
0.00337274
0.00337272
0.00337271
0.0033727
0.0033727
0.0033727
0.00337272
0.00337273
0.00337274
0.00337275
0.00337276
0.00337276
0.00337277
0.00337278
0.00333855
0.00333855
0.00333854
0.00333853
0.00333852
0.00333851
0.00333849
0.00333847
0.00333846
0.00333844
0.00333844
0.00333845
0.00333846
0.00333848
0.00333849
0.0033385
0.00333851
0.00333852
0.00333852
0.00333853
0.00330431
0.00330431
0.0033043
0.00330429
0.00330428
0.00330427
0.00330425
0.00330423
0.00330421
0.0033042
0.0033042
0.00330421
0.00330422
0.00330423
0.00330424
0.00330424
0.00330426
0.00330427
0.00330428
0.00330429
0.00327006
0.00327006
0.00327006
0.00327005
0.00327004
0.00327003
0.00327001
0.00326999
0.00326997
0.00326997
0.00326997
0.00326998
0.00326998
0.00326998
0.00326999
0.00326999
0.00327001
0.00327003
0.00327004
0.00327005
0.00323582
0.00323582
0.00323582
0.00323582
0.0032358
0.00323578
0.00323576
0.00323575
0.00323574
0.00323574
0.00323574
0.00323574
0.00323574
0.00323574
0.00323574
0.00323575
0.00323577
0.00323578
0.0032358
0.0032358
0.00320158
0.00320158
0.00320158
0.00320157
0.00320155
0.00320153
0.00320152
0.00320151
0.00320151
0.00320151
0.00320151
0.0032015
0.0032015
0.00320149
0.00320149
0.00320151
0.00320153
0.00320154
0.00320155
0.00320155
0.00316734
0.00316734
0.00316733
0.00316732
0.0031673
0.00316728
0.00316727
0.00316727
0.00316727
0.00316727
0.00316727
0.00316726
0.00316725
0.00316725
0.00316725
0.00316727
0.00316728
0.00316729
0.00316729
0.00316729
0.00313309
0.00313309
0.00313308
0.00313306
0.00313304
0.00313303
0.00313302
0.00313302
0.00313303
0.00313302
0.00313301
0.003133
0.003133
0.003133
0.00313301
0.00313302
0.00313302
0.00313302
0.00313302
0.00313301
0.00309883
0.00309883
0.00309882
0.0030988
0.00309878
0.00309878
0.00309878
0.00309878
0.00309877
0.00309876
0.00309875
0.00309874
0.00309874
0.00309875
0.00309875
0.00309876
0.00309875
0.00309875
0.00309874
0.00309874
0.00306457
0.00306456
0.00306455
0.00306454
0.00306453
0.00306453
0.00306453
0.00306452
0.00306451
0.0030645
0.00306449
0.00306449
0.00306449
0.00306449
0.00306449
0.00306449
0.00306448
0.00306447
0.00306447
0.00306447
0.0030303
0.00303029
0.00303029
0.00303028
0.00303028
0.00303028
0.00303027
0.00303027
0.00303025
0.00303024
0.00303023
0.00303023
0.00303023
0.00303023
0.00303022
0.00303021
0.00303021
0.0030302
0.0030302
0.00303021
0.00299602
0.00299602
0.00299602
0.00299602
0.00299602
0.00299602
0.00299602
0.00299601
0.002996
0.00299599
0.00299598
0.00299597
0.00299597
0.00299596
0.00299596
0.00299595
0.00299594
0.00299594
0.00299595
0.00299595
0.00296174
0.00296174
0.00296174
0.00296175
0.00296176
0.00296176
0.00296176
0.00296175
0.00296174
0.00296173
0.00296172
0.00296172
0.00296171
0.0029617
0.00296169
0.00296169
0.00296169
0.00296169
0.00296169
0.0029617
0.00292747
0.00292746
0.00292747
0.00292749
0.0029275
0.00292751
0.0029275
0.0029275
0.00292749
0.00292748
0.00292747
0.00292746
0.00292745
0.00292744
0.00292744
0.00292743
0.00292744
0.00292744
0.00292744
0.00292744
0.0028932
0.0028932
0.00289321
0.00289323
0.00289324
0.00289325
0.00289325
0.00289324
0.00289323
0.00289323
0.00289322
0.00289321
0.0028932
0.00289319
0.00289318
0.00289318
0.00289318
0.00289318
0.00289318
0.00289318
0.00285894
0.00285894
0.00285896
0.00285897
0.00285898
0.00285899
0.00285899
0.00285898
0.00285898
0.00285897
0.00285896
0.00285895
0.00285894
0.00285893
0.00285893
0.00285892
0.00285892
0.00285892
0.00285891
0.00285891
0.00282469
0.0028247
0.00282471
0.00282472
0.00282472
0.00282472
0.00282472
0.00282472
0.00282472
0.00282471
0.00282471
0.0028247
0.00282469
0.00282468
0.00282467
0.00282466
0.00282466
0.00282465
0.00282465
0.00282465
0.00279044
0.00279045
0.00279046
0.00279046
0.00279046
0.00279046
0.00279046
0.00279046
0.00279046
0.00279046
0.00279045
0.00279044
0.00279043
0.00279043
0.00279042
0.00279041
0.0027904
0.0027904
0.00279039
0.00279039
0.00275619
0.0027562
0.00275619
0.00275619
0.00275619
0.00275619
0.00275619
0.0027562
0.0027562
0.0027562
0.00275619
0.00275619
0.00275618
0.00275617
0.00275616
0.00275615
0.00275615
0.00275614
0.00275614
0.00275613
0.00272192
0.00272193
0.00272192
0.00272192
0.00272192
0.00272192
0.00272192
0.00272193
0.00272193
0.00272193
0.00272193
0.00272192
0.00272192
0.00272191
0.0027219
0.00272189
0.00272189
0.00272188
0.00272187
0.00272187
0.00268765
0.00268764
0.00268764
0.00268764
0.00268764
0.00268765
0.00268765
0.00268765
0.00268766
0.00268766
0.00268766
0.00268765
0.00268765
0.00268764
0.00268764
0.00268763
0.00268762
0.00268761
0.0026876
0.0026876
0.00265336
0.00265336
0.00265336
0.00265336
0.00265336
0.00265336
0.00265337
0.00265337
0.00265337
0.00265337
0.00265337
0.00265337
0.00265337
0.00265337
0.00265336
0.00265335
0.00265334
0.00265333
0.00265332
0.00265332
0.00261906
0.00261906
0.00261906
0.00261907
0.00261907
0.00261907
0.00261908
0.00261908
0.00261908
0.00261909
0.00261909
0.00261909
0.00261909
0.00261909
0.00261908
0.00261907
0.00261906
0.00261904
0.00261903
0.00261903
0.00258477
0.00258477
0.00258477
0.00258477
0.00258477
0.00258478
0.00258478
0.00258479
0.0025848
0.0025848
0.00258481
0.00258481
0.00258481
0.00258481
0.00258479
0.00258478
0.00258477
0.00258476
0.00258475
0.00258475
0.00255047
0.00255047
0.00255047
0.00255047
0.00255048
0.00255049
0.0025505
0.00255051
0.00255052
0.00255053
0.00255054
0.00255054
0.00255053
0.00255053
0.00255051
0.0025505
0.00255048
0.00255047
0.00255047
0.00255047
0.00251617
0.00251617
0.00251618
0.00251618
0.00251619
0.00251621
0.00251622
0.00251624
0.00251625
0.00251627
0.00251627
0.00251627
0.00251626
0.00251625
0.00251623
0.00251622
0.00251621
0.0025162
0.00251619
0.00251619
0.00248189
0.00248188
0.00248189
0.0024819
0.00248192
0.00248194
0.00248196
0.00248198
0.00248199
0.002482
0.00248201
0.002482
0.00248199
0.00248198
0.00248196
0.00248195
0.00248193
0.00248192
0.00248192
0.00248192
0.00244761
0.00244761
0.00244762
0.00244764
0.00244766
0.00244768
0.0024477
0.00244772
0.00244773
0.00244774
0.00244774
0.00244774
0.00244772
0.00244771
0.00244769
0.00244768
0.00244766
0.00244765
0.00244764
0.00244764
0.00241334
0.00241334
0.00241336
0.00241337
0.0024134
0.00241342
0.00241344
0.00241346
0.00241347
0.00241347
0.00241347
0.00241347
0.00241346
0.00241344
0.00241342
0.00241341
0.00241339
0.00241338
0.00241337
0.00241337
0.00237908
0.00237909
0.0023791
0.00237912
0.00237914
0.00237916
0.00237918
0.00237919
0.0023792
0.0023792
0.0023792
0.0023792
0.00237919
0.00237917
0.00237915
0.00237914
0.00237912
0.00237911
0.0023791
0.0023791
0.00234483
0.00234483
0.00234485
0.00234486
0.00234488
0.00234489
0.00234491
0.00234492
0.00234493
0.00234493
0.00234493
0.00234493
0.00234492
0.0023449
0.00234489
0.00234487
0.00234485
0.00234484
0.00234483
0.00234483
0.00231058
0.00231058
0.00231059
0.0023106
0.00231062
0.00231063
0.00231064
0.00231065
0.00231066
0.00231067
0.00231067
0.00231066
0.00231065
0.00231064
0.00231062
0.00231061
0.00231059
0.00231058
0.00231057
0.00231058
0.00227632
0.00227633
0.00227633
0.00227634
0.00227635
0.00227636
0.00227638
0.00227639
0.00227639
0.0022764
0.0022764
0.0022764
0.00227639
0.00227638
0.00227636
0.00227635
0.00227634
0.00227633
0.00227632
0.00227632
0.00224206
0.00224207
0.00224207
0.00224208
0.00224209
0.0022421
0.00224211
0.00224212
0.00224213
0.00224213
0.00224213
0.00224213
0.00224212
0.00224211
0.0022421
0.00224209
0.00224208
0.00224208
0.00224207
0.00224207
0.0022078
0.0022078
0.00220781
0.00220781
0.00220782
0.00220783
0.00220784
0.00220785
0.00220786
0.00220786
0.00220786
0.00220786
0.00220786
0.00220785
0.00220784
0.00220784
0.00220783
0.00220783
0.00220782
0.00220782
0.00217354
0.00217353
0.00217354
0.00217354
0.00217355
0.00217356
0.00217357
0.00217357
0.00217358
0.00217359
0.00217359
0.00217359
0.00217359
0.00217359
0.00217358
0.00217358
0.00217358
0.00217358
0.00217358
0.00217358
0.00213927
0.00213926
0.00213927
0.00213927
0.00213928
0.00213929
0.0021393
0.00213931
0.00213931
0.00213932
0.00213932
0.00213933
0.00213933
0.00213933
0.00213933
0.00213933
0.00213933
0.00213933
0.00213933
0.00213933
0.002105
0.002105
0.002105
0.00210501
0.00210502
0.00210503
0.00210504
0.00210505
0.00210505
0.00210506
0.00210507
0.00210507
0.00210507
0.00210508
0.00210508
0.00210508
0.00210509
0.00210509
0.00210509
0.0021051
0.00207075
0.00207075
0.00207076
0.00207076
0.00207077
0.00207078
0.00207079
0.0020708
0.00207081
0.00207081
0.00207082
0.00207083
0.00207083
0.00207084
0.00207084
0.00207085
0.00207085
0.00207086
0.00207086
0.00207086
0.00203651
0.00203651
0.00203652
0.00203653
0.00203654
0.00203655
0.00203655
0.00203656
0.00203657
0.00203658
0.00203658
0.00203659
0.0020366
0.0020366
0.00203661
0.00203661
0.00203662
0.00203663
0.00203663
0.00203664
0.00200228
0.00200229
0.00200229
0.0020023
0.00200231
0.00200232
0.00200232
0.00200233
0.00200234
0.00200235
0.00200235
0.00200236
0.00200236
0.00200237
0.00200238
0.00200239
0.00200239
0.0020024
0.00200241
0.00200241
0.00196806
0.00196806
0.00196807
0.00196807
0.00196808
0.00196809
0.00196809
0.0019681
0.00196811
0.00196811
0.00196812
0.00196812
0.00196813
0.00196814
0.00196815
0.00196816
0.00196817
0.00196818
0.00196818
0.00196819
0.00193383
0.00193383
0.00193383
0.00193384
0.00193384
0.00193385
0.00193386
0.00193387
0.00193387
0.00193388
0.00193388
0.00193389
0.00193389
0.0019339
0.00193391
0.00193392
0.00193394
0.00193395
0.00193396
0.00193396
0.00189959
0.00189959
0.00189959
0.0018996
0.00189961
0.00189961
0.00189962
0.00189962
0.00189963
0.00189963
0.00189963
0.00189964
0.00189965
0.00189966
0.00189968
0.00189969
0.00189971
0.00189972
0.00189973
0.00189973
0.00186535
0.00186535
0.00186536
0.00186536
0.00186537
0.00186537
0.00186537
0.00186538
0.00186538
0.00186538
0.00186539
0.0018654
0.00186541
0.00186542
0.00186544
0.00186546
0.00186548
0.00186549
0.0018655
0.0018655
0.00183111
0.00183112
0.00183112
0.00183112
0.00183112
0.00183113
0.00183113
0.00183113
0.00183113
0.00183114
0.00183114
0.00183115
0.00183117
0.00183119
0.00183121
0.00183123
0.00183125
0.00183126
0.00183127
0.00183127
0.00179688
0.00179688
0.00179688
0.00179688
0.00179688
0.00179688
0.00179688
0.00179688
0.00179689
0.00179689
0.0017969
0.00179692
0.00179694
0.00179696
0.00179698
0.001797
0.00179702
0.00179703
0.00179704
0.00179704
0.00176265
0.00176265
0.00176265
0.00176265
0.00176264
0.00176264
0.00176264
0.00176264
0.00176264
0.00176265
0.00176267
0.00176269
0.00176271
0.00176273
0.00176276
0.00176277
0.00176279
0.0017628
0.0017628
0.0017628
0.00172842
0.00172842
0.00172841
0.00172841
0.0017284
0.0017284
0.0017284
0.0017284
0.00172841
0.00172842
0.00172844
0.00172846
0.00172849
0.00172851
0.00172853
0.00172855
0.00172856
0.00172857
0.00172857
0.00172857
0.00169418
0.00169418
0.00169417
0.00169417
0.00169416
0.00169416
0.00169416
0.00169416
0.00169417
0.00169419
0.00169421
0.00169423
0.00169426
0.00169428
0.0016943
0.00169432
0.00169433
0.00169433
0.00169434
0.00169434
0.00165995
0.00165994
0.00165993
0.00165993
0.00165992
0.00165992
0.00165992
0.00165992
0.00165994
0.00165995
0.00165998
0.00166
0.00166003
0.00166005
0.00166007
0.00166009
0.0016601
0.00166011
0.00166011
0.00166012
0.00162571
0.00162571
0.0016257
0.0016257
0.00162569
0.00162568
0.00162568
0.00162569
0.0016257
0.00162572
0.00162574
0.00162577
0.0016258
0.00162582
0.00162585
0.00162586
0.00162587
0.00162588
0.00162589
0.0016259
0.00159149
0.00159148
0.00159148
0.00159147
0.00159146
0.00159146
0.00159145
0.00159146
0.00159147
0.00159149
0.00159151
0.00159154
0.00159157
0.00159159
0.00159161
0.00159163
0.00159165
0.00159166
0.00159167
0.00159168
0.00155727
0.00155727
0.00155726
0.00155725
0.00155724
0.00155723
0.00155723
0.00155723
0.00155724
0.00155726
0.00155728
0.0015573
0.00155733
0.00155736
0.00155738
0.00155741
0.00155743
0.00155744
0.00155746
0.00155746
0.00152305
0.00152305
0.00152304
0.00152303
0.00152302
0.00152301
0.001523
0.001523
0.00152301
0.00152303
0.00152305
0.00152307
0.00152309
0.00152312
0.00152315
0.00152317
0.0015232
0.00152322
0.00152323
0.00152324
0.00148883
0.00148883
0.00148882
0.00148881
0.00148879
0.00148878
0.00148878
0.00148878
0.00148878
0.0014888
0.00148881
0.00148883
0.00148885
0.00148888
0.0014889
0.00148893
0.00148896
0.00148899
0.001489
0.00148901
0.0014546
0.0014546
0.00145459
0.00145457
0.00145456
0.00145456
0.00145455
0.00145456
0.00145456
0.00145457
0.00145458
0.00145459
0.00145461
0.00145463
0.00145466
0.00145469
0.00145472
0.00145475
0.00145477
0.00145477
0.00142037
0.00142036
0.00142035
0.00142034
0.00142034
0.00142034
0.00142034
0.00142034
0.00142034
0.00142034
0.00142034
0.00142035
0.00142036
0.00142039
0.00142042
0.00142045
0.00142048
0.00142051
0.00142053
0.00142053
0.00138613
0.00138612
0.00138612
0.00138612
0.00138612
0.00138612
0.00138612
0.00138612
0.00138611
0.00138611
0.00138611
0.00138611
0.00138613
0.00138615
0.00138618
0.00138621
0.00138624
0.00138627
0.00138628
0.00138628
0.0013519
0.0013519
0.0013519
0.0013519
0.00135191
0.00135191
0.00135191
0.0013519
0.00135189
0.00135188
0.00135188
0.00135189
0.0013519
0.00135192
0.00135195
0.00135198
0.001352
0.00135202
0.00135203
0.00135203
0.00131768
0.00131768
0.00131769
0.0013177
0.0013177
0.0013177
0.00131769
0.00131768
0.00131767
0.00131767
0.00131767
0.00131768
0.00131769
0.00131771
0.00131773
0.00131775
0.00131776
0.00131777
0.00131777
0.00131777
0.00128347
0.00128347
0.00128348
0.00128349
0.00128349
0.00128348
0.00128348
0.00128347
0.00128346
0.00128346
0.00128347
0.00128348
0.00128349
0.0012835
0.00128351
0.00128352
0.00128352
0.00128352
0.00128352
0.00128352
0.00124926
0.00124926
0.00124927
0.00124927
0.00124926
0.00124926
0.00124926
0.00124925
0.00124925
0.00124926
0.00124927
0.00124928
0.00124929
0.00124929
0.00124929
0.00124929
0.00124928
0.00124927
0.00124926
0.00124926
0.00121504
0.00121504
0.00121504
0.00121504
0.00121503
0.00121503
0.00121503
0.00121504
0.00121505
0.00121506
0.00121507
0.00121508
0.00121508
0.00121508
0.00121507
0.00121505
0.00121504
0.00121502
0.00121501
0.00121501
0.00118081
0.00118081
0.0011808
0.0011808
0.0011808
0.0011808
0.00118081
0.00118082
0.00118084
0.00118085
0.00118086
0.00118086
0.00118086
0.00118085
0.00118083
0.00118081
0.00118079
0.00118078
0.00118077
0.00118077
0.00114657
0.00114656
0.00114656
0.00114656
0.00114656
0.00114657
0.00114659
0.0011466
0.00114662
0.00114663
0.00114664
0.00114664
0.00114663
0.00114662
0.0011466
0.00114657
0.00114656
0.00114654
0.00114654
0.00114654
0.00111233
0.00111233
0.00111233
0.00111233
0.00111234
0.00111235
0.00111237
0.00111238
0.0011124
0.00111241
0.00111241
0.00111241
0.0011124
0.00111238
0.00111236
0.00111234
0.00111233
0.00111232
0.00111231
0.00111231
0.0010781
0.0010781
0.0010781
0.00107811
0.00107812
0.00107813
0.00107815
0.00107816
0.00107817
0.00107818
0.00107818
0.00107818
0.00107817
0.00107815
0.00107814
0.00107812
0.00107811
0.0010781
0.00107809
0.00107809
0.00104388
0.00104388
0.00104389
0.0010439
0.00104391
0.00104392
0.00104393
0.00104394
0.00104395
0.00104395
0.00104395
0.00104395
0.00104394
0.00104393
0.00104392
0.0010439
0.00104389
0.00104388
0.00104387
0.00104387
0.00100967
0.00100968
0.00100968
0.00100969
0.0010097
0.00100971
0.00100972
0.00100972
0.00100973
0.00100973
0.00100973
0.00100973
0.00100972
0.00100971
0.0010097
0.00100968
0.00100967
0.00100966
0.00100965
0.00100965
0.000975468
0.000975473
0.000975478
0.000975484
0.00097549
0.000975497
0.000975505
0.000975511
0.000975515
0.000975517
0.000975516
0.000975511
0.000975502
0.000975489
0.000975475
0.000975459
0.000975445
0.000975432
0.000975423
0.000975419
0.000941262
0.000941265
0.000941269
0.000941273
0.000941279
0.000941286
0.000941293
0.000941299
0.000941303
0.000941303
0.000941299
0.000941291
0.000941279
0.000941264
0.000941247
0.00094123
0.000941214
0.000941201
0.000941193
0.000941189
0.00090705
0.000907051
0.000907054
0.000907059
0.000907066
0.000907074
0.000907081
0.000907086
0.000907088
0.000907085
0.000907078
0.000907066
0.00090705
0.000907032
0.000907013
0.000906995
0.00090698
0.000906968
0.000906961
0.000906959
0.000872832
0.000872833
0.000872837
0.000872843
0.000872851
0.000872859
0.000872866
0.000872869
0.000872867
0.000872861
0.000872849
0.000872834
0.000872816
0.000872797
0.000872778
0.000872761
0.000872747
0.000872737
0.000872732
0.00087273
0.000838611
0.000838612
0.000838618
0.000838625
0.000838634
0.000838641
0.000838645
0.000838645
0.00083864
0.00083863
0.000838616
0.000838599
0.00083858
0.000838562
0.000838545
0.00083853
0.000838518
0.000838509
0.000838504
0.000838503
0.000804388
0.000804391
0.000804397
0.000804405
0.000804412
0.000804417
0.000804418
0.000804415
0.000804407
0.000804396
0.000804382
0.000804365
0.000804349
0.000804332
0.000804317
0.000804303
0.000804292
0.000804283
0.000804278
0.000804276
0.000770165
0.000770169
0.000770174
0.00077018
0.000770185
0.000770187
0.000770186
0.000770182
0.000770174
0.000770164
0.000770151
0.000770138
0.000770123
0.000770108
0.000770094
0.00077008
0.000770068
0.000770059
0.000770052
0.000770049
0.000735939
0.000735942
0.000735946
0.00073595
0.000735952
0.000735953
0.000735952
0.000735949
0.000735944
0.000735937
0.000735927
0.000735916
0.000735903
0.000735889
0.000735873
0.000735858
0.000735845
0.000735833
0.000735826
0.000735823
0.000701709
0.00070171
0.000701712
0.000701715
0.000701717
0.000701719
0.000701721
0.000701721
0.000701719
0.000701715
0.000701708
0.000701698
0.000701685
0.000701669
0.000701652
0.000701636
0.000701621
0.000701609
0.000701602
0.000701601
0.000667474
0.000667474
0.000667475
0.000667478
0.000667482
0.000667487
0.000667492
0.000667496
0.000667498
0.000667495
0.000667489
0.000667479
0.000667464
0.000667447
0.000667429
0.000667413
0.000667398
0.000667389
0.000667384
0.000667385
0.000633237
0.000633236
0.000633238
0.000633243
0.00063325
0.000633259
0.000633267
0.000633274
0.000633276
0.000633274
0.000633266
0.000633254
0.000633239
0.000633222
0.000633206
0.000633192
0.000633181
0.000633176
0.000633175
0.000633179
0.000599002
0.000599001
0.000599005
0.000599013
0.000599023
0.000599034
0.000599043
0.000599049
0.00059905
0.000599045
0.000599036
0.000599024
0.000599009
0.000598995
0.000598984
0.000598976
0.000598972
0.000598973
0.000598976
0.000598982
0.000564772
0.000564772
0.000564778
0.000564788
0.000564798
0.000564808
0.000564815
0.000564818
0.000564816
0.000564809
0.000564799
0.000564788
0.000564778
0.00056477
0.000564766
0.000564767
0.000564771
0.000564778
0.000564785
0.000564791
0.000530549
0.000530551
0.000530557
0.000530566
0.000530574
0.00053058
0.000530583
0.000530581
0.000530575
0.000530567
0.000530558
0.000530551
0.000530547
0.000530548
0.000530554
0.000530563
0.000530575
0.000530587
0.000530595
0.0005306
0.000496331
0.000496335
0.00049634
0.000496345
0.000496348
0.000496349
0.000496346
0.000496339
0.000496331
0.000496323
0.000496318
0.000496316
0.00049632
0.00049633
0.000496344
0.00049636
0.000496377
0.000496391
0.0004964
0.000496401
0.000462118
0.00046212
0.000462122
0.000462122
0.00046212
0.000462114
0.000462107
0.000462097
0.000462089
0.000462083
0.000462081
0.000462085
0.000462096
0.000462112
0.000462131
0.000462152
0.000462171
0.000462185
0.000462193
0.000462192
0.000427904
0.000427905
0.000427903
0.000427898
0.000427891
0.000427881
0.00042787
0.000427859
0.000427851
0.000427848
0.00042785
0.000427858
0.000427872
0.000427891
0.000427912
0.000427934
0.000427952
0.000427966
0.000427972
0.00042797
0.000393688
0.000393687
0.000393682
0.000393674
0.000393663
0.000393651
0.000393639
0.000393629
0.000393622
0.000393619
0.000393622
0.000393632
0.000393646
0.000393664
0.000393684
0.000393704
0.000393722
0.000393734
0.00039374
0.000393739
0.00035947
0.000359467
0.000359461
0.000359451
0.000359439
0.000359427
0.000359414
0.000359404
0.000359397
0.000359395
0.000359397
0.000359404
0.000359416
0.000359432
0.00035945
0.000359468
0.000359484
0.000359496
0.000359503
0.000359504
0.00032525
0.000325247
0.00032524
0.00032523
0.000325219
0.000325206
0.000325194
0.000325183
0.000325175
0.00032517
0.00032517
0.000325175
0.000325184
0.000325197
0.000325213
0.00032523
0.000325246
0.000325259
0.000325268
0.000325272
0.000291029
0.000291027
0.00029102
0.000291011
0.000290999
0.000290986
0.000290973
0.000290961
0.00029095
0.000290944
0.000290941
0.000290943
0.000290951
0.000290963
0.000290979
0.000290997
0.000291014
0.000291029
0.00029104
0.000291047
0.000256807
0.000256805
0.000256798
0.000256788
0.000256776
0.000256762
0.000256747
0.000256733
0.000256721
0.000256712
0.000256709
0.000256712
0.00025672
0.000256734
0.000256752
0.000256772
0.000256791
0.000256808
0.00025682
0.000256828
0.000222583
0.00022258
0.000222572
0.000222561
0.000222547
0.000222531
0.000222515
0.000222499
0.000222487
0.000222479
0.000222477
0.000222482
0.000222494
0.000222511
0.000222533
0.000222555
0.000222576
0.000222593
0.000222606
0.000222613
0.000188354
0.00018835
0.000188341
0.000188328
0.000188312
0.000188295
0.000188278
0.000188262
0.000188251
0.000188245
0.000188247
0.000188257
0.000188273
0.000188295
0.000188319
0.000188343
0.000188364
0.000188381
0.000188393
0.000188398
0.000154121
0.000154115
0.000154104
0.00015409
0.000154074
0.000154056
0.00015404
0.000154026
0.000154018
0.000154017
0.000154023
0.000154037
0.000154057
0.000154081
0.000154106
0.000154129
0.000154149
0.000154164
0.000154174
0.000154177
0.000119885
0.000119877
0.000119865
0.000119851
0.000119836
0.00011982
0.000119807
0.000119797
0.000119793
0.000119795
0.000119806
0.000119822
0.000119843
0.000119866
0.000119889
0.00011991
0.000119926
0.000119938
0.000119945
0.000119947
8.56485e-05
8.56402e-05
8.56299e-05
8.56189e-05
8.56073e-05
8.55961e-05
8.55869e-05
8.55814e-05
8.5581e-05
8.55863e-05
8.55971e-05
8.56126e-05
8.56308e-05
8.56498e-05
8.56675e-05
8.56823e-05
8.56933e-05
8.57004e-05
8.57046e-05
8.57054e-05
5.14132e-05
5.14081e-05
5.14024e-05
5.13968e-05
5.1391e-05
5.13855e-05
5.13815e-05
5.13799e-05
5.13816e-05
5.13869e-05
5.13953e-05
5.14061e-05
5.1418e-05
5.14296e-05
5.14396e-05
5.14472e-05
5.14518e-05
5.14537e-05
5.14542e-05
5.14529e-05
1.71566e-05
1.71544e-05
1.71518e-05
1.7149e-05
1.71462e-05
1.71438e-05
1.71423e-05
1.71418e-05
1.71427e-05
1.71449e-05
1.71482e-05
1.71524e-05
1.71567e-05
1.7161e-05
1.71648e-05
1.71677e-05
1.71698e-05
1.71708e-05
1.71709e-05
1.71701e-05
)
;

boundaryField
{
    inlet
    {
        type            fixedValue;
        value           uniform 0;
    }
    atmosphere
    {
        type            fixedValue;
        value           uniform 0;
    }
    walls
    {
        type            fixedFluxPressure;
        gradient        nonuniform List<scalar> 
800
(
4.00672e-06
4.30422e-05
-0.0021149
-0.00363649
-0.0036575
-0.00247229
-0.000325442
0.00216115
0.0163357
0.0170046
0.0151018
0.0120781
0.00841961
0.00631444
0.00528663
0.000149818
-0.00072021
-0.000908096
0.000241023
0.00103359
-0.000257901
-0.0049591
-0.0084755
-0.00716809
0.00412234
0.00894681
0.0125053
0.0147181
0.0153089
0.0148342
0.0140297
0.0127575
0.0114882
0.00970289
0.00695786
0.00410583
0.00261626
-0.000603034
-0.00447148
-0.0077753
-0.0117468
-0.0161303
-0.0175297
-0.0144826
-0.00690747
-0.000933983
0.0188344
0.018192
0.0181978
0.0208757
0.0250624
0.0304202
0.0347281
0.0368081
0.0362951
0.0363285
0.0339817
0.030052
0.0255847
0.0226415
0.0193067
0.0187386
0.018291
0.0177422
0.0141897
0.0137024
0.0127743
0.0103553
0.0068635
-0.00157145
-0.00242137
-0.000304405
0.00248428
0.00432135
0.00334851
0.000270844
-0.00490589
-0.0158016
-0.0237721
-0.0224865
-0.0222563
-0.0203608
-0.018155
-0.0129947
-0.00555627
-0.00110315
-0.00105283
-0.000914846
-0.000773071
0.00382144
0.00596386
0.0113822
0.0031313
0.00209531
0.00160328
0.00030517
-0.00208
-0.000952114
0.007096
0.00896229
0.00705817
-0.000927381
-0.00972688
-0.0174178
-0.0118605
0.00181044
0.00805472
0.00755714
-0.0010226
-0.0085495
0.00856898
0.0200191
0.0228474
0.0215205
0.0183592
0.0139477
0.000171911
0.00891308
0.00624375
0.00477829
-0.00114439
0.00438683
0.0359887
0.0320063
0.0267125
0.0192052
0.0192866
0.0167172
0.00629873
-0.00492388
-0.00752166
-0.0024378
0.00892822
0.00488426
0.00421478
0.00611512
0.00535975
0.000321851
-0.00536182
0.016976
0.0145966
0.0138532
0.000303792
-0.0104515
-0.0119711
-0.0147027
-0.00894533
0.00819105
0.00923362
-0.0117971
-0.0741246
-0.0522231
0.005648
0.000642893
-0.00739643
-0.0210643
-0.0117517
0.000921082
0.00885839
-57.5876
-57.5197
0.159263
0.0561655
-1429.76
-1403.26
1.13679
0.75887
0.981862
0.805539
-0.00480045
310.186
149.9
342.679
331.662
110.307
97.9089
370.9
-0.000298105
0.00944968
-14.3063
-1094.1
-582.305
66.8211
167.858
93.143
-425.751
-615.149
28.4612
42.1972
-5.00386
20.194
0.626783
0.107856
0.740574
-33.0423
458.09
331553
-188721
-274584
-0.232707
-0.106903
-0.115635
-0.132288
-0.163446
-0.125173
-0.0525251
-0.0952996
-0.151833
-0.0153214
-3.81125e-06
-3.65565e-23
-1.05972e-23
-1.71281e-24
-4.35718e-24
-3.52958e-25
-2.13127e-25
-1.32698e-25
-4.42035e-26
-6.10453e-27
-2.64072e-28
-4.42196e-30
-1.86912e-30
-1.04523e-30
-6.58529e-31
-3.29715e-31
-1.21611e-31
-3.57013e-32
-9.20786e-33
-2.17223e-33
-4.78109e-34
-9.93139e-35
-1.96138e-35
-3.70202e-36
-6.70651e-37
-1.17093e-37
-1.9829e-38
-3.26704e-39
-5.16038e-40
-7.63388e-41
-1.0548e-41
-1.4367e-42
-1.98239e-43
-2.71988e-44
-4.08116e-45
-7.49714e-46
-1.60201e-46
-3.71758e-47
-8.71632e-48
-1.81425e-48
-3.42722e-49
-6.2782e-50
-1.31782e-50
-3.13994e-51
-7.90126e-52
-2.0094e-52
-5.18471e-53
-1.34692e-53
-3.37879e-54
-7.89022e-55
-1.67096e-55
-3.40735e-56
-7.44942e-57
-1.75174e-57
-4.26233e-58
-1.05988e-58
-2.61464e-59
-6.20286e-60
-1.56482e-60
-4.10036e-61
-1.01511e-61
-2.27848e-62
-4.86237e-63
-1.06616e-63
-2.57612e-64
-7.85299e-65
-3.01872e-65
-1.12812e-65
-3.81343e-66
-1.18569e-66
-3.25893e-67
-7.9952e-68
-1.81193e-68
-4.01624e-69
-9.04608e-70
-1.9295e-70
-3.7018e-71
-6.53092e-72
-1.23841e-72
-2.98545e-73
-7.93232e-74
-1.98012e-74
-5.01234e-75
-1.2861e-75
-3.26442e-76
-9.23961e-77
-2.71591e-77
-6.95893e-78
-1.53588e-78
-3.00527e-79
-5.52921e-80
-1.1584e-80
-2.98547e-81
-8.58262e-82
-2.56997e-82
-7.2965e-83
-1.82907e-83
-4.30292e-84
-1.01238e-84
-2.28452e-85
-5.02819e-86
-1.09401e-86
-2.34337e-87
-5.34352e-88
-1.29342e-88
-3.04228e-89
-7.1132e-90
-1.74312e-90
-4.03921e-91
-9.12692e-92
-2.03769e-92
-4.87724e-93
-1.16325e-93
-2.91056e-94
-7.54652e-95
-1.95523e-95
-4.92491e-96
-1.17865e-96
-2.587e-97
-5.23489e-98
-1.05731e-98
-2.16855e-99
-4.46778e-100
-8.95432e-101
-1.80789e-101
-3.75521e-102
-8.16509e-103
-1.85428e-103
-4.28343e-104
-9.09983e-105
-1.74041e-105
-3.03905e-106
-5.65537e-107
-1.19603e-107
-2.66981e-108
-5.67036e-109
-1.10734e-109
-2.10152e-110
-3.91278e-111
-7.94059e-112
-1.87727e-112
-4.89747e-113
-1.21596e-113
-2.71399e-114
-5.98745e-115
-1.36883e-115
-3.07372e-116
-6.86056e-117
-1.514e-117
-3.32199e-118
-6.38775e-119
-1.06101e-119
-1.68204e-120
-2.76103e-121
-4.53809e-122
-7.02241e-123
-9.96513e-124
-1.55767e-124
-2.7511e-125
-5.01956e-126
-8.90214e-127
-1.62304e-127
-3.45803e-128
-7.6974e-129
-1.53229e-129
-2.52148e-130
-3.95211e-131
-6.48713e-132
-1.17886e-132
-2.61676e-133
-6.98379e-134
-2.02716e-134
-5.47812e-135
-1.42053e-135
-3.86431e-136
-1.17537e-136
-3.74919e-137
-9.44459e-138
-5.60147e-138
-1.74894e-137
-2.99404e-137
-4.40282e-137
-5.9775e-137
-7.54932e-137
-8.64799e-137
-8.34278e-137
-5.67664e-137
-2.98023e-137
-9.06571e-137
-1.6997e-136
-9.73256e-137
-0.000725229
-0.00193838
-0.000716833
0.0175512
0.0161178
0.0151656
0.0133316
0.0108507
0.0097302
0.0094744
0.00881071
0.00873345
0.00855768
0.00871279
0.00825587
0.00675775
0.0043203
0.000793545
-0.00444517
-0.00231792
0.00691177
0.0152132
0.0168514
0.020875
0.0220762
0.0210458
0.0202908
0.0193908
0.0185532
0.0181059
0.0163224
0.012744
0.00873887
0.00525663
-0.00042082
0.00274518
0.0125749
0.0128658
0.012506
0.0149651
0.0170947
0.0190281
0.0190887
0.0165787
0.0118481
0.00663877
0.00267118
0.00269052
0.0115476
0.0138519
0.0140308
0.0157859
0.0167217
0.0174227
0.0220549
0.0238357
0.0214804
0.0193236
0.0142773
0.00886836
-0.00414522
-0.00435775
0.016953
0.0135958
0.0126312
0.00957073
0.00428682
-0.00413334
-0.00617333
-0.00145973
0.0108154
0.000717088
-0.00317581
-0.00838758
-0.0175842
-0.0202037
-0.0185244
-0.0114312
-0.00796774
-0.00664369
-0.00698521
-0.00547768
-0.0014059
0.00486013
0.00670256
0.014015
0.00944123
0.016839
0.00531944
0.000944012
-0.00100463
0.00120466
0.00512448
0.00605096
-0.000501778
-0.00323787
-0.00399932
-0.00567765
-0.0127338
-0.0207749
-0.0178902
-0.00863339
-0.00269618
-0.00378965
-0.00954635
-0.0127651
-0.0101854
-0.00448546
-0.000309742
0.0150618
0.0122927
0.0138024
0.0079024
0.00167972
-0.00404736
0.00017025
0.00423877
-6.00881e-05
-0.00290547
0.00386009
0.00802915
0.00556755
-0.00834582
-0.00598059
0.00415803
0.00785459
0.00449682
-0.00134076
-0.00894579
-0.0164772
-0.0112031
0.00554676
0.00969629
0.00649025
-0.00127075
0.00793986
0.0150128
0.0397561
0.0189834
0.0168702
0.0131477
0.0127818
0.00599742
-0.0074438
-0.0243785
-0.0124225
0.00391837
0.0227242
0.0273527
0.0139077
0.0258341
0.0163608
0.0283968
0.00245622
0.0134675
0.0276023
0.0287466
-0.00499529
0.0146078
-56.4896
-56.4224
0.0236211
0.0127783
-1429.47
-1402.92
1.16192
0.747301
0.998428
0.760108
-0.00653427
281.369
121.908
325.147
331.813
98.3324
116.567
381.911
0.000757631
0.0132501
-15.2302
-1082.06
-585.105
66.4801
167.869
91.4703
-439.347
-609.844
30.7524
40.2601
-4.83968
19.7908
0.712702
0.130945
0.778601
-34.3995
406.209
331562
-188610
-274597
-0.232713
-0.106906
-0.115637
-0.132287
-0.163443
-0.125172
-0.0525271
-0.0953046
-0.151838
-0.0153257
-3.81242e-06
-3.65565e-23
-1.37468e-23
-2.1986e-24
-4.35069e-24
-3.5224e-25
-2.12477e-25
-1.32882e-25
-4.42736e-26
-6.1042e-27
-2.63408e-28
-7.51876e-30
-4.0498e-30
-2.3317e-30
-1.36249e-30
-6.67176e-31
-2.37189e-31
-6.84531e-32
-1.74751e-32
-4.09226e-33
-8.95036e-34
-1.84691e-34
-3.61921e-35
-6.76834e-36
-1.21362e-36
-2.09458e-37
-3.49826e-38
-5.67406e-39
-8.86308e-40
-1.31859e-40
-1.89565e-41
-2.65395e-42
-3.68823e-43
-5.17784e-44
-7.83663e-45
-1.32603e-45
-2.42142e-46
-4.46484e-47
-8.51285e-48
-1.68344e-48
-3.44796e-49
-7.34583e-50
-1.59942e-50
-3.68822e-51
-8.91613e-52
-2.19787e-52
-5.46864e-53
-1.34466e-53
-3.24051e-54
-7.58317e-55
-1.70093e-55
-3.67277e-56
-7.92501e-57
-1.82413e-57
-4.92799e-58
-1.4166e-58
-4.0805e-59
-1.15029e-59
-3.18962e-60
-8.69271e-61
-2.25766e-61
-5.37639e-62
-1.1682e-62
-2.47319e-63
-5.56316e-64
-1.38922e-64
-3.7252e-65
-9.99211e-66
-2.57873e-66
-6.30598e-67
-1.50532e-67
-3.59698e-68
-8.65798e-69
-2.09085e-69
-5.098e-70
-1.27459e-70
-3.40253e-71
-9.53497e-72
-2.63878e-72
-6.98889e-73
-1.71684e-73
-3.96544e-74
-8.86916e-75
-2.09093e-75
-5.26827e-76
-1.31105e-76
-3.18775e-77
-7.9121e-78
-2.09136e-78
-6.16223e-79
-1.90629e-79
-5.70402e-80
-1.58671e-80
-3.97547e-81
-8.80019e-82
-1.78681e-82
-3.40203e-83
-6.35249e-84
-1.24258e-84
-2.62503e-85
-6.00359e-86
-1.41043e-86
-3.28665e-87
-7.83281e-88
-1.8682e-88
-4.24059e-89
-9.02996e-90
-1.83554e-90
-3.78108e-91
-7.97314e-92
-1.78761e-92
-4.20031e-93
-1.00118e-93
-2.18821e-94
-4.41428e-95
-8.4859e-96
-1.58094e-96
-2.93693e-97
-5.3393e-98
-9.61138e-99
-1.83766e-99
-3.8319e-100
-8.51673e-101
-2.14357e-101
-5.97464e-102
-1.58624e-102
-3.73454e-103
-8.08387e-104
-1.75255e-104
-3.89974e-105
-8.87804e-106
-2.11563e-106
-5.42545e-107
-1.41445e-107
-3.57913e-108
-8.7667e-109
-2.09329e-109
-4.68309e-110
-9.5877e-111
-1.79394e-111
-3.33103e-112
-6.19963e-113
-1.12059e-113
-1.9569e-114
-3.46226e-115
-6.42963e-116
-1.23905e-116
-2.40207e-117
-4.74167e-118
-9.22123e-119
-1.81444e-119
-3.39413e-120
-5.97865e-121
-1.08184e-121
-2.05931e-122
-3.89933e-123
-6.99387e-124
-1.25876e-124
-2.35993e-125
-4.76108e-126
-9.74672e-127
-2.04452e-127
-4.84822e-128
-1.25259e-128
-3.22167e-129
-8.10339e-130
-1.97635e-130
-4.60101e-131
-9.81243e-132
-1.95116e-132
-3.91933e-133
-8.28543e-134
-1.76354e-134
-3.67683e-135
-7.60104e-136
-1.80154e-136
-4.80768e-137
-6.49477e-138
-1.68357e-137
-3.52752e-137
-5.41635e-137
-7.53619e-137
-9.97542e-137
-1.25548e-136
-1.45049e-136
-1.413e-136
-9.64551e-137
-5.07236e-137
-1.55235e-136
-2.89731e-136
-1.65739e-136
)
;
        value           nonuniform List<scalar> 
800
(
0.0122401
0.0367203
0.0612005
0.0856807
0.110161
0.134641
0.159121
0.183601
0.208082
0.232562
0.257042
0.281522
0.306002
0.330483
0.354963
0.379444
0.403924
0.428404
0.452885
0.477365
0.501845
0.526325
0.550805
0.575285
0.599765
0.624245
0.648724
0.673204
0.697684
0.722164
0.746644
0.771124
0.795604
0.820084
0.844565
0.869045
0.893525
0.918005
0.942485
0.966965
0.991445
1.01592
1.04041
1.06489
1.08937
1.11385
1.13833
1.16281
1.18729
1.21177
1.23625
1.26073
1.28521
1.30969
1.33417
1.35865
1.38313
1.40761
1.43209
1.45657
1.48105
1.50553
1.53001
1.55449
1.57897
1.60345
1.62793
1.65241
1.67689
1.70137
1.72585
1.75033
1.77481
1.79929
1.82377
1.84825
1.87273
1.89721
1.92169
1.94617
1.97065
1.99513
2.01961
2.04409
2.06857
2.09305
2.11753
2.14201
2.16649
2.19097
2.21545
2.23993
2.26442
2.2889
2.31338
2.33786
2.36234
2.38682
2.4113
2.43578
2.46026
2.48474
2.50922
2.5337
2.55818
2.58266
2.60714
2.63162
2.6561
2.68058
2.70506
2.72954
2.75402
2.7785
2.80298
2.82746
2.85194
2.87642
2.9009
2.92538
2.94986
2.97434
2.99882
3.0233
3.04778
3.07226
3.09674
3.12122
3.1457
3.17018
3.19466
3.21914
3.24362
3.2681
3.29258
3.31706
3.34154
3.36602
3.39051
3.41499
3.43947
3.46395
3.48843
3.51291
3.53739
3.56187
3.58635
3.61083
3.63531
3.65979
3.68426
3.70874
3.73322
3.7577
3.78217
3.80663
3.83107
3.85544
3.87963
3.90609
3.92887
3.95149
3.97224
4.08632
4.04617
4.05142
4.079
4.10279
4.11501
4.14021
4.17985
4.19373
4.22414
4.24477
4.2609
4.27755
4.30057
4.30518
4.31389
4.3137
4.32574
4.3738
4.385
4.46683
4.43166
4.28799
4.24263
4.16131
4.05514
3.94836
3.83117
3.70157
3.54561
3.39357
3.91705
4.95702
13.6766
-12.5813
-5.97316
0.121287
0.142034
0.0887858
0.042196
0.021684
0.0133508
0.00949725
0.00770435
0.00691445
0.0065775
0.00642844
0.00635963
0.00632454
0.00630289
0.00628577
0.00626922
0.00625149
0.00623176
0.00620983
0.00618574
0.00615963
0.0061318
0.00610246
0.00607186
0.00604031
0.00600802
0.00597511
0.00594175
0.00590808
0.00587417
0.00584009
0.00580592
0.00577167
0.00573738
0.00570309
0.00566878
0.00563447
0.00560016
0.00556585
0.00553154
0.00549723
0.00546295
0.00542869
0.00539441
0.00536014
0.00532587
0.00529161
0.00525732
0.00522304
0.00518878
0.00515453
0.00512026
0.00508598
0.00505173
0.00501748
0.00498324
0.004949
0.00491476
0.00488053
0.00484631
0.00481209
0.00477786
0.00474363
0.0047094
0.00467516
0.0046409
0.00460664
0.00457236
0.00453809
0.00450381
0.00446951
0.0044352
0.00440091
0.00436663
0.00433235
0.00429806
0.00426378
0.00422951
0.00419526
0.004161
0.00412674
0.00409247
0.00405821
0.00402395
0.00398967
0.00395539
0.0039211
0.00388682
0.00385255
0.00381828
0.00378401
0.00374975
0.00371548
0.00368121
0.00364694
0.00361267
0.0035784
0.00354413
0.00350986
0.00347558
0.0034413
0.00340704
0.0033728
0.00333855
0.00330431
0.00327006
0.00323582
0.00320158
0.00316734
0.00313309
0.00309883
0.00306457
0.0030303
0.00299602
0.00296174
0.00292747
0.0028932
0.00285894
0.00282469
0.00279044
0.00275619
0.00272192
0.00268765
0.00265336
0.00261906
0.00258477
0.00255047
0.00251617
0.00248189
0.00244761
0.00241334
0.00237908
0.00234483
0.00231058
0.00227632
0.00224206
0.0022078
0.00217354
0.00213927
0.002105
0.00207075
0.00203651
0.00200228
0.00196806
0.00193383
0.00189959
0.00186535
0.00183111
0.00179688
0.00176265
0.00172842
0.00169418
0.00165995
0.00162571
0.00159149
0.00155727
0.00152305
0.00148883
0.0014546
0.00142037
0.00138613
0.0013519
0.00131768
0.00128347
0.00124926
0.00121504
0.00118081
0.00114657
0.00111233
0.0010781
0.00104388
0.00100967
0.000975468
0.000941262
0.00090705
0.000872832
0.000838611
0.000804388
0.000770165
0.000735939
0.000701709
0.000667474
0.000633237
0.000599002
0.000564772
0.000530549
0.000496331
0.000462118
0.000427904
0.000393688
0.00035947
0.00032525
0.000291029
0.000256807
0.000222583
0.000188354
0.000154121
0.000119885
8.56485e-05
5.14132e-05
1.71566e-05
0.0122402
0.0367205
0.0612007
0.0856814
0.110161
0.134642
0.159122
0.183602
0.208082
0.232562
0.257042
0.281522
0.306003
0.330483
0.354963
0.379443
0.403923
0.428403
0.452883
0.477363
0.501843
0.526323
0.550803
0.575283
0.599763
0.624243
0.648723
0.673204
0.697684
0.722164
0.746644
0.771124
0.795604
0.820084
0.844564
0.869045
0.893525
0.918006
0.942486
0.966966
0.991447
1.01593
1.04041
1.06489
1.08937
1.11385
1.13833
1.16281
1.18729
1.21177
1.23625
1.26073
1.28521
1.30969
1.33417
1.35865
1.38313
1.40761
1.43209
1.45657
1.48105
1.50553
1.53001
1.55449
1.57897
1.60345
1.62793
1.65241
1.67689
1.70137
1.72585
1.75033
1.77481
1.79929
1.82377
1.84825
1.87273
1.89721
1.92169
1.94617
1.97065
1.99513
2.01961
2.04409
2.06857
2.09305
2.11753
2.14201
2.16649
2.19097
2.21545
2.23994
2.26442
2.2889
2.31338
2.33786
2.36234
2.38682
2.4113
2.43578
2.46026
2.48474
2.50922
2.5337
2.55818
2.58266
2.60714
2.63162
2.6561
2.68058
2.70506
2.72954
2.75402
2.7785
2.80298
2.82746
2.85194
2.87642
2.9009
2.92538
2.94986
2.97434
2.99882
3.0233
3.04778
3.07226
3.09674
3.12122
3.1457
3.17018
3.19466
3.21914
3.24362
3.2681
3.29258
3.31706
3.34154
3.36602
3.39051
3.41499
3.43947
3.46395
3.48843
3.51291
3.53739
3.56186
3.58634
3.61082
3.6353
3.65978
3.68426
3.70874
3.73322
3.75769
3.78216
3.80662
3.83106
3.85543
3.87962
3.90605
3.92882
3.95146
3.97221
4.08616
4.04617
4.05137
4.07894
4.10272
4.11491
4.14006
4.17908
4.19288
4.22355
4.24466
4.26041
4.27779
4.30058
4.30484
4.31349
4.31327
4.32522
4.37375
4.38418
4.46637
4.43143
4.28806
4.24213
4.16098
4.05479
3.94797
3.83051
3.70068
3.54438
3.39205
3.91542
4.95172
13.6784
-12.5768
-5.97333
0.121277
0.142057
0.0887988
0.0421981
0.0216808
0.0133435
0.00948602
0.00769032
0.00689943
0.00656331
0.00641641
0.00635048
0.00631843
0.00629953
0.00628464
0.00626978
0.00625321
0.00623425
0.00621276
0.00618884
0.00616275
0.0061348
0.00610529
0.00607452
0.00604275
0.00601021
0.00597709
0.00594354
0.00590966
0.00587556
0.00584132
0.00580701
0.00577263
0.00573823
0.00570382
0.00566941
0.00563502
0.00560063
0.00556627
0.00553193
0.0054976
0.00546329
0.00542899
0.00539469
0.0053604
0.00532613
0.00529186
0.00525758
0.00522329
0.005189
0.00515471
0.00512042
0.00508613
0.00505184
0.00501756
0.00498328
0.004949
0.00491473
0.00488046
0.00484621
0.00481196
0.00477771
0.00474345
0.00470919
0.00467494
0.00464069
0.00460644
0.00457218
0.00453791
0.00450363
0.00446936
0.00443509
0.00440083
0.00436658
0.00433233
0.00429807
0.00426382
0.00422957
0.00419531
0.00416105
0.00412678
0.0040925
0.00405821
0.00402393
0.00398964
0.00395536
0.00392108
0.0038868
0.00385253
0.00381825
0.00378399
0.00374972
0.00371546
0.0036812
0.00364693
0.00361265
0.00357837
0.00354408
0.0035098
0.00347553
0.00344127
0.00340702
0.00337278
0.00333853
0.00330429
0.00327005
0.0032358
0.00320155
0.00316729
0.00313301
0.00309874
0.00306447
0.00303021
0.00299595
0.0029617
0.00292744
0.00289318
0.00285891
0.00282465
0.00279039
0.00275613
0.00272187
0.0026876
0.00265332
0.00261903
0.00258475
0.00255047
0.00251619
0.00248192
0.00244764
0.00241337
0.0023791
0.00234483
0.00231058
0.00227632
0.00224207
0.00220782
0.00217358
0.00213933
0.0021051
0.00207086
0.00203664
0.00200241
0.00196819
0.00193396
0.00189973
0.0018655
0.00183127
0.00179704
0.0017628
0.00172857
0.00169434
0.00166012
0.0016259
0.00159168
0.00155746
0.00152324
0.00148901
0.00145477
0.00142053
0.00138628
0.00135203
0.00131777
0.00128352
0.00124926
0.00121501
0.00118077
0.00114654
0.00111231
0.00107809
0.00104387
0.00100965
0.000975419
0.000941189
0.000906959
0.00087273
0.000838503
0.000804276
0.000770049
0.000735823
0.000701601
0.000667385
0.000633179
0.000598982
0.000564791
0.0005306
0.000496401
0.000462192
0.00042797
0.000393739
0.000359504
0.000325272
0.000291047
0.000256828
0.000222613
0.000188398
0.000154177
0.000119947
8.57054e-05
5.14529e-05
1.71701e-05
)
;
    }
    frontAndBack
    {
        type            empty;
    }
}


// ************************************************************************* //
