/*--------------------------------*- C++ -*----------------------------------*\
| =========                 |                                                 |
| \\      /  F ield         | OpenFOAM: The Open Source CFD Toolbox           |
|  \\    /   O peration     | Version:  5.x                                   |
|   \\  /    A nd           | Web:      www.OpenFOAM.org                      |
|    \\/     M anipulation  |                                                 |
\*---------------------------------------------------------------------------*/
FoamFile
{
    version     2.0;
    format      ascii;
    class       volVectorField;
    location    "0.2";
    object      U;
}
// * * * * * * * * * * * * * * * * * * * * * * * * * * * * * * * * * * * * * //

dimensions      [0 1 -1 0 0 0 0];

internalField   nonuniform List<vector> 
2268
(
(0.00413571 -0.0054315 0)
(0.0494476 -0.0152008 0)
(0.122081 -0.0170845 0)
(0.194068 -0.0158416 0)
(0.258864 -0.0144753 0)
(0.318377 -0.0138046 0)
(0.37632 -0.0137257 0)
(0.434931 -0.0139471 0)
(0.494787 -0.0142083 0)
(0.555549 -0.0143247 0)
(0.61633 -0.0141647 0)
(0.675736 -0.0136052 0)
(0.731799 -0.012493 0)
(0.781796 -0.0106281 0)
(0.821861 -0.00764614 0)
(0.846863 -0.00243015 0)
(0.844678 0.00856903 0)
(0.791141 0.0274625 0)
(0.664196 0.053605 0)
(0.441656 0.0794712 0)
(0.134093 0.0823215 0)
(-0.228531 -0.0198758 0)
(-0.168175 -0.152944 0)
(0.00435392 -0.0165452 0)
(0.0502222 -0.0457185 0)
(0.12304 -0.0513917 0)
(0.194863 -0.0477543 0)
(0.259513 -0.0436819 0)
(0.319102 -0.0416799 0)
(0.37729 -0.0414674 0)
(0.436231 -0.0421549 0)
(0.496468 -0.0429571 0)
(0.557669 -0.0433316 0)
(0.61898 -0.0428917 0)
(0.679059 -0.0412652 0)
(0.735986 -0.0379929 0)
(0.78714 -0.0324525 0)
(0.829085 -0.0237025 0)
(0.857192 -0.00976075 0)
(0.871266 0.0130083 0)
(0.876456 0.0492969 0)
(0.8628 0.102261 0)
(0.788817 0.168695 0)
(0.59678 0.216384 0)
(0.205867 0.163036 0)
(0.136433 -0.0896029 0)
(0.00472445 -0.0279528 0)
(0.0511772 -0.0761423 0)
(0.123754 -0.0854806 0)
(0.194783 -0.0794709 0)
(0.258717 -0.0727267 0)
(0.318001 -0.0694577 0)
(0.37622 -0.0691895 0)
(0.43538 -0.070397 0)
(0.495958 -0.0717737 0)
(0.55762 -0.0724461 0)
(0.619565 -0.0717926 0)
(0.680528 -0.0691994 0)
(0.738701 -0.0639081 0)
(0.791603 -0.0548985 0)
(0.83599 -0.0407878 0)
(0.867549 -0.0197545 0)
(0.881155 0.00976276 0)
(0.872678 0.0526982 0)
(0.847386 0.116228 0)
(0.812887 0.207483 0)
(0.764364 0.301887 0)
(0.519529 0.29492 0)
(0.294408 0.0511342 0)
(0.00532162 -0.03975 0)
(0.0526104 -0.106534 0)
(0.12477 -0.119241 0)
(0.194696 -0.110815 0)
(0.25768 -0.101525 0)
(0.316589 -0.0971674 0)
(0.374913 -0.0969936 0)
(0.43445 -0.098818 0)
(0.495577 -0.100841 0)
(0.557969 -0.101897 0)
(0.620897 -0.101154 0)
(0.683209 -0.0977722 0)
(0.743263 -0.0907105 0)
(0.798777 -0.0785859 0)
(0.846645 -0.0595859 0)
(0.882663 -0.0315487 0)
(0.902179 0.00823255 0)
(0.899277 0.0627518 0)
(0.870502 0.135045 0)
(0.813172 0.229596 0)
(0.772822 0.3482 0)
(0.632048 0.403094 0)
(0.378275 0.261834 0)
(0.00617854 -0.0521117 0)
(0.0545031 -0.136926 0)
(0.125996 -0.152511 0)
(0.19449 -0.141598 0)
(0.256314 -0.129979 0)
(0.3148 -0.124803 0)
(0.373292 -0.124921 0)
(0.433324 -0.127484 0)
(0.495147 -0.130249 0)
(0.558458 -0.131808 0)
(0.622628 -0.131147 0)
(0.686664 -0.127229 0)
(0.749148 -0.118748 0)
(0.808038 -0.103946 0)
(0.860402 -0.0805329 0)
(0.902119 -0.0457975 0)
(0.928597 0.00317907 0)
(0.93433 0.0693787 0)
(0.914715 0.155374 0)
(0.855184 0.258572 0)
(0.776185 0.387234 0)
(0.65339 0.503902 0)
(0.410111 0.494375 0)
(0.00736897 -0.0653245 0)
(0.0567936 -0.1673 0)
(0.127293 -0.185155 0)
(0.194037 -0.171701 0)
(0.254532 -0.158049 0)
(0.312567 -0.152393 0)
(0.37127 -0.153035 0)
(0.431854 -0.15647 0)
(0.49444 -0.160089 0)
(0.558767 -0.162305 0)
(0.624343 -0.161961 0)
(0.69039 -0.157855 0)
(0.75577 -0.148444 0)
(0.818692 -0.131578 0)
(0.876403 -0.104426 0)
(0.924922 -0.063743 0)
(0.959682 -0.00622105 0)
(0.975229 0.0712799 0)
(0.96606 0.171829 0)
(0.919299 0.293428 0)
(0.822399 0.437969 0)
(0.671581 0.608827 0)
(0.416666 0.739299 0)
(0.00891455 -0.0794292 0)
(0.0593278 -0.197586 0)
(0.128482 -0.217122 0)
(0.193216 -0.201117 0)
(0.25227 -0.185741 0)
(0.309838 -0.179935 0)
(0.368764 -0.181315 0)
(0.4299 -0.18574 0)
(0.493245 -0.190309 0)
(0.558611 -0.193321 0)
(0.625683 -0.193523 0)
(0.69396 -0.189586 0)
(0.762605 -0.179739 0)
(0.830071 -0.161424 0)
(0.893817 -0.13128 0)
(0.950144 -0.085575 0)
(0.994747 -0.0208274 0)
(1.02202 0.0669885 0)
(1.0252 0.181726 0)
(0.993777 0.325686 0)
(0.90587 0.498833 0)
(0.734065 0.71406 0)
(0.463406 0.982436 0)
(0.0107045 -0.0944095 0)
(0.0618745 -0.227884 0)
(0.129372 -0.248382 0)
(0.19197 -0.229846 0)
(0.249559 -0.213102 0)
(0.306649 -0.207462 0)
(0.365765 -0.209756 0)
(0.427398 -0.215254 0)
(0.491446 -0.220846 0)
(0.557826 -0.224765 0)
(0.626451 -0.225705 0)
(0.697131 -0.222234 0)
(0.769326 -0.2123 0)
(0.841754 -0.192868 0)
(0.912187 -0.160084 0)
(0.977272 -0.109879 0)
(1.03308 -0.0384214 0)
(1.07394 0.0586371 0)
(1.09284 0.186253 0)
(1.08001 0.350814 0)
(1.01292 0.560298 0)
(0.859153 0.831249 0)
(0.453174 1.29612 0)
(-0.00069452 -0.00303183 0)
(0.00893115 -0.000386249 0)
(0.00850904 0.000739465 0)
(0.0101211 -0.00058448 0)
(0.0196233 -0.00150493 0)
(0.0295757 -0.00191994 0)
(0.0402303 -0.00178942 0)
(0.0490626 -0.00140809 0)
(0.0554533 -0.000948366 0)
(0.0589862 -0.000429987 0)
(0.0597495 0.000136982 0)
(0.0580164 0.000561112 0)
(0.0541562 0.000954147 0)
(0.0484725 0.0012151 0)
(0.0413677 0.00150339 0)
(0.0332138 0.00164687 0)
(0.0242071 0.0017893 0)
(0.0147095 0.00188526 0)
(0.00489684 0.00194749 0)
(-0.0206913 -0.00100676 0)
(-0.0102588 -0.00236232 0)
(-0.00316472 -0.00129629 0)
(0.00526306 -0.00478203 0)
(0.0191788 -0.00642492 0)
(0.0317486 -0.00727303 0)
(0.0446638 -0.00667037 0)
(0.0553658 -0.00521539 0)
(0.0629899 -0.00340753 0)
(0.0672236 -0.00151793 0)
(0.0681746 0.000367124 0)
(0.0662316 0.00186978 0)
(0.0618475 0.00320637 0)
(0.0553787 0.00419794 0)
(0.0472774 0.00510167 0)
(0.0379367 0.00567173 0)
(0.0276747 0.00613823 0)
(0.016801 0.00643057 0)
(0.0055474 0.00649687 0)
(-0.0216551 0.00520824 0)
(-0.00836096 -0.00543693 0)
(-0.00135005 -0.00441063 0)
(0.00509381 -0.0100032 0)
(0.0188782 -0.0118204 0)
(0.0314984 -0.0129619 0)
(0.0446304 -0.0117701 0)
(0.0553009 -0.00916951 0)
(0.0628288 -0.00591215 0)
(0.0669871 -0.00254858 0)
(0.0678469 0.000634101 0)
(0.0658366 0.00329009 0)
(0.0614429 0.00558932 0)
(0.0549966 0.00737736 0)
(0.046939 0.00885689 0)
(0.0376523 0.00990797 0)
(0.0274754 0.0107074 0)
(0.0166854 0.0111658 0)
(0.00550831 0.0113041 0)
(-0.0228337 0.0117506 0)
(-0.0131399 -0.00740536 0)
(-0.00318458 -0.00650081 0)
(0.00268198 -0.0146792 0)
(0.0179553 -0.0172367 0)
(0.0313081 -0.0188118 0)
(0.0453418 -0.0169146 0)
(0.0564695 -0.013061 0)
(0.0641425 -0.00836919 0)
(0.0682484 -0.00354236 0)
(0.0689173 0.000867349 0)
(0.0666894 0.00472118 0)
(0.0620931 0.00795601 0)
(0.0554725 0.0105148 0)
(0.0472798 0.0125386 0)
(0.0378848 0.0140687 0)
(0.0276249 0.0151907 0)
(0.0167625 0.0158262 0)
(0.00553682 0.0160023 0)
(-0.0306491 0.0154144 0)
(-0.0242461 -0.0106114 0)
(-0.00708401 -0.00997386 0)
(-0.00125704 -0.0201155 0)
(0.0166975 -0.0232532 0)
(0.0311928 -0.0251988 0)
(0.0465243 -0.0224897 0)
(0.0583348 -0.0171608 0)
(0.0662426 -0.0109055 0)
(0.0702771 -0.00450611 0)
(0.0707478 0.0012275 0)
(0.0682721 0.00629649 0)
(0.0633819 0.0103889 0)
(0.0564835 0.013744 0)
(0.0480645 0.0163038 0)
(0.0384762 0.0183117 0)
(0.0280214 0.0197123 0)
(0.0169892 0.0205546 0)
(0.00561402 0.020771 0)
(-0.0377118 0.0317589 0)
(-0.0336852 -0.00795367 0)
(-0.012884 -0.0153886 0)
(-0.00850716 -0.0262966 0)
(0.0143535 -0.0301486 0)
(0.0309426 -0.0321813 0)
(0.0480839 -0.0284872 0)
(0.0607702 -0.021459 0)
(0.0689748 -0.0134451 0)
(0.0729438 -0.00536824 0)
(0.0731259 0.0017785 0)
(0.070271 0.00800091 0)
(0.0650144 0.0129814 0)
(0.0577975 0.0170612 0)
(0.0490772 0.0202322 0)
(0.0392317 0.0226244 0)
(0.0285294 0.0243252 0)
(0.0172893 0.0253683 0)
(0.00571199 0.0256116 0)
(-0.0564185 0.0323056 0)
(-0.0461566 -0.0145335 0)
(-0.0258869 -0.0203081 0)
(-0.0212098 -0.0351405 0)
(0.00943106 -0.0390504 0)
(0.0301294 -0.0403207 0)
(0.0499113 -0.0351491 0)
(0.0637568 -0.0260623 0)
(0.0723061 -0.0159472 0)
(0.0761716 -0.00613769 0)
(0.0759887 0.0024675 0)
(0.0726885 0.00981732 0)
(0.0669659 0.0157702 0)
(0.0593697 0.0205558 0)
(0.0502869 0.0242555 0)
(0.0401185 0.0270601 0)
(0.0291449 0.0290457 0)
(0.0176431 0.0302612 0)
(0.00582614 0.0305508 0)
(-0.0462755 0.0683683 0)
(-0.0827616 0.00440284 0)
(-0.0379253 -0.0291983 0)
(-0.0359038 -0.043345 0)
(0.00370336 -0.0509816 0)
(0.0296297 -0.0500633 0)
(0.0525462 -0.0426423 0)
(0.0676605 -0.0310891 0)
(0.0764241 -0.0184927 0)
(0.0800178 -0.00685698 0)
(0.0793581 0.00329798 0)
(0.0755316 0.011765 0)
(0.0692862 0.0186756 0)
(0.0611912 0.0241911 0)
(0.0516927 0.0283849 0)
(0.0411651 0.0316176 0)
(0.0298438 0.0338684 0)
(0.0180606 0.0352714 0)
(0.00596933 0.0355956 0)
(0.0134799 -0.12043 0)
(0.06544 -0.275208 0)
(0.12998 -0.295045 0)
(0.189202 -0.272786 0)
(0.244626 -0.255104 0)
(0.300983 -0.250634 0)
(0.360237 -0.254808 0)
(0.422411 -0.262262 0)
(0.487356 -0.269803 0)
(0.555239 -0.275715 0)
(0.626432 -0.278736 0)
(0.701278 -0.277261 0)
(0.779787 -0.268758 0)
(0.861417 -0.249528 0)
(0.944644 -0.214885 0)
(1.0263 -0.159757 0)
(1.1026 -0.0794133 0)
(1.16712 0.0312885 0)
(1.21337 0.178163 0)
(1.2384 0.368283 0)
(1.21441 0.621099 0)
(1.22153 0.918588 0)
(1.0861 1.53776 0)
(0.0171071 -0.158692 0)
(0.0699348 -0.338198 0)
(0.13013 -0.354672 0)
(0.184587 -0.327921 0)
(0.237246 -0.310562 0)
(0.292697 -0.308853 0)
(0.351928 -0.316182 0)
(0.414483 -0.326697 0)
(0.480321 -0.337443 0)
(0.550069 -0.347056 0)
(0.624881 -0.354505 0)
(0.705858 -0.357923 0)
(0.794059 -0.35458 0)
(0.890633 -0.340296 0)
(0.995218 -0.308402 0)
(1.10415 -0.251224 0)
(1.21324 -0.162894 0)
(1.31668 -0.0348105 0)
(1.40523 0.137185 0)
(1.47992 0.370853 0)
(1.52 0.663162 0)
(1.58833 0.94973 0)
(1.63089 1.36094 0)
(0.0207737 -0.201526 0)
(0.0735511 -0.398405 0)
(0.128561 -0.408576 0)
(0.178096 -0.378855 0)
(0.228191 -0.364047 0)
(0.282559 -0.366368 0)
(0.341087 -0.377377 0)
(0.4031 -0.391364 0)
(0.468801 -0.406125 0)
(0.539503 -0.421028 0)
(0.617146 -0.435285 0)
(0.703198 -0.447125 0)
(0.800194 -0.455058 0)
(0.912182 -0.453536 0)
(1.04056 -0.431117 0)
(1.17988 -0.378698 0)
(1.32683 -0.294089 0)
(1.47073 -0.160523 0)
(1.61195 0.0182516 0)
(1.74331 0.222758 0)
(1.81343 0.482921 0)
(1.83109 0.797181 0)
(1.86465 1.13234 0)
(0.0241058 -0.248105 0)
(0.075753 -0.455119 0)
(0.125067 -0.457098 0)
(0.169958 -0.426412 0)
(0.217715 -0.415877 0)
(0.270562 -0.422719 0)
(0.327514 -0.437438 0)
(0.387922 -0.455077 0)
(0.452262 -0.474661 0)
(0.522615 -0.496239 0)
(0.600606 -0.519174 0)
(0.687103 -0.542662 0)
(0.787441 -0.566965 0)
(0.910793 -0.583643 0)
(1.05925 -0.57849 0)
(1.22188 -0.546931 0)
(1.39261 -0.503031 0)
(1.56517 -0.414003 0)
(1.6893 -0.264906 0)
(1.76527 0.0487285 0)
(1.8432 0.435423 0)
(1.87422 0.766611 0)
(1.89204 1.04428 0)
(0.02687 -0.297507 0)
(0.0763613 -0.507197 0)
(0.11972 -0.500065 0)
(0.160457 -0.470685 0)
(0.205965 -0.465623 0)
(0.256635 -0.476996 0)
(0.311048 -0.495255 0)
(0.368463 -0.516698 0)
(0.429595 -0.541642 0)
(0.496337 -0.569905 0)
(0.567719 -0.601167 0)
(0.645444 -0.634868 0)
(0.740763 -0.67738 0)
(0.868663 -0.724729 0)
(1.02503 -0.757056 0)
(1.18384 -0.750199 0)
(1.32095 -0.715917 0)
(1.42788 -0.504412 0)
(1.55065 -0.179082 0)
(1.66138 0.100591 0)
(1.71634 0.432958 0)
(1.78113 0.785025 0)
(1.84032 1.04103 0)
(0.0289881 -0.348912 0)
(0.0754992 -0.55415 0)
(0.112763 -0.538148 0)
(0.149899 -0.512301 0)
(0.192964 -0.51322 0)
(0.240441 -0.528639 0)
(0.290806 -0.549861 0)
(0.342622 -0.57455 0)
(0.396947 -0.603229 0)
(0.45335 -0.634583 0)
(0.509855 -0.668998 0)
(0.574306 -0.70908 0)
(0.664503 -0.788785 0)
(0.79772 -0.894864 0)
(0.960896 -0.948516 0)
(1.10179 -0.895927 0)
(1.22762 -0.778114 0)
(1.32996 -0.582669 0)
(1.4501 -0.165384 0)
(1.59013 0.132854 0)
(1.66235 0.5083 0)
(1.727 0.815628 0)
(1.7877 1.01408 0)
(0.0305955 -0.401672 0)
(0.0732992 -0.595582 0)
(0.104004 -0.572 0)
(0.137755 -0.551414 0)
(0.177417 -0.557774 0)
(0.219699 -0.57578 0)
(0.263122 -0.598127 0)
(0.305354 -0.623448 0)
(0.348565 -0.651422 0)
(0.390748 -0.68207 0)
(0.438435 -0.719063 0)
(0.504956 -0.785527 0)
(0.621421 -0.940067 0)
(0.796473 -1.08524 0)
(0.979883 -1.09096 0)
(1.15852 -0.998547 0)
(1.35907 -0.792084 0)
(1.43835 -0.561181 0)
(1.36796 -0.334285 0)
(1.31677 -0.180101 0)
(1.49376 0.199705 0)
(1.72851 0.701224 0)
(1.80928 0.97953 0)
(0.0318822 -0.453629 0)
(0.0694493 -0.6287 0)
(0.0920811 -0.599758 0)
(0.122018 -0.585463 0)
(0.156209 -0.595369 0)
(0.19062 -0.613466 0)
(0.22453 -0.634596 0)
(0.25668 -0.658343 0)
(0.293352 -0.686904 0)
(0.338636 -0.726839 0)
(0.418796 -0.791514 0)
(0.560073 -0.924664 0)
(0.779491 -1.13471 0)
(1.02575 -1.24668 0)
(1.13373 -1.17109 0)
(1.2276 -1.13287 0)
(1.36644 -0.913112 0)
(1.23068 -0.554136 0)
(1.00552 -0.23764 0)
(0.932976 -0.122144 0)
(1.06334 0.00189729 0)
(1.39563 0.449091 0)
(1.60319 0.887449 0)
(0.0340043 -0.504451 0)
(0.0645952 -0.651174 0)
(0.075535 -0.620408 0)
(0.101692 -0.613856 0)
(0.129818 -0.625532 0)
(0.158167 -0.642997 0)
(0.189695 -0.664835 0)
(0.229643 -0.695276 0)
(0.295944 -0.743197 0)
(0.419123 -0.827681 0)
(0.613787 -0.961557 0)
(0.968562 -1.15267 0)
(1.24233 -1.34582 0)
(1.28592 -1.31126 0)
(1.11553 -1.24396 0)
(0.975355 -1.20552 0)
(1.07499 -0.861214 0)
(0.907777 -0.295392 0)
(0.701576 -0.106687 0)
(0.660919 -0.214183 0)
(0.673297 -0.205382 0)
(0.920102 0.212728 0)
(1.16922 0.702476 0)
(0.0392949 -0.560102 0)
(0.0638155 -0.669304 0)
(0.0603433 -0.642161 0)
(0.08853 -0.645946 0)
(0.121408 -0.660548 0)
(0.165202 -0.682945 0)
(0.234091 -0.7204 0)
(0.338904 -0.781485 0)
(0.519612 -0.895188 0)
(0.853594 -1.06408 0)
(1.1749 -1.30718 0)
(1.35747 -1.43014 0)
(1.41635 -1.45524 0)
(1.3006 -1.13161 0)
(0.950313 -1.09033 0)
(0.7509 -1.10376 0)
(0.772446 -0.784414 0)
(0.683949 -0.154906 0)
(0.536692 -0.0386089 0)
(0.461298 -0.193745 0)
(0.385155 -0.247953 0)
(0.522544 0.0317476 0)
(0.774747 0.413462 0)
(0.0438584 -0.62135 0)
(0.079874 -0.686688 0)
(0.0806614 -0.666337 0)
(0.131398 -0.688121 0)
(0.205115 -0.716815 0)
(0.322938 -0.77147 0)
(0.548655 -0.876598 0)
(0.74461 -0.979839 0)
(0.975501 -1.21516 0)
(1.17888 -1.3642 0)
(1.36881 -1.50184 0)
(1.48847 -1.49999 0)
(1.46759 -1.30591 0)
(1.32461 -0.821711 0)
(0.88148 -0.865792 0)
(0.675029 -0.963827 0)
(0.627547 -0.691925 0)
(0.533566 -0.0681439 0)
(0.393898 0.0428294 0)
(0.313328 -0.130332 0)
(0.233709 -0.239389 0)
(0.297286 -0.148157 0)
(0.525559 0.0620155 0)
(0.0296099 -0.700062 0)
(0.113479 -0.704293 0)
(0.193712 -0.695395 0)
(0.278635 -0.756912 0)
(0.386966 -0.829525 0)
(0.501607 -0.962534 0)
(0.627016 -1.04687 0)
(0.775673 -1.18751 0)
(0.939109 -1.37321 0)
(1.10847 -1.54402 0)
(1.28488 -1.6335 0)
(1.38187 -1.53267 0)
(1.34843 -1.19995 0)
(1.2699 -0.562876 0)
(0.882746 -0.572257 0)
(0.619038 -0.789529 0)
(0.532669 -0.548492 0)
(0.402679 0.048093 0)
(0.238596 0.117819 0)
(0.195181 -0.0681906 0)
(0.149372 -0.212405 0)
(0.195733 -0.25591 0)
(0.364772 -0.210489 0)
(0.0181699 -0.740202 0)
(0.0718872 -0.753206 0)
(0.166056 -0.792973 0)
(0.248292 -0.858826 0)
(0.326175 -0.940725 0)
(0.407791 -1.04923 0)
(0.49366 -1.17135 0)
(0.593434 -1.32796 0)
(0.725425 -1.53232 0)
(0.88247 -1.727 0)
(1.03523 -1.77378 0)
(1.04785 -1.5749 0)
(0.991701 -1.13177 0)
(1.00064 -0.386962 0)
(0.759865 -0.343083 0)
(0.506777 -0.604261 0)
(0.395303 -0.35413 0)
(0.20024 0.217363 0)
(0.0548614 0.168324 0)
(0.0608205 -0.0397117 0)
(0.0427207 -0.211684 0)
(0.0988357 -0.34817 0)
(0.233308 -0.425145 0)
(0.0219046 -0.7863 0)
(0.0663281 -0.871851 0)
(0.122237 -0.880177 0)
(0.178051 -0.930405 0)
(0.228747 -1.01003 0)
(0.277765 -1.11424 0)
(0.32699 -1.24691 0)
(0.391092 -1.43203 0)
(0.479184 -1.67304 0)
(0.575127 -1.86358 0)
(0.620093 -1.83206 0)
(0.552002 -1.54068 0)
(0.47286 -1.04994 0)
(0.554054 -0.328554 0)
(0.516497 -0.246958 0)
(0.318519 -0.436938 0)
(0.166382 -0.145763 0)
(-0.138785 0.397926 0)
(-0.136222 0.186077 0)
(-0.117874 -0.035908 0)
(-0.109729 -0.231077 0)
(-0.0665467 -0.429688 0)
(0.00774068 -0.582346 0)
(0.0226648 -0.829541 0)
(0.0513329 -0.907231 0)
(0.0749657 -0.918917 0)
(0.10609 -0.968931 0)
(0.131622 -1.04444 0)
(0.150806 -1.14462 0)
(0.161994 -1.27984 0)
(0.178192 -1.48064 0)
(0.182976 -1.72634 0)
(0.166995 -1.87492 0)
(0.0997744 -1.77753 0)
(-0.000183194 -1.4548 0)
(-0.0423838 -0.994808 0)
(0.106271 -0.337992 0)
(0.149299 -0.271072 0)
(0.00344932 -0.23339 0)
(-0.322764 0.214407 0)
(-0.444197 0.440731 0)
(-0.345012 0.151988 0)
(-0.31505 -0.0479871 0)
(-0.29992 -0.243167 0)
(-0.297421 -0.453148 0)
(-0.32459 -0.627998 0)
(0.0153435 -0.862384 0)
(0.0275293 -0.917809 0)
(0.032821 -0.937006 0)
(0.0428721 -0.984215 0)
(0.0443326 -1.05162 0)
(0.034278 -1.14059 0)
(0.00724232 -1.26476 0)
(-0.0345434 -1.44924 0)
(-0.12344 -1.66397 0)
(-0.246995 -1.7779 0)
(-0.378523 -1.68606 0)
(-0.492601 -1.40168 0)
(-0.487044 -0.993333 0)
(-0.340126 -0.527021 0)
(-0.382173 -0.258306 0)
(-0.49676 0.0869533 0)
(-0.757813 0.402531 0)
(-0.651523 0.331386 0)
(-0.531998 0.0849867 0)
(-0.494615 -0.0675178 0)
(-0.484806 -0.23054 0)
(-0.519453 -0.406512 0)
(-0.610545 -0.582478 0)
(0.00555965 -0.878113 0)
(0.00415628 -0.915093 0)
(-0.00267441 -0.937702 0)
(-0.0107002 -0.978047 0)
(-0.0292891 -1.03341 0)
(-0.0631487 -1.10486 0)
(-0.117321 -1.20306 0)
(-0.205763 -1.34596 0)
(-0.359496 -1.51447 0)
(-0.554867 -1.61745 0)
(-0.74321 -1.57076 0)
(-0.897919 -1.32825 0)
(-0.949564 -0.895953 0)
(-0.971483 -0.435982 0)
(-1.09477 -0.104966 0)
(-1.07531 0.201635 0)
(-0.986124 0.333059 0)
(-0.782095 0.151361 0)
(-0.67551 0.0152782 0)
(-0.634023 -0.0878868 0)
(-0.630282 -0.205548 0)
(-0.677971 -0.328522 0)
(-0.787133 -0.462783 0)
(-0.00298639 -0.875366 0)
(-0.0149847 -0.903934 0)
(-0.0316059 -0.923781 0)
(-0.0537109 -0.955598 0)
(-0.086 -0.997805 0)
(-0.133805 -1.04922 0)
(-0.202104 -1.11352 0)
(-0.308125 -1.20564 0)
(-0.479298 -1.32206 0)
(-0.706127 -1.40147 0)
(-0.948579 -1.36962 0)
(-1.16782 -1.18977 0)
(-1.31929 -0.862289 0)
(-1.37707 -0.455563 0)
(-1.34536 -0.103564 0)
(-1.21601 0.0872583 0)
(-1.0118 0.0889499 0)
(-0.838868 -0.00789232 0)
(-0.762712 -0.0462444 0)
(-0.724848 -0.107434 0)
(-0.727695 -0.179641 0)
(-0.776702 -0.251312 0)
(-0.878969 -0.322685 0)
(-0.00861279 -0.86048 0)
(-0.029572 -0.883938 0)
(-0.0544462 -0.899362 0)
(-0.0854947 -0.922713 0)
(-0.125935 -0.952595 0)
(-0.179879 -0.986234 0)
(-0.250335 -1.022 0)
(-0.348711 -1.06816 0)
(-0.499854 -1.12831 0)
(-0.70921 -1.16786 0)
(-0.943247 -1.12937 0)
(-1.15138 -0.976625 0)
(-1.28694 -0.727364 0)
(-1.31895 -0.458107 0)
(-1.24502 -0.248555 0)
(-1.09654 -0.135855 0)
(-0.940901 -0.110687 0)
(-0.844069 -0.104712 0)
(-0.795359 -0.0952481 0)
(-0.769058 -0.122342 0)
(-0.778807 -0.154535 0)
(-0.824558 -0.183981 0)
(-0.908925 -0.202321 0)
(-0.0123603 -0.837378 0)
(-0.039992 -0.856648 0)
(-0.0708732 -0.867617 0)
(-0.107322 -0.88358 0)
(-0.151744 -0.903054 0)
(-0.206965 -0.92333 0)
(-0.273874 -0.940554 0)
(-0.356846 -0.955475 0)
(-0.471606 -0.97177 0)
(-0.627708 -0.977608 0)
(-0.8053 -0.941812 0)
(-0.963417 -0.84083 0)
(-1.06277 -0.682412 0)
(-1.0827 -0.503968 0)
(-1.0307 -0.354439 0)
(-0.943355 -0.259654 0)
(-0.868372 -0.201338 0)
(-0.823626 -0.153317 0)
(-0.793146 -0.12779 0)
(-0.778408 -0.12822 0)
(-0.79191 -0.129877 0)
(-0.831512 -0.12783 0)
(-0.896331 -0.110277 0)
(-0.0148175 -0.808198 0)
(-0.0469316 -0.824539 0)
(-0.0816655 -0.831459 0)
(-0.121012 -0.8413 0)
(-0.166729 -0.8525 0)
(-0.220729 -0.863006 0)
(-0.283264 -0.869319 0)
(-0.354357 -0.868696 0)
(-0.4392 -0.861309 0)
(-0.544294 -0.845147 0)
(-0.663046 -0.808096 0)
(-0.772751 -0.734189 0)
(-0.84826 -0.624024 0)
(-0.876248 -0.500079 0)
(-0.86381 -0.388664 0)
(-0.834626 -0.301907 0)
(-0.807994 -0.233978 0)
(-0.786059 -0.179931 0)
(-0.768252 -0.146022 0)
(-0.763784 -0.126293 0)
(-0.778193 -0.107049 0)
(-0.809827 -0.0834372 0)
(-0.857189 -0.0442974 0)
(-0.0163027 -0.775366 0)
(-0.0510718 -0.789343 0)
(-0.0879176 -0.792982 0)
(-0.128376 -0.797992 0)
(-0.173732 -0.802842 0)
(-0.22525 -0.805983 0)
(-0.283291 -0.805072 0)
(-0.347087 -0.797374 0)
(-0.416646 -0.780627 0)
(-0.493573 -0.752896 0)
(-0.576298 -0.710613 0)
(-0.654658 -0.648857 0)
(-0.714238 -0.567218 0)
(-0.747234 -0.47499 0)
(-0.757661 -0.38676 0)
(-0.756109 -0.310691 0)
(-0.749285 -0.246117 0)
(-0.739245 -0.193466 0)
(-0.731563 -0.153597 0)
(-0.733451 -0.120564 0)
(-0.746688 -0.0878713 0)
(-0.770702 -0.0506298 0)
(-0.802991 6.53256e-05 0)
(-0.017066 -0.740522 0)
(-0.0530317 -0.752627 0)
(-0.0905947 -0.753708 0)
(-0.130898 -0.755024 0)
(-0.174855 -0.755177 0)
(-0.223247 -0.752893 0)
(-0.276382 -0.746543 0)
(-0.333929 -0.734268 0)
(-0.394992 -0.713901 0)
(-0.458309 -0.683509 0)
(-0.521896 -0.641837 0)
(-0.58143 -0.587683 0)
(-0.630157 -0.521325 0)
(-0.663033 -0.447662 0)
(-0.68089 -0.374879 0)
(-0.688595 -0.308638 0)
(-0.690099 -0.249699 0)
(-0.68857 -0.198067 0)
(-0.688451 -0.153613 0)
(-0.693368 -0.112935 0)
(-0.704608 -0.0723843 0)
(-0.721862 -0.0274561 0)
(-0.742475 0.0284565 0)
(-0.0172526 -0.704973 0)
(-0.0533155 -0.71557 0)
(-0.0905473 -0.714745 0)
(-0.129812 -0.713319 0)
(-0.171719 -0.7101 0)
(-0.216727 -0.704047 0)
(-0.264895 -0.693912 0)
(-0.315966 -0.678474 0)
(-0.369286 -0.656448 0)
(-0.423361 -0.626313 0)
(-0.475883 -0.586989 0)
(-0.524082 -0.538561 0)
(-0.564732 -0.482282 0)
(-0.595138 -0.421038 0)
(-0.615066 -0.35936 0)
(-0.626821 -0.300884 0)
(-0.633393 -0.246534 0)
(-0.637549 -0.19623 0)
(-0.641884 -0.149565 0)
(-0.648042 -0.105132 0)
(-0.657076 -0.0605086 0)
(-0.668872 -0.0120473 0)
(-0.680971 0.0449182 0)
(-0.0169978 -0.669698 0)
(-0.0523645 -0.679076 0)
(-0.0885216 -0.676881 0)
(-0.12616 -0.673481 0)
(-0.165638 -0.667911 0)
(-0.207216 -0.659369 0)
(-0.250792 -0.646937 0)
(-0.29599 -0.629682 0)
(-0.342264 -0.606722 0)
(-0.388616 -0.577218 0)
(-0.433258 -0.540648 0)
(-0.473993 -0.497236 0)
(-0.508818 -0.448175 0)
(-0.536372 -0.395545 0)
(-0.556569 -0.341911 0)
(-0.570646 -0.289321 0)
(-0.580424 -0.238699 0)
(-0.587726 -0.19024 0)
(-0.59403 -0.14357 0)
(-0.600408 -0.0979133 0)
(-0.607577 -0.0517627 0)
(-0.615198 -0.00247516 0)
(-0.621387 0.0531747 0)
(-0.0164266 -0.635371 0)
(-0.0505297 -0.643779 0)
(-0.0851139 -0.640629 0)
(-0.120746 -0.635865 0)
(-0.157614 -0.628713 0)
(-0.195839 -0.618575 0)
(-0.235288 -0.604795 0)
(-0.2756 -0.586713 0)
(-0.31621 -0.563716 0)
(-0.356258 -0.535298 0)
(-0.394518 -0.501303 0)
(-0.429534 -0.462112 0)
(-0.459976 -0.418594 0)
(-0.485044 -0.372064 0)
(-0.504716 -0.324129 0)
(-0.519662 -0.276127 0)
(-0.530956 -0.228801 0)
(-0.539646 -0.182425 0)
(-0.546668 -0.136828 0)
(-0.552762 -0.0915689 0)
(-0.558251 -0.0455222 0)
(-0.562843 0.00293812 0)
(-0.565094 0.0560275 0)
(-0.0156458 -0.602467 0)
(-0.048082 -0.610125 0)
(-0.0807739 -0.606334 0)
(-0.114167 -0.600669 0)
(-0.148357 -0.592504 0)
(-0.183362 -0.581408 0)
(-0.219031 -0.56691 0)
(-0.255037 -0.54857 0)
(-0.290898 -0.526017 0)
(-0.325899 -0.498962 0)
(-0.359115 -0.467333 0)
(-0.389597 -0.431455 0)
(-0.416537 -0.392072 0)
(-0.439398 -0.350179 0)
(-0.458067 -0.306767 0)
(-0.472877 -0.262626 0)
(-0.484474 -0.218336 0)
(-0.493557 -0.174179 0)
(-0.50067 -0.13017 0)
(-0.506195 -0.0860385 0)
(-0.51033 -0.0411988 0)
(-0.512831 0.0054923 0)
(-0.512578 0.0554612 0)
(-0.0147365 -0.571325 0)
(-0.0452279 -0.57842 0)
(-0.0758333 -0.574218 0)
(-0.106867 -0.567994 0)
(-0.138378 -0.559229 0)
(-0.170321 -0.547633 0)
(-0.202536 -0.532878 0)
(-0.234728 -0.514665 0)
(-0.266499 -0.49275 0)
(-0.297316 -0.466984 0)
(-0.3265 -0.437418 0)
(-0.353334 -0.404361 0)
(-0.377252 -0.36834 0)
(-0.397927 -0.330025 0)
(-0.415284 -0.290107 0)
(-0.42949 -0.24918 0)
(-0.440868 -0.207674 0)
(-0.449753 -0.16584 0)
(-0.456504 -0.123781 0)
(-0.461462 -0.0813278 0)
(-0.464568 -0.0382213 0)
(-0.465612 0.0061561 0)
(-0.463853 0.0528477 0)
(-0.0137512 -0.542167 0)
(-0.0421159 -0.548837 0)
(-0.070523 -0.544394 0)
(-0.0991557 -0.537856 0)
(-0.128034 -0.528786 0)
(-0.157082 -0.517 0)
(-0.18614 -0.502273 0)
(-0.21496 -0.484418 0)
(-0.243203 -0.463301 0)
(-0.270441 -0.438858 0)
(-0.296177 -0.411151 0)
(-0.319918 -0.380424 0)
(-0.341255 -0.347102 0)
(-0.359917 -0.311705 0)
(-0.375823 -0.274731 0)
(-0.389074 -0.236596 0)
(-0.399841 -0.197597 0)
(-0.408303 -0.157952 0)
(-0.414567 -0.117887 0)
(-0.418802 -0.0774225 0)
(-0.421164 -0.0363436 0)
(-0.421352 0.00559797 0)
(-0.418711 0.0491199 0)
(-0.0127207 -0.515146 0)
(-0.0388554 -0.52148 0)
(-0.0650067 -0.51692 0)
(-0.0912471 -0.510236 0)
(-0.117564 -0.501066 0)
(-0.143878 -0.489299 0)
(-0.170028 -0.474789 0)
(-0.195804 -0.457423 0)
(-0.220928 -0.437127 0)
(-0.245068 -0.413896 0)
(-0.267851 -0.387821 0)
(-0.288905 -0.359111 0)
(-0.307928 -0.328076 0)
(-0.324713 -0.295106 0)
(-0.339167 -0.260607 0)
(-0.351316 -0.224908 0)
(-0.361227 -0.188221 0)
(-0.368985 -0.150739 0)
(-0.374726 -0.112674 0)
(-0.378477 -0.0742199 0)
(-0.380233 -0.0353086 0)
(-0.379831 0.00430395 0)
(-0.376808 0.0449037 0)
(-0.0116637 -0.49034 0)
(-0.035528 -0.496385 0)
(-0.0594044 -0.491797 0)
(-0.0832894 -0.48508 0)
(-0.107129 -0.475949 0)
(-0.130856 -0.464336 0)
(-0.154314 -0.450154 0)
(-0.177324 -0.433344 0)
(-0.199656 -0.413878 0)
(-0.221048 -0.391782 0)
(-0.241213 -0.36715 0)
(-0.259876 -0.34016 0)
(-0.276802 -0.311065 0)
(-0.291822 -0.280164 0)
(-0.304842 -0.247771 0)
(-0.315843 -0.214164 0)
(-0.324859 -0.179548 0)
(-0.331937 -0.144128 0)
(-0.337107 -0.108107 0)
(-0.340332 -0.0715981 0)
(-0.341622 -0.0346953 0)
(-0.34089 0.00265781 0)
(-0.3378 0.0406115 0)
(-0.0105951 -0.467765 0)
(-0.0321959 -0.473547 0)
(-0.0538061 -0.468992 0)
(-0.075385 -0.462318 0)
(-0.0968357 -0.453316 0)
(-0.118108 -0.441941 0)
(-0.139051 -0.42815 0)
(-0.159516 -0.411918 0)
(-0.179312 -0.39325 0)
(-0.198228 -0.37219 0)
(-0.216044 -0.348835 0)
(-0.232546 -0.323341 0)
(-0.247552 -0.295915 0)
(-0.260922 -0.266803 0)
(-0.272564 -0.236261 0)
(-0.282431 -0.204526 0)
(-0.290536 -0.171786 0)
(-0.296898 -0.138203 0)
(-0.301469 -0.103971 0)
(-0.304219 -0.0693092 0)
(-0.305212 -0.034365 0)
(-0.304355 0.00088639 0)
(-0.301367 0.0364907 0)
(-0.0095283 -0.447394 0)
(-0.0289032 -0.452935 0)
(-0.0482768 -0.44845 0)
(-0.067603 -0.441868 0)
(-0.0867509 -0.433048 0)
(-0.105683 -0.421958 0)
(-0.124262 -0.408587 0)
(-0.14236 -0.392931 0)
(-0.15982 -0.375015 0)
(-0.176473 -0.354896 0)
(-0.192143 -0.33267 0)
(-0.206664 -0.308475 0)
(-0.21989 -0.28249 0)
(-0.231705 -0.25492 0)
(-0.242028 -0.225987 0)
(-0.250802 -0.195898 0)
(-0.257997 -0.164833 0)
(-0.263615 -0.132928 0)
(-0.267652 -0.100361 0)
(-0.270085 -0.0674082 0)
(-0.270878 -0.0342532 0)
(-0.269967 -0.000878115 0)
(-0.267196 0.0326805 0)
(-0.00847373 -0.429204 0)
(-0.0256745 -0.434533 0)
(-0.0428554 -0.430136 0)
(-0.0599832 -0.423673 0)
(-0.07691 -0.415058 0)
(-0.0936037 -0.404272 0)
(-0.109944 -0.391319 0)
(-0.12582 -0.376213 0)
(-0.141104 -0.358992 0)
(-0.155658 -0.339719 0)
(-0.169342 -0.318487 0)
(-0.182025 -0.295423 0)
(-0.193589 -0.270683 0)
(-0.203937 -0.244448 0)
(-0.213 -0.21691 0)
(-0.220725 -0.18826 0)
(-0.227073 -0.158669 0)
(-0.232018 -0.128276 0)
(-0.23554 -0.0972503 0)
(-0.237638 -0.0658398 0)
(-0.238304 -0.0342571 0)
(-0.237464 -0.00253338 0)
(-0.23499 0.0292603 0)
(-0.00743382 -0.41317 0)
(-0.0225128 -0.418322 0)
(-0.0375531 -0.414022 0)
(-0.0525367 -0.407689 0)
(-0.0673184 -0.399286 0)
(-0.0818635 -0.3888 0)
(-0.0960703 -0.376246 0)
(-0.109845 -0.361648 0)
(-0.123081 -0.345053 0)
(-0.135668 -0.326526 0)
(-0.147495 -0.306161 0)
(-0.158456 -0.284074 0)
(-0.168456 -0.260406 0)
(-0.177415 -0.235316 0)
(-0.185274 -0.20898 0)
(-0.191988 -0.181579 0)
(-0.197516 -0.153281 0)
(-0.201827 -0.124215 0)
(-0.204906 -0.0945236 0)
(-0.206747 -0.0644456 0)
(-0.207318 -0.0342343 0)
(-0.206589 -0.00399095 0)
(-0.204473 0.0262789 0)
(-0.00639726 -0.399195 0)
(-0.0193991 -0.404204 0)
(-0.0323623 -0.400006 0)
(-0.0452554 -0.39381 0)
(-0.0579638 -0.385621 0)
(-0.0704403 -0.375427 0)
(-0.0826037 -0.363248 0)
(-0.094374 -0.349116 0)
(-0.105666 -0.33308 0)
(-0.116391 -0.315209 0)
(-0.126462 -0.295592 0)
(-0.135795 -0.27434 0)
(-0.144313 -0.251584 0)
(-0.151951 -0.227469 0)
(-0.15866 -0.202154 0)
(-0.164403 -0.17581 0)
(-0.16915 -0.148608 0)
(-0.172866 -0.120689 0)
(-0.175521 -0.0921697 0)
(-0.177108 -0.0632446 0)
(-0.177675 -0.0342006 0)
(-0.177152 -0.00520063 0)
(-0.1754 0.0237639 0)
(-0.00533346 -0.387202 0)
(-0.0162879 -0.392064 0)
(-0.0272568 -0.387963 0)
(-0.0381133 -0.381904 0)
(-0.0488176 -0.373921 0)
(-0.0593007 -0.364003 0)
(-0.0695025 -0.352172 0)
(-0.0793547 -0.338463 0)
(-0.0887891 -0.322926 0)
(-0.0977368 -0.305629 0)
(-0.10613 -0.286658 0)
(-0.113905 -0.266121 0)
(-0.121003 -0.244137 0)
(-0.127375 -0.220843 0)
(-0.132979 -0.196387 0)
(-0.137785 -0.170929 0)
(-0.141774 -0.144635 0)
(-0.144923 -0.117658 0)
(-0.147207 -0.090121 0)
(-0.148615 -0.06218 0)
(-0.14916 -0.0341248 0)
(-0.148844 -0.00613973 0)
(-0.147522 0.021734 0)
(-0.00420385 -0.377335 0)
(-0.0131072 -0.381943 0)
(-0.0221674 -0.377921 0)
(-0.0310307 -0.371984 0)
(-0.0397858 -0.364177 0)
(-0.048341 -0.354495 0)
(-0.0566575 -0.342961 0)
(-0.0646775 -0.329611 0)
(-0.0723449 -0.314497 0)
(-0.0796031 -0.297684 0)
(-0.0863979 -0.279257 0)
(-0.0926808 -0.259316 0)
(-0.09841 -0.237975 0)
(-0.103551 -0.215362 0)
(-0.108078 -0.191616 0)
(-0.111971 -0.166886 0)
(-0.115219 -0.141331 0)
(-0.117814 -0.115113 0)
(-0.119741 -0.0883627 0)
(-0.120987 -0.0612066 0)
(-0.121558 -0.0339031 0)
(-0.121486 -0.00676041 0)
(-0.12061 0.0202166 0)
(-0.00301188 -0.369818 0)
(-0.00982856 -0.3739 0)
(-0.0170193 -0.369951 0)
(-0.0239051 -0.36413 0)
(-0.0307266 -0.356466 0)
(-0.0373835 -0.346971 0)
(-0.0438583 -0.33567 0)
(-0.0501077 -0.322602 0)
(-0.056087 -0.307821 0)
(-0.061748 -0.291392 0)
(-0.067043 -0.273396 0)
(-0.0719287 -0.253927 0)
(-0.0763694 -0.233092 0)
(-0.0803392 -0.211012 0)
(-0.0838225 -0.187819 0)
(-0.0868141 -0.163654 0)
(-0.0893183 -0.138669 0)
(-0.091346 -0.113023 0)
(-0.092912 -0.0868598 0)
(-0.0940242 -0.0602918 0)
(-0.0946658 -0.0335381 0)
(-0.0948623 -0.00700778 0)
(-0.0944649 0.019252 0)
(-0.00184699 -0.365075 0)
(-0.00657368 -0.368209 0)
(-0.011878 -0.364359 0)
(-0.0167942 -0.358661 0)
(-0.0216696 -0.351119 0)
(-0.0264181 -0.34176 0)
(-0.0310416 -0.330618 0)
(-0.0355175 -0.31774 0)
(-0.0398179 -0.303184 0)
(-0.0439092 -0.28702 0)
(-0.0477538 -0.269325 0)
(-0.0513137 -0.250189 0)
(-0.0545537 -0.229713 0)
(-0.0574444 -0.208006 0)
(-0.0599669 -0.185191 0)
(-0.062116 -0.161398 0)
(-0.0639031 -0.136771 0)
(-0.0653592 -0.111468 0)
(-0.0665366 -0.0856499 0)
(-0.0674927 -0.0594359 0)
(-0.0682415 -0.0330015 0)
(-0.0687677 -0.00685462 0)
(-0.068902 0.018866 0)
(-0.000842608 -0.36318 0)
(-0.00357315 -0.365015 0)
(-0.00694208 -0.361318 0)
(-0.00991539 -0.355761 0)
(-0.0128464 -0.348324 0)
(-0.0156858 -0.339059 0)
(-0.0184456 -0.328011 0)
(-0.0211203 -0.315237 0)
(-0.0236992 -0.300801 0)
(-0.0261671 -0.284776 0)
(-0.0285054 -0.267243 0)
(-0.0306926 -0.248294 0)
(-0.0327055 -0.228024 0)
(-0.0345207 -0.20654 0)
(-0.0361171 -0.18395 0)
(-0.0374813 -0.16037 0)
(-0.0386145 -0.13592 0)
(-0.0395428 -0.110726 0)
(-0.0403345 -0.0849219 0)
(-0.0411346 -0.0586395 0)
(-0.0420461 -0.0321356 0)
(-0.0430554 -0.00610332 0)
(-0.0438957 0.0192581 0)
(-0.000130776 -0.359994 0)
(-0.00100931 -0.360749 0)
(-0.00227302 -0.357231 0)
(-0.00328914 -0.351801 0)
(-0.00427347 -0.34446 0)
(-0.00521928 -0.335283 0)
(-0.00613431 -0.324329 0)
(-0.00701833 -0.311662 0)
(-0.00786903 -0.29735 0)
(-0.00868289 -0.28147 0)
(-0.00945585 -0.264107 0)
(-0.0101834 -0.245353 0)
(-0.0108608 -0.22531 0)
(-0.0114823 -0.204085 0)
(-0.0120423 -0.181788 0)
(-0.0125356 -0.158528 0)
(-0.0129613 -0.134411 0)
(-0.0133275 -0.109523 0)
(-0.01367 -0.0839075 0)
(-0.0141981 -0.0576024 0)
(-0.0148464 -0.0308484 0)
(-0.0155505 -0.00473876 0)
(-0.0163337 0.0204492 0)
(0.985648 1.23092 0)
(0.390749 0.573508 0)
(-0.205561 -0.0980828 0)
(0.0210471 -0.480392 0)
(1.74962 1.6082 0)
(1.5818 1.48028 0)
(1.28824 1.20639 0)
(0.848278 0.716897 0)
(1.96457 1.41554 0)
(2.01901 1.55903 0)
(1.98827 1.61806 0)
(1.78217 1.50488 0)
(1.9362 1.26952 0)
(2.00579 1.43435 0)
(2.08129 1.60897 0)
(2.09267 1.74304 0)
(1.87099 1.19612 0)
(1.90065 1.2809 0)
(1.97624 1.47809 0)
(2.06702 1.7281 0)
(1.82336 1.16768 0)
(1.82354 1.18997 0)
(1.88207 1.27812 0)
(1.98025 1.66134 0)
(1.83418 1.16551 0)
(1.78366 1.21591 0)
(1.7778 1.08164 0)
(1.88454 1.55939 0)
(1.69117 1.18421 0)
(1.67159 1.33802 0)
(1.62008 1.05738 0)
(1.80454 1.29847 0)
(1.33824 1.07256 0)
(1.41834 1.2853 0)
(1.41293 1.03425 0)
(1.65503 1.02033 0)
(1.01511 0.754809 0)
(1.19386 0.981229 0)
(1.25002 0.840738 0)
(1.45688 0.794053 0)
(0.7806 0.326499 0)
(1.00361 0.569412 0)
(1.09393 0.609635 0)
(1.25158 0.614393 0)
(0.55876 -0.0429699 0)
(0.756213 0.198319 0)
(0.815662 0.399577 0)
(0.872952 0.525226 0)
(0.377277 -0.34121 0)
(0.505907 -0.101101 0)
(0.557709 0.254684 0)
(0.4012 0.605201 0)
(0.0902245 -0.523766 0)
(0.189721 -0.208543 0)
(0.259402 0.307066 0)
(0.199756 0.807964 0)
(-0.331421 -0.592143 0)
(-0.250849 -0.29994 0)
(-0.132796 0.175712 0)
(0.0630004 0.665869 0)
(-0.679215 -0.642551 0)
(-0.644041 -0.537541 0)
(-0.503965 -0.293928 0)
(-0.307901 0.0940742 0)
(-0.896414 -0.559189 0)
(-0.944496 -0.568665 0)
(-0.937448 -0.492031 0)
(-0.866425 -0.30673 0)
(-0.993634 -0.383047 0)
(-1.07902 -0.42278 0)
(-1.16699 -0.442274 0)
(-1.23996 -0.395646 0)
(-1.00192 -0.209054 0)
(-1.07715 -0.21492 0)
(-1.17492 -0.224195 0)
(-1.29739 -0.206723 0)
(-0.963052 -0.0834234 0)
(-1.01409 -0.0619622 0)
(-1.07998 -0.0402585 0)
(-1.16668 -0.00536721 0)
(-0.902626 -0.000854141 0)
(-0.934664 0.0319828 0)
(-0.972593 0.0679487 0)
(-1.02027 0.112173 0)
(-0.831732 0.0505972 0)
(-0.850499 0.0868707 0)
(-0.870804 0.126654 0)
(-0.89464 0.170842 0)
(-0.759159 0.0802588 0)
(-0.768855 0.115989 0)
(-0.778139 0.154597 0)
(-0.78817 0.19533 0)
(-0.689415 0.0950827 0)
(-0.693222 0.128596 0)
(-0.695818 0.164137 0)
(-0.697969 0.200493 0)
(-0.624436 0.100301 0)
(-0.624612 0.131013 0)
(-0.623343 0.163032 0)
(-0.621192 0.195163 0)
(-0.564747 0.0996027 0)
(-0.562811 0.127468 0)
(-0.559456 0.156123 0)
(-0.555124 0.184549 0)
(-0.510211 0.0954569 0)
(-0.507148 0.120685 0)
(-0.502797 0.146357 0)
(-0.497519 0.17166 0)
(-0.460394 0.0894739 0)
(-0.456827 0.112375 0)
(-0.452134 0.135496 0)
(-0.446615 0.158205 0)
(-0.414762 0.0826991 0)
(-0.411074 0.103596 0)
(-0.40642 0.124566 0)
(-0.401052 0.145132 0)
(-0.372766 0.0757978 0)
(-0.369189 0.0949839 0)
(-0.364791 0.114151 0)
(-0.359783 0.132939 0)
(-0.333909 0.069176 0)
(-0.330577 0.0869045 0)
(-0.326549 0.104555 0)
(-0.322005 0.121863 0)
(-0.297756 0.0630631 0)
(-0.294741 0.0795499 0)
(-0.291136 0.0959231 0)
(-0.287093 0.111987 0)
(-0.263931 0.0575731 0)
(-0.261263 0.0730051 0)
(-0.258094 0.0883023 0)
(-0.25456 0.103314 0)
(-0.232105 0.0527483 0)
(-0.229791 0.0672893 0)
(-0.227053 0.0816843 0)
(-0.224012 0.0958083 0)
(-0.201989 0.048592 0)
(-0.200022 0.0623859 0)
(-0.197698 0.0760309 0)
(-0.195128 0.0894104 0)
(-0.173324 0.0450903 0)
(-0.171692 0.0582637 0)
(-0.169762 0.0712918 0)
(-0.167635 0.0840564 0)
(-0.145867 0.0422304 0)
(-0.144561 0.0548936 0)
(-0.14301 0.0674191 0)
(-0.141304 0.0796859 0)
(-0.119394 0.0400142 0)
(-0.118415 0.0522609 0)
(-0.117236 0.0643777 0)
(-0.115933 0.0762484 0)
(-0.0937116 0.0384666 0)
(-0.0930667 0.0503759 0)
(-0.09226 0.0621575 0)
(-0.0913523 0.0737144 0)
(-0.0686428 0.0375954 0)
(-0.0683443 0.0492328 0)
(-0.0679168 0.0607333 0)
(-0.0674015 0.072037 0)
(-0.0442431 0.0375862 0)
(-0.0443463 0.0490036 0)
(-0.0443445 0.0602617 0)
(-0.0442556 0.0713459 0)
(-0.0168451 0.0384281 0)
(-0.0171151 0.0496642 0)
(-0.0173392 0.0606922 0)
(-0.0175132 0.0715347 0)
(-0.602077 -0.00593742 0)
(-0.127374 -0.0322495 0)
(-0.103593 -0.0481315 0)
(-0.0512985 -0.0612329 0)
(-0.00288864 -0.0747638 0)
(0.0332025 -0.0692642 0)
(0.0604663 -0.0561389 0)
(0.0772632 -0.0392501 0)
(0.0858338 -0.0222095 0)
(0.0883881 -0.00730779 0)
(0.0864897 0.00534795 0)
(0.0814141 0.0155815 0)
(0.0740604 0.0238136 0)
(0.0649367 0.0303525 0)
(0.0545495 0.03527 0)
(0.0432638 0.0390324 0)
(0.0312681 0.0416821 0)
(0.0188871 0.04343 0)
(0.00623692 0.0437255 0)
(0.122458 0.21034 0)
(-0.145058 -0.100487 0)
(-0.251127 -0.147584 0)
(-0.0967024 -0.134178 0)
(-0.0145392 -0.122408 0)
(0.0419169 -0.10438 0)
(0.0759653 -0.0778409 0)
(0.0945347 -0.0505918 0)
(0.10192 -0.0265389 0)
(0.102178 -0.0064859 0)
(0.0978848 0.00947236 0)
(0.0905352 0.0220751 0)
(0.0813431 0.0320095 0)
(0.0705801 0.0397001 0)
(0.0588106 0.0455519 0)
(0.0464334 0.0499395 0)
(0.0334859 0.053058 0)
(0.0201909 0.0551182 0)
(0.00662464 0.055368 0)
(1.25524 1.07925 0)
(0.444321 0.40371 0)
(-0.273845 -0.207861 0)
(-0.181737 -0.304251 0)
(-0.012878 -0.207875 0)
(0.0662312 -0.149511 0)
(0.104549 -0.101898 0)
(0.120504 -0.0601655 0)
(0.123741 -0.0278106 0)
(0.119732 -0.00268956 0)
(0.111556 0.0163524 0)
(0.101289 0.0309159 0)
(0.0896768 0.0421107 0)
(0.0769831 0.0505071 0)
(0.0636747 0.0571387 0)
(0.0499726 0.0619614 0)
(0.035915 0.0654413 0)
(0.0215959 0.0676135 0)
(0.0070772 0.0678815 0)
(1.83181 1.60144 0)
(1.35213 1.2112 0)
(0.517619 0.540263 0)
(-0.150239 -0.388183 0)
(0.0154619 -0.343448 0)
(0.115195 -0.205778 0)
(0.150719 -0.120816 0)
(0.157411 -0.0638434 0)
(0.15124 -0.0233387 0)
(0.140594 0.00543822 0)
(0.127307 0.0267217 0)
(0.113178 0.0422357 0)
(0.0986272 0.0539942 0)
(0.0838622 0.0629441 0)
(0.0689585 0.0698533 0)
(0.0538013 0.0750202 0)
(0.0385096 0.0787338 0)
(0.0231391 0.0810534 0)
(0.00763645 0.0812139 0)
(1.98776 1.84343 0)
(1.71299 1.64133 0)
(1.20315 1.14619 0)
(0.434263 0.133162 0)
(0.103849 -0.425714 0)
(0.191366 -0.269143 0)
(0.217258 -0.127709 0)
(0.204042 -0.0548417 0)
(0.183233 -0.0102296 0)
(0.163116 0.0198894 0)
(0.14371 0.0409189 0)
(0.12522 0.0563227 0)
(0.107916 0.0680154 0)
(0.0909895 0.0771266 0)
(0.0743605 0.0840808 0)
(0.0578428 0.0893612 0)
(0.0412713 0.0931428 0)
(0.0247122 0.0955794 0)
(0.00812873 0.0955357 0)
(1.96631 1.96294 0)
(1.79119 1.90927 0)
(1.48096 1.58034 0)
(0.895468 0.756651 0)
(0.391899 -0.241232 0)
(0.302755 -0.284029 0)
(0.294575 -0.115386 0)
(0.254662 -0.0280426 0)
(0.215558 0.0146396 0)
(0.184592 0.0409565 0)
(0.158925 0.0594081 0)
(0.136826 0.0734404 0)
(0.116871 0.0843226 0)
(0.0980109 0.0929529 0)
(0.079769 0.0997798 0)
(0.0618339 0.104947 0)
(0.0440221 0.108684 0)
(0.0263123 0.111118 0)
(0.00864194 0.110948 0)
(1.87921 2.05659 0)
(1.75174 2.11164 0)
(1.53763 1.88494 0)
(1.07838 1.13119 0)
(0.73521 0.139117 0)
(0.464274 -0.170877 0)
(0.365388 -0.0646232 0)
(0.2964 0.0197881 0)
(0.241116 0.0520011 0)
(0.201127 0.0688232 0)
(0.17145 0.0819014 0)
(0.146766 0.0930275 0)
(0.12492 0.10248 0)
(0.104564 0.110344 0)
(0.0849446 0.116731 0)
(0.0657202 0.121652 0)
(0.0467298 0.125234 0)
(0.0279102 0.127593 0)
(0.00917075 0.12724 0)
(1.75547 2.15461 0)
(1.65594 2.28593 0)
(1.49695 2.11321 0)
(1.13122 1.35008 0)
(0.912519 0.470988 0)
(0.558289 0.0534965 0)
(0.400018 0.045251 0)
(0.313373 0.0862679 0)
(0.250302 0.0957699 0)
(0.209016 0.0998614 0)
(0.179107 0.106078 0)
(0.154337 0.113921 0)
(0.131863 0.121814 0)
(0.110486 0.128932 0)
(0.0897238 0.134797 0)
(0.0693412 0.139407 0)
(0.049261 0.142812 0)
(0.0294192 0.145097 0)
(0.0096711 0.144509 0)
(1.61661 2.23656 0)
(1.53954 2.45635 0)
(1.39679 2.30067 0)
(1.10109 1.47393 0)
(0.934303 0.776414 0)
(0.468529 0.312639 0)
(0.344534 0.163211 0)
(0.283406 0.145183 0)
(0.237802 0.133971 0)
(0.207146 0.12701 0)
(0.182458 0.1286 0)
(0.159892 0.134639 0)
(0.137825 0.141694 0)
(0.115888 0.148251 0)
(0.094141 0.153835 0)
(0.0727843 0.158278 0)
(0.0517288 0.161508 0)
(0.0308839 0.163636 0)
(0.0101434 0.162772 0)
(1.48455 2.24558 0)
(1.43702 2.63419 0)
(1.28274 2.4528 0)
(1.03439 1.48209 0)
(0.745372 1.17704 0)
(0.230143 0.543258 0)
(0.197586 0.210289 0)
(0.216684 0.162779 0)
(0.212566 0.150944 0)
(0.199914 0.14447 0)
(0.184245 0.146957 0)
(0.165076 0.154037 0)
(0.143517 0.161743 0)
(0.12106 0.16854 0)
(0.0985285 0.174045 0)
(0.0760979 0.178205 0)
(0.0539467 0.181106 0)
(0.0321531 0.182954 0)
(0.010557 0.181761 0)
(1.34985 2.17999 0)
(1.35303 2.79357 0)
(1.20425 2.63296 0)
(0.94684 1.66303 0)
(0.401297 1.69253 0)
(0.0159423 0.703857 0)
(0.0166654 0.167476 0)
(0.137497 0.114651 0)
(0.188562 0.137041 0)
(0.197826 0.149727 0)
(0.189496 0.161098 0)
(0.17224 0.172893 0)
(0.150326 0.182659 0)
(0.126642 0.190086 0)
(0.102628 0.195394 0)
(0.0789677 0.199042 0)
(0.0558363 0.201473 0)
(0.0332177 0.202986 0)
(0.0109001 0.201415 0)
(1.14799 2.04736 0)
(1.28476 2.88063 0)
(1.17536 2.81111 0)
(0.820916 1.96866 0)
(0.0735677 2.11967 0)
(-0.0302377 0.772465 0)
(-0.0564103 0.0548797 0)
(0.0960421 0.00551509 0)
(0.193327 0.0949039 0)
(0.212764 0.14782 0)
(0.203864 0.175536 0)
(0.183709 0.19358 0)
(0.158479 0.205526 0)
(0.132189 0.213118 0)
(0.106326 0.217887 0)
(0.0813596 0.22083 0)
(0.0573041 0.222601 0)
(0.0340041 0.223635 0)
(0.0111467 0.221613 0)
(0.870876 1.57915 0)
(1.21699 2.83702 0)
(1.19838 3.03401 0)
(0.891069 2.6905 0)
(0.133767 2.40667 0)
(0.176602 0.893671 0)
(0.145043 -0.0607352 0)
(0.162392 -0.100053 0)
(0.246321 0.0606612 0)
(0.254991 0.154725 0)
(0.229097 0.197184 0)
(0.198522 0.21932 0)
(0.167325 0.231675 0)
(0.137344 0.23837 0)
(0.109264 0.241861 0)
(0.0829751 0.24358 0)
(0.0581434 0.244358 0)
(0.0343931 0.244712 0)
(0.0112594 0.242144 0)
(0.483537 0.935601 0)
(1.0586 2.61161 0)
(1.22917 3.11671 0)
(1.12182 3.07026 0)
(0.707417 2.73118 0)
(0.724447 1.20958 0)
(0.586967 -0.0389157 0)
(0.38345 -0.114744 0)
(0.352184 0.0814599 0)
(0.312568 0.189222 0)
(0.259049 0.233346 0)
(0.213802 0.253358 0)
(0.174947 0.262556 0)
(0.140884 0.26629 0)
(0.110672 0.267311 0)
(0.0833416 0.267104 0)
(0.0580819 0.266487 0)
(0.0342432 0.265941 0)
(0.0111943 0.262729 0)
(0.0150975 0.605259 0)
(0.798285 2.19272 0)
(1.18207 3.00823 0)
(1.26614 3.08102 0)
(1.23194 2.75585 0)
(1.29059 1.46259 0)
(1.10081 0.198484 0)
(0.679542 0.0490784 0)
(0.475753 0.193686 0)
(0.364508 0.263126 0)
(0.282637 0.287908 0)
(0.223653 0.29653 0)
(0.178203 0.298043 0)
(0.141101 0.296469 0)
(0.109616 0.293769 0)
(0.0819433 0.290963 0)
(0.0568371 0.288583 0)
(0.0334132 0.286942 0)
(0.0109086 0.283003 0)
(-0.205969 0.638707 0)
(0.185951 1.32613 0)
(0.996392 2.73128 0)
(1.22791 2.98303 0)
(1.34556 2.62146 0)
(1.471 1.24996 0)
(1.19765 0.458739 0)
(0.759059 0.34185 0)
(0.512982 0.364782 0)
(0.377084 0.363645 0)
(0.285556 0.355003 0)
(0.221611 0.345444 0)
(0.17406 0.336045 0)
(0.136476 0.327544 0)
(0.105309 0.320293 0)
(0.0783651 0.314455 0)
(0.0541923 0.310091 0)
(0.0317992 0.307242 0)
(0.0103717 0.302534 0)
(-0.690234 0.201226 0)
(-0.324685 1.16064 0)
(0.519551 2.16873 0)
(0.85234 2.66541 0)
(1.12979 2.46119 0)
(1.22953 1.6049 0)
(0.939398 0.79931 0)
(0.645509 0.610673 0)
(0.46097 0.522579 0)
(0.344578 0.461855 0)
(0.263621 0.421661 0)
(0.205261 0.393711 0)
(0.161245 0.3731 0)
(0.126346 0.357485 0)
(0.0974156 0.345597 0)
(0.0724418 0.336703 0)
(0.05007 0.330358 0)
(0.0293685 0.326313 0)
(0.00957462 0.320849 0)
(-1.26751 -0.0939773 0)
(-1.03505 0.75235 0)
(-0.384726 1.66011 0)
(0.150063 2.24756 0)
(0.423632 2.12977 0)
(0.679811 1.53668 0)
(0.587878 1.02743 0)
(0.459815 0.777303 0)
(0.356782 0.630671 0)
(0.28062 0.537505 0)
(0.222056 0.476666 0)
(0.176643 0.435182 0)
(0.140634 0.405695 0)
(0.11115 0.384185 0)
(0.0861851 0.368344 0)
(0.06433 0.356803 0)
(0.044569 0.348724 0)
(0.0261766 0.343626 0)
(0.0085353 0.337483 0)
(-1.45803 -0.0564334 0)
(-1.50964 0.415736 0)
(-1.19022 1.16594 0)
(-0.614451 1.7772 0)
(-0.201392 1.7622 0)
(0.145928 1.40542 0)
(0.256713 1.06457 0)
(0.26249 0.834065 0)
(0.236242 0.68384 0)
(0.202659 0.583187 0)
(0.169718 0.514339 0)
(0.140249 0.46605 0)
(0.11458 0.431355 0)
(0.092182 0.406024 0)
(0.072363 0.387447 0)
(0.0544724 0.37399 0)
(0.0379503 0.364621 0)
(0.0223618 0.358721 0)
(0.00729698 0.352025 0)
(-1.28774 0.117546 0)
(-1.39014 0.431925 0)
(-1.25763 0.890674 0)
(-0.874774 1.31094 0)
(-0.448966 1.38387 0)
(-0.124167 1.19807 0)
(0.0380648 0.98727 0)
(0.105114 0.818336 0)
(0.12657 0.692816 0)
(0.125747 0.601078 0)
(0.115164 0.534202 0)
(0.100975 0.485209 0)
(0.0859182 0.449013 0)
(0.0711239 0.422137 0)
(0.0569684 0.402238 0)
(0.0434913 0.387749 0)
(0.0305849 0.377639 0)
(0.0181207 0.371256 0)
(0.00592057 0.364163 0)
(-1.07906 0.222245 0)
(-1.12046 0.462098 0)
(-1.03093 0.750416 0)
(-0.789627 0.9949 0)
(-0.488239 1.06845 0)
(-0.244732 0.996283 0)
(-0.0919153 0.880381 0)
(-0.00601968 0.768536 0)
(0.0383806 0.673669 0)
(0.0583046 0.598123 0)
(0.0642967 0.538979 0)
(0.0627578 0.493558 0)
(0.0572073 0.458812 0)
(0.0496243 0.432387 0)
(0.0410605 0.412495 0)
(0.0320616 0.397854 0)
(0.0228865 0.387563 0)
(0.0136752 0.381034 0)
(0.00447478 0.373706 0)
(-0.916329 0.26275 0)
(-0.914168 0.441862 0)
(-0.834423 0.636799 0)
(-0.673045 0.793748 0)
(-0.473445 0.857444 0)
(-0.2971 0.838163 0)
(-0.167927 0.778493 0)
(-0.0819693 0.707682 0)
(-0.0280124 0.640077 0)
(0.00344315 0.581249 0)
(0.0201951 0.532394 0)
(0.0281607 0.493026 0)
(0.0303463 0.461675 0)
(0.0290342 0.437183 0)
(0.0255735 0.418376 0)
(0.0208085 0.404338 0)
(0.0152548 0.394368 0)
(0.00923909 0.388009 0)
(0.0030193 0.380592 0)
(-0.790932 0.271218 0)
(-0.770135 0.406609 0)
(-0.70079 0.544351 0)
(-0.585367 0.654827 0)
(-0.446882 0.711023 0)
(-0.316207 0.715767 0)
(-0.210251 0.688425 0)
(-0.131523 0.646221 0)
(-0.0762087 0.600363 0)
(-0.0393336 0.556571 0)
(-0.0157472 0.51826 0)
(-0.00141577 0.485652 0)
(0.00652098 0.458844 0)
(0.0103118 0.437266 0)
(0.0112269 0.420302 0)
(0.0102411 0.407442 0)
(0.00803337 0.398191 0)
(0.00499528 0.392292 0)
(0.00159791 0.384861 0)
(-0.691156 0.263648 0)
(-0.663708 0.369061 0)
(-0.605192 0.47147 0)
(-0.518588 0.554287 0)
(-0.417177 0.603763 0)
(-0.317601 0.619731 0)
(-0.231187 0.611257 0)
(-0.161946 0.588459 0)
(-0.109351 0.559134 0)
(-0.0710428 0.528399 0)
(-0.0441221 0.499532 0)
(-0.0257233 0.473672 0)
(-0.0135471 0.451726 0)
(-0.00593841 0.433482 0)
(-0.0014967 0.418823 0)
(0.000727853 0.407532 0)
(0.00147938 0.399293 0)
(0.00109075 0.394102 0)
(0.000256118 0.386652 0)
(-0.609884 0.248538 0)
(-0.581052 0.333152 0)
(-0.531875 0.413103 0)
(-0.464601 0.478751 0)
(-0.387259 0.522566 0)
(-0.309475 0.543649 0)
(-0.238776 0.546267 0)
(-0.178923 0.536366 0)
(-0.130761 0.519265 0)
(-0.0934422 0.498985 0)
(-0.0654056 0.478316 0)
(-0.0447823 0.458889 0)
(-0.0299355 0.441581 0)
(-0.0195341 0.426764 0)
(-0.0123156 0.41461 0)
(-0.00748461 0.405062 0)
(-0.00423816 0.398015 0)
(-0.00235862 0.393737 0)
(-0.000948054 0.386175 0)
(-0.542123 0.230476 0)
(-0.514346 0.300483 0)
(-0.472833 0.365561 0)
(-0.419125 0.41996 0)
(-0.358294 0.459248 0)
(-0.296206 0.482475 0)
(-0.237939 0.491699 0)
(-0.186565 0.490406 0)
(-0.143349 0.482165 0)
(-0.108244 0.470009 0)
(-0.080525 0.456221 0)
(-0.0590581 0.442378 0)
(-0.0426943 0.429417 0)
(-0.0304051 0.417958 0)
(-0.0211839 0.408298 0)
(-0.0143336 0.40053 0)
(-0.00905936 0.394745 0)
(-0.00527071 0.391558 0)
(-0.00194651 0.383692 0)
(-0.484328 0.211888 0)
(-0.458675 0.271427 0)
(-0.423435 0.326286 0)
(-0.379643 0.372946 0)
(-0.330645 0.408656 0)
(-0.280176 0.43259 0)
(-0.231728 0.44576 0)
(-0.187698 0.450238 0)
(-0.149359 0.448404 0)
(-0.117041 0.442478 0)
(-0.0905098 0.434258 0)
(-0.0691158 0.425156 0)
(-0.0520978 0.416079 0)
(-0.0386963 0.407702 0)
(-0.0281264 0.400405 0)
(-0.0197929 0.394404 0)
(-0.0129643 0.389883 0)
(-0.00761706 0.387821 0)
(-0.00272349 0.379616 0)
(-0.434012 0.194021 0)
(-0.410865 0.24587 0)
(-0.380801 0.293459 0)
(-0.344524 0.33458 0)
(-0.304334 0.367449 0)
(-0.262701 0.391402 0)
(-0.222076 0.406927 0)
(-0.184292 0.415283 0)
(-0.150488 0.418061 0)
(-0.121147 0.416869 0)
(-0.0962859 0.4131 0)
(-0.0755768 0.407942 0)
(-0.0585433 0.402211 0)
(-0.0446309 0.396577 0)
(-0.0332492 0.391447 0)
(-0.0239075 0.387102 0)
(-0.0159685 0.383794 0)
(-0.00941665 0.38281 0)
(-0.00329721 0.374311 0)
(-0.389416 0.17747 0)
(-0.36882 0.22353 0)
(-0.343079 0.265778 0)
(-0.312681 0.302797 0)
(-0.279264 0.333385 0)
(-0.244523 0.357024 0)
(-0.210209 0.373942 0)
(-0.177721 0.384912 0)
(-0.148019 0.391008 0)
(-0.121616 0.393391 0)
(-0.0986623 0.39314 0)
(-0.0790303 0.391202 0)
(-0.0624311 0.388307 0)
(-0.0484748 0.385057 0)
(-0.0367264 0.381858 0)
(-0.0267839 0.37901 0)
(-0.0181161 0.376824 0)
(-0.0106983 0.376822 0)
(-0.00368843 0.368107 0)
(-0.349276 0.162482 0)
(-0.331122 0.204083 0)
(-0.309036 0.242289 0)
(-0.283365 0.276178 0)
(-0.25531 0.304911 0)
(-0.226069 0.328086 0)
(-0.196921 0.345798 0)
(-0.168933 0.358532 0)
(-0.142895 0.367018 0)
(-0.119291 0.372095 0)
(-0.0983312 0.37459 0)
(-0.0800044 0.375255 0)
(-0.0641489 0.374718 0)
(-0.0505024 0.3735 0)
(-0.0387433 0.371986 0)
(-0.0285451 0.370468 0)
(-0.0194891 0.36929 0)
(-0.0115074 0.370156 0)
(-0.0039082 0.361297 0)
(-0.31267 0.149119 0)
(-0.296788 0.187211 0)
(-0.277831 0.22228 0)
(-0.25605 0.253719 0)
(-0.232345 0.28092 0)
(-0.207589 0.303573 0)
(-0.182731 0.321705 0)
(-0.158592 0.335622 0)
(-0.135815 0.345828 0)
(-0.114828 0.35293 0)
(-0.0958595 0.357558 0)
(-0.0789624 0.360308 0)
(-0.0640595 0.361703 0)
(-0.0509795 0.36219 0)
(-0.0394883 0.362119 0)
(-0.029325 0.361758 0)
(-0.0201686 0.361459 0)
(-0.0118953 0.363064 0)
(-0.00398362 0.35417 0)
(-0.278912 0.137348 0)
(-0.265115 0.172628 0)
(-0.248868 0.205209 0)
(-0.23035 0.234686 0)
(-0.210253 0.260607 0)
(-0.189226 0.282728 0)
(-0.167986 0.301042 0)
(-0.147169 0.315742 0)
(-0.127295 0.327181 0)
(-0.108733 0.335799 0)
(-0.0917046 0.342076 0)
(-0.0762954 0.346482 0)
(-0.0624816 0.349447 0)
(-0.0501554 0.351347 0)
(-0.0391489 0.352489 0)
(-0.0292584 0.353116 0)
(-0.0202357 0.353571 0)
(-0.0119163 0.355767 0)
(-0.00394385 0.346971 0)
(-0.247478 0.127093 0)
(-0.235586 0.160083 0)
(-0.221708 0.190655 0)
(-0.205978 0.218532 0)
(-0.188931 0.243371 0)
(-0.171061 0.264975 0)
(-0.152918 0.283319 0)
(-0.134998 0.298526 0)
(-0.11772 0.310841 0)
(-0.101398 0.32059 0)
(-0.0862346 0.328135 0)
(-0.0723292 0.333847 0)
(-0.0596898 0.338074 0)
(-0.0482524 0.341131 0)
(-0.0378982 0.343282 0)
(-0.0284707 0.344741 0)
(-0.0197776 0.345832 0)
(-0.0116253 0.348472 0)
(-0.00380789 0.339898 0)
(-0.217959 0.118259 0)
(-0.207808 0.149362 0)
(-0.196025 0.178289 0)
(-0.182711 0.204844 0)
(-0.168288 0.228759 0)
(-0.153136 0.249872 0)
(-0.137681 0.26815 0)
(-0.122315 0.28367 0)
(-0.107375 0.296602 0)
(-0.0931249 0.307187 0)
(-0.0797442 0.315701 0)
(-0.0673329 0.322434 0)
(-0.0559179 0.327668 0)
(-0.0454649 0.331662 0)
(-0.0358909 0.334643 0)
(-0.0270776 0.336792 0)
(-0.0188769 0.338412 0)
(-0.0110723 0.341364 0)
(-0.00359112 0.333116 0)
(-0.190031 0.110747 0)
(-0.181474 0.140283 0)
(-0.171561 0.167848 0)
(-0.160374 0.193299 0)
(-0.148244 0.216419 0)
(-0.135469 0.237076 0)
(-0.122383 0.25523 0)
(-0.109294 0.270925 0)
(-0.096477 0.284284 0)
(-0.0841492 0.295482 0)
(-0.0724677 0.304729 0)
(-0.0615267 0.312254 0)
(-0.0513625 0.318283 0)
(-0.0419602 0.32303 0)
(-0.033263 0.326683 0)
(-0.0251832 0.329398 0)
(-0.0176081 0.331448 0)
(-0.0103019 0.334603 0)
(-0.00330785 0.326763 0)
(-0.163426 0.104466 0)
(-0.15634 0.132693 0)
(-0.148115 0.159124 0)
(-0.138824 0.183646 0)
(-0.128728 0.206081 0)
(-0.118064 0.226317 0)
(-0.107092 0.244312 0)
(-0.0960591 0.260089 0)
(-0.0851854 0.273733 0)
(-0.0746514 0.285373 0)
(-0.0645908 0.295171 0)
(-0.0550895 0.303304 0)
(-0.0461867 0.309954 0)
(-0.0378804 0.315297 0)
(-0.0301327 0.319489 0)
(-0.0228793 0.322662 0)
(-0.0160375 0.325058 0)
(-0.0093539 0.328318 0)
(-0.00297059 0.320951 0)
(-0.137926 0.0993327 0)
(-0.132204 0.126464 0)
(-0.12552 0.151949 0)
(-0.117943 0.175686 0)
(-0.109679 0.197531 0)
(-0.100914 0.217383 0)
(-0.0918556 0.235201 0)
(-0.082699 0.250995 0)
(-0.0736217 0.264821 0)
(-0.0647714 0.276774 0)
(-0.0562611 0.286977 0)
(-0.0481662 0.295571 0)
(-0.0405257 0.302701 0)
(-0.0333452 0.308509 0)
(-0.0266006 0.313127 0)
(-0.0202456 0.316666 0)
(-0.0142231 0.319334 0)
(-0.00826294 0.322618 0)
(-0.00259024 0.315772 0)
(-0.113342 0.0952772 0)
(-0.108898 0.121495 0)
(-0.103638 0.146188 0)
(-0.097632 0.169263 0)
(-0.0910389 0.190597 0)
(-0.0840082 0.210104 0)
(-0.0767026 0.227741 0)
(-0.069278 0.243507 0)
(-0.0618762 0.257438 0)
(-0.0546173 0.269605 0)
(-0.0475949 0.280102 0)
(-0.0408738 0.289039 0)
(-0.0344906 0.296532 0)
(-0.0284549 0.302698 0)
(-0.0227525 0.307647 0)
(-0.0173506 0.311473 0)
(-0.0122151 0.314349 0)
(-0.00705919 0.317587 0)
(-0.00217648 0.311298 0)
(-0.089518 0.0922514 0)
(-0.0862835 0.117708 0)
(-0.0823564 0.141741 0)
(-0.0778074 0.164258 0)
(-0.0727595 0.185155 0)
(-0.0673319 0.204353 0)
(-0.0616525 0.221812 0)
(-0.0558444 0.237521 0)
(-0.0500201 0.251503 0)
(-0.0442757 0.263809 0)
(-0.0386874 0.27451 0)
(-0.0333097 0.283694 0)
(-0.028175 0.291455 0)
(-0.023295 0.29789 0)
(-0.0186622 0.30309 0)
(-0.0142539 0.307134 0)
(-0.0100576 0.310166 0)
(-0.00576965 0.313302 0)
(-0.00173797 0.307585 0)
(-0.0662993 0.0901909 0)
(-0.0642146 0.115016 0)
(-0.0615433 0.138497 0)
(-0.0583577 0.160545 0)
(-0.0547531 0.181069 0)
(-0.0508244 0.199997 0)
(-0.0466713 0.217287 0)
(-0.0423893 0.232922 0)
(-0.0380661 0.246917 0)
(-0.0337765 0.259305 0)
(-0.0295809 0.270142 0)
(-0.025523 0.279498 0)
(-0.0216305 0.28745 0)
(-0.0179152 0.294079 0)
(-0.0143743 0.299462 0)
(-0.0109924 0.303669 0)
(-0.00777777 0.306813 0)
(-0.00441466 0.309797 0)
(-0.00128434 0.304663 0)
(-0.043921 0.0891999 0)
(-0.0429976 0.113504 0)
(-0.0415566 0.136532 0)
(-0.0396776 0.158194 0)
(-0.0374381 0.178407 0)
(-0.0349159 0.197103 0)
(-0.0321904 0.214238 0)
(-0.0293363 0.229791 0)
(-0.0264214 0.243766 0)
(-0.0235035 0.256188 0)
(-0.0206293 0.267101 0)
(-0.0178335 0.27656 0)
(-0.0151388 0.284633 0)
(-0.0125565 0.291387 0)
(-0.0100874 0.29689 0)
(-0.00772138 0.301205 0)
(-0.00548933 0.304422 0)
(-0.00305862 0.307247 0)
(-0.000831784 0.302614 0)
(-0.0177243 0.0891274 0)
(-0.0177776 0.11292 0)
(-0.0175281 0.135488 0)
(-0.0170181 0.156753 0)
(-0.0162834 0.176638 0)
(-0.0153647 0.195079 0)
(-0.0143042 0.21203 0)
(-0.0131429 0.227468 0)
(-0.0119182 0.241386 0)
(-0.010663 0.253802 0)
(-0.00940412 0.264747 0)
(-0.00816237 0.274269 0)
(-0.00695226 0.28242 0)
(-0.00578253 0.289262 0)
(-0.00465687 0.294853 0)
(-0.00356933 0.299249 0)
(-0.00255744 0.302508 0)
(-0.00139204 0.305097 0)
(-0.000340188 0.301085 0)
)
;

boundaryField
{
    leftWall
    {
        type            noSlip;
    }
    rightWall
    {
        type            noSlip;
    }
    lowerWall
    {
        type            noSlip;
    }
    atmosphere
    {
        type            pressureInletOutletVelocity;
        value           nonuniform List<vector> 
46
(
(0 -0.359994 0)
(0 -0.360749 0)
(0 -0.357231 0)
(0 -0.351801 0)
(0 -0.34446 0)
(0 -0.335283 0)
(0 -0.324329 0)
(0 -0.311662 0)
(0 -0.29735 0)
(0 -0.28147 0)
(0 -0.264107 0)
(0 -0.245353 0)
(0 -0.22531 0)
(0 -0.204085 0)
(0 -0.181788 0)
(0 -0.158528 0)
(0 -0.134411 0)
(0 -0.109523 0)
(0 -0.0839075 0)
(0 -0.0576024 0)
(0 -0.0308484 0)
(0 -0.00473876 0)
(-0.0163337 0.0204492 0)
(-0.0168451 0.0384281 0)
(-0.0171151 0.0496642 0)
(-0.0173392 0.0606922 0)
(-0.0175132 0.0715347 0)
(-0.0177243 0.0891274 0)
(-0.0177776 0.11292 0)
(-0.0175281 0.135488 0)
(-0.0170181 0.156753 0)
(-0.0162834 0.176638 0)
(-0.0153647 0.195079 0)
(-0.0143042 0.21203 0)
(-0.0131429 0.227468 0)
(-0.0119182 0.241386 0)
(-0.010663 0.253802 0)
(-0.00940412 0.264747 0)
(-0.00816237 0.274269 0)
(-0.00695226 0.28242 0)
(-0.00578253 0.289262 0)
(-0.00465687 0.294853 0)
(-0.00356933 0.299249 0)
(-0.00255744 0.302508 0)
(-0.00139204 0.305097 0)
(-0.000340188 0.301085 0)
)
;
    }
    defaultFaces
    {
        type            empty;
    }
}


// ************************************************************************* //
