/*--------------------------------*- C++ -*----------------------------------*\
| =========                 |                                                 |
| \\      /  F ield         | OpenFOAM: The Open Source CFD Toolbox           |
|  \\    /   O peration     | Version:  5.x                                   |
|   \\  /    A nd           | Web:      www.OpenFOAM.org                      |
|    \\/     M anipulation  |                                                 |
\*---------------------------------------------------------------------------*/
FoamFile
{
    version     2.0;
    format      ascii;
    class       surfaceScalarField;
    location    "0.75";
    object      alphaPhi10;
}
// * * * * * * * * * * * * * * * * * * * * * * * * * * * * * * * * * * * * * //

dimensions      [0 3 -1 0 0 0 0];

internalField   nonuniform List<scalar> 
4432
(
-3.89409e-06
3.89409e-06
-8.1537e-06
4.25961e-06
-1.15984e-05
3.44471e-06
-1.45838e-05
2.98541e-06
-1.6835e-05
2.25121e-06
-1.71176e-05
2.82516e-07
-1.51457e-05
-1.97182e-06
-1.21987e-05
-2.94702e-06
-9.89756e-06
-2.30117e-06
-8.79791e-06
-1.09965e-06
-8.74649e-06
-5.14205e-08
-9.48143e-06
7.34942e-07
-1.07497e-05
1.26825e-06
-1.24327e-05
1.683e-06
-1.43862e-05
1.9535e-06
-1.59234e-05
1.5372e-06
-1.60672e-05
4.7875e-07
-1.73938e-05
2.0307e-06
-2.42988e-05
5.59126e-06
-2.76508e-05
3.352e-06
-2.37563e-05
-3.89449e-06
-1.24862e-05
-1.12701e-05
-1.24957e-05
-5.37822e-06
9.27231e-06
-9.66134e-06
8.54273e-06
-1.27502e-05
6.53362e-06
-1.55692e-05
5.80435e-06
-1.76686e-05
4.35064e-06
-1.78869e-05
5.00744e-07
-1.58556e-05
-4.00312e-06
-1.26384e-05
-6.16414e-06
-1.00506e-05
-4.88899e-06
-8.75702e-06
-2.39325e-06
-8.42007e-06
-3.88375e-07
-8.65597e-06
9.70836e-07
-9.27305e-06
1.88533e-06
-1.0195e-05
2.60494e-06
-1.15415e-05
3.29998e-06
-1.36884e-05
3.68432e-06
-1.65219e-05
3.97589e-06
-1.98363e-05
6.17167e-06
-2.36098e-05
8.05571e-06
-2.20339e-05
1.77777e-06
-1.67294e-05
-8.79949e-06
-8.98781e-06
-1.88259e-05
-2.14835e-05
-4.65931e-06
1.39316e-05
-8.30485e-06
1.21883e-05
-1.14002e-05
9.62897e-06
-1.46825e-05
9.08661e-06
-1.73759e-05
7.04411e-06
-1.79342e-05
1.05898e-06
-1.61606e-05
-5.77671e-06
-1.32072e-05
-9.11754e-06
-1.06759e-05
-7.4203e-06
-9.31109e-06
-3.75802e-06
-8.9486e-06
-7.50874e-07
-9.07482e-06
1.09706e-06
-9.29572e-06
2.10623e-06
-9.33243e-06
2.64166e-06
-9.14057e-06
3.10812e-06
-9.30387e-06
3.84763e-06
-1.05755e-05
5.2987e-06
-1.18507e-05
7.93665e-06
-1.14359e-05
8.02936e-06
-9.9603e-06
2.17686e-07
-7.12082e-06
-1.17234e-05
-3.43752e-06
-2.26531e-05
-2.49211e-05
-3.29254e-06
1.72242e-05
-6.25857e-06
1.51543e-05
-9.17538e-06
1.25458e-05
-1.2134e-05
1.20452e-05
-1.43385e-05
9.24867e-06
-1.4848e-05
1.5684e-06
-1.38734e-05
-6.75127e-06
-1.23587e-05
-1.06322e-05
-1.10077e-05
-8.77134e-06
-1.0075e-05
-4.69069e-06
-9.79195e-06
-1.03393e-06
-9.9853e-06
1.29041e-06
-1.02593e-05
2.38018e-06
-1.02119e-05
2.59431e-06
-9.54032e-06
2.43653e-06
-8.28474e-06
2.59205e-06
-6.61855e-06
3.63251e-06
-4.26425e-06
5.58237e-06
-1.2665e-06
5.03361e-06
8.56813e-07
-1.92441e-06
1.30115e-06
-1.22639e-05
1.26271e-06
-2.30517e-05
-2.36619e-05
-1.50184e-06
1.8726e-05
-3.26844e-06
1.69209e-05
-5.33402e-06
1.46114e-05
-7.08008e-06
1.37913e-05
-7.93553e-06
1.01041e-05
-7.9787e-06
1.61156e-06
-8.34343e-06
-6.38654e-06
-9.34506e-06
-9.63062e-06
-1.03919e-05
-7.72447e-06
-1.07445e-05
-4.3381e-06
-1.0787e-05
-9.91496e-07
-1.09826e-05
1.48606e-06
-1.12302e-05
2.62782e-06
-1.11785e-05
2.54255e-06
-1.05046e-05
1.76261e-06
-9.0393e-06
1.12678e-06
-6.47247e-06
1.06568e-06
-2.51402e-06
1.62392e-06
2.13653e-06
3.8306e-07
5.22067e-06
-5.00855e-06
4.99529e-06
-1.25858e-05
3.15964e-06
-2.12161e-05
-2.05023e-05
7.29387e-07
1.79966e-05
7.28498e-07
1.69218e-05
9.11026e-08
1.52487e-05
-2.46814e-07
1.41292e-05
6.53567e-07
9.20374e-06
8.4453e-07
1.4206e-06
-1.1568e-06
-4.38521e-06
-5.20175e-06
-5.58567e-06
-8.9617e-06
-3.96453e-06
-1.1065e-05
-2.23482e-06
-1.17809e-05
-2.75584e-07
-1.20586e-05
1.76371e-06
-1.22197e-05
2.78891e-06
-1.20612e-05
2.38409e-06
-1.12624e-05
9.63784e-07
-9.76537e-06
-3.70216e-07
-7.42963e-06
-1.27006e-06
-4.02792e-06
-1.7778e-06
-4.90844e-08
-3.59577e-06
3.30912e-06
-8.36677e-06
3.86719e-06
-1.31439e-05
2.8263e-06
-2.01752e-05
-1.7676e-05
2.65265e-06
1.5344e-05
4.70516e-06
1.48693e-05
6.55654e-06
1.33974e-05
8.73657e-06
1.19492e-05
1.01669e-05
7.7734e-06
8.85331e-06
2.7342e-06
3.82002e-06
6.48079e-07
-2.39175e-06
6.26091e-07
-7.72426e-06
1.36799e-06
-1.10884e-05
1.12937e-06
-1.26085e-05
1.24452e-06
-1.3149e-05
2.30416e-06
-1.32836e-05
2.92351e-06
-1.29999e-05
2.10038e-06
-1.19519e-05
-8.42181e-08
-1.02203e-05
-2.10178e-06
-7.89053e-06
-3.59984e-06
-5.02352e-06
-4.64481e-06
-1.94887e-06
-6.67043e-06
5.85895e-07
-1.09015e-05
1.69589e-06
-1.42538e-05
1.81661e-06
-2.02959e-05
-1.58594e-05
4.85019e-06
1.04938e-05
1.00363e-05
7.9863e-06
1.36545e-05
7.28491e-06
1.55585e-05
7.16467e-06
1.41364e-05
6.30238e-06
9.23966e-06
5.71139e-06
2.6142e-06
6.28605e-06
-3.58363e-06
6.61807e-06
-7.97524e-06
5.75959e-06
-1.07989e-05
3.95298e-06
-1.26166e-05
3.06227e-06
-1.37285e-05
3.41608e-06
-1.42403e-05
3.43529e-06
-1.41358e-05
1.99592e-06
-1.29308e-05
-1.2893e-06
-1.08832e-05
-4.14935e-06
-8.25902e-06
-6.224e-06
-5.39695e-06
-7.50689e-06
-2.63555e-06
-9.43182e-06
-5.14627e-07
-1.30225e-05
9.44724e-07
-1.57132e-05
1.56958e-06
-2.09208e-05
-1.42898e-05
-2.07508e-05
1.96564e-05
-4.73796e-05
2.66288e-05
-5.22449e-05
4.86246e-06
-4.07438e-05
-1.1501e-05
-2.20755e-05
-1.86684e-05
4.79006e-06
-2.71428e-05
1.84395e-05
-1.5948e-05
1.18984e-05
5.46863e-06
-1.11094e-05
2.38456e-05
-5.87355e-05
4.76261e-05
-0.000103411
4.46759e-05
-0.000127147
2.37353e-05
-0.00012288
-8.65104e-07
-8.59535e-05
-2.82021e-05
-5.4118e-05
-2.69384e-05
-4.94998e-05
-4.61815e-06
-4.2645e-05
-6.8548e-06
-1.92724e-05
-2.33727e-05
-1.97891e-05
-2.88464e-05
4.83061e-05
-4.44337e-05
4.22163e-05
-4.01548e-05
5.8441e-07
-2.84053e-05
-2.32503e-05
-1.21558e-05
-3.49176e-05
9.46236e-06
-4.87609e-05
1.64097e-05
-2.28952e-05
-1.23946e-05
3.51498e-05
-6.92903e-05
8.1494e-05
-0.000114541
9.28822e-05
-0.000113721
4.96874e-05
-8.51078e-05
1.39419e-05
-6.55544e-05
-1.17061e-05
-2.58743e-05
-7.96634e-05
-9.1589e-06
-5.48553e-05
-2.69223e-05
4.89069e-06
-3.98968e-05
2.3273e-06
-2.7717e-05
-2.80849e-05
-4.75061e-05
-2.30992e-05
7.25477e-05
-3.17409e-05
5.08581e-05
-2.66019e-05
-4.55402e-06
-1.70429e-05
-3.28098e-05
-6.39185e-06
-4.55693e-05
3.14149e-06
-5.82941e-05
-1.16515e-05
-8.30743e-06
-5.81465e-05
8.13729e-05
-0.00010051
0.000123655
-6.09223e-05
5.39428e-05
-3.22041e-05
8.73977e-06
-3.42979e-05
1.21692e-07
-3.2863e-05
-3.55695e-05
1.72502e-05
-0.000185873
4.45667e-05
-0.000151615
3.25467e-05
-9.57954e-06
1.47575e-05
2.62757e-06
-1.40077e-05
5.99423e-06
-1.72048e-05
-1.30318e-05
8.56921e-05
-1.49139e-05
5.35319e-05
-1.10414e-05
-7.89178e-06
-4.89945e-06
-3.79301e-05
-4.18207e-06
-4.63025e-05
-1.10427e-05
-5.14348e-05
-4.53231e-05
2.56483e-05
-8.75943e-05
0.000123316
-4.84873e-05
8.17983e-05
-1.51063e-05
1.32079e-05
-1.12879e-05
3.26881e-06
-2.97188e-05
-9.99656e-06
-6.29686e-06
-0.000178629
2.60645e-05
-0.000217872
5.75893e-05
-0.000182916
4.54385e-05
-7.03869e-05
5.76922e-06
2.41109e-05
-1.32244e-06
1.47143e-05
2.48805e-06
-1.35016e-06
8.70422e-05
3.32103e-06
4.88696e-05
4.52908e-06
-7.92951e-06
8.81722e-06
-3.73051e-05
-2.48763e-06
-3.49646e-05
-2.73734e-05
-2.6554e-05
-6.81544e-05
6.64409e-05
-5.96513e-05
0.00011458
-1.34385e-05
3.16886e-05
-5.92571e-06
5.10764e-06
-4.35969e-06
7.20016e-07
-2.50178e-05
-7.2548e-06
1.48968e-05
-0.000236379
2.78179e-05
-0.000230656
3.76477e-05
-0.000192276
5.85677e-05
-0.000108127
1.32781e-05
4.44628e-05
-3.06939e-06
1.97979e-05
-5.416e-05
9.30427e-06
7.7738e-05
1.46174e-05
3.00242e-05
1.75565e-05
-1.35504e-05
2.37058e-05
-3.7567e-05
4.09289e-07
-1.15529e-05
-3.88339e-05
1.27136e-05
-7.70835e-05
0.000105163
-2.33214e-05
6.35802e-05
-5.01486e-06
1.27977e-05
-1.57737e-06
1.53745e-06
-1.13498e-06
-3.9066e-07
-4.27558e-06
-4.78061e-06
1.95617e-05
-0.000259537
2.35505e-05
-0.000234538
2.54024e-05
-0.00019347
3.01242e-05
-0.00011031
5.46546e-07
5.19614e-05
-1.60088e-05
2.71151e-05
-0.000133764
1.36878e-05
6.40503e-05
2.15029e-05
1.516e-05
3.65573e-05
-2.42962e-05
3.52146e-05
-3.1277e-05
3.29099e-06
2.05045e-05
-4.19463e-05
5.80475e-05
-5.92109e-05
0.00012654
-9.72907e-06
2.37387e-05
-1.42768e-06
4.35255e-06
-3.97134e-07
4.71478e-07
-3.54154e-07
-5.01854e-07
6.80123e-06
-2.51322e-05
1.79585e-05
-0.000266102
1.69336e-05
-0.000232834
1.61246e-05
-0.000191624
5.76045e-06
-2.16553e-05
9.68208e-07
2.24963e-05
-1.93952e-05
4.07945e-05
-0.00015817
2.10472e-05
2.59017e-05
3.52558e-05
3.65689e-07
4.89969e-05
-3.5858e-05
3.183e-05
-1.55593e-05
4.25507e-06
4.74291e-05
-3.63154e-05
9.90222e-05
-2.86219e-05
0.000128656
-3.32791e-06
1.13083e-05
-3.4863e-07
1.33845e-06
-1.36945e-07
2.13289e-07
-6.70013e-07
-2.56713e-07
2.0167e-05
-0.000112208
1.6149e-05
-0.000258619
1.01951e-05
-0.00022572
9.69629e-06
-0.000188893
-2.53043e-07
-1.34591e-06
-3.35794e-07
8.88798e-06
-1.21976e-05
4.8993e-05
-0.000115257
-3.46237e-07
-1.21814e-07
-2.50506e-06
-4.28038e-07
-4.26444e-06
-4.0694e-07
-6.20272e-06
-2.57319e-07
-1.00666e-05
3.40454e-07
-1.62764e-05
1.80151e-06
-2.23776e-05
3.32001e-06
-2.57108e-05
3.61578e-06
-2.62824e-05
3.34235e-06
-2.58633e-05
2.83017e-06
-2.65443e-05
3.7433e-06
-2.79706e-05
4.84238e-06
-2.93991e-05
4.86378e-06
-2.93242e-05
1.921e-06
-2.62679e-05
-4.34547e-06
-2.16219e-05
-8.79509e-06
-1.59414e-05
-1.1904e-05
-9.95478e-06
-1.3493e-05
-4.16365e-06
-1.52227e-05
8.74194e-07
-1.80603e-05
5.68717e-06
-2.05258e-05
7.70809e-06
-2.29415e-05
-1.96156e-05
1.30339e-05
-4.06542e-06
-1.01127e-07
-4.97185e-06
2.19342e-08
-6.02188e-06
-4.88188e-08
-7.06444e-06
-9.93977e-08
-9.02164e-06
-3.72463e-08
-1.35679e-05
7.00803e-08
-1.98622e-05
-1.87393e-08
-2.62981e-05
-2.16614e-07
-3.03761e-05
-1.23594e-06
-3.10389e-05
-2.85803e-06
-2.87107e-05
-3.51708e-06
-2.52043e-05
-1.70409e-06
-2.22559e-05
1.29114e-08
-2.26062e-05
5.30583e-07
-2.31094e-05
-3.45216e-06
-2.07338e-05
-7.97089e-06
-1.59547e-05
-1.28184e-05
-1.04301e-05
-1.75218e-05
-4.86131e-06
-2.11935e-05
1.31146e-06
-2.49203e-05
7.42365e-06
-2.66289e-05
1.0989e-05
-2.62557e-05
-2.26964e-05
1.41506e-05
-9.2546e-08
-8.54434e-09
-7.82657e-08
4.4717e-09
-1.30888e-07
8.16776e-10
-2.32985e-07
2.3595e-10
-2.73134e-07
6.37861e-10
-2.06403e-07
1.50745e-09
-2.25523e-07
-1.10089e-09
-4.41438e-07
-5.99579e-09
-2.0757e-06
-6.12412e-08
-8.53801e-06
-4.6792e-07
-1.53181e-05
-1.28756e-06
-1.99825e-05
-1.91481e-06
-2.6375e-05
-2.85204e-07
-3.95673e-05
-2.96412e-07
-5.16645e-05
-3.79094e-06
-5.58782e-05
-1.81818e-05
-5.49725e-05
-2.74216e-05
-5.17386e-05
-2.83358e-05
-4.37602e-05
-1.70672e-05
-3.3786e-05
-9.68907e-06
-2.23338e-05
-1.1893e-07
-1.62249e-05
-7.0036e-08
-3.71008e-08
-1.86604e-05
-7.71679e-09
-8.19794e-10
-4.09145e-09
4.67569e-10
-3.86679e-09
2.51406e-10
-3.93623e-09
9.18794e-11
-3.48524e-09
4.18137e-11
-2.1683e-09
4.43819e-11
-3.39388e-09
-4.52454e-12
-1.03822e-08
-9.4811e-11
-7.27278e-08
-2.91479e-10
-5.41651e-07
-2.70833e-09
-1.81103e-06
-3.13438e-08
-3.65461e-06
-1.39223e-07
-3.94924e-06
-3.27229e-07
-1.90892e-05
-7.25549e-07
-9.74356e-05
-1.21223e-05
-0.00013599
-2.42944e-05
-0.00014141
-2.00914e-05
-6.18641e-05
-7.33061e-06
-8.50047e-06
-1.35812e-06
-1.54586e-07
-2.37498e-07
-1.13794e-07
-1.5854e-07
-7.49501e-08
-1.0816e-07
-7.61557e-08
-3.52659e-08
-9.16859e-10
9.75914e-11
-3.01204e-10
3.47903e-11
-1.78459e-10
6.80941e-11
-1.1482e-10
9.97792e-12
-8.53297e-11
2.02524e-12
-5.02084e-11
9.50592e-13
-6.23068e-11
1.83037e-13
-1.72696e-10
-8.83883e-13
-4.93472e-10
-1.96895e-12
-3.23774e-09
-1.14917e-11
-3.46043e-08
-8.19836e-11
-1.70075e-07
-5.45096e-09
-4.97895e-07
-1.5373e-08
-6.62286e-06
-5.17652e-08
-2.43547e-05
-1.10688e-06
-2.65896e-05
-2.46451e-06
-5.31908e-06
-3.30449e-06
-2.35761e-06
-4.40654e-06
-1.66009e-06
-1.9245e-06
-7.12671e-07
-1.04105e-06
-3.04673e-07
-5.60186e-07
-1.48998e-07
-2.62653e-07
-1.67192e-07
-5.72412e-08
-5.92884e-11
1.57007e-10
-3.23678e-11
3.40694e-10
-9.5088e-12
2.19362e-11
-2.68766e-12
1.52415e-12
-1.44931e-12
1.88322e-13
-9.41825e-13
6.60405e-14
-1.13607e-12
1.30172e-14
-2.4445e-12
-1.40471e-13
-6.31071e-12
9.65668e-13
-2.49081e-11
3.31312e-12
-2.39631e-10
1.7608e-11
-2.2082e-09
-1.02748e-10
-1.66043e-08
1.56149e-11
-9.58672e-08
-9.03707e-11
-1.30158e-06
-1.08548e-08
-4.02966e-06
-2.21291e-07
-3.5039e-05
-1.03144e-06
-3.09399e-05
-4.68468e-06
-1.58563e-05
-8.2338e-06
-3.901e-06
-1.12706e-05
-1.09556e-06
-2.88796e-06
-5.31767e-07
-8.13404e-07
-4.24352e-07
-2.75467e-07
9.0308e-11
6.66968e-11
1.14472e-11
5.28818e-10
-2.76507e-14
4.89573e-11
2.19435e-15
8.65297e-13
-1.89429e-15
5.45496e-14
-1.01496e-14
3.23865e-14
-2.6622e-14
1.00568e-14
-8.72822e-14
5.11491e-14
-7.70771e-14
5.30717e-13
-4.95153e-12
5.98084e-12
-1.00542e-10
1.14901e-10
5.77672e-11
-2.83812e-11
-8.5273e-10
1.44998e-10
-7.59078e-09
1.66528e-09
-6.08801e-08
1.00741e-08
-4.82373e-07
2.42187e-08
-2.11022e-06
-1.94612e-07
-3.22231e-05
-3.10929e-06
-6.66329e-05
-1.9915e-05
-6.93014e-05
-2.28694e-05
-1.26602e-05
-2.95497e-05
-2.36138e-06
-1.09905e-05
-1.86456e-06
-9.36521e-07
6.06358e-11
6.06191e-12
8.95691e-11
1.48749e-10
1.42339e-12
1.01203e-10
7.21985e-14
2.18061e-12
1.13349e-14
7.35048e-14
2.08103e-15
1.43771e-14
-8.22448e-16
1.13032e-14
-8.28612e-15
3.73023e-14
-1.19175e-13
5.9262e-13
-2.73418e-11
3.07995e-11
-2.85428e-11
5.5688e-11
4.72702e-12
7.87715e-12
-6.2685e-14
2.24915e-11
5.32905e-10
2.43628e-10
1.07937e-09
1.87904e-09
-3.62924e-08
1.08891e-08
-4.85762e-07
2.32365e-08
-5.02036e-06
-6.34509e-07
-7.18156e-05
-9.0796e-06
-7.56603e-05
-3.46071e-05
-6.47815e-05
-3.76859e-05
-2.46976e-05
-4.04077e-05
-2.42135e-05
-3.63905e-06
5.60545e-12
4.56458e-13
2.98149e-11
4.31778e-12
1.93622e-11
1.45289e-11
1.31716e-13
7.88598e-12
9.65076e-15
1.7752e-13
3.14816e-15
1.83326e-14
7.83099e-16
1.11883e-14
-4.21975e-15
3.9758e-14
-2.83536e-12
5.0973e-12
-1.10666e-11
1.61372e-11
-4.68714e-12
-1.94151e-12
-5.90593e-12
6.64195e-12
9.22231e-12
2.33864e-12
7.04108e-11
3.68683e-11
3.07882e-10
2.37981e-10
-1.58008e-09
1.24522e-09
-3.41183e-08
4.66035e-09
-7.45701e-07
-1.81809e-09
-1.61164e-05
-1.29003e-06
-8.7252e-05
-1.66627e-05
-8.18679e-05
-3.85574e-05
-6.86459e-05
-4.86595e-05
-4.38329e-05
-4.62669e-05
4.48093e-13
8.36505e-15
2.74697e-12
4.44276e-13
2.47776e-12
1.00939e-13
8.65492e-13
3.6236e-13
1.06143e-14
2.80725e-13
4.51688e-15
1.64191e-14
7.91998e-16
1.24333e-14
-7.20805e-14
2.01686e-13
-1.12785e-12
3.1868e-12
-8.4506e-13
1.0708e-13
-1.12487e-12
-8.82865e-13
-2.95813e-12
7.99341e-12
3.27641e-12
5.44357e-12
7.14371e-12
3.98395e-12
-1.16012e-11
2.36909e-11
-7.0201e-10
6.5009e-11
-8.46001e-11
-5.393e-10
-5.72702e-09
-4.26278e-09
-1.22792e-06
-9.40821e-08
-2.18617e-05
-1.278e-06
-7.88472e-05
-1.6012e-05
-8.40084e-05
-3.80712e-05
-4.63993e-05
-7.61597e-05
7.94422e-15
4.20828e-16
2.72348e-13
7.08538e-14
1.56641e-13
3.2346e-14
5.98416e-14
6.61703e-15
1.50083e-14
3.98977e-14
2.30846e-15
1.29623e-14
2.87785e-15
1.43508e-14
-1.19179e-15
1.34853e-13
-3.41082e-14
1.59292e-14
-6.09044e-14
4.93194e-14
-1.02332e-12
1.17514e-12
-1.64812e-12
1.22262e-11
-1.05866e-12
7.22664e-12
2.88996e-13
1.68204e-13
-9.68855e-12
3.57194e-12
-1.73453e-10
1.49473e-11
-1.10854e-09
6.79573e-12
-4.67857e-09
-4.61724e-10
-8.04536e-08
-2.81329e-09
-1.28796e-06
-6.64439e-08
-1.63846e-05
-8.74051e-07
-5.83994e-05
-5.7517e-06
-2.39255e-05
-7.62402e-05
-7.7836e-16
6.68275e-15
1.3522e-14
1.19674e-14
1.37473e-14
9.98529e-15
3.86922e-15
5.2551e-15
2.34579e-15
4.2887e-15
1.37107e-15
8.29159e-15
1.79375e-15
1.51197e-14
3.95428e-15
3.71854e-14
-5.2011e-16
6.10154e-15
2.96127e-15
2.18206e-14
-1.17324e-12
1.28393e-12
-1.49019e-12
1.36308e-11
-6.96798e-13
6.0599e-12
-7.39014e-14
1.06202e-13
-1.09927e-12
5.68272e-13
-1.15968e-11
3.48927e-12
-6.86045e-11
1.22927e-11
-4.44729e-10
-1.25871e-11
-2.98507e-09
6.26202e-11
-6.25957e-08
-3.77954e-10
-8.72416e-07
-5.25456e-08
-6.51229e-06
-9.106e-08
-3.44269e-07
-3.00807e-05
3.56222e-18
4.35525e-15
1.11216e-15
3.4653e-15
1.01286e-15
2.5893e-15
4.5831e-16
1.23216e-15
3.726e-16
9.66228e-16
1.18469e-15
5.95859e-15
1.68425e-15
1.3016e-14
1.59511e-15
1.05723e-14
6.91013e-16
6.01415e-15
3.66653e-15
1.54436e-14
-3.20091e-14
3.27241e-13
-1.48937e-13
5.99708e-14
-7.95133e-14
6.69653e-14
-1.63189e-14
2.96092e-13
-5.05982e-14
1.06505e-13
1.92225e-14
6.95157e-13
2.26886e-12
2.79404e-12
-6.37601e-12
5.26513e-12
-3.30597e-10
1.73496e-10
-4.59961e-09
1.74602e-09
-1.9638e-08
-8.92101e-09
-4.96688e-08
-4.82592e-08
-1.21902e-09
-3.90452e-07
3.3676e-17
1.51858e-15
1.23106e-16
5.94625e-16
1.05671e-16
3.88663e-16
6.62365e-17
1.56474e-16
9.27773e-17
3.24497e-16
7.77314e-16
3.46105e-15
1.03035e-15
7.60993e-15
6.53595e-16
4.43272e-15
4.89002e-16
4.04232e-15
1.80895e-15
9.54357e-15
1.23937e-14
3.47278e-14
1.01444e-14
1.37705e-14
8.34186e-15
1.91238e-14
6.58703e-15
6.67514e-14
1.86075e-14
1.97791e-14
2.07518e-13
1.20247e-13
1.5064e-12
5.22588e-13
4.91009e-12
2.67175e-12
1.85589e-10
8.68519e-11
-2.24006e-08
7.16904e-09
-1.21686e-07
3.54123e-08
-2.04401e-09
-3.40277e-09
-3.54124e-10
-2.3483e-09
1.46287e-17
3.26841e-16
1.09518e-17
6.59164e-17
1.04433e-17
4.12901e-17
7.47547e-18
1.7959e-17
3.85222e-17
1.10304e-16
3.60057e-16
1.24326e-15
5.20926e-16
2.68411e-15
3.67339e-16
1.83883e-15
3.91649e-16
2.64783e-15
1.15557e-15
5.65836e-15
2.85762e-15
7.12201e-15
2.91786e-15
7.55866e-15
3.41644e-15
9.53853e-15
3.19265e-15
1.05373e-14
5.32115e-15
1.21656e-14
4.85076e-14
1.8431e-14
3.20714e-13
1.0131e-13
2.5009e-12
8.23248e-13
2.99072e-11
4.86047e-11
2.74961e-09
4.45258e-09
-1.18964e-07
6.52969e-08
-1.09783e-09
8.48491e-08
2.69431e-10
-1.79515e-09
3.26465e-18
4.96841e-17
1.09682e-18
7.23637e-18
1.07123e-18
4.42953e-18
8.52389e-19
2.20085e-18
1.22252e-17
2.91581e-17
1.0835e-16
2.65305e-16
1.66251e-16
5.78371e-16
1.46062e-16
5.67807e-16
3.67508e-16
1.59192e-15
6.71459e-16
3.37322e-15
7.69432e-16
2.26201e-15
9.8055e-16
3.09842e-15
1.17578e-15
3.78919e-15
1.1294e-15
3.22777e-15
1.88253e-15
5.97483e-15
8.46866e-15
8.72601e-15
6.55471e-14
2.09323e-14
7.42995e-13
1.78831e-13
4.10775e-11
8.54026e-12
1.55193e-09
2.94671e-09
-1.20065e-07
9.73471e-08
-1.10356e-07
1.34446e-07
9.44167e-08
-1.43067e-09
5.4209e-19
6.70079e-18
1.15626e-19
8.09077e-19
1.154e-19
4.7496e-19
1.04876e-19
2.85422e-19
2.94849e-18
5.73046e-18
2.2759e-17
4.2084e-17
3.90313e-17
9.17114e-17
4.67492e-17
1.2452e-16
2.40807e-16
7.21273e-16
3.91711e-16
1.66422e-15
2.7221e-16
8.41556e-16
3.77588e-16
9.43712e-16
4.51454e-16
1.08647e-15
4.48541e-16
1.03686e-15
1.09352e-15
2.56482e-15
2.08952e-15
3.81784e-15
1.11303e-14
6.88359e-15
1.57664e-13
3.61736e-14
7.20965e-12
1.5213e-12
2.65486e-09
2.99792e-10
-9.31595e-08
9.61498e-08
-1.38612e-07
2.39204e-07
1.26553e-07
-5.15921e-10
8.19612e-20
9.09505e-19
1.24351e-20
9.01983e-20
1.30475e-20
4.96278e-20
1.3967e-20
3.89206e-20
5.81689e-19
9.48957e-19
3.99473e-18
6.27442e-18
7.94342e-18
1.35697e-17
1.26337e-17
2.23531e-17
1.06065e-16
2.02931e-16
1.85271e-16
5.42858e-16
1.09764e-16
2.9886e-16
1.21189e-16
2.64007e-16
1.41729e-16
2.52518e-16
1.57232e-16
2.64337e-16
6.42932e-16
1.10017e-15
1.07695e-15
2.3991e-15
2.65121e-15
2.95127e-15
3.35721e-14
5.67494e-15
1.34579e-12
2.1296e-13
7.25705e-09
1.18431e-09
5.49747e-08
9.83596e-09
-5.82305e-08
1.72294e-07
2.4561e-07
-8.23158e-08
1.18533e-20
1.21738e-19
1.3319e-21
9.95442e-21
1.56876e-21
5.03631e-21
2.00655e-21
5.36957e-21
1.01936e-19
1.44295e-19
6.59491e-19
9.22733e-19
1.4171e-18
2.03861e-18
2.77647e-18
3.85593e-18
2.92069e-17
3.46322e-17
5.69499e-17
1.06832e-16
3.74806e-17
8.28051e-17
3.87212e-17
7.57176e-17
3.93892e-17
6.15539e-17
4.41772e-17
5.44059e-17
3.71054e-16
3.82226e-16
7.98393e-16
1.92864e-15
8.18283e-16
1.39731e-15
5.3078e-15
1.21689e-15
1.95474e-13
1.44094e-14
4.1637e-09
1.48286e-09
1.24476e-08
1.52799e-09
1.00359e-07
8.46256e-09
5.62238e-08
1.36255e-07
1.63464e-21
1.56425e-20
1.40057e-22
1.08716e-21
1.87108e-22
4.97515e-22
3.09491e-22
7.11688e-22
1.63169e-20
2.02363e-20
1.04179e-19
1.28956e-19
2.42869e-19
3.03832e-19
5.74113e-19
6.9099e-19
5.45941e-18
4.65321e-18
1.16967e-17
1.50821e-17
1.14963e-17
1.69656e-17
1.30625e-17
1.94905e-17
1.05928e-17
1.56428e-17
1.04909e-17
1.02495e-17
1.46637e-16
8.87428e-17
7.19599e-16
1.3723e-15
5.09218e-16
9.07111e-16
1.26126e-15
4.14277e-16
4.4051e-11
3.88204e-12
6.03733e-10
4.45604e-11
1.86512e-09
2.03487e-10
8.6177e-09
1.32032e-09
3.26828e-09
4.45824e-08
2.15081e-22
1.92477e-21
1.43867e-23
1.1744e-22
1.99443e-23
4.78864e-23
4.87879e-23
8.83453e-23
2.38979e-21
2.61126e-21
1.55026e-20
1.67609e-20
4.04847e-20
4.39143e-20
1.20615e-19
1.32193e-19
8.73872e-19
6.69401e-19
2.15272e-18
2.03322e-18
2.72613e-18
2.87915e-18
3.47335e-18
4.00847e-18
2.83183e-18
3.49174e-18
2.30683e-18
1.93608e-18
3.46642e-17
1.27535e-17
4.55943e-16
5.7058e-16
4.86923e-16
6.05845e-16
7.24748e-16
1.57897e-16
9.36863e-12
2.11833e-12
4.97744e-11
3.39452e-12
2.3483e-10
1.26946e-11
1.44211e-09
8.16615e-11
1.30551e-10
4.49467e-09
2.71089e-23
2.2761e-22
1.43903e-24
1.25051e-23
1.98795e-24
4.46983e-24
6.97711e-24
1.03484e-23
3.22187e-22
3.14047e-22
2.15333e-21
2.03234e-21
6.52336e-21
6.13099e-21
2.61452e-20
2.62854e-20
1.44336e-19
1.12067e-19
3.75068e-19
3.01316e-19
5.46933e-19
4.57558e-19
7.32889e-19
6.60466e-19
6.72594e-19
6.27848e-19
4.87412e-19
3.61201e-19
5.16922e-18
1.35028e-18
1.91878e-16
7.70891e-17
3.00881e-16
3.07197e-16
7.31406e-16
7.91907e-17
7.04998e-13
3.16902e-14
3.72147e-12
2.32395e-13
1.5504e-11
7.13934e-13
9.05933e-11
4.1501e-12
4.28098e-12
2.15206e-10
3.27678e-24
2.58598e-23
1.39289e-25
1.29569e-24
1.90974e-25
3.96968e-25
9.08726e-25
1.15178e-24
4.04031e-23
3.56633e-23
2.79071e-22
2.32208e-22
1.00415e-21
8.23366e-22
5.54932e-21
4.94941e-21
2.56814e-20
2.0075e-20
6.32824e-20
4.82243e-20
9.72938e-20
7.27768e-20
1.29314e-19
9.78666e-20
1.31963e-19
9.61435e-20
9.67129e-20
6.30985e-20
5.96179e-19
1.37955e-19
2.85037e-17
4.67769e-18
1.12885e-16
7.05389e-17
1.85935e-16
4.19146e-17
2.98539e-14
2.04589e-15
2.49159e-13
1.41208e-14
9.03706e-13
3.44868e-14
4.83392e-12
1.79354e-13
1.06668e-13
8.8135e-12
3.78386e-25
2.78921e-24
1.26572e-26
1.24318e-25
1.71161e-26
3.07686e-26
1.1003e-25
1.20269e-25
4.75149e-24
3.84825e-24
3.38167e-23
2.51751e-23
1.45177e-22
1.04678e-22
1.05533e-21
7.94365e-22
4.59423e-21
3.34851e-21
1.06374e-20
7.65394e-21
1.63876e-20
1.1459e-20
2.09334e-20
1.42952e-20
2.21468e-20
1.38937e-20
1.75606e-20
1.00586e-20
6.28459e-20
1.48886e-20
2.41119e-18
3.00314e-19
2.40289e-17
5.03549e-18
3.88821e-17
2.94796e-17
1.95574e-15
1.54487e-16
1.49162e-14
8.42269e-16
4.56288e-14
1.48537e-15
2.12919e-13
7.40008e-15
2.36734e-15
3.30171e-13
4.08765e-26
2.69953e-25
9.4825e-28
9.65472e-27
1.25075e-27
1.25026e-26
1.22415e-26
1.06554e-26
5.26706e-25
3.95898e-25
3.83956e-24
2.59938e-24
1.93474e-23
1.23676e-23
1.68272e-22
1.04601e-22
7.46398e-22
4.70976e-22
1.70181e-21
1.10008e-21
2.6189e-21
1.68047e-21
3.23969e-21
2.03669e-21
3.41531e-21
1.95088e-21
2.8752e-21
1.44931e-21
6.37525e-21
1.6323e-21
1.922e-19
2.19774e-20
2.38313e-18
2.35132e-19
1.76093e-17
4.34863e-18
1.68314e-16
2.49355e-17
1.01201e-15
7.34928e-17
2.53999e-15
1.39653e-16
9.39424e-15
2.34003e-16
1.30533e-16
1.16873e-14
3.78565e-27
2.26378e-26
2.29961e-28
7.44945e-27
4.47769e-29
1.02494e-27
1.06771e-27
1.14761e-27
5.53723e-26
3.90143e-26
4.09646e-25
2.56249e-25
2.35256e-24
1.35093e-24
2.24158e-23
1.18222e-23
1.03986e-22
5.56505e-23
2.44122e-22
1.36705e-22
3.82405e-22
2.16742e-22
4.67856e-22
2.66111e-22
4.92036e-22
2.54468e-22
4.12605e-22
1.88203e-22
6.19918e-22
1.67688e-22
1.46078e-20
1.5563e-21
1.60999e-19
1.40784e-20
1.96324e-18
1.7066e-19
1.97153e-17
2.02212e-18
7.88478e-17
5.94434e-18
1.80332e-16
1.49553e-17
3.84622e-16
1.49926e-17
1.75017e-17
5.01509e-16
4.88475e-28
1.71337e-26
-8.81525e-29
-1.4868e-27
-2.60433e-28
-2.94739e-27
3.52759e-28
5.34413e-28
5.54462e-27
3.63259e-27
4.12205e-26
2.41749e-26
2.62093e-25
1.37757e-25
2.60444e-24
1.22372e-24
1.25044e-23
5.85316e-24
3.0561e-23
1.48983e-23
4.92486e-23
2.43258e-23
6.04621e-23
3.0609e-23
6.40722e-23
2.93815e-23
5.14002e-23
2.1997e-23
5.429e-23
1.38415e-23
1.0242e-21
9.97614e-23
1.07061e-20
8.87935e-22
1.02961e-19
6.50878e-21
1.1911e-18
6.47733e-20
5.22049e-18
2.89322e-19
1.24844e-17
7.28905e-19
2.0399e-17
1.02961e-18
1.37983e-18
3.48098e-17
-1.21685e-28
-4.25754e-27
-1.28945e-28
-2.16824e-27
-2.15818e-28
-2.43083e-27
-7.04747e-30
-6.01248e-29
5.16781e-28
2.82341e-28
3.9381e-27
2.19125e-27
2.7078e-26
1.3288e-26
2.75412e-25
1.19802e-25
1.34553e-24
5.74611e-25
3.38054e-24
1.48162e-24
5.57035e-24
2.44905e-24
6.88067e-24
3.12114e-24
7.33673e-24
2.99081e-24
5.30396e-24
2.2272e-24
3.97717e-24
7.60561e-25
6.4202e-23
5.4045e-24
6.71153e-22
5.26203e-23
5.5259e-21
3.44051e-22
5.66158e-20
2.80037e-21
2.73543e-19
1.29522e-20
6.82186e-19
3.14573e-20
1.15171e-18
4.52279e-20
9.01196e-20
2.48937e-18
-2.05679e-28
-7.20527e-27
-7.80905e-29
-1.31689e-27
-1.21016e-28
-1.36527e-27
-1.78639e-29
-1.52692e-28
5.12903e-29
3.36241e-29
3.63372e-28
1.92538e-28
2.62312e-27
1.22285e-27
2.70941e-26
1.11638e-26
1.33277e-25
5.34991e-26
3.39243e-25
1.38191e-25
5.64759e-25
2.28642e-25
6.98793e-25
2.90881e-25
7.41507e-25
2.761e-25
4.75358e-25
1.87118e-25
2.12756e-25
5.62496e-25
3.29097e-24
8.66159e-25
3.9708e-23
2.92763e-24
3.03698e-22
1.87452e-23
2.75554e-21
1.35399e-22
1.31458e-20
5.88293e-22
3.334e-20
1.48536e-21
6.05177e-20
2.90882e-21
1.04984e-20
1.91692e-19
-1.42316e-28
-4.99854e-27
-3.66312e-29
-6.23418e-28
-5.57806e-29
-6.34542e-28
-1.28472e-29
-1.10816e-28
8.15482e-30
1.26221e-29
3.2435e-29
1.59886e-29
2.39843e-28
1.07779e-28
2.50245e-27
9.91874e-28
1.23229e-26
4.73877e-27
3.14931e-26
1.22144e-26
5.24638e-26
2.01228e-26
6.46902e-26
2.53408e-26
6.75803e-26
2.37175e-26
7.01582e-26
1.4681e-26
-3.18066e-25
-4.85723e-25
3.34806e-25
2.13287e-25
2.18861e-24
2.23663e-25
1.5974e-23
9.691e-25
1.31119e-22
6.46056e-24
6.05247e-22
2.61343e-23
1.83661e-21
8.94397e-23
5.94506e-21
4.7327e-22
2.89825e-21
3.18227e-20
-7.52557e-29
-2.64414e-27
-1.49296e-29
-2.58153e-28
-2.23678e-29
-2.58447e-28
-6.68929e-30
-5.86664e-29
3.34877e-32
2.00497e-32
2.61979e-30
1.0282e-30
2.08993e-29
9.1553e-30
2.18256e-28
8.4365e-29
1.07138e-27
4.00668e-28
2.73357e-27
1.02753e-27
4.52663e-27
1.67969e-27
5.54107e-27
2.08334e-27
5.65881e-27
1.91839e-27
5.70425e-27
1.1441e-27
-2.5401e-25
-3.96241e-25
-4.90545e-26
-6.68545e-26
1.20443e-25
5.41663e-26
8.20189e-25
4.90613e-26
6.03603e-24
3.00948e-25
2.76229e-23
1.17727e-24
1.42892e-22
9.2368e-24
1.21458e-21
1.21997e-22
9.76386e-22
8.9291e-21
-3.42933e-29
-1.19845e-27
-5.53448e-30
-9.78876e-29
-8.00323e-30
-9.47077e-29
-2.86941e-30
-2.57951e-29
-1.93524e-31
-1.3752e-30
2.89814e-31
1.94949e-31
1.77754e-30
7.59558e-31
1.80664e-29
6.90492e-30
8.80786e-29
3.24947e-29
2.23332e-28
8.26397e-29
3.65671e-28
1.33578e-28
4.4312e-28
1.62468e-28
4.40215e-28
1.46921e-28
4.33541e-28
8.40806e-29
-1.077e-25
-1.73299e-25
-4.1948e-26
-5.90193e-26
9.4422e-27
2.77612e-27
4.14017e-26
5.73102e-27
2.72546e-25
1.38695e-26
1.32836e-24
6.09327e-26
1.68774e-23
1.32093e-24
2.71911e-22
2.67098e-23
2.57135e-22
2.49685e-21
-1.40969e-29
-4.86856e-28
-1.91271e-30
-3.48064e-29
-2.59258e-30
-3.17127e-29
-1.06391e-30
-9.89258e-30
-1.1482e-31
-8.44309e-31
4.08134e-32
3.93157e-32
1.45153e-31
5.99427e-32
1.42495e-30
5.46309e-31
6.87912e-30
2.54071e-30
1.72637e-29
6.3864e-30
2.78172e-29
1.01732e-29
3.32961e-29
1.20814e-29
3.20466e-29
1.07091e-29
3.08922e-29
5.85548e-30
-3.3724e-26
-5.65001e-26
-1.64824e-26
-2.4164e-26
-2.19133e-27
-2.79851e-27
2.45428e-27
1.08541e-27
1.25518e-26
6.35839e-28
7.18117e-26
3.68871e-27
2.13299e-24
1.62142e-25
4.77052e-23
3.86983e-24
4.42418e-23
5.35864e-22
-5.326e-30
-1.81198e-28
-6.24691e-31
-1.17575e-29
-7.67866e-31
-9.80927e-30
-3.49414e-31
-3.39644e-30
-4.74474e-32
-3.65008e-31
-8.60864e-34
-5.42559e-33
1.15743e-32
3.79852e-33
1.07738e-31
4.20648e-32
5.12171e-31
1.92505e-31
1.26734e-30
4.76654e-31
2.00073e-30
7.45864e-31
2.3615e-30
8.6132e-31
2.19393e-30
7.46873e-31
2.07089e-30
3.89642e-31
-8.5797e-27
-1.51186e-26
-4.69627e-27
-7.2455e-27
-9.81171e-28
-1.31933e-27
8.87562e-29
1.54872e-29
5.79509e-28
2.43764e-29
4.185e-27
2.25093e-28
2.14468e-25
1.36077e-26
6.02527e-24
3.89486e-25
4.69901e-24
7.69688e-23
-1.86196e-30
-6.25212e-29
-1.93788e-31
-3.79672e-30
-2.09314e-31
-2.82717e-30
-1.03078e-31
-1.06159e-30
-1.60879e-32
-1.31305e-31
-8.78507e-34
-5.88169e-33
1.24969e-33
6.21938e-34
7.90514e-33
3.18808e-33
3.64108e-32
1.42115e-32
8.8506e-32
3.45342e-32
1.36279e-31
5.29128e-32
1.5842e-31
5.91781e-32
1.41536e-31
5.00869e-32
1.30797e-31
2.48958e-32
-1.85231e-27
-3.4796e-27
-1.07812e-27
-1.77377e-27
-2.64811e-28
-3.79805e-28
-2.24386e-29
-2.78608e-29
3.38813e-29
9.27163e-30
2.37505e-28
1.25205e-29
1.59127e-26
8.45557e-28
5.67057e-25
3.13096e-26
3.53464e-25
7.31001e-24
-6.03311e-31
-2.01376e-29
-5.70483e-32
-1.17424e-30
-5.27287e-32
-7.64931e-31
-2.7536e-32
-3.05788e-31
-4.70073e-33
-4.14645e-32
-3.54887e-34
-2.57284e-33
1.54518e-34
1.12532e-34
5.60508e-34
2.37383e-34
2.47094e-33
1.02768e-33
5.87788e-33
2.4419e-33
8.78288e-33
3.65106e-33
1.00465e-32
3.93902e-33
8.59439e-33
3.24548e-33
7.77107e-33
1.53385e-33
-3.47142e-28
-7.09233e-28
-2.0805e-28
-3.72404e-28
-5.46974e-29
-8.53734e-29
-6.82517e-30
-9.2229e-30
2.12501e-30
3.21448e-31
1.23948e-29
6.62959e-31
9.50688e-28
4.94271e-29
4.43058e-26
2.43217e-27
2.65915e-26
5.50326e-25
-1.80809e-31
-6.08151e-30
-1.58658e-32
-3.47539e-31
-1.23046e-32
-1.95601e-31
-6.69249e-33
-8.19691e-32
-1.20829e-33
-1.18025e-32
-1.06659e-34
-8.58734e-34
4.2629e-36
1.61101e-36
3.75213e-35
1.68711e-35
1.60023e-34
7.32038e-35
3.70561e-34
1.69473e-34
5.34037e-34
2.46384e-34
6.00891e-34
2.55442e-34
4.8954e-34
2.0424e-34
4.3269e-34
9.15617e-35
-5.71658e-29
-1.30762e-28
-3.44288e-29
-6.90561e-29
-9.23123e-30
-1.61594e-29
-1.30938e-30
-1.98587e-30
-3.89537e-32
-5.06415e-32
6.42001e-31
3.64012e-32
5.52302e-29
3.52503e-30
3.37124e-27
2.17219e-28
2.41249e-27
4.19744e-26
-4.99275e-32
-1.72784e-30
-4.13915e-33
-9.82264e-32
-2.66206e-33
-4.75606e-32
-1.48348e-33
-2.06183e-32
-2.75987e-34
-3.07953e-33
-2.64757e-35
-2.44507e-34
-5.98077e-37
-4.66487e-36
2.67333e-36
1.12539e-36
9.88547e-36
5.17468e-36
2.21148e-35
1.16099e-35
3.05072e-35
1.63521e-35
3.37932e-35
1.62361e-35
2.60473e-35
1.25524e-35
2.24797e-35
5.32536e-36
-8.32848e-30
-2.21755e-29
-4.93677e-30
-1.15477e-29
-1.30648e-30
-2.67236e-30
-1.91144e-31
-3.39436e-31
-1.13303e-32
-1.72832e-32
4.13804e-32
2.33437e-33
3.73073e-30
3.35046e-31
2.72779e-28
2.20176e-29
2.24096e-28
3.2834e-27
-1.26887e-32
-4.63248e-31
-1.00478e-33
-2.64651e-32
-5.33274e-34
-1.1056e-32
-2.9993e-34
-4.90231e-33
-5.62603e-35
-7.45799e-34
-5.61874e-36
-6.19935e-35
-1.99024e-37
-1.86193e-36
2.10474e-37
6.63401e-38
5.81782e-37
3.65031e-37
1.24416e-36
7.89392e-37
1.62696e-36
1.07343e-36
1.77997e-36
1.01869e-36
1.28852e-36
7.57614e-37
1.08464e-36
3.03617e-37
-1.07708e-30
-3.50676e-30
-6.1679e-31
-1.76972e-30
-1.56979e-31
-3.9519e-31
-2.24039e-32
-4.91501e-32
-1.55423e-33
-2.94087e-33
3.18115e-33
1.777e-34
2.91177e-31
3.59027e-32
2.14612e-29
2.09381e-30
1.66036e-29
2.18425e-28
-2.92538e-33
-1.17614e-31
-2.22839e-34
-6.783e-33
-9.80429e-35
-2.46795e-33
-5.49274e-35
-1.1089e-33
-1.01947e-35
-1.69298e-34
-1.02823e-36
-1.43172e-35
-4.25135e-38
-5.04671e-37
1.51193e-38
7.96654e-39
3.23384e-38
2.57505e-38
6.53786e-38
5.29041e-38
8.15795e-38
6.77623e-38
8.58544e-38
6.18979e-38
5.8571e-38
4.47974e-38
4.81678e-38
1.71039e-38
-1.23239e-31
-5.22974e-31
-6.70428e-32
-2.51809e-31
-1.60469e-32
-5.31384e-32
-2.14655e-33
-6.22852e-33
-1.48902e-34
-3.74987e-34
2.4281e-34
1.49969e-35
2.16148e-32
3.38262e-33
1.36229e-30
1.54492e-31
8.6748e-31
1.0237e-29
-6.34632e-34
-2.83653e-32
-4.61032e-35
-1.65847e-33
-1.67266e-35
-5.31169e-34
-9.20919e-36
-2.40006e-34
-1.65944e-36
-3.63511e-35
-1.6524e-37
-3.06215e-36
-7.10295e-39
-1.13186e-37
8.71026e-40
7.50118e-40
1.68828e-39
1.62078e-39
3.0646e-39
5.51707e-39
3.63805e-39
1.16706e-38
3.61308e-39
9.35172e-39
2.49213e-39
3.57406e-39
1.97802e-39
8.59327e-40
-1.25312e-32
-7.41955e-32
-6.37472e-33
-3.36342e-32
-1.40567e-33
-6.59158e-33
-1.70438e-34
-7.06822e-34
-1.08663e-35
-3.95456e-35
1.59788e-35
1.01242e-36
1.24658e-33
2.08569e-34
6.06009e-32
7.24075e-33
2.88409e-32
3.05566e-31
-9.7803e-35
-6.60275e-36
-2.03367e-36
-1.06457e-36
-1.79676e-37
-1.70198e-38
-6.86641e-40
2.10113e-41
4.8922e-41
1.20884e-40
1.79146e-40
1.41328e-40
5.14224e-41
4.62975e-41
-8.03045e-34
-3.7168e-34
-7.28486e-35
-7.57893e-36
-3.99715e-37
4.84685e-37
2.26125e-35
8.19031e-34
3.15958e-33
2.04242e-05
-7.39032e-06
2.69718e-05
-6.54754e-06
3.25772e-05
-5.60537e-06
-4.0407e-06
3.66179e-05
1.84766e-05
-1.17146e-05
2.55067e-05
-1.3575e-05
3.23145e-05
-1.11581e-05
-4.64664e-06
3.45445e-05
-2.17557e-05
-1.05096e-08
-1.89179e-05
-1.19684e-08
-8.97754e-06
-1.58338e-08
-6.22675e-08
-4.68539e-06
-1.87589e-08
-2.67707e-08
-1.41766e-08
-1.64269e-08
-2.4108e-08
-5.78676e-09
-3.23424e-10
-8.62175e-08
-2.86351e-08
-5.50039e-08
-9.82959e-09
-3.51169e-08
-1.16085e-09
-1.4621e-08
-3.30397e-11
-1.60765e-09
-2.00716e-07
-1.28685e-07
-1.38345e-07
-9.66083e-08
-9.96989e-08
-5.31517e-08
-2.16327e-08
-7.82595e-08
-6.65123e-07
-3.96879e-07
-4.30307e-07
-3.25411e-07
-2.84764e-07
-1.96307e-07
-1.20001e-07
-1.85906e-07
-2.62337e-06
-1.40541e-06
-1.7564e-06
-1.17542e-06
-1.14388e-06
-7.89085e-07
-4.69223e-07
-7.85989e-07
-2.59551e-05
-2.04051e-05
-9.45889e-06
-1.67027e-05
-5.36308e-06
-4.51254e-06
-6.5978e-07
-5.13819e-06
-7.69041e-05
-1.74377e-05
-7.4064e-05
-1.76263e-05
-5.61204e-05
-1.68807e-05
-1.51289e-05
-4.26831e-05
-7.3774e-05
-1.7981e-05
-7.06228e-05
-1.89967e-05
-6.88161e-05
-1.69417e-05
-1.59054e-05
-6.62737e-05
-3.69707e-05
-9.18207e-07
-4.89939e-05
-2.22504e-06
-6.01437e-05
-4.9467e-06
-8.89986e-06
-6.60459e-05
-1.30806e-06
-9.63232e-10
-3.53099e-06
-1.67959e-09
-8.47325e-06
-3.13298e-09
-6.39248e-09
-1.73618e-05
-3.03419e-09
-3.95888e-10
-4.29496e-09
-6.05573e-10
-6.78731e-09
-8.99438e-10
-1.40211e-09
-1.22644e-08
-2.23854e-09
2.3749e-11
-2.74085e-09
-2.07067e-10
-3.34112e-09
-5.16518e-10
-8.44871e-10
-4.21464e-09
-1.91162e-09
3.92221e-10
-2.59074e-09
2.73785e-10
-3.54308e-09
-9.6085e-12
3.55638e-10
-6.78476e-09
-7.25759e-10
4.16409e-10
-2.49081e-09
1.85879e-09
-7.50097e-09
4.63034e-09
3.79626e-10
-2.66096e-08
-5.52677e-08
9.67663e-08
-5.81393e-09
5.46788e-08
4.22425e-10
1.56555e-08
2.45049e-09
-1.22459e-08
1.77501e-07
7.46605e-08
2.00022e-07
4.79881e-08
2.01424e-07
2.98995e-08
7.32058e-09
2.122e-07
1.1012e-07
1.03896e-09
1.33327e-07
-6.2803e-10
1.49362e-07
-2.15675e-09
-6.39073e-10
1.96057e-07
5.50488e-09
2.31417e-11
4.95289e-09
-6.02978e-11
2.40758e-09
-9.34985e-11
-3.55412e-12
1.88975e-09
2.33544e-10
-3.55255e-13
1.77788e-10
-3.75141e-12
7.4202e-11
-2.90722e-12
-3.86853e-13
4.77684e-11
8.53385e-12
-8.15752e-14
4.81422e-12
-1.31977e-13
1.67223e-12
-7.84923e-14
-1.22406e-14
1.40283e-12
2.4816e-13
-4.93723e-15
1.20406e-13
-3.74423e-15
3.73926e-14
-6.91338e-16
9.25983e-18
2.26016e-14
6.99974e-15
6.26904e-17
3.3569e-15
5.70898e-17
2.2515e-15
5.08276e-17
3.411e-17
1.95148e-15
5.38195e-16
1.63718e-17
5.57387e-16
2.29161e-17
5.93324e-16
1.62056e-17
1.46741e-17
6.7603e-16
5.66424e-17
1.04964e-18
9.47494e-17
1.83542e-18
1.47135e-16
3.03388e-18
3.44826e-18
2.07112e-16
4.80508e-18
7.78293e-20
1.07108e-17
1.45445e-19
2.13758e-17
2.81981e-19
3.02607e-19
3.14347e-17
3.75828e-19
9.25103e-21
7.90645e-19
1.37596e-20
1.47385e-18
1.89474e-20
2.07408e-20
2.21488e-18
6.05298e-20
2.64925e-21
1.06819e-19
3.7106e-21
1.74958e-19
4.77518e-21
6.05892e-21
3.0402e-19
1.72859e-20
9.33047e-22
3.04776e-20
1.37916e-21
5.14504e-20
1.94882e-21
2.63081e-21
1.00266e-19
5.00901e-21
2.57052e-22
9.37756e-21
4.04916e-22
1.72809e-20
6.64117e-22
8.75727e-22
3.30654e-20
1.1129e-21
4.56914e-23
2.20986e-21
7.36354e-23
4.70665e-21
1.46178e-22
1.96175e-22
8.78167e-21
1.61463e-22
4.78431e-24
3.24236e-22
7.31306e-24
8.22515e-22
1.67205e-23
2.56149e-23
1.64832e-21
1.48059e-23
3.35433e-25
2.8013e-23
4.55394e-25
8.23333e-23
1.07316e-24
1.93397e-24
1.92337e-22
1.04489e-24
2.33299e-26
1.80174e-24
2.90348e-26
5.79695e-24
7.20197e-26
1.37097e-25
1.56974e-23
7.53778e-26
1.97815e-27
1.26062e-25
2.50314e-27
4.8957e-25
8.4934e-27
1.45072e-26
1.36197e-24
5.60667e-27
1.68191e-28
1.00263e-26
2.35067e-28
5.57753e-26
1.24769e-27
1.65146e-27
1.34144e-25
3.4975e-28
1.10099e-29
7.24914e-28
1.77851e-29
5.1283e-27
1.22008e-28
1.06478e-28
9.0784e-27
1.48496e-29
4.81409e-31
3.63776e-29
8.77123e-31
2.21217e-28
5.11439e-30
2.79589e-30
2.61591e-28
3.77316e-31
1.44915e-32
1.06376e-30
2.60305e-32
4.48663e-30
9.54564e-32
5.7943e-32
3.53823e-30
4.4794e-33
9.71147e-33
3.6048e-32
6.33e-32
6.26785e-05
3.39238e-06
8.34069e-05
-1.86698e-05
4.92926e-05
-2.32323e-09
5.90884e-06
2.94319e-06
-2.11172e-05
4.94946e-05
-6.11107e-05
0.00014104
-2.09952e-05
0.000128876
-7.55636e-07
3.03134e-06
-6.95024e-08
5.53405e-07
2.00235e-08
2.48534e-08
2.46439e-06
-2.80007e-06
3.36336e-05
-0.000206769
1.64022e-05
-0.000236293
-2.3484e-06
-0.000202466
7.82191e-07
-5.48587e-05
-3.96216e-07
-3.9488e-07
4.07658e-06
3.66214e-06
-4.75354e-06
2.42198e-05
-2.60195e-05
3.52157e-05
4.05483e-06
-1.22885e-06
1.06057e-05
-1.10326e-05
4.73705e-07
-1.74435e-05
3.6815e-07
-5.39936e-05
4.14293e-05
-6.02726e-05
0.000150906
-1.84287e-05
0.000133704
-6.27436e-08
3.10711e-06
-3.41584e-08
3.39246e-07
-1.14211e-07
5.99543e-09
4.31884e-06
-8.23191e-06
1.70897e-05
-0.000211034
-1.35509e-05
-0.000201512
-1.20497e-05
-0.000102881
-3.13725e-08
-6.80963e-07
5.19708e-08
-5.41202e-07
2.62727e-06
1.02523e-06
-1.01228e-07
9.43745e-06
2.17046e-06
-2.05444e-06
-1.24972e-07
-1.32863e-06
-1.37246e-07
-3.34821e-06
1.14167e-06
-3.9103e-05
-2.00341e-06
-7.42461e-05
3.71862e-05
-6.61697e-05
0.000148094
-2.19563e-05
0.000140463
-1.72783e-07
4.24388e-06
-4.91528e-07
4.5838e-07
-4.81654e-07
-1.95489e-07
1.0798e-06
-9.18335e-05
-1.83808e-05
-0.000181582
-3.20821e-05
-0.000157956
-3.15215e-07
-6.77369e-07
-2.23432e-07
-8.83731e-07
-2.98233e-07
-5.52493e-07
-1.90428e-08
6.46898e-07
2.77391e-07
7.46593e-06
-4.14404e-05
-3.01689e-07
8.27925e-09
-6.47964e-07
1.13851e-07
-2.91188e-07
2.68003e-07
-1.71003e-05
-6.62121e-07
-9.47429e-05
1.84435e-05
-7.28981e-05
0.000133131
-2.73659e-05
0.000158434
-6.76869e-07
2.46505e-05
-1.5138e-06
1.15903e-06
-1.11687e-05
-1.22851e-05
-2.77885e-05
-0.000141758
-4.57392e-05
-0.000155144
-5.83888e-07
-4.30466e-05
-7.11221e-07
-7.31637e-07
-7.76738e-07
-9.6674e-07
-6.46282e-07
-7.81971e-07
-3.37242e-07
1.17112e-07
3.38542e-06
4.91413e-06
-6.75945e-05
-4.02774e-08
4.65813e-08
-4.89607e-08
1.09651e-07
-7.97687e-08
1.66936e-07
-1.36915e-06
1.10322e-07
-7.3356e-05
2.77922e-06
-8.7122e-05
8.1315e-05
-5.66013e-05
0.000165548
-1.80451e-06
0.00013214
-7.74605e-06
6.62924e-06
-4.71134e-05
-1.68929e-05
-6.7148e-05
-0.000113603
-5.91291e-05
-0.000138437
-4.32518e-06
-1.75591e-05
-2.34173e-06
-1.23079e-06
-2.66503e-06
-8.71159e-07
-2.48962e-06
-1.17818e-06
-7.72972e-07
-1.9439e-06
2.70018e-06
4.9082e-07
-6.62917e-05
-6.19549e-08
2.83528e-08
-5.13713e-08
9.39166e-08
-4.80989e-08
1.42498e-07
-2.35815e-07
1.8244e-07
-1.44937e-05
1.37947e-06
-7.95359e-05
3.58558e-05
-6.21115e-05
0.000135117
-2.18458e-05
0.000144921
-3.52457e-05
9.92904e-05
-6.01499e-05
1.30799e-05
-0.00012179
-4.68941e-05
-7.78878e-05
-7.4978e-05
-1.02613e-05
-4.68418e-05
-3.66546e-06
-6.74187e-06
-6.0563e-06
-4.56446e-06
-5.27415e-06
-1.51588e-05
-1.0701e-06
-1.07814e-05
5.35135e-06
-7.08253e-06
-6.16538e-05
-1.35476e-07
-2.72269e-08
-1.48564e-07
1.14066e-07
-2.49474e-07
2.42686e-07
-6.98714e-07
5.43339e-07
-3.5447e-06
3.53703e-06
-9.52777e-05
3.76317e-05
-7.18574e-05
0.000111251
-5.3938e-05
0.000129826
-6.70053e-05
0.000119186
-4.32232e-05
3.30301e-05
-4.09069e-05
-3.61551e-07
-7.67414e-05
-2.11517e-05
-5.0496e-05
-7.46636e-05
-3.46331e-05
-6.72855e-05
-3.08401e-05
-8.03971e-05
-2.79345e-05
-9.48204e-05
-9.12761e-06
-0.000109054
8.82871e-06
-0.000106095
-9.4367e-05
-2.22971e-07
-5.84338e-07
-3.8029e-07
2.71098e-07
-2.0924e-06
1.9161e-06
-8.41397e-06
6.58697e-06
-7.47277e-05
2.6216e-05
-0.000127841
5.48099e-05
-0.000101062
8.60932e-05
-7.62771e-05
0.000107016
-5.10677e-05
9.68004e-05
-9.56351e-06
1.19199e-05
-8.63799e-06
3.03308e-08
-3.19778e-05
-1.11633e-06
-8.66553e-05
-2.47363e-05
-7.60864e-05
-6.93997e-05
-6.37403e-05
-7.90322e-05
-4.97752e-05
-9.64523e-05
-2.67468e-05
-0.000142975
4.67808e-06
-0.000188124
-0.000119384
-4.09836e-06
-2.57541e-06
-4.29034e-06
-4.54057e-06
-3.98794e-05
7.04987e-06
-0.000111294
3.64342e-05
-0.000140584
2.41873e-05
-0.000124077
1.71673e-05
-8.62062e-05
2.0081e-05
-4.77894e-05
2.55359e-05
-9.2543e-07
1.47206e-05
-9.56093e-07
7.17118e-06
-4.23212e-07
6.03574e-07
-1.55711e-06
-2.35633e-08
-2.40989e-05
-4.72079e-09
-2.73058e-05
-2.92803e-08
-2.03783e-05
-1.63978e-07
-1.45385e-05
-1.03541e-06
-2.38172e-05
-7.65608e-06
-1.12293e-05
-7.65173e-05
-0.000130613
-6.87053e-05
-1.95227e-05
-0.000112032
3.3315e-07
-0.000115226
3.72347e-06
-9.02766e-05
7.32544e-06
-4.18923e-05
-1.21795e-06
-2.13722e-05
-1.08159e-05
-5.76256e-06
-6.46735e-06
8.42051e-06
-9.57555e-07
1.30807e-05
-1.19066e-06
8.41448e-07
5.5598e-06
3.02055e-08
1.35964e-06
-9.81548e-10
5.70915e-09
-5.1142e-09
-4.99214e-10
-3.20284e-08
-1.94475e-09
-1.85178e-07
-8.96583e-09
-1.14603e-06
-6.20702e-08
-8.18349e-06
-5.0207e-07
-2.23423e-05
-5.68999e-06
-6.89376e-05
-4.24888e-05
-3.51921e-05
-2.65631e-05
-1.62002e-05
-2.13277e-05
-9.88712e-06
-1.42174e-05
-8.18569e-06
-7.21945e-06
-1.66135e-05
-3.04685e-07
-1.72048e-05
4.87877e-06
-1.38334e-05
2.45983e-06
-1.00409e-05
7.6857e-06
1.57502e-06
-3.39004e-07
4.89744e-06
-5.3412e-09
9.16969e-07
-4.43867e-10
8.85117e-10
-7.44456e-10
-2.57153e-10
-1.63961e-09
-9.60667e-10
-8.65429e-09
-1.78108e-09
-6.27409e-08
-8.05578e-09
-4.36503e-07
-1.15821e-07
-5.64872e-06
-4.39019e-07
-1.13367e-06
-5.91718e-05
-3.60794e-05
-4.63509e-05
-2.54679e-05
-3.21178e-05
-2.05669e-05
-1.49667e-05
-2.32501e-05
-1.28112e-05
-3.07854e-05
-1.28108e-05
-2.43929e-05
-1.611e-05
-8.78399e-06
-1.2565e-05
-1.01419e-07
-2.82581e-06
4.51774e-09
-8.0267e-07
3.32325e-07
-1.36985e-09
1.15782e-07
-3.34652e-10
2.73673e-10
-3.74369e-10
-2.92723e-10
-2.84657e-10
-1.28003e-09
-7.40089e-10
-1.33514e-09
-7.16267e-09
-1.91973e-09
-6.18224e-08
-6.17827e-08
-4.59087e-08
-4.64643e-07
-1.17962e-06
-3.84784e-05
-3.86708e-08
-4.84871e-05
-1.74656e-07
-4.58989e-05
-9.66278e-07
-3.58544e-05
-6.67356e-06
-2.77677e-05
-1.02853e-08
-1.44385e-05
-4.20077e-09
-4.88549e-08
-1.16808e-08
-1.59737e-07
-1.60017e-09
-3.2026e-07
-6.47207e-08
-9.89672e-08
9.60471e-08
-1.27359e-09
1.86901e-08
-5.45582e-10
-1.94639e-11
-6.34189e-10
-9.82308e-10
-2.35315e-10
-2.0432e-09
1.66584e-11
-2.09078e-09
-1.65422e-09
-4.96625e-10
-5.96084e-08
-3.26388e-08
-9.06129e-08
-8.51868e-07
-1.27001e-06
-4.82205e-08
-4.65212e-09
-2.17039e-07
-6.65365e-09
-1.18126e-06
-2.29134e-09
-4.48323e-09
-1.4797e-08
-3.5745e-09
-7.42223e-09
-5.22005e-09
-5.21595e-09
-1.87178e-08
-2.6043e-10
-3.13399e-08
2.46115e-09
-9.55224e-08
-6.85715e-09
-1.96838e-08
1.80135e-08
-2.41937e-09
1.49022e-09
-1.65641e-09
-2.47087e-10
-4.94362e-10
-1.81565e-09
-1.10489e-10
-2.09837e-09
5.85949e-11
-1.93116e-09
-9.35907e-11
-3.91195e-10
-6.68138e-08
-2.33133e-08
-2.53573e-07
-1.59807e-06
-1.23381e-06
-5.76566e-09
-3.86621e-09
-3.34246e-09
-9.28926e-09
-2.92057e-09
-2.27039e-09
-9.44897e-09
-8.49536e-09
-1.85201e-08
-7.19607e-09
-1.78976e-08
-9.50953e-10
-1.20475e-08
2.79105e-09
-1.05489e-08
1.1284e-09
-1.84904e-08
9.79087e-10
-1.79704e-09
1.21176e-09
-3.0273e-10
-1.54785e-12
-6.33597e-11
-7.87011e-12
-2.66795e-11
-4.91688e-12
1.31913e-10
-1.47649e-09
1.15256e-10
-6.71222e-11
7.22523e-11
-2.55505e-10
-3.98529e-08
-1.73101e-09
-1.35248e-06
-2.04681e-06
-2.89763e-06
-1.6965e-08
5.52646e-09
-3.3087e-09
-2.30209e-08
-3.9792e-09
-1.105e-09
-1.74842e-08
-2.67514e-09
-1.86065e-08
-1.98836e-09
-1.45555e-08
-7.80601e-11
-3.0091e-09
4.96527e-10
-2.06325e-09
2.28904e-10
-1.20704e-09
1.38338e-10
-1.32275e-11
2.04966e-11
-2.25347e-13
-1.22833e-11
4.65112e-13
-8.55588e-12
8.48912e-13
-5.31638e-12
4.99763e-11
-4.94149e-12
3.84281e-12
-2.82364e-11
3.70467e-10
-1.02352e-10
1.67242e-08
-1.77154e-08
-1.0333e-06
-6.99239e-08
-0.000188754
-8.83538e-08
-3.77878e-08
-3.33377e-09
-1.91752e-07
-1.69456e-09
-2.48522e-09
-2.94773e-09
-2.0145e-10
-3.53103e-09
-9.89832e-10
-1.32182e-09
-5.63775e-11
-2.92973e-10
-1.12759e-10
-1.50665e-10
1.19552e-10
-2.35596e-11
3.59149e-11
4.7615e-12
-1.76112e-11
5.00452e-12
-2.87695e-11
1.9754e-12
-6.00191e-12
1.40584e-12
-4.60947e-12
1.00046e-12
-4.34362e-12
4.19609e-11
-6.90958e-11
4.97527e-10
-5.65166e-10
1.39577e-08
-3.27391e-08
1.87204e-07
-2.68661e-07
-0.000284569
-8.98336e-08
-1.59602e-07
-1.4886e-08
-3.78479e-07
-4.65963e-11
-1.73343e-08
-6.24827e-11
-1.90831e-10
-1.22195e-09
-9.27287e-12
-7.17623e-10
-1.94097e-14
-1.6908e-10
2.83298e-10
3.21035e-12
6.04793e-11
6.98085e-11
3.17106e-11
6.1137e-11
-1.14335e-10
1.84033e-12
-2.08025e-11
2.46773e-12
-5.78172e-12
2.1422e-12
-3.89925e-12
1.57496e-12
-3.54465e-12
2.74285e-11
-1.86583e-10
-2.8101e-09
-6.52305e-09
1.10623e-08
-5.92682e-08
6.49957e-07
-1.00099e-06
-0.000129622
1.92467e-07
-1.03085e-07
1.48121e-08
-1.56495e-07
5.76636e-11
-2.79204e-09
4.19315e-12
-1.38166e-10
6.14073e-14
-5.17879e-12
6.72345e-14
-1.51638e-13
4.03116e-10
-1.20675e-13
5.79474e-10
2.54135e-11
2.30191e-10
-1.93925e-11
1.62108e-11
-4.91009e-12
3.38775e-12
-5.62338e-12
2.70793e-12
-3.34878e-12
1.4714e-12
-2.03359e-12
1.09455e-12
-2.77518e-12
9.3511e-10
-7.22856e-10
-4.68017e-08
-6.82349e-08
1.80299e-09
-1.64189e-06
-1.52395e-06
-5.86854e-07
-9.49276e-08
1.53714e-07
-1.68298e-09
2.90941e-09
-2.95442e-10
1.41345e-10
-2.06652e-11
5.2081e-12
-1.70595e-12
2.18276e-13
-1.37966e-13
1.5191e-13
-4.57943e-14
8.20067e-14
-3.9598e-14
1.92869e-11
-4.36078e-14
2.62578e-12
-9.97111e-13
1.7669e-12
-2.18442e-12
2.04339e-12
-2.50706e-12
1.40082e-12
-1.02176e-12
1.58603e-12
-1.208e-12
1.3648e-12
-1.93371e-12
-7.17705e-10
-9.39325e-13
-6.96385e-08
-1.57387e-07
-6.82149e-10
-1.68557e-06
8.9621e-09
-2.68178e-07
-8.59655e-08
2.81259e-10
-5.55351e-11
1.97071e-11
-3.07406e-11
1.57378e-12
-2.23841e-12
9.81847e-14
-1.84377e-13
5.05733e-14
-5.95743e-14
6.45111e-14
-4.6394e-14
7.73203e-14
-3.81872e-14
9.26047e-14
-4.77188e-14
9.72764e-13
-1.87143e-13
1.71943e-12
-1.24327e-12
1.55788e-12
-9.0815e-13
9.3147e-13
-6.8306e-13
3.25199e-12
-1.3401e-11
1.16531e-12
-1.50421e-12
2.17793e-13
-5.12928e-13
-9.87367e-09
-2.27643e-07
-4.95526e-11
-1.68259e-06
-1.63751e-10
-6.01623e-08
-8.61292e-08
1.43761e-11
-1.20007e-12
2.42591e-12
-2.18693e-13
1.94136e-13
-2.5922e-14
5.36797e-14
-2.65019e-14
5.76062e-14
-3.79225e-14
7.28254e-14
-4.54534e-14
8.36136e-14
-4.50518e-14
1.01216e-13
-6.00865e-14
6.20721e-13
-1.57693e-13
1.52772e-12
-4.20077e-13
9.41035e-13
-2.17127e-13
5.92847e-13
-7.15499e-13
9.43368e-12
-1.09177e-11
2.4659e-12
-2.42594e-12
1.69076e-12
-8.01791e-14
1.22758e-08
-2.48086e-07
-3.82273e-09
-1.63715e-06
-3.0487e-09
-1.58271e-08
-8.91779e-08
2.37038e-13
-1.56693e-14
3.49617e-14
-1.75954e-14
2.20328e-14
-1.14005e-14
4.13262e-14
-2.01417e-14
6.42918e-14
-3.55485e-14
7.45675e-14
-4.03909e-14
8.43417e-14
-3.51102e-14
1.43663e-13
-8.5489e-14
2.8005e-13
-4.25959e-13
3.08545e-13
-6.37825e-13
2.47752e-13
-2.70206e-13
9.3613e-13
-9.69662e-13
1.05784e-11
-9.2335e-12
5.7188e-12
-2.91825e-12
4.9545e-12
2.78909e-13
6.37663e-08
-2.26104e-07
-9.24183e-09
-1.49323e-06
-8.41959e-09
-6.2945e-09
-9.75975e-08
4.39923e-14
-2.06756e-16
2.2338e-14
-2.0355e-15
2.00747e-14
-6.35799e-15
4.37233e-14
-1.65761e-14
5.90252e-14
-3.10513e-14
5.9266e-14
-2.98062e-14
6.32811e-14
-2.88862e-14
2.94462e-13
-1.06361e-13
6.7998e-13
-5.27826e-13
7.94704e-13
-6.45261e-13
8.27975e-13
-4.94873e-13
2.06468e-12
-1.77011e-13
1.13454e-11
-7.17185e-12
9.29432e-12
-2.65498e-12
9.10121e-12
4.67002e-13
1.06804e-07
-2.53355e-07
2.15197e-08
-1.44876e-07
1.87169e-08
-2.2637e-09
-6.76616e-06
3.68459e-15
-1.8886e-17
8.91221e-15
-6.8847e-16
1.96992e-14
-3.41448e-15
4.16901e-14
-1.22991e-14
4.75729e-14
-1.87893e-14
4.28773e-14
-1.99113e-14
5.09357e-14
-3.15512e-14
3.0438e-13
-6.57481e-14
6.69628e-13
-2.8316e-13
7.73594e-13
-4.4813e-13
7.79696e-13
-4.10982e-13
7.23335e-13
-1.41682e-13
9.10415e-12
-4.56747e-12
7.38579e-12
-1.28825e-12
7.62997e-12
3.90209e-13
1.10918e-07
-1.59068e-07
3.82511e-09
-3.67264e-08
3.2926e-09
-1.66077e-09
-8.1366e-06
1.39346e-15
4.74024e-18
4.34185e-15
-2.40509e-16
1.26775e-14
-1.88677e-15
2.57178e-14
-5.77682e-15
2.88247e-14
-9.37571e-15
3.47024e-14
-1.93094e-14
5.50855e-14
-4.03456e-14
1.00956e-13
-5.72502e-14
2.72117e-13
-1.09901e-13
4.431e-13
-1.56371e-13
3.275e-13
-1.48132e-13
2.73647e-13
-1.35916e-13
2.71679e-12
-2.43608e-12
4.30834e-12
-1.02749e-12
4.60039e-12
1.90521e-13
5.15624e-08
-2.48688e-08
4.7251e-09
-7.79181e-09
3.70113e-09
-5.70484e-10
-3.58954e-11
4.8758e-16
3.66636e-18
1.9251e-15
-6.7814e-17
7.30131e-15
-7.79504e-16
1.23288e-14
-2.24639e-15
1.75576e-14
-5.44348e-15
3.71632e-14
-2.35621e-14
5.81044e-14
-4.15808e-14
6.631e-14
-4.22945e-14
9.7399e-14
-8.56026e-14
1.12943e-13
-1.29037e-13
1.75597e-13
-1.71632e-13
3.53466e-13
-3.21673e-13
2.19277e-12
-4.38965e-13
3.22308e-12
-2.02764e-13
3.36539e-12
5.66478e-14
6.29265e-09
-8.54092e-13
6.01102e-10
-7.49558e-13
3.56873e-11
-3.12371e-13
-2.08108e-13
1.1152e-16
1.08072e-18
7.94144e-16
-3.83867e-17
3.28075e-15
-3.78132e-16
6.16397e-15
-1.28178e-15
1.37779e-14
-4.7626e-15
3.95792e-14
-1.96683e-14
5.85886e-14
-2.223e-14
1.48277e-13
-9.33736e-14
1.34339e-13
-1.53041e-14
1.55071e-13
-1.13772e-13
3.58642e-13
-3.83091e-13
2.84375e-13
-2.23974e-13
2.75522e-13
-3.70572e-13
2.58622e-13
-1.77428e-13
3.19849e-13
-1.02436e-15
1.26652e-13
-9.0896e-14
4.10906e-14
-2.20172e-13
1.10827e-14
-1.85451e-13
-1.97026e-13
4.10862e-17
8.17177e-19
5.53786e-16
-2.25383e-17
1.90852e-15
-1.99782e-16
4.58474e-15
-1.45087e-15
1.18212e-14
-4.43881e-15
3.57424e-14
-1.1325e-15
1.3896e-13
-9.19346e-14
1.8316e-12
-8.39625e-12
5.8357e-13
1.19006e-12
8.02094e-13
-3.85175e-13
2.73767e-12
-2.87776e-12
2.1477e-12
1.71082e-14
3.83682e-13
1.29227e-12
1.63854e-13
2.11556e-14
1.73786e-13
5.21083e-15
7.04451e-14
-5.66055e-14
5.96614e-14
-3.06549e-13
3.27882e-14
-4.97479e-13
-1.64237e-13
3.14218e-17
7.79513e-19
3.57195e-16
-8.29557e-18
1.40755e-15
-3.26757e-16
4.73837e-15
-2.48009e-15
8.96061e-15
-3.3836e-15
7.51729e-15
-8.83238e-16
7.53469e-12
-6.35955e-12
1.65922e-11
-4.76533e-11
5.27834e-12
-7.32024e-12
6.43126e-12
-2.29329e-11
1.55329e-11
-1.63745e-10
1.3399e-11
-1.54919e-10
1.87308e-12
-2.5065e-11
3.55466e-13
1.21592e-12
1.4964e-13
1.89793e-13
2.07442e-13
-4.60242e-13
1.45929e-13
-3.37735e-13
8.58002e-14
-4.43592e-13
-7.84372e-14
1.79225e-17
4.27813e-19
1.48908e-16
-2.63355e-18
1.46665e-15
-9.62142e-17
6.66862e-15
-1.70877e-15
8.76768e-15
-2.72012e-15
7.37635e-15
-6.99574e-16
7.34536e-12
-5.76888e-12
2.33031e-11
-4.99763e-11
1.97372e-11
-4.31262e-11
3.19877e-11
-5.0569e-11
3.07161e-11
-3.86703e-10
3.5222e-12
-3.52521e-10
5.99032e-13
-3.61697e-10
9.91667e-14
-1.27702e-10
7.93322e-14
-2.70102e-11
-2.98801e-14
-1.19432e-12
1.20486e-13
-3.37886e-13
1.33584e-13
-3.47193e-13
5.51471e-14
4.64042e-18
6.24561e-20
5.31043e-17
-8.25724e-19
6.26378e-16
-5.09658e-17
4.92512e-15
-1.02307e-15
6.45139e-15
-1.52507e-15
5.15795e-15
-6.26061e-16
1.90339e-11
-1.71233e-16
2.76888e-11
-3.89854e-11
3.14898e-11
-6.08653e-11
3.70703e-11
-6.81542e-11
2.27397e-11
-3.29004e-10
2.06515e-12
-3.00011e-10
6.88037e-12
-3.34553e-10
1.33132e-11
-3.36897e-10
-3.22713e-12
-1.30679e-10
-7.32921e-15
-4.49486e-12
1.24725e-13
-4.93648e-13
6.92085e-14
-2.75085e-13
1.24356e-13
6.36921e-19
6.40074e-21
1.73619e-17
-2.22917e-19
3.31603e-16
-1.48357e-17
2.22461e-15
-2.24855e-16
2.28528e-15
-4.93998e-16
8.74845e-16
-4.4635e-16
5.53588e-16
-1.14233e-16
2.27325e-11
-5.60018e-17
4.20157e-11
-3.56594e-11
3.53649e-11
-9.2811e-11
5.0442e-11
-2.375e-11
9.88292e-11
-1.10818e-11
9.10647e-11
-9.81283e-11
5.56905e-11
-2.97901e-12
-7.24961e-12
-7.19762e-11
-6.99964e-13
-1.4067e-11
1.80643e-13
-2.96439e-12
5.43233e-13
-1.84143e-13
7.36929e-13
9.55387e-20
9.4379e-22
3.93878e-18
-3.21805e-20
7.15182e-17
-1.30762e-18
4.77649e-16
-9.76456e-18
6.0272e-16
-7.07948e-17
3.98505e-16
-1.1694e-16
8.42815e-17
-6.96464e-17
2.43528e-17
-1.72545e-17
1.02777e-11
-7.0525e-18
1.50169e-11
-1.68142e-11
1.105e-12
-1.10789e-11
6.49969e-13
-2.95175e-12
3.20446e-12
-2.29409e-12
1.40917e-13
-3.28631e-13
6.10208e-12
-5.90351e-14
2.02821e-12
-1.15988e-11
5.23734e-13
-5.55834e-12
5.36136e-13
-9.19309e-14
1.23795e-12
1.42784e-20
1.0746e-22
4.08757e-19
-2.73638e-21
4.73158e-18
-5.77833e-20
2.03555e-17
-5.21808e-19
8.53339e-17
-9.00433e-18
9.3409e-17
-1.66137e-17
4.16972e-17
-1.48932e-17
7.08592e-18
-4.06362e-18
3.34335e-19
-3.44248e-19
4.74451e-13
-4.56479e-20
3.21544e-12
2.97583e-21
2.19139e-13
-6.09688e-13
3.8079e-14
-2.47214e-12
5.2956e-14
-1.16121e-12
1.37601e-14
-8.82255e-14
9.35011e-13
-3.74817e-13
1.45127e-12
-2.25749e-12
1.41973e-12
-3.39888e-14
-3.8883e-08
1.49129e-21
7.33813e-24
2.46406e-20
-3.45825e-22
1.83407e-19
-8.92427e-21
1.03535e-18
-7.60764e-20
9.24243e-18
-5.08e-19
1.02344e-17
-6.51007e-19
5.28906e-18
-4.54486e-19
4.33648e-19
-9.12198e-20
5.06671e-20
-3.10138e-21
1.21444e-21
3.80473e-21
-1.1877e-21
6.6964e-21
7.26511e-14
6.67888e-21
6.36631e-13
5.09877e-21
1.89505e-13
3.44014e-21
1.54996e-14
2.13097e-21
2.79342e-14
-4.45705e-13
5.21306e-13
-1.23601e-12
4.98234e-13
-4.29004e-15
-8.16757e-08
1.33671e-22
6.24363e-25
2.41683e-21
-7.19312e-23
2.65478e-20
-3.50343e-21
1.23089e-19
-1.85139e-20
3.18223e-19
-2.42282e-20
2.96589e-19
-1.81801e-20
9.8555e-20
-7.01457e-21
5.98551e-21
-4.95003e-22
5.67503e-22
2.31663e-21
-1.42539e-21
5.62381e-21
-2.07258e-21
7.04815e-21
-1.77808e-21
6.32349e-21
-1.22182e-21
4.55386e-21
-7.86292e-22
2.88264e-21
-4.49781e-22
1.60765e-21
6.25585e-14
-9.33213e-14
5.73885e-14
-1.15866e-14
5.21547e-14
-8.06668e-16
-1.0495e-16
1.81916e-23
9.44379e-26
3.77108e-22
-1.33088e-23
7.76043e-21
-1.05853e-21
1.3895e-20
-1.68248e-21
1.03693e-20
-1.07012e-21
4.16024e-21
-1.38712e-22
6.20423e-22
1.21644e-22
5.33549e-23
3.43074e-22
-8.88671e-22
2.7842e-21
-1.72695e-21
4.92341e-21
-1.72525e-21
4.96214e-21
-1.28543e-21
3.78412e-21
-8.23623e-22
2.36598e-21
-4.95394e-22
1.29685e-21
-2.5579e-22
6.10377e-22
1.16272e-14
1.10606e-22
4.06129e-17
9.96789e-24
7.0389e-17
-2.67285e-15
-3.45606e-17
2.75604e-24
1.41301e-26
4.78992e-23
-1.36891e-24
9.29538e-22
-6.29447e-23
8.0093e-22
-6.49037e-23
1.77487e-22
-1.67979e-23
7.9761e-24
1.20767e-22
-5.36085e-23
2.34894e-22
-1.27415e-22
4.13265e-22
-8.62025e-22
2.06959e-21
-1.22918e-21
2.70355e-21
-9.82223e-22
2.10093e-21
-6.17693e-22
1.29715e-21
-3.36148e-22
6.69561e-22
-1.65201e-22
3.04345e-22
-6.98891e-23
1.16768e-22
-9.34176e-24
2.33141e-23
-7.06251e-25
2.35169e-24
1.30751e-16
-3.85319e-15
-4.54538e-17
2.66057e-25
1.25428e-27
3.10815e-24
-6.14588e-26
3.39869e-23
-9.93726e-25
1.54781e-23
-1.01362e-24
4.40167e-24
-3.02645e-25
-4.81877e-23
8.52602e-23
-7.74168e-23
1.36127e-22
-1.14794e-22
2.46599e-22
-4.75697e-22
8.27117e-22
-5.03908e-22
7.28916e-22
-3.11707e-22
3.79458e-22
-1.58302e-22
1.57143e-22
-6.92376e-23
5.50602e-23
-2.69355e-23
1.73965e-23
-9.13633e-24
4.67918e-24
-1.31003e-24
7.96581e-25
-9.85703e-26
7.25272e-26
5.346e-17
-1.92658e-15
-1.69879e-17
1.09242e-26
5.04025e-29
7.58516e-26
-1.12491e-27
3.17207e-25
-5.7729e-27
1.4665e-25
-1.12972e-26
4.93204e-26
-2.32069e-27
-2.16626e-23
2.54549e-23
-2.85391e-23
1.87622e-23
-4.28115e-23
3.78012e-23
-1.1679e-22
1.53875e-22
-8.31754e-23
8.2875e-23
-3.44675e-23
2.38689e-23
-1.17316e-23
5.14677e-24
-3.45e-24
8.89039e-25
-9.36172e-25
1.30967e-25
-2.24101e-25
1.61973e-26
-2.81782e-26
1.67185e-27
-1.94255e-27
1.8034e-28
1.72128e-17
1.55629e-29
3.022e-31
7.65415e-29
2.72398e-28
5.09698e-28
5.65782e-28
9.04419e-29
-2.27589e-24
-1.35873e-24
-2.21437e-24
-7.21693e-24
-3.13366e-24
-7.22326e-25
-1.30222e-25
-1.91339e-26
-2.50581e-27
-2.78131e-28
-2.11343e-29
-1.91978e-30
-5.15515e-32
)
;

boundaryField
{
    leftWall
    {
        type            calculated;
        value           uniform 0;
    }
    rightWall
    {
        type            calculated;
        value           uniform 0;
    }
    lowerWall
    {
        type            calculated;
        value           uniform 0;
    }
    atmosphere
    {
        type            calculated;
        value           nonuniform List<scalar> 
46
(
-6.55056e-33
-3.81523e-34
-1.10233e-34
-4.99557e-35
-7.39359e-36
-6.04827e-37
-2.13948e-38
4.24654e-41
7.41386e-40
1.9585e-39
3.43922e-39
2.79616e-39
1.32368e-39
3.90257e-40
-1.01368e-32
-4.24203e-33
-7.51353e-34
-7.04894e-35
-3.33911e-36
3.9381e-37
7.49543e-35
2.56663e-33
1.00714e-32
6.44994e-33
1.00229e-32
3.04644e-32
3.59186e-32
1.45139e-29
0
0
0
0
0
0
0
0
0
0
0
0
0
0
0
0
0
0
)
;
    }
    defaultFaces
    {
        type            empty;
        value           nonuniform 0();
    }
}


// ************************************************************************* //
